0.34277557846537526	0.1403608815561656	0.20756698530812898
0.34277557846537526	0.1403608815561656	0.20756698530812898
0.34328444797937635	0.14058141426409754	0.2074017399080653
0.34357376165617376	0.14064854448130037	0.20732431833579124
0.3438208960668909	0.1407838811236718	0.20723615429978173
0.34405654290726495	0.14102542559003628	0.20712125175393165
0.3442958090065154	0.14128981769395776	0.20699841195713004
0.3445545867468116	0.1415773246212111	0.20686575301640642
0.3449351686126987	0.14183451210014475	0.20671734186457538
0.3452295289061344	0.14192592206571547	0.20663252046971067
0.3455309663712554	0.14208445525072344	0.206528362706264
0.3458743971657767	0.14245262548597049	0.2063568967743797
0.3461747414747559	0.14279159742647213	0.20620209996565925
0.3464220276533984	0.14306004244975923	0.2060778359462004
0.34661082443167274	0.14314747070606848	0.20601554876968126
0.34705017526390414	0.14334482759076989	0.20587435609599467
0.34724611537790345	0.1434472881834431	0.2058066661235174
0.3477740858612834	0.14398276710393626	0.20555329795471225
0.34795333409824025	0.14418624747457204	0.20546136254737596
0.34819963231910517	0.14446962570075622	0.205333045688681
0.34862563544705316	0.144721846956906	0.20517952395183647
0.34894338028644645	0.1448880138656879	0.20507146983177293
0.34924905305457865	0.14522006939737353	0.2049195595099232
0.34966262085020494	0.14570159385374432	0.20470454899707352
0.34998095286491604	0.14595179722361507	0.20457327561494226
0.35016424341611446	0.1460430146823753	0.20451188929829178
0.3506480748461514	0.1462768827064182	0.2043540789512146
0.35095250015120255	0.1466164977288183	0.20420068114827272
0.35120667674073114	0.1469164942353119	0.20406826587648275
0.35146252736267997	0.14722016715495156	0.20393473578653215
0.3517242527556921	0.1475285105833179	0.20379908303126038
0.35199780490119253	0.14770005856566942	0.20369889175277914
0.35239902730733824	0.14789813955381842	0.20356786058794243
0.3527235026459484	0.14820284860393784	0.20342153341074154
0.3530173723414576	0.1485515043937865	0.20326898810315241
0.3532873988543646	0.14887654507718123	0.2031271130591408
0.3534019646023096	0.14902322286059477	0.20306088079232285
0.3534732975394787	0.14919936901175462	0.20294465641629492
0.3539273203474633	0.1493846061626154	0.20278782609336077
0.35408731085038636	0.14953219567287424	0.20271650514705097
0.3542994539627598	0.149787794393398	0.202604999020813
0.3544173366364981	0.1499316102452538	0.20254399576301677
0.35468211978513525	0.15025676757601242	0.20240352897498684
0.35475966945734627	0.15035171154169108	0.20236342177366518
0.35477280022221375	0.15035232363228962	0.20236209267095703
0.354789335653302	0.15032619712746853	0.20236578175222036
0.35479916982611387	0.15031125453067845	0.20236891438817586
0.35480177382790407	0.1503071174005055	0.20236973833286004
0.3548016698091768	0.15030587064008094	0.20236996379409544
0.35480257840322227	0.15030776240297278	0.20236946968824182
0.3548033768477702	0.15030657912027218	0.2023706950632316
0.3548007991731906	0.15030590970538388	0.2023700507734923
0.3548014076832542	0.15030728869285376	0.2023702586688386
0.35480164920861207	0.15030589050312004	0.2023713087157925
0.3548013507392724	0.15030710140404202	0.20237059929923015
0.35480089148790067	0.15030736582991283	0.20237083748817278
0.3547997434871896	0.15030663827942986	0.2023712515275431
0.35479965059962804	0.15030681549415087	0.20237124667302558
0.3547993512205413	0.15030737801079874	0.20237114278647111
0.3547993739446738	0.15030730194391134	0.20237091829137133
0.3547990738523557	0.15030716952745837	0.2023709408862494
0.35479842278619494	0.15030701184401157	0.20237125542092183
0.35479889848597146	0.15030766093862885	0.20237174022087193
0.35479889848597146	0.15030766093862885	0.20237174022087193
0.3547975315246198	0.1503075219555423	0.20237124599096187
0.35479821439136217	0.15030762782963558	0.2023714970513516
0.35479786180505046	0.15030574454630402	0.2023718327991615
0.35479869909083567	0.15030706749719563	0.2023721071900023
0.3547983150222362	0.15030781982253144	0.20237217891789455
0.3547978923095283	0.15030676266268456	0.20237224251442348
0.3547971778105298	0.15030729190676745	0.20237178050685725
0.35479757781502613	0.15030692138154428	0.20237256625153152
0.35479695758838187	0.1503065438466501	0.20237203130393833
0.35479700639362866	0.15030624850074847	0.2023720515869229
0.35479787441368343	0.15030616446691503	0.20237271358776118
0.35479780703464253	0.15030646001521358	0.2023724407934785
0.3547972516458996	0.15030700825069215	0.20237234407279767
0.3547969444297559	0.1503063622386681	0.20237200270598088
0.3547982200057853	0.15030536806891737	0.20237263042630294
0.35479767208624313	0.1503060146030804	0.2023724933120371
0.35479816421027804	0.15030631891927776	0.20237271480196725
0.3547975865898942	0.15030619890112806	0.2023729909764695
0.3547977814681509	0.1503063350767681	0.20237264026623958
0.3547970314582744	0.15030626415836945	0.20237263595082466
0.3547973575909925	0.150306173321901	0.20237281704837085
0.35479751723839587	0.1503063055621932	0.20237243957985465
0.35479729701371376	0.15030555750315433	0.2023726903779274
0.3547976395965964	0.15030543533203405	0.2023729553302887
0.35479704972341136	0.1503056878815618	0.20237283583829413
0.35479652061354167	0.15030620709893577	0.20237224795867856
0.354797517238396	0.15030630556219315	0.20237243957985462
0.35479708022746026	0.15030596484627662	0.20237261515273317
0.35479685917956305	0.1503060622373984	0.2023722283736761
0.3547978999805157	0.15030628940559165	0.20237251411518853
0.3547972077295672	0.15030518340402715	0.2023730742891998
0.3547977814681509	0.1503063350767681	0.20237264026623958
0.35479765379486994	0.15030617055993734	0.20237281270106972
0.3547974993404142	0.1503057073677853	0.2023729106522838
0.35479785103969014	0.1503057414701684	0.20237289227794691
0.35479815041074536	0.15030517894892448	0.20237299616275983
0.35479797421062104	0.1503044950727382	0.20237308069740081
0.3547972047058854	0.15030624020311556	0.2023724911242924
0.3547973154141074	0.1503058245070824	0.20237249181912514
0.3547969385136994	0.15030643476673033	0.20237256263047543
0.354796674785368	0.1503060740634718	0.20237263445754491
0.3547972045708479	0.1503053969223001	0.2023728895708537
0.3547977814681509	0.1503063350767681	0.20237264026623958
0.35479699545154697	0.15030573198415598	0.20237300731829222
0.35479729701371376	0.15030555750315433	0.2023726903779274
0.35479801046710846	0.15030636065608544	0.20237281419465256
0.3547969385136994	0.15030643476673033	0.20237256263047546
0.35479709336130194	0.15030614380743018	0.2023726163623485
0.35479738995739024	0.15030538689437734	0.2023727636982035
0.354797285258473	0.150305579591347	0.20237268629880512
0.35479740639601026	0.15030587797703698	0.20237283733151434
0.3547973575909925	0.150306173321901	0.20237281704837085
0.3547973575909925	0.150306173321901	0.20237281704837085
0.35479765418700404	0.15030541640800066	0.20237296438445146
0.3547969385136994	0.15030643476673033	0.20237256263047546
0.35479746034883447	0.15030656972107026	0.20237244830775947
0.3547975611386468	0.15030548131122606	0.2023729055769512
0.35479687843770724	0.15030548775959007	0.20237270847296282
0.35479767208624313	0.1503060146030804	0.2023724933120371
0.35479731358516897	0.15030689186704238	0.20237236556527027
0.35479740653087233	0.15030672125807998	0.20237243888637174
0.35479729568801155	0.15030629367190418	0.20237283663680328
0.35479769793483806	0.15030629529510892	0.20237286573865135
0.35479761753745614	0.1503043049786758	0.2023730792039195
0.354797808642822	0.15030587960093067	0.20237286643352473
0.35479816421027816	0.15030631891927781	0.2023727148019673
0.35479761018390304	0.15030613495326062	0.2023725129012742
0.35479763543875953	0.15030490317115963	0.20237260813076213
0.3547982563407288	0.15030512278137553	0.20237281031030313
0.35479727872226235	0.1503057134608048	0.2023730097660625
0.35479752490766875	0.15030583230598932	0.20237271118005423
0.35479781620754813	0.15030487563429867	0.20237303108656673
0.3547977057673941	0.1503053154557331	0.2023729412150556
0.3547982582597681	0.1503058990859048	0.20237294124832564
0.3547972045708479	0.1503053969223001	0.2023728895708537
0.35479718630517454	0.15030597319862332	0.20237268968230648
0.35479743174233147	0.15030648986039913	0.20237293724432448
0.35479729568801166	0.15030629367190412	0.2023728366368031
0.3547977732779039	0.15030562614491771	0.2023730481026286
0.3547975344808465	0.15030511533198143	0.2023728138486846
0.35479714216640035	0.1503058484625086	0.20237263664551422
0.35479749934041427	0.15030570736778537	0.20237291065228363
0.3547986142559924	0.15030624710527268	0.20237327551132342
0.35479722991762486	0.15030600880538586	0.2023729894828775
0.35479757809389	0.150305150939676	0.202373113649849
0.3547982582597681	0.1503058990859048	0.20237294124832564
0.35479743356968046	0.15030542250155665	0.20237306349874828
0.35479761018390304	0.15030613495326062	0.2023725129012742
0.3547972975140991	0.15030522631345095	0.20237296289087425
0.35479790158722346	0.15030570899068207	0.20237293975438592
0.35479761018390304	0.15030613495326062	0.2023725129012742
0.35479714216640035	0.15030584846250866	0.20237263664551416
0.3547970009187039	0.1503059832261927	0.20237281555509012
0.354797253511172	0.15030594485803406	0.20237251140800416
0.35479737599119343	0.15030644032615376	0.20237261848998747
0.35479684607097806	0.15030627418540032	0.20237276182307073
0.35479728265148636	0.1503046646004505	0.20237281010110608
0.3547978999805157	0.15030628940559165	0.20237251411518853
0.35479684607097817	0.15030627418540038	0.20237276182307073
0.3547976353948419	0.1503059035563139	0.20237301125959403
0.35479789966835534	0.15030493268582562	0.20237280881712805
0.35479765418700404	0.15030541640800066	0.20237296438445146
0.35479816531491604	0.15030606969700178	0.2023728679271069
0.35479678549377924	0.15030565836707266	0.20237263515265294
0.3547967861692686	0.15030550044176955	0.20237230238545778
0.3547983940288466	0.1503054990462715	0.20237352630734462
0.35479854038685343	0.15030652679782153	0.2023726708621627
0.35479773266314124	0.15030663042250114	0.20237261998331948
0.3547979616621688	0.15030665600176868	0.20237279391175153
0.35479812263416666	0.15030561159800399	0.20237332653527662
0.3547977283828055	0.15030473256267618	0.20237268145193282
0.3547970497234115	0.15030568788156184	0.20237283583829413
0.3547976353948419	0.1503059035563139	0.20237301125959403
0.35479765418700404	0.15030541640800066	0.20237296438445146
0.3547982216112678	0.15030478765502048	0.20237305606688563
0.3547982842206486	0.15030650800111856	0.20237281935540039
0.35479716801408917	0.15030612915534924	0.20237300907091393
0.3547984853395288	0.15030514836080588	0.20237298423901084
0.35479758548474866	0.15030644812399963	0.20237283785101723
0.3547979095550027	0.15030557243153136	0.20237261678333093
0.3547972351107791	0.15030567785417753	0.20237270996618154
0.3547971261918576	0.15030491630889775	0.2023724333992789
0.35479725418627284	0.1503057869340067	0.2023721786396549
0.354797524594513	0.15030447558747806	0.20237300588339907
0.35479802770925833	0.1503051704241245	0.20237318846348062
0.35479871810702923	0.1503053817072164	0.20237297268048912
0.3547970009187039	0.1503059832261927	0.20237281555509012
0.35479691477449793	0.15030524246974858	0.20237288835824524
0.354797204570848	0.15030539692230005	0.2023728895708537
0.3547972211429339	0.1503067312851199	0.20237256475819893
0.3547972045708479	0.1503053969223001	0.2023728895708537
0.35479737166623787	0.1503055428516039	0.20237308308656266
0.3547974247958931	0.15030614498065392	0.20237263877296793
0.35479899618245775	0.15030520542267578	0.20237337223453203
0.3547975245945133	0.15030447558747811	0.20237300588339902
0.3547977902421154	0.15030561259698866	0.20237306499227925
0.3547977814681509	0.1503063350767681	0.20237264026623958
0.35479720274341137	0.1503064642811856	0.20237276331635204
0.35479729701371376	0.15030555750315433	0.2023726903779274
0.35479737166623787	0.1503055428516038	0.2023730830865626
0.3547968784377073	0.15030548775959002	0.20237270847296274
0.35479774482083903	0.15030522364493099	0.20237275508395047
0.35479816531491604	0.15030606969700178	0.2023728679271069
0.35479765379487	0.15030617055993734	0.20237281270106972
0.3547976707607548	0.15030675077166128	0.20237263957273505
0.35479801046710846	0.15030636065608544	0.20237281419465256
0.3547974029952029	0.15030587359486747	0.2023728419245974
0.35479703328446294	0.1503051967998667	0.20237276220498546
0.35479801046710846	0.15030636065608544	0.20237281419465256
0.3547977264203897	0.15030495664181265	0.20237295364311514
0.35479738995739024	0.15030538689437734	0.2023727636982035
0.3547976311947412	0.15030568332126343	0.20237272135166307
0.35479729701371376	0.15030555750315433	0.2023726903779274
0.3547974689357691	0.1503062697166732	0.20237269181044218
0.35479691477449793	0.15030524246974858	0.20237288835824524
0.35479765418700404	0.15030541640800066	0.20237296438445146
0.3547975430872992	0.1503065862545076	0.20237281200712778
0.35479745502443716	0.15030506919219344	0.20237275387137774
0.35479752468695364	0.15030631925031995	0.20237301056486406
0.35479793631597695	0.1503060441176709	0.2023726939985677
0.3547973639800485	0.15030514108433196	0.2023729397226602
0.3547970009187039	0.1503059832261927	0.20237281555509012
0.3547981729825776	0.15030559643830171	0.20237313952716252
0.35479769793483784	0.15030629529510908	0.20237286573865143
0.35479794398375825	0.1503055708597814	0.2023729655986154
0.35479738995739024	0.15030538689437734	0.2023727636982035
0.35479740639601026	0.15030587797703698	0.20237283733151434
0.3547968296324128	0.1503057831038026	0.20237268818902743
0.3547972027434115	0.1503064642811856	0.20237276331635193
0.3547971426673648	0.15030551727315855	0.20237290915870593
0.35479765418700404	0.15030541640800066	0.20237296438445146
0.35479789281372176	0.1503064314709464	0.20237251502978643
0.35479811026590163	0.15030469126177887	0.20237318130489718
0.3547973492302447	0.1503059686410675	0.20237254127405435
0.35479380985823905	0.15031713344552655	0.20237108984170404
0.35476057765073815	0.15041061007330536	0.20235983174171637
0.3546423603688487	0.15080053295249563	0.20231616700400984
0.3546037076632189	0.1510140885211283	0.20230064560866265
0.3545620051018698	0.15121658481721972	0.20228524197594983
0.3544992392275228	0.1514918027286028	0.20226213916335056
0.3544344224134401	0.15179115746686106	0.20223869908485068
0.35439447797218837	0.15197970186148874	0.2022246506269245
0.3543356896130514	0.15223560072658354	0.20220361292833627
0.35428288750921383	0.1524539725288097	0.20218539570192723
0.3542047587185757	0.1527840362464155	0.2021575118752479
0.35416691836559666	0.15292177762693593	0.20213870471001044
0.35407736440603	0.1532304679286599	0.2020955648789727
0.35401658135938274	0.1534782352069189	0.20207327292537372
0.3539381344595344	0.15380255083588645	0.20204792498317536
0.3538577983960264	0.15406023541466524	0.2020219240676279
0.35380112729546587	0.15426086220630486	0.20200397359258251
0.35377542197479794	0.1544034667802524	0.20199658250936903
0.35375755343980364	0.1544944984972489	0.2019915374819361
0.35377510822809793	0.15448615711004904	0.20199816392593023
0.3537759654960205	0.1544854545158008	0.20199824194945915
0.35377614149686964	0.1544855671505166	0.20199843548372426
0.35377741969562077	0.15448414831254287	0.20199891122823388
0.3537764853492018	0.15448321510528085	0.20199839575011833
0.3537767148046019	0.1544827800985305	0.20199860000680467
0.3537772751151228	0.15448096917260018	0.20199903683186046
0.3537779575305754	0.15447849312220907	0.20199924485856674
0.3537782541343242	0.15447714260991807	0.2019993969183173
0.3537787972461164	0.1544756072645963	0.2019996105137055
0.3537783685850282	0.15447457590446517	0.20199947867538295
0.3537821971116562	0.1544631546645226	0.20200092644875975
0.35389557072192485	0.15414409834741588	0.2020374960204172
0.3541002323039311	0.15358511637636857	0.20211454855186647
0.35428988895996333	0.15307863689294576	0.2021947782098185
0.3545296409440695	0.15235973994920804	0.20230878616319317
0.3545626793420322	0.15165634270641176	0.20240620860520422
0.35459465136811846	0.15062676755232307	0.2025484959006925
0.3546281459839166	0.14975319245410595	0.2026650611143752
0.35440561229167794	0.14879926279130073	0.20262761796856676
0.3543655436354956	0.14751471866448218	0.20282184284406182
0.3544008393397427	0.14671878259255694	0.2030258864470183
0.3543785979171962	0.1454012353043747	0.20334215338278686
0.35445542728460544	0.1435191974840162	0.2039468758724151
0.354757588220821	0.14162900236093978	0.20466446913133632
0.35552602270224065	0.1403320974987165	0.2052688490149087
0.3560423794740271	0.13966052648252442	0.2055594045406205
0.35724978335084284	0.13866404930601628	0.20616307591497546
0.3594883013199764	0.13767043009782226	0.20686273162561375
0.3627723721551818	0.13701859404639122	0.20757331225253978
0.36445838590809515	0.1368153301855981	0.20789666155919437
0.3682634632675797	0.1368251855099209	0.20830785482713746
0.37120234022727205	0.1368752251260662	0.2086744753022992
0.3733115740706579	0.1367757676424906	0.20898657494477857
0.37809418492573227	0.13623777358704048	0.20980432492066226
0.38082983277627214	0.13585243334813696	0.21027160735144887
0.3833260441119583	0.13532954579785345	0.21069071756403868
0.3853002261594479	0.1349162676356842	0.21092338285694112
0.3871310452820146	0.1344840279222816	0.2112063238923028
0.3909685646669409	0.13338562424745704	0.21167323663665277
0.3924062447956796	0.13294923139031217	0.21174393933484903
0.39390162242061866	0.1324143881825809	0.2117746783774754
0.39586835970581485	0.13171212551133638	0.21186888186410216
0.3985864296171092	0.1305709175543689	0.21159663066501133
0.4002110838870512	0.12989310262715753	0.21136156171190562
0.40103057028460765	0.12951440010617238	0.21120240907473908
0.403095579322388	0.1285464466764451	0.21054291981529244
0.4043140266562112	0.12787514181128717	0.2099685885333417
0.40547999314103006	0.12739552913742924	0.20929516233559153
0.40630766616868896	0.1270525971786428	0.20879510047631047
0.4073820067307698	0.12672635924327585	0.2080828599861559
0.40927794173039084	0.12632635816581178	0.20686875866162896
0.41062497047239693	0.12602681345459155	0.20545016360451904
0.41141239133405394	0.12575434074017117	0.20434684838121636
0.41216606251041843	0.12541698378539384	0.2032040887362351
0.4127671864714844	0.1248871089509462	0.20209994903056328
0.4132198241022736	0.12394905245442052	0.20076403557730704
0.4134960304721224	0.12309937154902555	0.19984116587433218
0.4136083729757585	0.12264396269648599	0.19943149030322105
0.4136715577425349	0.12136477886682777	0.19859796313178213
0.41355601533443015	0.12030841314659742	0.1979942193223376
0.41340523154934	0.11867240125618363	0.1975176815276657
0.4131041614182512	0.11734488593008903	0.1972831663370118
0.41282005737536864	0.11606042538192164	0.19735132890486656
0.4124561115745848	0.11479051393172725	0.19745089151664974
0.4121944729270748	0.1139049178672147	0.1975989624501264
0.411681305672436	0.11213204590390687	0.19822580026241507
0.4109864627837572	0.11008186667196933	0.19915815073079052
0.4106392622758654	0.10905936928455383	0.1998182883363743
0.4100198377801314	0.10748744597702976	0.200924305769185
0.4097389708779513	0.10677901637706726	0.20152370834293543
0.4091181391709074	0.10532775904378831	0.20262471321196723
0.40845463244608365	0.1039001760058992	0.20378819059529718
0.4078687198358836	0.10303179227683855	0.20448467122454628
0.40733833151703025	0.102153634200904	0.2052183825645183
0.4070091156873451	0.10155005470808236	0.20569261742655792
0.40634727666501935	0.10026998691922052	0.20650517777083116
0.4058683864894986	0.09975428169608942	0.20695379148593412
0.4055021419048313	0.09949058125247105	0.20725627613402367
0.404447750480501	0.09863216883363114	0.2080314790951074
0.4039313732972739	0.09820352952665783	0.20845799343651583
0.40349664742423047	0.09781434152249012	0.20882908875966164
0.4029809459420138	0.09729839522879362	0.20934054994710147
0.4025473147872269	0.09688328074039988	0.20964171719693442
0.4020603851251032	0.09638670546645732	0.21011901997470864
0.40172555667720306	0.09608854658976722	0.21039115015413365
0.4009292103684448	0.09524874042585597	0.2112011498804952
0.40051418213299467	0.09484725806871176	0.21152945103753032
0.4002280350482061	0.09454162300746123	0.21180903544023927
0.39967929558897863	0.09400050619555085	0.21234753605197182
0.3991985570421006	0.09344055404183026	0.21281926233037776
0.39878570732187685	0.09301609632403109	0.21312060953043263
0.3983007135165347	0.09252923223669023	0.21359024627478618
0.3979503628996425	0.09218269864432184	0.21396650814921458
0.39753023068414894	0.09166386336714526	0.21439064329625077
0.39690470562395613	0.09098983425290084	0.21491107119780567
0.39659037828076055	0.09064620278227743	0.21526945257764873
0.39620743410384174	0.09029394173152168	0.2155949791173969
0.39571069531337294	0.0898501397280241	0.21586107823843378
0.3951175891970785	0.08927789320060754	0.21630865450135356
0.39491834118574787	0.08905535684588085	0.2165417398443237
0.3944036271953853	0.08853648687307407	0.21704882505798118
0.3940400951055458	0.08815957000779844	0.21731978048878092
0.39375985902103416	0.08783904556656329	0.21761890471981737
0.39317445808449825	0.0871851721277113	0.21819050024332348
0.39279702471168215	0.08676963472077691	0.21863624035956428
0.39245581483792413	0.08642353524093764	0.21891089191806243
0.39208862889729207	0.08613967110088729	0.21912223161121747
0.3916651048699761	0.08569926948140262	0.21952899419033906
0.39123055944014296	0.08524455378204417	0.219955218899914
0.39085025327224676	0.08482866148756947	0.22032926516835416
0.3906444918804142	0.08459354423705444	0.22053222657695135
0.3903051210777174	0.08426726976348446	0.22082085785468364
0.3898520897201066	0.0837649869219508	0.2213504173552696
0.38948607292755905	0.08338046162745293	0.22173786486987673
0.3890616159571113	0.08291255650854241	0.2221465345656185
0.3886959680804337	0.0824996560417295	0.22253685915553237
0.38839531130389704	0.08224158171431405	0.22277759611946846
0.3879960872827636	0.0819146419719703	0.22308751951071665
0.3877069319325803	0.08160689784930432	0.22341383291112882
0.3872637908152619	0.08112501044024185	0.2238832458750148
0.3869223417124044	0.08076553852087619	0.2242086049233587
0.38673510203776906	0.08057859110109446	0.22439985182547995
0.38646762999090634	0.0803316680791487	0.2246559312046809
0.3859306642923525	0.07974876719250838	0.22533489983896784
0.385702767608175	0.0795120611885665	0.22557923791131657
0.3854473778625264	0.07923869543059779	0.22584078615417497
0.3850030032880651	0.07875947740186955	0.22628074054683942
0.38485517041451206	0.07861539273313205	0.22643939112759306
0.384240107260949	0.07777795347897294	0.2272299513904777
0.38391096783721607	0.0772828331226111	0.22754689916144094
0.383431275808607	0.07653058771103825	0.22786874628821713
0.3830088147421629	0.07558928492208304	0.22828136532670415
0.38250407925432806	0.07442089529300118	0.22879160679002838
0.3820888313483598	0.07334399364352161	0.2291173256711639
0.3817218218927877	0.07250631524762795	0.22943094252393173
0.3808374313215721	0.07022892254023509	0.23036282737029437
0.38020112499814557	0.06861427490051313	0.23082240825618525
0.3798493459995923	0.06770079174384717	0.2311427579495349
0.37925076381420386	0.06618167019522035	0.23172579381709396
0.3787516778294303	0.06489756309517793	0.2321147471637489
0.37813832321989965	0.06328678331288907	0.2326607659292532
0.37694255895771744	0.060151156706298656	0.23369727820862743
0.3762959354962237	0.05857082210149896	0.23423600182018478
0.375986686994083	0.057685113516671147	0.23446369993080682
0.3750005995538319	0.05525185150950866	0.23521989367167487
0.374533436279171	0.05404315579641815	0.23562649441782602
0.373193115867529	0.050610348419734844	0.23673329998594628
0.37270144984987685	0.049415435629958746	0.23705026018210784
0.3720228602702241	0.047761945059342295	0.2375628554398303
0.3712646738336817	0.045975511846844494	0.23803716014884332
0.3702619305016126	0.043600735181035424	0.23872047268091068
0.3692079253336636	0.041121015087923915	0.23945207343726435
0.3687883648241521	0.04017312630621912	0.23979717723648716
0.36787951742426406	0.0380943852187116	0.24035570256072353
0.3668762653903237	0.035812374506021774	0.240937403793555
0.36605889513296475	0.034057629551157556	0.24144180775234345
0.3652776676844147	0.032343356972964796	0.24188526803098068
0.3648674944602571	0.03142969018285034	0.24207379636840493
0.36371722000804013	0.028775129409595104	0.24277765613149258
0.36269841548200515	0.0260933742217581	0.24355378886371967
0.36197736513859313	0.02429347828727703	0.24399657097762487
0.36123945606816804	0.022364861779611542	0.24465175283250848
0.3605490663195288	0.02053006460637273	0.24511734179095238
0.35981751150415037	0.018625186849110922	0.24555037938561938
0.35936149690849434	0.017468136661056247	0.2459913444555809
0.35848519999751705	0.015160802535385307	0.24655924347647404
0.3575951577317018	0.01283127453912862	0.24716011930013138
0.35697576434017964	0.011219814543020748	0.24758062971571107
0.35633628391252153	0.009578327543314544	0.24806964564960005
0.3560262081625805	0.008677178974315705	0.24833124139122154
0.35517260317971183	0.006488599228378508	0.2488734483554766
0.3546158615887359	0.005057604261019602	0.24918506818138617
0.35394561580187894	0.0031537707988489178	0.24958352185421775
0.35348469676718675	0.002100769012912715	0.24994630803031584
0.3529834817308513	0.0006557036300072067	0.25026881204041446
0.3526629084800065	-7.971361447596526e-05	0.25049220109322695
0.3520805049685109	-0.0017146168477777807	0.25095483464564616
0.3517233316753275	-0.0026218474325349767	0.25109052052027914
0.3514512059732154	-0.003340061989172957	0.2512920758353755
0.3509812990276462	-0.004429062862959229	0.25162337207230057
0.3506066235547177	-0.005167393147674795	0.2515479046846044
0.3503080638163288	-0.005665590291956263	0.25163610584700874
0.3500954452610405	-0.00598150627373277	0.2516813111855393
0.3499707837463416	-0.006129915986872889	0.25151649122873093
0.3499846400299559	-0.006106420061414278	0.25134586526510266
0.3500012183403097	-0.006068351412785736	0.2512984594136496
0.35000928565032907	-0.006047670800975333	0.2512901092040939
0.3498735127239635	-0.006045608745461853	0.25125755343981726
0.3496043913252218	-0.006080678669030656	0.2512111347109325
0.349520442674505	-0.006077202311614807	0.25118591158516634
0.34953164375569745	-0.006024741171900702	0.251161361812908
0.3495470632022192	-0.005989325318795299	0.2511491610787597
0.3495503971094475	-0.005982061271958314	0.251146499291042
0.34955467125155104	-0.005974476105691587	0.25114378395730874
0.34955822023580463	-0.005969552949736487	0.25114345077472555
0.34956041661619225	-0.005967893195396132	0.25114339589529944
0.3495627199677555	-0.005966192783903632	0.25114407150540213
0.349564887078072	-0.0059644330231437975	0.25114377539172367
0.3495655783408444	-0.0059645279772165966	0.2511452959383459
0.34956797869361855	-0.005963376887258329	0.2511451605683923
0.34956888857586327	-0.00596321786488356	0.2511458233107692
0.3495696630515546	-0.005963265572042589	0.25114550959915577
0.3495709268118189	-0.00596267087041176	0.25114589828737466
0.34957204179673257	-0.005962739701409467	0.25114675818865206
0.34957303434381615	-0.005962704242283082	0.25114682871861116
0.34957293062185246	-0.005962957155927276	0.2511468928660784
0.34957285276712624	-0.005963146993105531	0.25114694101444135
0.34957382791888303	-0.0059623870177511334	0.2511469295995489
0.349573631643853	-0.005963201447829317	0.2511483060640431
0.3495743000150716	-0.005962746540455324	0.2511478375057193
0.34957415799190744	-0.0059629647521235035	0.2511481658390424
0.34957451893278396	-0.005962561509292766	0.25114790345641813
0.3495742204091262	-0.005962940656843316	0.2511478867430393
0.34957449161063736	-0.005963437574862021	0.25114885772934314
0.34957493771246567	-0.005963172553942006	0.25114856548028797
0.34957463773263164	-0.005963426720987611	0.2511492088827354
0.34957507770263674	-0.005963053942363725	0.25114826522573197
0.3495741969239902	-0.005963804029585865	0.25114907881844856
0.34957419956076574	-0.005963875499014379	0.25114881645118114
0.34955125672796106	-0.005978896965045596	0.2513077951958767
0.3495239601433523	-0.006025297490215506	0.2515632619049188
0.34959038956971494	-0.005978341897065323	0.25132718439495927
0.3495967263906331	-0.005972141167724085	0.2512854731257883
0.34959629804004133	-0.005963557499600522	0.2512405050345038
0.3495844909613733	-0.00596056875757546	0.25120250002993283
0.34959033938115813	-0.005955312880973937	0.25117639190936686
0.3495985195193265	-0.005949099993834542	0.2511446543185357
0.3496066099080913	-0.005941633522939402	0.2511123237787967
0.3496071547620132	-0.005941166382586502	0.2511036915894158
0.34959903133118836	-0.005947057046720092	0.2511014940457901
0.3495939244018619	-0.00595100891847157	0.25110343044801675
0.3495979209829001	-0.005949740798985678	0.25110696228225715
0.34962730913208234	-0.0061511075313177704	0.2512403491138796
0.34964573247406017	-0.0064306241854937135	0.25141035368996506
0.34965059304930374	-0.00646635325873661	0.25139791838075237
0.3496661434745038	-0.006477949214996739	0.2512698752426814
0.3496741182605511	-0.006483082662930531	0.25118253934520807
0.3496743944082537	-0.006488168752779341	0.2511548460207875
0.34967362188582984	-0.006489051201449311	0.25115442965226
0.34966992608505787	-0.006491347280048923	0.2511567532528931
0.3496684028015002	-0.006491014706203377	0.251156919631882
0.34966477236182436	-0.0064918231468689275	0.2511580128594533
0.3496645176400103	-0.006492252560817854	0.2511596004041826
0.34966113426850076	-0.006493071835730488	0.2511621568118672
0.3496579679524527	-0.006494287623196357	0.2511650171510603
0.34965451503540307	-0.006494936894191103	0.25116689083413746
0.34965154051335884	-0.006497100805954628	0.2511696715472661
0.3496501180410747	-0.006497740373843944	0.2511710329212924
0.349450474890634	-0.006649929944874747	0.25091253912539
0.34945089672839846	-0.0066449341760484865	0.25097813285905757
0.3494869365663261	-0.006601445749697968	0.2510793854024523
0.34960106907441524	-0.006513568248109794	0.25113290183263826
0.3496331102119778	-0.0064905535037347445	0.2511443617539605
0.34965085447751615	-0.006474550358882378	0.25115191123066793
0.3496666145481257	-0.006458927254548649	0.25115739411904625
0.3496749366106363	-0.0064523696084543974	0.2511604697567767
0.34967690137335283	-0.006449823039096345	0.2511621795252481
0.3496764410841531	-0.006449150092269609	0.2511619441422316
0.3496760932155608	-0.00644919607199447	0.251161338418783
0.3496746926925496	-0.006448309832636515	0.25116069878116226
0.34967291205236695	-0.006449108659588851	0.25116208726472344
0.3496729666163149	-0.00644859713713157	0.25116103298667475
0.3496720855641814	-0.006448773119716852	0.2511608208449483
0.34967072629725565	-0.006449276526242623	0.2511603258225739
0.34966972376058947	-0.006450177988963843	0.2511607417758217
0.3496683658213825	-0.006449865901378013	0.2511600454080748
0.3496665363095451	-0.0064517113364677	0.25116046744930864
0.3496662339106878	-0.006452038476432345	0.2511604411856059
0.34966517466906366	-0.0064525477066138676	0.25116031711084064
0.34966506850492873	-0.0064526652811155855	0.25116032696119867
0.3496641251478894	-0.006453519380876391	0.2511600772151913
0.3496626942796687	-0.006454499519381193	0.25116106095410345
0.3496620236490518	-0.006455166609300109	0.25116167762720376
0.34966073099454537	-0.006456294602860721	0.2511623128506262
0.349660764743157	-0.006456294090754169	0.2511620222240513
0.3496605756366399	-0.006456455950740472	0.2511619667353213
0.3496601343876482	-0.0064568336237047635	0.25116183726217495
0.34965996721501497	-0.006457018337942613	0.2511621548717912
0.34965912542919403	-0.0064577317880916	0.25116334718203454
0.3496594040364028	-0.006457599415267731	0.2511624531100572
0.3496537254366549	-0.006458448384912455	0.2511627631600138
0.34940855308277297	-0.006467617594569083	0.2511156947447595
0.3491463176564669	-0.006147347776007048	0.2508808340864198
0.34885089832145805	-0.005669704027934611	0.25066229357333547
0.34856178092410484	-0.0049142651448263325	0.25052450016492056
0.34842341792503995	-0.004149107476855443	0.25046945415933736
0.34828669481447616	-0.0032771883881524827	0.25038623769767754
0.34811433575506073	-0.0021698671077994697	0.2503477133302931
0.3478401825217879	-0.000753175392885011	0.2503522842683784
0.34768526882078454	1.127028746396308e-05	0.250359442047482
0.34728229362196167	0.0015007622873428467	0.25034536816233555
0.3471439958398929	0.0022853496362919973	0.25040459951708205
0.34676785574081676	0.0040731803874776845	0.25044422617765066
0.34623018147305973	0.006001519181039652	0.2505608955212647
0.3459126732196514	0.00764919992626488	0.2506916590132724
0.34562253446178365	0.009122253932712113	0.2507727278805709
0.34517321483778063	0.010701562067446699	0.25095085728722116
0.34486996894440203	0.012290295881158944	0.25108802608822545
0.3442811572406033	0.014752680635074802	0.2513900133839941
0.3438805183189566	0.016491160816599307	0.2516150308443432
0.34350266907255184	0.018291318902255674	0.2518848752216971
0.3431057098038495	0.019804448867407023	0.252114918153918
0.3426814401044901	0.021805939942420485	0.2524823412726757
0.342202528788912	0.023908501636680193	0.25283092505241345
0.3416789930508278	0.026309282394993902	0.253299139517897
0.34121407531317166	0.02819521560072681	0.25370710194369184
0.34099987091688616	0.029293272643931015	0.2539941665185129
0.3404226716562377	0.03200401431114623	0.2546304597805311
0.33990495543201127	0.03465859514808582	0.25526807515704814
0.33969719372723056	0.036125821323699306	0.2553955365563329
0.33939275549515113	0.03925818298943064	0.25563015844839815
0.3391302004609203	0.04128252396999692	0.25582516812913864
0.3388629032935845	0.044436227677239856	0.2561996487262938
0.338780543680555	0.04561686835445407	0.2562971732919673
0.3385745899852493	0.04895513840785233	0.2566169644048153
0.3384386911136058	0.05110198523286487	0.25694352459843856
0.33837458262553843	0.05330338966824823	0.2571381235705444
0.33836782393383286	0.05537078759460083	0.2573256663512299
0.3383202911276251	0.058351761784215264	0.257713691220554
0.3383857629160257	0.060808364312346194	0.2578767528614935
0.33843646469669786	0.06232446952751082	0.2580721924349586
0.3385580237588143	0.06511403534553283	0.25832621199870354
0.33876019129957113	0.0674417181039219	0.2585190956444129
0.33912516419102645	0.0707485402147653	0.25882260251207534
0.3394116269482275	0.07300232100975883	0.25898290711145766
0.3396699815212827	0.07482143545934876	0.2591056884093184
0.3401012245159748	0.0769900799812309	0.2592854840480774
0.34047722719241347	0.0789457908886151	0.25943868271272985
0.341270468384171	0.08228114816242137	0.2597145453279038
0.34161382788964706	0.08347296314266946	0.25978705168167215
0.34235765032859955	0.08599442043037848	0.2599150508259926
0.3430608192699201	0.08809275205653201	0.2600499680556317
0.34375966513371525	0.08986988611049983	0.26024521138116147
0.34468385116422406	0.09173202839403845	0.26038652149226077
0.34564842068618534	0.09361578935559113	0.2604862159527799
0.34662209777290054	0.09543359045663825	0.2605235575881347
0.3479301331309761	0.09772576106329893	0.26060666737450516
0.3488480745954265	0.09932342881043928	0.26058818927538485
0.3504131768064968	0.10169812017368034	0.2606051055836286
0.3516294081780881	0.10316524359094066	0.2604997824432481
0.3531338570848301	0.10488181669894762	0.2603354318681381
0.35522455918918183	0.1070877687150653	0.2598251012336924
0.35671127079488824	0.1085769396419513	0.25939965569959605
0.3592825640126602	0.1110142371194207	0.25861835436570735
0.36136000264779766	0.11288902868495225	0.2578607292376402
0.36356474977428926	0.11479473869676247	0.2569235168658845
0.3660848496484985	0.11691683296796072	0.2557672345352612
0.36990132348321375	0.1200269981071961	0.25397658498724285
0.3714806366490185	0.12130912301617734	0.25318631594011853
0.3738085619907586	0.12323213039430116	0.25183816309205476
0.3772727629777483	0.1261827533978817	0.24971931818013202
0.3809871578960997	0.12949597991924694	0.2471632601305513
0.38364108790315077	0.13193445158208222	0.24514202840429297
0.3864465179720509	0.13461350890657925	0.2428226491308324
0.3884555357226953	0.13650193304586622	0.24118985080971592
0.39209844963021123	0.14013032935286746	0.23775009188951005
0.3937245550166323	0.14176423867588003	0.23617041709177816
0.39622820565810357	0.1443150211700734	0.2337257910727331
0.40148614291281787	0.14959698574609748	0.2285842684914067
0.40384326807799437	0.1518150791779088	0.22644613971896282
0.40658091120626216	0.1542505914729106	0.22430565740141023
0.40914095648359744	0.15642429760829096	0.22220061239358255
0.4128551872298627	0.15915495523219136	0.21990063408882826
0.41548831316734147	0.16086851628758642	0.2183060710058561
0.41694241847366725	0.16169197376948663	0.21762498627946614
0.42051763111339524	0.16333711569989362	0.2161937582912551
0.4218709561799334	0.16381127311112365	0.21564529833558801
0.4254043696320036	0.1648221671089531	0.2146349705463424
0.4277488472332656	0.1653618950960682	0.21413659139537689
0.42993282912796343	0.16538675384907148	0.21357593997445107
0.4329824899747946	0.16467924960594815	0.2130073982784665
0.43503078501446896	0.16419565008998177	0.21258998188653616
0.4371332937166275	0.1635038179333716	0.21223399160734022
0.43845451146463693	0.16286950855993954	0.21204906057369688
0.44095609880620723	0.16139702938974537	0.21158335707198622
0.442434248246917	0.16017209089139983	0.21114162550727003
0.4442383277412436	0.15826159742225826	0.21034379799400454
0.44486742507923216	0.15743976332049975	0.20993343205186416
0.4462849983013437	0.1553980471830142	0.20896672792331844
0.4467428532822442	0.1543829742521149	0.20843958266575746
0.447754847047853	0.1519513912859211	0.20695233757176942
0.4482259903247864	0.14963343247200722	0.20526261757239103
0.4484307923418135	0.14859133657638446	0.20454487620875383
0.44848350710288454	0.14623998442906022	0.2024651159125257
0.4484259211466664	0.14526125020733738	0.2015090155099853
0.44818271893918077	0.1430730266399559	0.1993679734287786
0.4478450990015054	0.14158090580039173	0.19761920819482878
0.44716962037167796	0.13949532998292846	0.19494788865218576
0.44658708298959315	0.1381203318193221	0.19298985380096456
0.4461835199812781	0.13730063130234882	0.19166738287082086
0.4455660826932298	0.13616274071758838	0.18977880521332952
0.4442773699985433	0.1342255560117509	0.18597046919070687
0.4436801606534414	0.13345627928992876	0.1841565631348504
0.443082169849459	0.1326893677825538	0.1823224496634338
0.44233885413603996	0.1317031773475988	0.17991530738822542
0.441406638231098	0.13088638496847838	0.17682259959346375
0.44077255148518646	0.1305808889698511	0.1745897727339934
0.43991248039195835	0.13047831058414622	0.1710331987262035
0.439397437536582	0.13025559385178231	0.16863931382893174
0.43895873933299373	0.12996964224864077	0.1664698725254713
0.4384751507530139	0.12975235081186787	0.16443591430086696
0.43784250356470555	0.12947654523164015	0.1619734623720887
0.4368758318407379	0.12902969668581116	0.15832815292072228
0.4366149581056683	0.1289195255171064	0.15698074917219024
0.4363666755541522	0.1290198530022788	0.15347143236262228
0.43641528448516587	0.12930656402736002	0.1509592271125974
0.4367427158403805	0.1297739611926268	0.14832463702855392
0.4371731895235298	0.1302436416146453	0.14532396528251584
0.4379996637288064	0.13119109122128647	0.14140764729180616
0.4383423443487198	0.1315290416424325	0.14002859926453476
0.43907371002806295	0.13249059614349612	0.13607025309317627
0.43949544141412095	0.13312962997096345	0.13355623750959594
0.4401067025645639	0.1342139457965703	0.1292859844504724
0.44051258585067454	0.13475455603924308	0.12689942620521938
0.4409969701745324	0.13530835948266112	0.12405079577061301
0.4414577811999625	0.13587017522138561	0.12131146238204815
0.4418983267095204	0.13652813167347289	0.11858084218253134
0.44236143997021166	0.1371959854922395	0.11586908222343956
0.44286663853696717	0.13810372801421433	0.11206968124653466
0.4432722227103049	0.13871744950307147	0.1095250591953692
0.4436256127836634	0.1393531725252815	0.10680093265847623
0.4441264357014571	0.13996041390453307	0.10396984158104339
0.44467523035017015	0.14068701443597714	0.10031762761744145
0.4450947896225428	0.1412955799360311	0.09775075042536241
0.4453420416308431	0.14173150954790947	0.09615240862476293
0.4458355387032051	0.14248259944523267	0.09273620805085231
0.4461617331434707	0.14312911969147335	0.09000949795676877
0.4466591960793269	0.14394348409993774	0.08664085403266858
0.44706856867678957	0.14456985528260713	0.08425065068736576
0.4474542984478866	0.14523980284699328	0.0815422255307533
0.4475902491255634	0.14560173428396717	0.08007049051236087
0.44804691892744924	0.146189277496508	0.07751153068405148
0.44857122276317224	0.14680972001475368	0.07465806527122765
0.4489288409676187	0.14740085364283023	0.07222766980929723
0.44949720087364947	0.14818470597952604	0.06921228140546565
0.44986847322075385	0.14871423779296628	0.06713191775895133
0.45000155187496804	0.14897349925356462	0.06603253974647139
0.4503090262270173	0.1495206031007419	0.06395873883644493
0.4510437848766041	0.15038379721713596	0.060796512161289284
0.4516361521941065	0.1509281811733707	0.059019237394246415
0.45209949858211024	0.15143370725805272	0.05737743837281262
0.45253255000537873	0.15196049709926707	0.055686223654902445
0.45297514955821566	0.1524342077586186	0.053969181928112564
0.4532843805786353	0.15283383356496977	0.052335061626805846
0.45373993681325575	0.15340065805815517	0.050003707713694445
0.45399146581999605	0.15380745275471286	0.04844802757445671
0.4541967391691637	0.1542214263797282	0.04679786393497254
0.45451391818754217	0.15458172552647598	0.045382325308428506
0.4549707871090921	0.15497366810387864	0.04419019241113742
0.45548288955962196	0.15531807321106866	0.0431108455128803
0.45606289040996933	0.1557376181229187	0.041697594248294445
0.45623990775235895	0.1559709898809719	0.04108285055079175
0.45682008913783906	0.15658155562098436	0.03989356460182619
0.4572533153358557	0.15704324987632634	0.03915131461733229
0.457734021163937	0.1575105667612569	0.03842332480632277
0.4579881993768054	0.1578976510758417	0.037686910855594724
0.4584937249752673	0.15835349013143624	0.03719605298647849
0.4587893900179232	0.15860550122344208	0.03699697526858048
0.4591058983823192	0.1590200621493974	0.036600815652331586
0.4598562415707759	0.15976321256101678	0.036071177654746434
0.46014481102839855	0.16004057731590898	0.03577735676942784
0.4604832311713391	0.1604491476748457	0.03545766515128107
0.46095014404324686	0.16091070292498139	0.03517919766905314
0.46124534666385897	0.161225738636188	0.03489770359143818
0.4615540783870662	0.1615772321017167	0.03458933355859872
0.4619888269468387	0.16197873459276663	0.03433169507341277
0.46244271517886587	0.16250052360597844	0.03392308541922834
0.46275312678030944	0.16281806448773134	0.03362084766655421
0.46312029534632754	0.1631609326120807	0.03340325659668203
0.46347988120850575	0.16349395684170703	0.033166870198584275
0.4637587436820011	0.16383764243988852	0.032807250549645506
0.4642601969032409	0.1643868731544385	0.032488594228420986
0.4644990049683277	0.16459658606945576	0.03236223003461175
0.46481510850899543	0.16497094834642112	0.03190574769791438
0.46504529595055066	0.16516692930913257	0.031736137844816326
0.46544333224612344	0.16557220486955487	0.03152878126373687
0.4660190293941271	0.16610036810865247	0.031106355739798475
0.466141523941834	0.1662498577632422	0.030920973450163702
0.46647427029784666	0.16658937881553432	0.030672255796969305
0.4670852230902023	0.16703382431813046	0.030409714663953202
0.4673406232185089	0.16717650554853214	0.030280780790107042
0.4677807700074737	0.16755345584014164	0.029816893470023753
0.46802495321588544	0.16785338990207055	0.029649391611483722
0.468453849675665	0.1682708153672508	0.029401068829371102
0.46871479768480984	0.16850127087573857	0.02919775435494737
0.46901520199459296	0.16863517650923615	0.02893972110037757
0.46945124589561316	0.16895917686557355	0.028708328906510705
0.4697656703058334	0.1692487419918433	0.0285491365275527
0.470074650591757	0.16959112267282517	0.02832928711156807
0.4703162175881231	0.16972412766454298	0.02798805652042713
0.47077609589862085	0.17001976599777624	0.027654568149623027
0.4712104026149086	0.17026685909431905	0.02748437916525187
0.47157713122784456	0.17041563022881534	0.027354602339173084
0.47176842660066326	0.17060168223799316	0.02723633569685663
0.4719641920568621	0.17090089440905548	0.02697832724924526
0.47210861959686895	0.17107362028162726	0.02673459417019547
0.4725893879835436	0.171317887027577	0.026497210022012718
0.47308127197268146	0.17165120113599847	0.026275061257695242
0.4732582955753084	0.17174564348076976	0.026166354709272976
0.47365625840948766	0.17191066549521833	0.025881044541775367
0.4737915548381195	0.17207843258299688	0.02556816705668369
0.4740814789286173	0.17234648204864966	0.025403899298448107
0.47443833876490676	0.1725496610746894	0.02527912914464836
0.47475290881821364	0.1727525435110912	0.025108306234948086
0.4751987236767622	0.1729540843574301	0.024923163118478753
0.4755657042554056	0.17309569139260444	0.024862245260981186
0.47605901002478784	0.17317124323720356	0.02485123481750695
0.47626632416913206	0.17322372499173422	0.024836551969447285
0.4766189652897547	0.1733739359492954	0.024852350131475187
0.4771378308361624	0.17371552587633615	0.024814965361610153
0.47740750782086655	0.17382549911717143	0.024814413195815066
0.4781742800739891	0.1739633544914576	0.024846231557347553
0.4785318740681234	0.17400507270298077	0.02483105996410484
0.4787559136959123	0.1740697846477796	0.024813410436355654
0.4792008675380069	0.1742528640943663	0.024769173885619666
0.47976174704032415	0.1745665536912917	0.024785885817195485
0.4801266953068377	0.17464166766032768	0.024818892891446787
0.48053054965339426	0.17471739192014346	0.02480947059962868
0.48091073070190626	0.1749129624073995	0.024749827208944364
0.48113852390344924	0.1752642102529578	0.024993055482824822
0.4813009378700043	0.17554517230456884	0.025228342497628398
0.4816008710872692	0.17575197766479667	0.025797373935278922
0.48174372356169265	0.17567813645430214	0.027323079698217234
0.48168566461456647	0.17578647159255018	0.028019999029975873
0.48189990882078276	0.17606107270398397	0.029579560357212653
0.48202394951797306	0.17632869368725446	0.031372967846695465
0.48235711969127043	0.17663584266202487	0.033973867464497376
0.4825174468375516	0.1769882330719469	0.037072478207289594
0.48265158823023907	0.1771652998366115	0.03968402922433162
0.4828190534546505	0.17742545393568354	0.042545659904699884
0.4828572381086168	0.1775264783571106	0.04420077959304025
0.48306005582311523	0.17776765494551983	0.04846056315623681
0.4832430054913116	0.17801209421405784	0.05191382796875721
0.48328663712882003	0.17817369439576397	0.0548715441013366
0.4833424389049222	0.17830329722478666	0.05840183739587945
0.48342502874666377	0.17844678442950718	0.06162578576268363
0.48360537958275657	0.17877918137897914	0.06724596000472371
0.48364900941087047	0.17893848856312328	0.07071517298755009
0.4837885049765514	0.1790363058503749	0.07300184905144885
0.48388262816716304	0.17920914490283846	0.07698771585074443
0.4839456112060192	0.17939387170204046	0.0834484779585094
0.4840754303735752	0.17964863648128832	0.08929981666206377
0.4841267815449064	0.1798089949064557	0.09369617380300288
0.48421165399318267	0.179884813299297	0.09634593191250751
0.484248953933042	0.1799910162402082	0.10065770534451307
0.484309312008231	0.18018196254186314	0.10630011374164133
0.48435756294609744	0.18034518989132364	0.11296415573088558
0.4844694970537775	0.18043921020385628	0.11510722000747498
0.484529225876279	0.1806077437184846	0.12125497588089956
0.48454325508578466	0.18073105348938545	0.12562130768711244
0.4846058878563445	0.18083002417582883	0.1301828630427022
0.48471186620355555	0.18101427593280867	0.13493902384989714
0.4847863333353964	0.1811314336024903	0.1410170096202849
0.48481300929445154	0.1811960360613445	0.1442352940011904
0.4848884680692341	0.18133096623701206	0.14889073700618388
0.48498552270010137	0.18141536730619012	0.1527173623292204
0.48503609197642783	0.18158352299506936	0.1581497165434153
0.48514992640240007	0.18176679436196796	0.16232530120706323
0.48523370016627493	0.18183426420485915	0.16642535964020372
0.485254760457912	0.18187127569971046	0.1703489052451921
0.48541735033133937	0.1820740324989572	0.17528936870030198
0.48545898356133693	0.18209792447150286	0.17703012841980925
0.4855555191206026	0.18234149922477488	0.1818597481061396
0.48567187966523606	0.182419257376137	0.18519012982016686
0.48581308265851464	0.1825537570046764	0.18873357203916405
0.48590436049096364	0.1826685945003066	0.191774871422308
0.4859968432773635	0.1827935878000797	0.19408102329683233
0.486118863781983	0.18295192750472655	0.1986201968764475
0.4861950614607947	0.18307520946651473	0.20089690791747541
0.486392989477058	0.18314426173232234	0.20299585614158283
0.4865941611728373	0.18335497760889669	0.20481620041336873
0.4866945576302622	0.18355323944698393	0.20641366581692788
0.4868694122271378	0.18382958217517298	0.20801123554102874
0.4868800739375628	0.18404486466097864	0.2097178667534665
0.486984574269502	0.18403382055846051	0.2103633678057262
0.4870975847742368	0.18406935719079104	0.2111799480484748
