0.34281264936296413	0.14044695148584369	0.20739066958704405
0.34281264936296413	0.14044695148584369	0.20739066958704405
0.34311180080694476	0.1405174840681384	0.20730884974663388
0.3432480868201068	0.14054233159037188	0.20727410550247494
0.34378895085055844	0.1407705723364132	0.2070999528094243
0.34397331177726953	0.14094607087423933	0.20701333667691502
0.3441641018545902	0.14114070467444878	0.20692232716855774
0.3443974953269779	0.14137411388287235	0.20681292878048824
0.34484954406000756	0.1417143395488294	0.2066275781407182
0.3451768476172222	0.14182194816512111	0.20653183706802727
0.3453945123126403	0.1419259202189342	0.20645921000274453
0.34573247074536795	0.14225740550207022	0.20629894519510644
0.34600719371959987	0.14256746915752455	0.20615716470551396
0.3462892092122681	0.14288797333203535	0.206010911604028
0.346712582283676	0.143156701349882	0.20585181930065938
0.34703701043496643	0.14330323258433147	0.20574679719844038
0.347324213013648	0.1434632909243992	0.20564536987190363
0.34762517966089	0.14377926967170696	0.2054970880304838
0.34781025838307067	0.14398870023749316	0.2054021656027361
0.34825859611809484	0.14449315232637122	0.20517275961946985
0.3486068455662467	0.14467408959752426	0.2050538828000748
0.348908098176697	0.14481774857401342	0.20495493635350187
0.34914306821376523	0.1449995546078447	0.204858462535565
0.34949771152495085	0.14540472928448117	0.20467606988279893
0.34978239771135505	0.14573551163964127	0.20452820729080357
0.35019207994187523	0.1460743817618877	0.2043538896334418
0.35050602210751713	0.14621732266844395	0.20425360009918725
0.35073741424735233	0.14634621622677024	0.20417332604032998
0.35112490002189717	0.1467420198876893	0.20398814378088428
0.3512734642913036	0.14691991493331152	0.20390930870573398
0.3515389912954944	0.14723458473591589	0.20377088191302511
0.35190735425591313	0.14766963556322033	0.2035792266615275
0.35232437045743825	0.14790623750630605	0.2034338674736802
0.3526479599829631	0.14805232806528273	0.20333243632159062
0.3529308138212802	0.14833430490190808	0.2031999499697199
0.35306477398865194	0.1484939372735828	0.20312951879167274
0.3533553338021613	0.14884197947855027	0.20297778089564245
0.3535131843812968	0.1490332042616221	0.2028941986364335
0.35383130994650547	0.14941787781986066	0.20272736884867704
0.3542001227141217	0.149619349100582	0.2026026027853498
0.35446618810381736	0.14971599552402898	0.20252464354302663
0.3545344436419563	0.14977926021338345	0.20247022654425412
0.3545597634393683	0.14991993921355284	0.20236914488161473
0.35461497239342854	0.15005582205631268	0.20228778683542897
0.3546172657973702	0.15006110107650766	0.20228527964515391
0.35461695885321387	0.1500626989408726	0.20228476119453792
0.3546161810798385	0.1500648624403954	0.20228441620251583
0.35461600238599716	0.15006798212826233	0.20228414039019166
0.35461632359387146	0.15006889661938194	0.20228385091142534
0.3546145151058008	0.15006839821685086	0.20228380777638505
0.35461417221501196	0.15007000797274667	0.20228366715151352
0.3546145730373725	0.15007099656364847	0.20228357713402462
0.3546148346694881	0.15007190128123482	0.20228399801098595
0.35461489875148977	0.15007215961922366	0.20228429548658333
0.35461467535470753	0.15007235475082353	0.20228404422117424
0.3546152039815063	0.15007241383075276	0.20228444518107228
0.3546147211925901	0.15007203288692883	0.2022848279696322
0.3546140214473959	0.15007229861717408	0.20228439682821403
0.35461446471113756	0.1500720553369625	0.2022849961079411
0.3546151740691264	0.15007208129976823	0.2022853763473717
0.3546145098842252	0.1500721676931569	0.20228547333988275
0.3546139765397552	0.15007151375403527	0.20228548515627673
0.3546141778309874	0.15007183776191602	0.20228548454905498
0.3546137375454947	0.15007227183699479	0.20228542611086037
0.35461351031054533	0.1500722761887976	0.2022855638098724
0.35461448317242356	0.15007137893676775	0.20228573055350343
0.35461396143061424	0.15007236552166214	0.20228521915631445
0.3546141779180784	0.15007225835088944	0.20228561917241628
0.3546138027138829	0.15007180161357359	0.20228581662195844
0.35461410796743914	0.15007092220039403	0.2022859280037261
0.35461360905105516	0.1500701398184986	0.20228626613115397
0.3546142697989763	0.15007257688497394	0.2022857524709247
0.3546121924202942	0.15006935088538248	0.20228606107964375
0.3546144888265736	0.15007069760222957	0.20228616175927752
0.3546137549477961	0.15007011165024875	0.2022862250169027
0.35461360905105516	0.1500701398184986	0.20228626613115397
0.35461360905105516	0.1500701398184986	0.20228626613115397
0.3546143546584491	0.15007094977090968	0.20228611511765254
0.35461362723380496	0.15007089978529625	0.20228634314682983
0.3546143504678646	0.1500705607756142	0.20228682991258679
0.35461357934325366	0.15007086312078738	0.2022855270460841
0.3546135572779482	0.15006956363892343	0.20228665198111256
0.3546123265871275	0.15006909871600033	0.20228610772118658
0.3546134379663049	0.1500707670610814	0.20228620138897516
0.3546129103120238	0.1500695426863179	0.20228660379181976
0.35461360905105516	0.1500701398184986	0.20228626613115397
0.3546124925376301	0.15007014235708782	0.2022863519369809
0.35461379831823425	0.15007027254253547	0.20228640788856006
0.3546127210438517	0.15006940996350415	0.2022864620344703
0.3546123955698706	0.15007040574831038	0.20228630762938865
0.3546136147005172	0.15006945848493847	0.20228669733648408
0.35461310594832013	0.15007092416949092	0.20228651169671302
0.35461372933799895	0.15007039690776375	0.2022859730983631
0.3546139347341445	0.15007154316967503	0.2022866564847416
0.3546127490389062	0.15007018186944804	0.2022865338868086
0.3546134196873944	0.1500697472509177	0.20228645298323902
0.35461403345292253	0.15007031932408477	0.2022862055681351
0.3546132304194251	0.15006961452743622	0.2022863112256685
0.3546138204514572	0.15007039500462804	0.20228697354388092
0.3546136272338049	0.15007089978529603	0.20228634314682983
0.3546129103120238	0.150069542686318	0.20228660379181976
0.3546137214493266	0.15006988116186548	0.20228681409525645
0.3546138394657866	0.15007050366658453	0.20228644231953757
0.3546140682794601	0.1500696207491447	0.20228703957337257
0.3546141382358937	0.15007095689539712	0.2022867307394749
0.3546139760290212	0.15007042447823915	0.20228616021192553
0.3546142805095837	0.1500692246294395	0.20228713874735443
0.35461375533204653	0.1500706652099577	0.20228644432446008
0.35461368465725357	0.15007079463091133	0.20228638850237304
0.3546137820427727	0.1500706088212454	0.2022863969642365
0.3546147520005556	0.15007152896957432	0.20228648332673854
0.35461260506092607	0.15007042209638605	0.2022864924080579
0.3546131144358835	0.15007062666199833	0.20228634159945566
0.35461362723380496	0.15007089978529625	0.20228634314682983
0.3546137120859486	0.15006927267455067	0.2022867057995607
0.35461330765270654	0.15007012188289431	0.20228697199526352
0.354613606395115	0.15007056116735246	0.2022867325313015
0.3546141382358937	0.15007095689539712	0.2022867307394749
0.35461368465725357	0.15007079463091133	0.20228638850237304
0.35461393068924874	0.15006980436112	0.20228684057524476
0.3546129683573442	0.15007110778232108	0.20228631269990255
0.3546143511827961	0.1500690952072825	0.20228719456908326
0.35461419718925646	0.15007032721403457	0.2022865469306649
0.35461289403709967	0.15006987896317187	0.2022865928671174
0.3546141382358937	0.15007095689539712	0.2022867307394749
0.3546134196873944	0.1500697472509177	0.20228645298323902
0.3546134932700594	0.15007120776608196	0.20228680160068896
0.3546131019013479	0.15006918536398423	0.20228669578899583
0.3546134196873943	0.15006974725091776	0.20228645298323916
0.35461355727794813	0.1500695636389232	0.20228665198111256
0.35461362723380496	0.15007089978529625	0.20228634314682983
0.35461428050958366	0.15006922462943934	0.20228713874735443
0.3546141382358937	0.15007095689539712	0.2022867307394749
0.3546133659323271	0.15007054803953324	0.20228671175606677
0.3546141956593724	0.15007085173991064	0.20228677609514054
0.35461311443588367	0.15007062666199827	0.20228634159945552
0.3546141956593724	0.15007085173991075	0.20228677609514062
0.35461368286111156	0.15007057861725792	0.20228677454644986
0.35461367077634065	0.15007130389071682	0.20228604882915133
0.3546140854979496	0.15006951339712943	0.20228689439374403
0.35461490680983926	0.15007123800563577	0.20228653714384198
0.35461365297216085	0.15007041552914396	0.20228617137461707
0.35461273922845804	0.15007016992735306	0.2022865390494788
0.3546136169503548	0.15007098127825924	0.2022868992884978
0.3546139967953895	0.15007096087936084	0.20228638944531596
0.3546138204514572	0.15007039500462788	0.20228697354388087
0.3546139899089401	0.15006991521918844	0.20228649988631958
0.3546143940125123	0.15007096488173077	0.2022865355950429
0.3546125374291406	0.150070058569658	0.20228637291401907
0.3546128245936044	0.1500704722879106	0.2022863407256379
0.35461418177890774	0.15007136100084245	0.20228643642190106
0.35461490680983926	0.15007123800563577	0.20228653714384198
0.35461464363589945	0.1500704066384559	0.2022862155771516
0.35461284742283733	0.15007006940435125	0.2022866008342783
0.3546147010597669	0.150070301483271	0.20228626093343746
0.3546127966508076	0.15007006477409474	0.20228658440423758
0.35461403345292253	0.15007031932408477	0.2022862055681351
0.35461348053391806	0.15006971065437685	0.20228665069457136
0.354614242135581	0.1500706700317015	0.20228597464523326
0.3546132357141003	0.15006926295113882	0.20228672449914425
0.3546141429204112	0.1500694082421491	0.20228693974914325
0.35461418826202123	0.1500700283601456	0.20228625938576764
0.35461490680983926	0.15007123800563577	0.20228653714384198
0.3546135572779482	0.15006956363892343	0.20228665198111256
0.3546148493857602	0.15007134316194998	0.2022864917877277
0.35461403345292253	0.15007031932408477	0.2022862055681351
0.35461505725311615	0.1500706495566651	0.2022865947100346
0.35461374321813416	0.15006988764925672	0.20228631277274853
0.3546146945760418	0.15007163412561253	0.20228643797038212
0.3546139760290212	0.15007042447823915	0.20228616021192553
0.3546140334529224	0.1500703193240847	0.20228620556813515
0.3546136272338049	0.15007089978529603	0.20228634314682983
0.3546136129029513	0.15006924247299452	0.20228708338038046
0.3546143958073444	0.15007118089647192	0.20228614954969001
0.3546139899089401	0.15006991521918844	0.20228649988631958
0.35461385394493883	0.1500699513755231	0.2022868392889292
0.354613932485673	0.15007002037354544	0.20228645453048213
0.3546142230874194	0.15006932978480203	0.20228709339210232
0.3546144150818716	0.15007097610360515	0.20228653565864363
0.3546134068353031	0.15007015208544	0.20228659441441757
0.3546141382358937	0.150070956895397	0.20228673073947484
0.3546139881121451	0.15006969920641589	0.20228688593088623
0.3546146945760417	0.15007163412561264	0.20228643797038207
0.3546133266676722	0.15007023054415186	0.20228644077184543
0.35461364084680214	0.15006964998734917	0.2022868397009371
0.3546143504678645	0.1500705607756141	0.20228682991258679
0.3546148226766596	0.15007139954658594	0.20228653914982664
0.35461375533204653	0.1500706652099577	0.20228644432446008
0.35461425461296125	0.15007022205920495	0.20228659228681692
0.3546145462508758	0.15007059244732085	0.2022862071158056
0.3546144423497801	0.15007087930980428	0.2022869632092424
0.3546142409980197	0.15007147186044095	0.2022860957328682
0.35461378204277283	0.1500706088212455	0.20228639696423656
0.3546141956593724	0.15007085173991075	0.20228677609514062
0.3546138204514572	0.15007039500462788	0.20228697354388087
0.3546136147005172	0.15006945848493847	0.20228669733648408
0.3546140334529224	0.1500703193240847	0.20228620556813515
0.35461368202525245	0.150069525595749	0.20228651460834735
0.35461452719969294	0.15006925219940564	0.20228732586140638
0.3546141382358937	0.150070956895397	0.20228673073947484
0.35461433658883407	0.15007107003729053	0.2022864902392471
0.3546144102873318	0.15007062860211678	0.2022865465197064
0.35461425893683635	0.15006989893913592	0.2022863152083769
0.35461406827946007	0.15006962074914454	0.20228703957337255
0.3546145462508758	0.15007059244732085	0.2022862071158056
0.35461348876099225	0.15007096099656925	0.20228656846117543
0.35461362543803365	0.15007068377198984	0.20228672919110258
0.3546134435909412	0.15006971535215174	0.20228648755493728
0.35461347711026053	0.1500696420973151	0.2022864983387579
0.35461450091076335	0.15006997232839853	0.20228688747944581
0.35461454445522395	0.15007037643331955	0.20228659316136616
0.3546146992642818	0.1500700854694107	0.20228664697928037
0.35461362723380496	0.15007089978529625	0.20228634314682983
0.3546147337217739	0.15007050915911452	0.20228673491930027
0.35461417737952877	0.1500698319315943	0.20228702768897866
0.35461394906065447	0.15007064577383855	0.20228694402281677
0.35461403345292253	0.15007031932408477	0.2022862055681351
0.35461448589365935	0.15007128341546422	0.20228666889209124
0.35461388300995605	0.1500709077726764	0.20228614800188896
0.3546136147005172	0.15006945848493847	0.20228669733648408
0.35461393068924874	0.15006980436112	0.20228684057524476
0.35461372820042353	0.15007119873653468	0.20228609418506666
0.35461393068924874	0.15006980436112	0.20228684057524476
0.3546139881121451	0.15006969920641589	0.20228688593088623
0.3546138204514572	0.15007039500462804	0.20228697354388092
0.3546142409980197	0.15007147186044095	0.2022860957328682
0.35461368465725357	0.15007079463091133	0.20228638850237304
0.35461433838329537	0.15007128605168468	0.2022861041936982
0.354613932485673	0.15007002037354544	0.20228645453048213
0.3546137695080828	0.15006916752028965	0.20228675115469008
0.35461410503475266	0.15007150801428581	0.20228643513698133
0.3546145462508758	0.15007059244732074	0.2022862071158057
0.35461393297480687	0.1500706747438073	0.20228711401605115
0.3546140587862584	0.1500695697850692	0.20228694175309417
0.3546136272338049	0.15007089978529603	0.20228634314682983
0.3546136129029511	0.15006924247299452	0.20228708338038043
0.35461368465725357	0.15007079463091133	0.20228638850237304
0.35461459715825233	0.15007058834552223	0.20228701702682456
0.3546129683573442	0.15007110778232108	0.20228631269990255
0.3544646257717781	0.15050548033857897	0.20223216212857503
0.35441936049241785	0.1506655928041079	0.202216005029054
0.3543808403819192	0.1509157678166635	0.20219958887183873
0.3543614398820769	0.15102435312624718	0.20219250245846113
0.35427332331667705	0.1514226504291184	0.20215971252759568
0.3542438118762958	0.15156425196153545	0.20214877984741697
0.354164682601112	0.15191232562526596	0.2021211023147465
0.3541113989050439	0.1521430701555107	0.20210205205316734
0.3540498122810177	0.15239575616530282	0.2020811070666425
0.35402189810867973	0.15251623065730263	0.20207161372916324
0.3539078561812154	0.15296592762529937	0.20202164529012595
0.3538197581047514	0.15325986629641392	0.20197870283342498
0.35375957027031646	0.15350437157055902	0.20195499088592878
0.3537139177218137	0.15368115618117206	0.20193945505618088
0.3536122944244286	0.15401465026408173	0.2019063326118067
0.35356514030792324	0.15414519604301702	0.2018909739389206
0.3534506671608612	0.1545391988166409	0.20185498887523573
0.3534242458394547	0.15469488645427582	0.20184795127282468
0.3534605402761559	0.15464901668119285	0.20186094341573418
0.353470971200595	0.15463107477846977	0.20186435109742823
0.3534713021129645	0.1546299509447137	0.20186456965619856
0.3534724066069746	0.15463040117512494	0.2018654735915775
0.35347361065136756	0.1546295286485294	0.201864795105127
0.3534728519001889	0.15462710691723908	0.20186545180828538
0.3534727710047396	0.15462718760517152	0.20186490880038627
0.35347349381028464	0.15462495724536018	0.20186573803225982
0.3534730946412132	0.15462273090684925	0.20186558348593023
0.3534744729290087	0.15462239419008272	0.20186600182611836
0.35347415285381417	0.15462196004112716	0.20186549105824053
0.3534996236087198	0.15454642078322428	0.20187416313015016
0.35361569967365725	0.15422386989657544	0.20191216618946414
0.3538105094138472	0.15369732097610478	0.20198955144312014
0.35406286714717156	0.15302768906727016	0.2020960002688001
0.35437594704929976	0.15219068871509994	0.20223035477918466
0.35456769257549176	0.1516146384303777	0.20232309001902923
0.3547438045903582	0.15088539997087552	0.20243484746441245
0.35454959931181673	0.14989818135841204	0.20252036532364515
0.3543911196372298	0.1484382616577864	0.20258762568101538
0.3544663846176757	0.1473317486631301	0.20288006291772126
0.35440500095980987	0.1460359549607853	0.20317875401619656
0.3544996902626115	0.14482503882024284	0.2036103885842444
0.35453429873595094	0.14342118951588523	0.20404440547700065
0.3549245528858649	0.14210153335335202	0.2045647049173505
0.3558764349052665	0.14055353495125034	0.20529394453396171
0.35655782162084204	0.1399344770826122	0.20563901886067348
0.35776561594656586	0.13902167631259416	0.2061485020300723
0.3595038438426879	0.13837375828740606	0.2066926537889216
0.363007400458331	0.1376832560704757	0.2074170707801013
0.36697752163367436	0.13753392983885276	0.20795452353448202
0.3694940055434738	0.13762126843643185	0.20822945170827856
0.3725258927201025	0.1375829235567022	0.20863539431833553
0.37420332347339774	0.13747732331562956	0.20894523684927024
0.37791801992629914	0.13707015345288887	0.20958226961329487
0.3821168379231001	0.13637814347772442	0.2102563399784982
0.3845903098672488	0.1359081993022332	0.21070589355011146
0.38715949865817195	0.13531229799018812	0.21111777704997078
0.38903102590812305	0.134815616174286	0.21129561281743275
0.39163243912128437	0.13405181657750903	0.2116318999659517
0.3934941970926192	0.13342773761726268	0.21169344677821522
0.3954265135478999	0.13277836974764406	0.21179683545564698
0.397878654458454	0.13175541807067614	0.2116359389003401
0.3996589555785286	0.13104392265438353	0.211513736949887
0.40044339440272403	0.13069524010388772	0.2114101894323472
0.4018287499497909	0.13011007139628988	0.21113482006404047
0.40350873288364375	0.12922200183933885	0.2104672550492339
0.40531795999535186	0.1283265906540812	0.20951476624704957
0.4060569081489973	0.12801426961878098	0.2090736478612433
0.40713869979966416	0.12762267360129903	0.20839265704731447
0.4084139387354912	0.12722063028492064	0.20760473362267973
0.40946572951585924	0.12702650584781072	0.2068637970836992
0.41127812294379396	0.1265982807192268	0.20471146812835178
0.4118756042894982	0.12638438185351886	0.20391201065396988
0.41287267009106293	0.12583641651868244	0.20236354368139328
0.4133520563744687	0.12527509605397474	0.2014225428456527
0.41359542906678937	0.12471865794159619	0.20060122063345565
0.4138382353647827	0.12377930687564666	0.1996354014843777
0.41397439742313286	0.1228308894833287	0.1988638441161964
0.41400447166980214	0.12185089905262893	0.19824101902701013
0.4137557691813021	0.1201982436251355	0.1976273033479589
0.4135765386586829	0.11890097809765766	0.19737586388093617
0.41340178594846694	0.11815289543480713	0.19725858413288677
0.4130342946666661	0.11672495260979317	0.1972108319051683
0.4127863309125838	0.11556275846778193	0.1973826465469921
0.4123028771419799	0.11411907338871392	0.19763036343729623
0.4116060987733323	0.11188072376183995	0.19849814344766434
0.41106990836085533	0.11031732153744274	0.19929399452502006
0.41078657997182794	0.10947800509298276	0.19989463975367855
0.41013844790814385	0.10781425023781711	0.2010943444969664
0.409668602582722	0.10662473295220389	0.20210087606465688
0.40921769600004576	0.10565785090793316	0.20273432333004965
0.40849312788967257	0.10417665024812774	0.2039903550592158
0.4078847950372547	0.10327500236339875	0.2046725176341225
0.40732522895739	0.1023002942981144	0.2054820661016044
0.40703070642327355	0.10175750840630647	0.20582953380393468
0.40636901676288234	0.10061662312646018	0.20656869652284443
0.405639433437844	0.10002871996717623	0.2071688169552932
0.40514058525040214	0.09962008216412487	0.20758917752195152
0.4046317792549423	0.0991946133386671	0.207922516316439
0.40427319077455665	0.09886641457203181	0.20821649662997727
0.403513712081249	0.09814076737139064	0.2088614862514944
0.4031614128727413	0.0977655988596872	0.2092434185000436
0.4027606203750326	0.09736628345017063	0.20956517847299125
0.40226503618642157	0.09684650575945296	0.20999730560027446
0.4016963400081497	0.09627073677336419	0.21050376148960423
0.40119750293197887	0.09571860600134795	0.21108483738412356
0.4006362484682781	0.09515037099441352	0.21147721462103322
0.4003451608756594	0.09482348363742159	0.21178000272448477
0.3999495031334033	0.0943891765784753	0.2121775859136603
0.3993826106774363	0.09375565391044881	0.21275196627230425
0.39898622112287174	0.0933040063511154	0.21306181093738621
0.39834445620349956	0.0926573679487946	0.21362668103877824
0.3979489956084742	0.09235449608571615	0.21389147061357058
0.3976893519323351	0.09211510564134114	0.2140535523703205
0.39707977058058763	0.09150092108826059	0.21447416303878375
0.3966550089298625	0.09109094486819809	0.2148198039062792
0.3962817258216453	0.09070130180222859	0.21523932608805796
0.39588259591942415	0.09026751999883258	0.2155722965537137
0.39546684162256496	0.08981081260291963	0.21592077740810353
0.3950309158429472	0.08934881273709085	0.21630663740296863
0.39462721388938726	0.08893291814440986	0.21675494348906404
0.3943862644309629	0.0887125996306891	0.2169303496562951
0.3937466048100138	0.08804125386049187	0.21743960214944064
0.39327556254533974	0.08748449836602239	0.21791997435362753
0.39293693745597535	0.08714715689895979	0.2182810675860289
0.3925621887683415	0.08676929256890538	0.21862687863611768
0.39222362616133327	0.08644211202593964	0.21887420037716238
0.39173714981598756	0.0858857017953306	0.21938178976140094
0.39136554939395085	0.08548304712768386	0.21975781476828182
0.39113863069439486	0.08530492085717135	0.21990675528264697
0.39056402499502446	0.08476084109360328	0.22034650464047917
0.39035018263151583	0.08454182764521222	0.2205340933163497
0.38979167928487346	0.08398227228966697	0.22109430472459443
0.38958498732757535	0.08374662171133422	0.22135694555049118
0.38928644339612617	0.08344634063829616	0.22163419021041322
0.3887921970227043	0.08291086649632252	0.22210540436069495
0.3885809479890552	0.08267580123886574	0.22234616358910425
0.3880477510848216	0.08211018406661967	0.2229014286153081
0.38770978041994003	0.0817380655753668	0.22329758012734705
0.3875769842038432	0.08159177108525999	0.22345793652986354
0.3872583121911842	0.08123774776608593	0.22379420147188828
0.38682392438434865	0.08075396665361474	0.22424110487959129
0.38650772158421615	0.08044140462543593	0.22454180338627153
0.3860373945688491	0.07993410915559802	0.22511055577359926
0.38578285102599896	0.0796689767498598	0.22541865560147684
0.38550094643531163	0.07939817886823784	0.2256588065201716
0.38526296847756475	0.07914055209723374	0.2258763101179841
0.38491777872093896	0.07878250869581686	0.22624021923164142
0.3845407551784231	0.07834981935217293	0.2266462288210281
0.38417051268386104	0.07778999254552472	0.22710615441215398
0.38355436659454556	0.07684053059719696	0.22756043639942541
0.3832404170817415	0.07624508384712132	0.2278493949053389
0.38283991068426676	0.07526130536588331	0.22820315484834106
0.3821874813008139	0.07369252373583864	0.2288395260534894
0.3816892677509373	0.07245217148884105	0.22927849875099457
0.3811870827836996	0.07117823647767975	0.22976437017393053
0.38037746174986925	0.06941118314708776	0.2303419415751905
0.37993355043032345	0.06835678519083056	0.2307452437120344
0.3791508561662587	0.06637973558058434	0.23144092641235592
0.3785440871559506	0.06482606466261535	0.23193913665859853
0.3782806114644942	0.06412673699724848	0.2321738761430912
0.37704023395222613	0.06099300083954508	0.23324361199217666
0.3764925875758891	0.05960118700781107	0.23364687448858248
0.3756953890386056	0.0575502485117252	0.23433325226247503
0.37525281352665746	0.056515518231147324	0.23468314187038258
0.37431949823223387	0.05412023481989382	0.23540607938515493
0.37380873557522676	0.05292046656909509	0.23577367009823802
0.37252280041014785	0.049657683542488215	0.23677740019236165
0.37183594900072614	0.04793108760428792	0.23732428382649784
0.37121687457681807	0.046493388014862844	0.2377225865497008
0.37036835568217297	0.04449189801508997	0.23833466138330844
0.3692630099313801	0.041877950482949414	0.23905802583915203
0.36847069457085174	0.04002741997947522	0.23963648806650545
0.3676721697700824	0.03827204849300338	0.240126870348908
0.3669461043610899	0.036597029253151656	0.24059792293858662
0.3662323514572435	0.034985868543710205	0.24101184126742914
0.36508977738502607	0.03249097208926337	0.24169631185756094
0.36426485002849024	0.03073841608890783	0.2421404679147546
0.3634581535228843	0.028834364831962903	0.24262384620326946
0.3627902647482166	0.02702991971443021	0.24308342679366574
0.3623161162351208	0.02585374570690359	0.2435075577976057
0.3615853572580233	0.023956490816776657	0.24396577356549567
0.3605778831923987	0.02133536892090225	0.2446893195780845
0.3595424354305089	0.018632141475812894	0.24544606846402317
0.3588269083845489	0.01680212814787445	0.2459591793139317
0.3581626519122764	0.015072878239241097	0.24649961411597443
0.35756914747109564	0.01347706457186397	0.2468536478181075
0.35715468674912637	0.012393433108793137	0.24722501445693168
0.3562835802096924	0.010159372678354275	0.24779679133633145
0.3557021042116045	0.008625758864603553	0.24815605859804826
0.3549118673056413	0.006522605460168987	0.24873112160478322
0.3543195379399181	0.005019769129326099	0.2491485005791745
0.3538852304234541	0.0037690209043457074	0.24941706318297657
0.35329778719788535	0.002345293038583343	0.24984744776732493
0.35304407192640086	0.0016092084300615012	0.25007449770992174
0.3521958696835856	-0.0005767535083565228	0.2505878528685329
0.3518750139761462	-0.0015643117971661097	0.25083493199725615
0.35145019249558956	-0.0026089429526102853	0.25101758570393295
0.35110976301944563	-0.0034976041631593208	0.25130682403905236
0.35080338608232686	-0.004286740780592865	0.25155734455216316
0.3504331575096471	-0.005036052059228982	0.25148316471405496
0.3501538157496778	-0.005523270260801946	0.2515966567599802
0.3500122237784227	-0.005755438310262553	0.251637215393494
0.3497890277306101	-0.0060655632292574285	0.25155178481036244
0.34979215075511577	-0.006054130252183029	0.25140376450184143
0.3498058327627134	-0.006020255847867653	0.25137350075504306
0.3498212230432441	-0.005970515984820304	0.2513536898041462
0.34973067454975676	-0.005979470802066303	0.25133718476383915
0.3494692362390519	-0.006014109498089601	0.2512966296346102
0.34939524383303344	-0.0060197720888716805	0.251277324472405
0.34940282858858907	-0.0059994533487415375	0.2512636101444945
0.34942252286102476	-0.00595488677074428	0.25124784464336225
0.34943492426430045	-0.005926617935097342	0.25123712711719476
0.34943790616270265	-0.005922163180391529	0.2512349552301189
0.34944304731942977	-0.005915354515998464	0.25123280278772386
0.34944573603860574	-0.0059127314470818065	0.25123193595070725
0.34944712560302577	-0.005911562412397139	0.2512319105179833
0.3494500091637029	-0.005908815132951287	0.25123176434333405
0.34945041283976225	-0.00590906142847232	0.25123208788743157
0.34945225563447313	-0.0059085182897924	0.25123298081483914
0.34945376883949675	-0.005907863234409769	0.25123381731915856
0.3494544289431577	-0.0059076894085850346	0.25123432702848414
0.3494556438670505	-0.0059072636680002205	0.25123430580373995
0.3494569871181004	-0.005906610404476695	0.25123400768498727
0.3494568300378205	-0.005907473598629351	0.251235077221438
0.3494572408810194	-0.0059071684346164305	0.25123522511350727
0.3494576347428134	-0.005906904474948363	0.25123538336851237
0.3494574480013607	-0.00590727130499237	0.2512352958168108
0.3494573705999433	-0.005907582117120627	0.25123643382763516
0.3494571034833784	-0.005907633552136374	0.2512359663871815
0.34945836931120644	-0.0059076600478992075	0.2512365129833454
0.34945836931120644	-0.0059076600478992075	0.2512365129833454
0.3494583417156956	-0.005907727004834926	0.2512365298201298
0.3494580423163314	-0.005908098758843697	0.2512367718790314
0.3494577343460202	-0.005908766837382881	0.2512370832539116
0.349458284295154	-0.005908252011516665	0.25123648663792103
0.3494579546283913	-0.005908578207552986	0.25123714814035136
0.3494580342944414	-0.005908512748613717	0.251236439883084
0.3494582502533259	-0.005909780532482187	0.25124153232095936
0.34944755513500675	-0.005914817328591879	0.2513254825517338
0.34941428818003034	-0.0059498953383703285	0.25158727855460394
0.3494637045136074	-0.005918733415123376	0.25132073263053867
0.34946476999179393	-0.0059189572549406405	0.25133191711453107
0.3494630496936851	-0.0059177084656133055	0.25131537492905104
0.3494638771434113	-0.0059154763367739865	0.25130801195694247
0.34946870092851795	-0.005909223101989977	0.2512787112361081
0.3494702263913544	-0.005906733420821111	0.25127031235889946
0.3494695535225717	-0.0059071442106270605	0.2512588656416991
0.34946638321312085	-0.005908591053524911	0.2512516144473901
0.34946434949270117	-0.005909795142461163	0.25124852541200304
0.3494618868142839	-0.0059111774629672514	0.2512440435793127
0.34947610294086573	-0.0060033819232938185	0.25128683859479783
0.3495179340476334	-0.006130484322878618	0.25133453275020673
0.34955640976540947	-0.006320943541223797	0.25135206912823693
0.3495658718835587	-0.0063361717530141665	0.2512996064687759
0.3495777710910756	-0.006351981209693228	0.25119945153432177
0.3495750249378898	-0.006359675182518135	0.25120393773381755
0.34957435667919706	-0.006361131120733374	0.2512132645161531
0.3495723063282213	-0.006363006952811681	0.25122299675615795
0.34955342267593476	-0.006378484164036927	0.25126776959470004
0.34953999882705883	-0.0063883926657707785	0.25129580195857304
0.34953766010829945	-0.006389371561960747	0.25130179263324803
0.3495358784919311	-0.006390404751445797	0.25130660663547366
0.34953494207771857	-0.006390317178671487	0.2513089370847702
0.34953278065484106	-0.006390110978006777	0.25131410087396266
0.3495294813918261	-0.0063918614150514225	0.25131884387120595
0.3495283021739835	-0.006392740051978277	0.2513189776012165
0.3495269576332322	-0.006394552376013871	0.2513194961156645
0.34929031565404983	-0.006563473696013469	0.2512062232947624
0.34931520300474755	-0.006553989359434978	0.25121473305856945
0.3493767653934809	-0.006524492917125216	0.25126068007020264
0.34946398331071543	-0.00646399140138311	0.25129447897435475
0.34948739271397844	-0.006444809735241239	0.25130548768666816
0.3495091615394681	-0.006425900594228526	0.2513122139316438
0.34951811987150955	-0.006417389383922792	0.25131791773161866
0.3495217558182026	-0.006412015341123692	0.2513206271536487
0.3495225590041279	-0.006409164306346929	0.25132186528104017
0.3495234348588411	-0.006407208518570198	0.25132269649109173
0.34952264342691297	-0.006405191498780674	0.25132174016126974
0.3495220920238679	-0.006403273480989527	0.2513200586380017
0.34952256507863794	-0.0064022965229074275	0.2513191708269092
0.349522757956956	-0.006401303537408601	0.2513191602017202
0.34952237984649737	-0.006399800976070222	0.25131654141612314
0.34952208753428304	-0.0063975307831049405	0.251314306405281
0.3495216396496669	-0.006396602083091021	0.2513126621396584
0.34952170298521196	-0.0063965297719641295	0.25131235320309603
0.34952173294315175	-0.0063951702332684796	0.2513112566386033
0.34952154641337574	-0.006394531660664851	0.2513095700509466
0.3495207557383489	-0.006394506459929936	0.2513076638163258
0.3495220417822475	-0.00639283328308142	0.25130614599540235
0.34952115577697124	-0.006393390475657276	0.25130601953210696
0.3495216756990318	-0.006392946686429854	0.25130462632466677
0.3495209695723105	-0.0063930905011754385	0.2513042508283794
0.3495206807619132	-0.006393330825261848	0.25130297700912374
0.3495197800874193	-0.006393489937079763	0.25130358593742946
0.3495202763530184	-0.006393375754357014	0.2513043102729521
0.349519832640355	-0.006393487767613212	0.25130315547717097
0.34952077956718025	-0.006393468641953934	0.2513033566816722
0.3495197708130126	-0.0063941155323572335	0.25130393072510304
0.3495198208085581	-0.006394114842292228	0.25130349969572296
0.3494377930807184	-0.006407644648019947	0.2512936454621663
0.3491026411064292	-0.006280776863543655	0.25115310993846274
0.3489167046965309	-0.00599016150700242	0.2509518455018032
0.34861963472750923	-0.005460068600562598	0.250730096490672
0.34843501746289524	-0.005109751627536449	0.2506424508942673
0.3481996740255869	-0.003970566518187432	0.2505323321478915
0.34811169135906517	-0.0034570475540673246	0.2504727751196829
0.3479443329239413	-0.0023773874973059134	0.25041314309175605
0.34769529436643226	-0.001126574073740963	0.2503967992850358
0.34748838048699626	8.673110253501481e-06	0.25040823379133903
0.347045002718083	0.0016227074702147432	0.2504031671086659
0.3467913366101144	0.0029013823472932437	0.25047832126611236
0.3465965162516621	0.0038088764647179335	0.25047151940947293
0.34627288251023575	0.00523164721278023	0.2505761219493267
0.3458418401598679	0.0068305126258593335	0.25063663860898766
0.3454596127085177	0.008742229148666361	0.25077456559033223
0.3448985593122759	0.010926336275270995	0.2509980677291635
0.3446900001684472	0.011979066236886535	0.2510757528640794
0.3442426285436045	0.014152526406283186	0.25134213765480934
0.3437884897370305	0.015814887354349313	0.2515247746548137
0.3435527769528359	0.016942177491364743	0.2516960589708518
0.3430445642098386	0.01932407229804607	0.25203776091030683
0.3424176722126839	0.021954241700040775	0.25250659241749324
0.34203444388539705	0.023730910743334346	0.2527810935393131
0.3417318798208337	0.024896363209180608	0.2530292597208223
0.34121214804349825	0.027441215377672898	0.253553912670373
0.34057293343353495	0.030170628764071797	0.2541333656385288
0.3401758785668554	0.03208799528510069	0.254626965235203
0.3398288231022321	0.03386732839003044	0.25496202698391457
0.3396023652297703	0.03599921241309066	0.255163997006527
0.3392891968020448	0.03823086739004443	0.25540496035795307
0.3389661044033816	0.04109539900830332	0.2557032617842523
0.33883874511702283	0.042262800322856495	0.2558765024742169
0.3386601433035503	0.04450544209679873	0.2561283461077226
0.3384796810611739	0.047779181488215874	0.25644258948008924
0.3383856226761033	0.04899535790790145	0.25652982788797474
0.3382015963260524	0.052143714258874777	0.2569925346736438
0.3381589482821277	0.05411270273781178	0.25710742956551463
0.3380918973468909	0.05755893371197239	0.2575305751742256
0.33815342457889913	0.059218190472284535	0.2576978091754969
0.33822504285303534	0.061768733305021375	0.2578828007482463
0.3383583321495643	0.06433481857782895	0.25816385786678453
0.338518643088266	0.06634644515693346	0.25835238530670335
0.3386850021159034	0.06872282055452604	0.2585670314204803
0.33884831885722977	0.06987904076032432	0.25862817691255113
0.3391360282513422	0.07230537963983157	0.2587966185451048
0.3397744100728134	0.07621296299627249	0.2591212249921773
0.3401069549407613	0.0777975245045217	0.2592922572108588
0.34067734111496784	0.08034105285096012	0.2594734829595682
0.3411847766756585	0.08232567097484879	0.2595974660771786
0.34172286245993394	0.08420782640447576	0.2598134588898899
0.3424546561811139	0.0864173352818151	0.2598550769423326
0.34357032889606814	0.08938795319993899	0.260081135761435
0.34399831657205737	0.09033462841040506	0.26012017695323086
0.3449456650164841	0.09223939031134885	0.2603028089899354
0.3462279999585486	0.0946295675960266	0.260435644137752
0.34713316648193077	0.0962935764930515	0.2604830494615395
0.3478696817045863	0.09757657339043517	0.2605053652856899
0.349878272793319	0.10093418536900735	0.26045260766314116
0.35118126773256136	0.10261337152416879	0.260501355863047
0.35189725690861673	0.10344510375124018	0.2604130166673063
0.35335135274577417	0.10505447439141839	0.26016029861215595
0.3555952603145654	0.10741496461351956	0.2596533079786749
0.3582194332150179	0.10996665449494399	0.25882450911941635
0.36014920490177643	0.11170695440951019	0.25825358315763347
0.36220798601669996	0.1135276968883016	0.2574643122570968
0.3639164707303613	0.11500664876759066	0.25674282305835416
0.3670229712640239	0.1175917342855539	0.25531108971008964
0.3701972858036213	0.12014549461580269	0.2538206173040839
0.3727867490539164	0.12221883469845087	0.2524754531946074
0.3753968484943278	0.12442173329592486	0.25095231683806674
0.37916453221450863	0.12769550388019202	0.24857007436555223
0.38200953184346886	0.13023259497907863	0.24659356369184288
0.3847191490302705	0.13271608178781819	0.2445455189295984
0.38626964141828396	0.134189262436403	0.24338139621620805
0.3898246448082708	0.13758123272848566	0.24038384556302225
0.3928434825185977	0.14058460014092017	0.23759274840795153
0.39654401405615597	0.14436046336356959	0.23389094003512767
0.3980834685653302	0.1459374585434815	0.2323722481578269
0.400878187915664	0.1487353055220469	0.22962884801462538
0.40553268890353417	0.15313502720219319	0.22562458652900882
0.40792386184478335	0.1552070390407784	0.22365626775851216
0.41065512458248876	0.15740861464983252	0.22179904464439182
0.41318264489258427	0.15926548867237278	0.22018503534028783
0.41476309697202307	0.16030370803337124	0.2192085738484404
0.41801257763439587	0.16211143592678745	0.2177133833457344
0.4216958319288048	0.16364445239811862	0.21625479311809734
0.4238998905247793	0.16423581558157146	0.2155592098213371
0.42605612007029015	0.16484851625911917	0.21503029757699574
0.4284197773425932	0.16522364537897616	0.21450510549661142
0.4297104180430529	0.1651622712851729	0.21415629038542022
0.4336882776674023	0.16433957168797964	0.213388759569996
0.43568846791184723	0.1637976961253383	0.21299178628757764
0.4376072594356043	0.16312378517122605	0.2126847490956921
0.43886475475680253	0.16254783425557467	0.21250313308468383
0.44056391895933333	0.16153908746617507	0.21217068127815214
0.44347453239814605	0.15908888804188842	0.21124715612142933
0.44443548481253436	0.15801488512488598	0.21077679696225
0.44596496704090294	0.15593017909808649	0.2098175525976475
0.44673634908770193	0.15446892067521767	0.20904833633451916
0.44741830218112427	0.152833552849849	0.20801583665848913
0.4479036511785001	0.15119478327343866	0.20698016794237944
0.4482213276228124	0.14949767955197046	0.20568021702209793
0.44848323117590244	0.14706614365168108	0.20370528341286
0.44845408029574985	0.14560683967675353	0.2024333495736676
0.44839040614500264	0.14451306203928221	0.20135737017497468
0.4480331718027487	0.1422505014632816	0.19892935616888624
0.4475820967396909	0.14075146026693613	0.19712867144988672
0.44730218863003396	0.13988362719258468	0.19597346588043188
0.44623296232234194	0.13732065143136457	0.1922289415886476
0.44588127620455537	0.13660939128048605	0.1910859451454674
0.44490117070273977	0.13507392382439282	0.18820242065806897
0.4445184969925015	0.1344481448589358	0.1870110995799264
0.443442276203528	0.13309169061535653	0.18383042071866784
0.44263627212778045	0.13209533364258974	0.18147795840065792
0.44178194980933766	0.13107319047344967	0.1784601966948437
0.44109190772414564	0.13059691944410873	0.17603446244161375
0.4404359407855631	0.13038730455287245	0.1736225922482501
0.43988066581523116	0.1303960566597392	0.17137494524127786
0.43934829289624233	0.13022015327054337	0.16905225177136515
0.43859909620227	0.12981191477250864	0.16558936326279974
0.43809663721514286	0.12955484817703744	0.1634204834418771
0.4373553682846656	0.12925256847859318	0.16080973767054874
0.4369390973269219	0.12907170138670848	0.15904231125585183
0.43656550064880206	0.12890504002970676	0.15705713665635296
0.4362514097728271	0.12891099051845845	0.15433922993757077
0.4365014309602522	0.12949153422014903	0.14945226994231509
0.43669823532732693	0.12970011012232135	0.14810389265076973
0.43727766271433305	0.1303653560934303	0.14517105333275654
0.43789400287915153	0.1310480281078623	0.14256927358906873
0.43857005982274055	0.13187529186993951	0.13895757677683152
0.4393103688542724	0.13282555277890368	0.13475261027472185
0.4397663677652097	0.13353216982662464	0.13210376546287989
0.4403114546840604	0.13436337341946986	0.12886836485897862
0.440504982087476	0.13471932901521783	0.12730595904603204
0.4411641060544853	0.13565560365449503	0.1232236382446057
0.44174385809711425	0.13622109571368335	0.12028632389623639
0.4421730762857382	0.13684655321839917	0.1175337954661062
0.44253945154341606	0.13747148058613612	0.11490994416052908
0.4430790964017155	0.13833108499690833	0.11125308866893197
0.44342475852727514	0.13884749487752696	0.10908033866862615
0.4439808946742218	0.13967116114743622	0.10562493829787262
0.4443458900958506	0.1403646475323479	0.10273974538053249
0.4446801797626896	0.14102717159996558	0.09998312471502119
0.44502244944969904	0.14141525099529367	0.09821646897183256
0.4454380127181403	0.14189686867732404	0.09586677947375022
0.44602597531467214	0.14262547015486576	0.09236607496983779
0.4464235450256517	0.14329561052899525	0.08954108825064055
0.4469809610706957	0.14415273133454443	0.08592662955041563
0.44723122257269526	0.14452877506690287	0.08446462889412565
0.44771441678175267	0.14527238553221195	0.0812691741843023
0.4478548515602827	0.1456222088599849	0.07989703848138774
0.4482780685030285	0.14617780144551407	0.07753678358296356
0.4488254195712041	0.14709326687178131	0.07392096076570098
0.4491931058724884	0.14774956077758206	0.07131799271398126
0.4496003540149881	0.1483165586796069	0.06922997145520216
0.44999979429657755	0.14889176208962018	0.06708066847180966
0.45037545024714387	0.14961375915730774	0.06432028655242084
0.45062268672565003	0.14996750484263394	0.06285094598179997
0.45127155901981303	0.15064852981098886	0.060787128420955405
0.45189282562899963	0.1512357054210734	0.058799636037950576
0.4521886917839999	0.15159060745650849	0.05768167698703808
0.45261701868216436	0.15210499654493675	0.056133322497213756
0.4531678106751085	0.15275358954155543	0.05376385831162411
0.45346313926283327	0.15317041132727216	0.052149498362818625
0.4538834376440553	0.15370715429999682	0.04989839812776098
0.4540994454570115	0.15407313343850504	0.04850527116540887
0.45427075651205634	0.1544581985844991	0.04699550553853493
0.4545344643912328	0.15480542279665288	0.04561947787901127
0.4552294898030114	0.15533587425667794	0.04400120519858208
0.45576410673532436	0.1557844331244279	0.04273303844503956
0.4560783768430558	0.15607758702921415	0.04176410269759423
0.4564596876136702	0.1564965811297987	0.04088562437856974
0.45695687800603185	0.15690719371900913	0.04014729191039862
0.4574921360001427	0.15753101463325736	0.03909312672405846
0.4576878441126103	0.15778479440072846	0.03862956410450541
0.4580436528902588	0.1581362849648097	0.0380525197974379
0.4584613497025861	0.15850167409517152	0.03765478541823736
0.458954891088224	0.1590334781952405	0.037119233480510716
0.45936189901139873	0.15951956620164193	0.03674229356078801
0.45986726771143893	0.15997898472498562	0.03644501180810894
0.4601818930901682	0.16030310502940076	0.03605963386560723
0.4605952697077766	0.1607337554364613	0.03579503864110173
0.46082458771557505	0.160959229219706	0.03564639921074508
0.46123204725746314	0.16149525845864754	0.0351479488203284
0.4617410693664243	0.16191961246433273	0.03485689024446198
0.4621671485051849	0.1623728292313204	0.03451625016876969
0.4623522258793782	0.1626105784490115	0.0342897316500026
0.4626432738857434	0.16292169114130806	0.034039019741447685
0.46324662170181036	0.16345573523962958	0.03369354545291031
0.46350308930451717	0.1637397587745899	0.033382794824991235
0.4638439387940134	0.16411807902587078	0.03305523109901026
0.46439310121876515	0.16467410502385332	0.03275135650703881
0.46465516005494445	0.16498157680456893	0.03246569635648555
0.4648885725422717	0.16524855471177896	0.032133721148929706
0.4652889311800702	0.1655385628224847	0.031963652465179127
0.465738018236853	0.16600349809280396	0.031706974419940526
0.46596004608638064	0.16622856797594265	0.03144936255426778
0.46616080775934643	0.16648409054578744	0.031143495995553938
0.46656380386534035	0.16679962522710984	0.030975612092685734
0.4671852592034662	0.16724423514006637	0.030667217765559973
0.4674467498367607	0.1675081850804837	0.03034447452789929
0.4678604835039044	0.16787024288422692	0.030043054093591315
0.468228564475127	0.16828369863096232	0.02982033717874777
0.46840190787054825	0.16845118305079043	0.029691185235169837
0.4688151805313571	0.1687136122798225	0.029349036046550925
0.4691465835542355	0.16884283927050048	0.02915505275442959
0.46972556437407814	0.16933051985082898	0.028865436991841575
0.47002472457992484	0.1696542355479292	0.028656900486768666
0.4701820658372887	0.16981397072182564	0.02843015570391244
0.47034824281285287	0.16992465747012675	0.028179207784660765
0.47073702304362175	0.1702014839788411	0.027948916640798682
0.4711389553211115	0.1704424991097388	0.027756935845815955
0.47154906666454677	0.1706233086375229	0.027613485133218763
0.47185829640155647	0.17081250876957532	0.027419256892369348
0.4719766490935298	0.17104714422297934	0.02708173996682467
0.4722843763350718	0.17129598151457603	0.02685947765641139
0.472720689455662	0.1715359663827184	0.026727963987811965
0.4731336382318575	0.17177316328488929	0.02653363716507512
0.4735808154005937	0.1719895674092355	0.026274699231234544
0.47365483713289713	0.17213368502430898	0.025994720279308048
0.47378811060385484	0.17227241823194922	0.025782022376426406
0.47398041188850915	0.17236684574560618	0.025702301975314645
0.474510825673979	0.1726659812257929	0.025510402747067007
0.47487315380345874	0.17287203140308166	0.02534944961137925
0.47547136927007	0.17309631486242666	0.02528575875098399
0.47590681719950234	0.1732641643052919	0.025227102756555708
0.47617878821105836	0.17340037169151706	0.025191548789365636
0.47680325355247344	0.17365435444426147	0.025217363583011465
0.4771743980921409	0.1737396261960577	0.025259912833515197
0.477736867178238	0.1739431829127645	0.025209130662759094
0.47816649170898684	0.17404131810677564	0.025196376283007416
0.4783123056866043	0.1741018598418267	0.02516351829376995
0.47865736234123263	0.17429214147130584	0.025082441342547557
0.4790949999387612	0.17455071597116928	0.025023731103469504
0.4795173304445904	0.17466872674606393	0.025056351709143332
0.480156495683416	0.17484341266299885	0.025123193660310184
0.48039908177753504	0.17488720900648264	0.025126441806319455
0.48081888668127826	0.17496133236883316	0.025119816771139836
0.4810858208404667	0.17520690648532822	0.025025553503087272
0.4814639539477018	0.17598092554943223	0.025472534845735584
0.48183137887086	0.176216272190232	0.02613051594607968
0.48201274838471364	0.17600077929654884	0.026846825194052737
0.48188415155881004	0.17615439959649076	0.02763302249813321
0.48189212269251935	0.17634247346835075	0.028851273381172493
0.48210315563233164	0.17675776656885356	0.0310095879585936
0.482374222991825	0.17701955828283888	0.033039913949552246
0.4825218922855568	0.177108274072454	0.03442373446311314
0.48268888542628136	0.17743888186252244	0.03734031400223892
0.48277426094664283	0.17759712566180907	0.040068755203278295
0.4829814537755023	0.1778616778320578	0.042662732333888675
0.48317836866008135	0.1781138280246401	0.0467522587330515
0.48325174528327686	0.17830697161624653	0.04987817996484101
0.48334456035018625	0.17844262295854613	0.05237227436397868
0.48350000297255064	0.1786837548974231	0.05633406155101772
0.48362414077778243	0.1788539981267499	0.05990243477734314
0.4837235905129511	0.17902553985092157	0.0636644681425253
0.4838357239755986	0.17927005558198067	0.06885480570104396
0.4839135322490621	0.17941353462700493	0.07252292125324211
0.4839025981096009	0.1794611570044094	0.07503131210160136
0.48407950137412636	0.17970316670083508	0.08101035221220493
0.4841240458981559	0.17990164462049507	0.08651197204567462
0.4841917404198864	0.18005373706595235	0.09034792460201768
0.48422930954195254	0.18018219578241051	0.09422367216846295
0.484323325734688	0.18027796169511984	0.09722167588719954
0.4844287909044418	0.18048896906821416	0.10479420920564192
0.4845058348366768	0.18060859328454054	0.10766189648307062
0.48454107312812483	0.18078148119740106	0.11392146952937188
0.4846411783626172	0.1808791716159801	0.11815662881053335
0.48469518185213273	0.18097835124316175	0.12237944976981024
0.4847185706441393	0.18105517657147852	0.12562928363486991
0.48480086148812157	0.1812604806238141	0.13342483785604037
0.4849170210810982	0.18141037935667464	0.13814104844067165
0.48497199155309895	0.18153009199963743	0.14259149563545753
0.4850032606118591	0.18158977341052857	0.14482759780008458
0.4850496558383312	0.18169998291880163	0.14979616787844308
0.4851597121816824	0.18193237790639766	0.15620280767080286
0.4852286874167264	0.18200331439052414	0.16095074294747025
0.48530991512581545	0.1821158949965052	0.1635084606396443
0.48540920111888586	0.182246068343847	0.16888683405611496
0.4854410314078447	0.1822652982228503	0.17169445404210548
0.48552416083965094	0.1823861371737165	0.17483078280840603
0.48564689394010596	0.18257656578348258	0.17943315484381023
0.48570930143981184	0.18267506096678437	0.18308027036253088
0.4858387553632158	0.18283667117700386	0.18763692944300828
0.48598581058753965	0.18291989099651162	0.19071048888973055
0.4860763144618817	0.1830269360696391	0.19369562446054478
0.48613035818880246	0.1831636963862595	0.19594403860012757
0.48618389246100613	0.1831981882719137	0.19781282894307145
0.4863357908829207	0.18338419760355595	0.20110285006269563
0.4866562979423431	0.18363407010071114	0.2042862947622529
0.48684230623471064	0.18379009051487566	0.20557622352549282
0.4869427641058618	0.1840278835987374	0.20722414610845624
0.4870066284407345	0.18417412303441844	0.20840708462567997
0.48711030605399164	0.1843090861879514	0.2099837259443258
0.4872985112490565	0.1843602612242929	0.2113179948476509
