0.34290556064221345	0.14048263294469338	0.20740693209339128
0.34290556064221345	0.14048263294469338	0.20740693209339128
0.3432166342121328	0.14062141072258788	0.20730464189103345
0.3435232786771399	0.1406812601426798	0.20722414718164503
0.3438368949417907	0.1408047799649501	0.20712628469772407
0.344082907087362	0.14100797239195123	0.20702012941571712
0.34428278966725884	0.14122716238458038	0.20691774969103305
0.3446451464605736	0.14163083373941765	0.2067311904132243
0.34491909659829834	0.141797656246549	0.20662907258359534
0.34516117078077635	0.1418782633124403	0.2065580310232033
0.3456272688287796	0.14219083156370382	0.20637703986680803
0.3457681117119464	0.14234441493469951	0.20630559590050884
0.34609519289625523	0.14271415752034333	0.20613577925679233
0.3464040429898925	0.14305041497143017	0.2059807514707844
0.34657550983239055	0.14313377626257145	0.20592312873364665
0.3471087728479109	0.143450480453242	0.2057289858880113
0.3473903215500398	0.14375777004530843	0.20558731955028686
0.34755535664225584	0.1439450012253115	0.20550227949153532
0.3478624748468193	0.1442849387239245	0.20534657056645703
0.3481687116009253	0.14442754976055405	0.20524657409881428
0.3487230063077555	0.14472938730130042	0.20505320990392892
0.34899387600083537	0.1450282690159424	0.2049176194964014
0.3492657206629078	0.14534385828587526	0.20477547286222275
0.34946487270410953	0.14557564866356765	0.20467171741846077
0.3496847496716765	0.1457855083793521	0.2045699301242122
0.35029903611943053	0.1460756447859609	0.20437098692550712
0.3505531015769249	0.14629758425885775	0.204259802213199
0.35083194040160515	0.14662140974794308	0.20411541349508092
0.3510696576905698	0.14690190569681305	0.20399069783038973
0.3512402915588	0.14710445568775132	0.2039012591971657
0.3517302503873973	0.14756305425029237	0.20367905515354515
0.3520680630501708	0.14769647432460753	0.20357809734597865
0.3522667660566517	0.14781123205314695	0.20350887261025058
0.3525068799587559	0.1480657996021144	0.2033922118801943
0.3527300355025443	0.14832999232742367	0.20327586473028164
0.35307953628928834	0.14875008835739773	0.20309174243630157
0.35326087039084386	0.1489716232787402	0.20299559395253136
0.35361697259165703	0.1492456411405388	0.20285269728054314
0.35391909232204183	0.14936299128595598	0.20276326596730443
0.3541762385161352	0.14949512675029486	0.20267811550337858
0.3542551656851588	0.14967127300645472	0.20256719693770434
0.3543457092607139	0.14985678963717625	0.20246209128088838
0.35451265858768916	0.15007191051081054	0.20236651362229097
0.3545136339862713	0.1500744779128434	0.2023654975503511
0.3545117799804496	0.15007729181892737	0.2023643907572083
0.3545103579231063	0.15007779899674673	0.20236465723274616
0.3545083171863001	0.15007940807352754	0.20236485217193867
0.35450871896348435	0.15007952216713583	0.2023656788806662
0.3545072459650864	0.1500797980120599	0.20236576044124033
0.3545062318137552	0.15007929055407399	0.20236596775577462
0.3545058920771934	0.1500795745845967	0.20236606242765043
0.3545052771194647	0.150078891582636	0.20236682056422123
0.3545046493947197	0.150079742501399	0.2023670081511952
0.3545043694285842	0.15007914805502548	0.20236782782303658
0.3545045984132299	0.15007917384698277	0.20236800147626122
0.3545037841375719	0.15007805114075357	0.2023679525183494
0.3545038919843821	0.15007872963057406	0.20236840892947
0.3545033351817618	0.15007741581704553	0.20236890993061252
0.35450288851135175	0.15007593535054037	0.20236944443899338
0.35450173616528124	0.15007544344559998	0.20236983646237336
0.35450164089521874	0.15007424572577344	0.2023701623189212
0.354502182083854	0.1500744377312505	0.20237033705388544
0.35450111791121564	0.15007473377094738	0.2023703285757839
0.3545015745804238	0.15007354443953685	0.20237107826615142
0.3545002225343886	0.15007312115808547	0.20237076916265517
0.354500668442582	0.1500721154487813	0.20237126975410502
0.3545001272533263	0.1500719234460281	0.20237109502069572
0.354500062464548	0.15007227096640124	0.20237139466525808
0.35450066282636433	0.15007210750708955	0.2023712697626593
0.3545009183873252	0.15007199613998107	0.20237114750195567
0.35450105974133717	0.15007246795234652	0.20237163001887692
0.3545005137067796	0.15007240645065933	0.20237121593080976
0.3544998286409626	0.150073242278414	0.20237052779168413
0.35450038866091477	0.150072856518292	0.20237114147373858
0.35450030409914113	0.15007255912546502	0.202371018059541
0.3545004452279762	0.1500720903074203	0.20237110047855567
0.3545006975722647	0.15007166270416078	0.20237147674218983
0.35450097361483	0.15007123637869735	0.2023713810269653
0.3545003124092649	0.15007215165722354	0.20237127241326336
0.35450039697198354	0.1500724490500862	0.2023713958274878
0.35450061495251645	0.15007182114335832	0.20237147530714056
0.35450037765954634	0.15007220281961337	0.20237104730315622
0.35450051031970253	0.15007217436177578	0.20237111709597905
0.35450006674293527	0.1500730085667813	0.2023709628027915
0.35450084821418637	0.15007258453472444	0.20237121709302802
0.35449959088042027	0.1500723586709769	0.20237047912465148
0.35450133100343345	0.15007298294183402	0.2023716055259637
0.35450092938893557	0.15007264983851737	0.20237124167230178
0.3545015489843241	0.1500723550345705	0.20237168500538666
0.35450047959188136	0.15007229061096383	0.20237139726222303
0.3545010991865586	0.15007199580881442	0.20237184059415386
0.3545010460688006	0.15007357053975862	0.20237099590589297
0.35450124244534087	0.15007234734336056	0.20237173477133857
0.35450109918655864	0.15007199580881436	0.20237184059415378
0.3545009293889355	0.15007264983851737	0.20237124167230164
0.3545015737668822	0.1500732176926638	0.20237079284302903
0.35450135889708967	0.15007190534886322	0.2023717340784229
0.35450023978393574	0.15007239123467564	0.2023712693635463
0.35450133100343345	0.15007298294183402	0.2023716055259637
0.35450151431891086	0.15007228744539802	0.20237187848479793
0.354500977249501	0.15007194836816024	0.20237120150141275
0.35450086758837357	0.15007276300172334	0.202371192871166
0.3545021530299062	0.15007283746973743	0.20237166107954324
0.3545013044520855	0.15007310648333877	0.20237104409501278
0.35450211980212154	0.150073279194618	0.2023712069333164
0.3545020684682059	0.1500725400771109	0.2023715376643565
0.35450103091802626	0.1500724639272209	0.20237132184537648
0.35450114736976224	0.1500720219310393	0.20237132115199172
0.3545010523066058	0.15007257677730462	0.20237107220706674
0.35450260973001063	0.15007383937906438	0.2023713525043784
0.3545010466904813	0.1500717391370846	0.20237173299371827
0.3545015489843241	0.1500723550345705	0.20237168500538666
0.35450082871020133	0.15007236704379884	0.20237165351363723
0.3545007739673993	0.15007226774172883	0.20237109726640437
0.35450050065596816	0.1500716776354063	0.20237131890571958
0.35450059488195645	0.15007247175427957	0.20237124051002348
0.35450129709691297	0.15007201851278523	0.20237168527714322
0.3545010714752886	0.15007274248741798	0.20237112310621844
0.3545012299896399	0.1500718634928479	0.20237132258711588
0.35450182371175337	0.1500730983857555	0.20237067058966818
0.35450082871020133	0.15007236704379884	0.20237165351363726
0.3545013323471372	0.15007202888930105	0.2023711726479792
0.35450135889708967	0.15007190534886322	0.2023717340784229
0.35450043946010956	0.15007208965776786	0.2023710961044785
0.3545013780130684	0.15007275017669763	0.2023710733387637
0.354501979910844	0.15007190447759167	0.20237166691143865
0.3545012299896399	0.15007186349284796	0.20237132258711593
0.3545015493659264	0.15007289525167306	0.20237146939467895
0.35450160173770845	0.15007338808831683	0.20237084377429582
0.35450161751034553	0.15007280398702183	0.2023715371956214
0.3545011879266494	0.15007230049066217	0.2023711224119521
0.3545018378240144	0.15007181183124224	0.2023717854778593
0.354501242445341	0.15007234734336056	0.20237173477133852
0.35450185048704097	0.1500731679851014	0.2023714581848795
0.3545023378591761	0.15007389927451176	0.20237120879379097
0.3545011879266494	0.15007230049066217	0.2023711224119521
0.35450066844258193	0.1500721154487814	0.20237126975410505
0.3545015895409306	0.1500726335939218	0.20237148626566148
0.35450055598618907	0.15007289564922055	0.20237101778736882
0.3545017339614228	0.15007236199250912	0.2023715365013957
0.35450127733450243	0.1500724673815212	0.20237148518091225
0.3545017949331116	0.1500718975195216	0.20237181541501503
0.3545017339614228	0.15007236199250912	0.2023715365013957
0.3545009160538452	0.15007236039133154	0.20237097870074366
0.35450054098920214	0.15007190374870644	0.20237117627785992
0.35450076437817657	0.15007300122201916	0.2023709150630968
0.35450116555899314	0.15007265429736244	0.20237113551827926
0.3545007409627499	0.1500729026075019	0.202370869282724
0.3545015895409306	0.1500726335939218	0.20237148626566148
0.3545012934509124	0.1500724527840886	0.20237094992384722
0.3545018276063406	0.15007159950364896	0.2023712348470674
0.3545018354911151	0.15007217607937834	0.202371616675531
0.3545013044520855	0.15007310648333877	0.20237104409501278
0.3545015224334756	0.15007247857518757	0.20237112357421677
0.3545019949076509	0.15007289638375698	0.20237150842064658
0.35450151598042423	0.15007298990018758	0.20237145702185771
0.3545007409627499	0.1500729026075019	0.202370869282724
0.3545009572826061	0.15007157224552714	0.2023713702260176
0.35450105935336984	0.15007309528885465	0.20237140570185747
0.35450142175511257	0.15007219578017117	0.20237153541664668
0.3545023807476886	0.150073813587915	0.2023711788529835
0.3545029721328859	0.15007293986912235	0.20237148221940227
0.35450185048704097	0.1500731679851014	0.2023714581848795
0.3545015737668821	0.1500732176926638	0.20237079284302908
0.3545012144770957	0.150072176950501	0.20237168384247273
0.35450173396142304	0.15007236199250917	0.2023715365013957
0.35450114091665447	0.15007253325586856	0.20237165459839876
0.35450134478410555	0.15007319190155205	0.20237061919259758
0.354501850487041	0.1500731679851014	0.20237145818487953
0.3545009699454256	0.1500729283985014	0.20237104293268712
0.35450173396142304	0.15007236199250912	0.2023715365013957
0.3545015224334756	0.15007247857518757	0.20237112357421677
0.35450169340419196	0.15007208343286554	0.20237173524133623
0.35450158954093053	0.1500726335939218	0.20237148626566154
0.35450092706352615	0.15007212364869332	0.20237061278630447
0.35450128945628323	0.15007211457961384	0.202371202585855
0.3545020952568585	0.15007401277541615	0.20237046689701246
0.354501405982411	0.15007292057138444	0.20237112426891152
0.3545017008979063	0.1500735132440924	0.2023700788240829
0.3545020495360248	0.1500725745233486	0.2023715118754904
0.35450104799791254	0.15007364839569448	0.20237072410476886
0.35450219096283747	0.15007226916056576	0.20237157794301117
0.3545025558411976	0.15007327136565868	0.2023712882724122
0.35450128945628323	0.15007211457961384	0.202371202585855
0.354501473090282	0.15007307558883642	0.2023714869608273
0.35450151598042423	0.15007298990018758	0.20237145702185771
0.3545009932436831	0.15007286128658212	0.20237105142751866
0.3545022642233186	0.15007300759352354	0.20237125716874532
0.3545014754235905	0.1500727113401829	0.20237165576137311
0.3545018354911149	0.1500721760793784	0.20237161667553097
0.3545017339614228	0.15007236199250912	0.2023715365013957
0.3545015033170382	0.1500716337473071	0.20237178431494637
0.354501850487041	0.1500731679851014	0.20237145818487953
0.3545023657547565	0.15007282167946284	0.20237133734404533
0.3545016592176378	0.15007402060183483	0.20237038555904432
0.35450222133427745	0.15007309328101304	0.2023712871090163
0.3545010029498535	0.15007229353277435	0.20237127091632276
0.3545019240478397	0.15007281167859088	0.20237148742862285
0.35450152595706624	0.15007354415215485	0.2023708146619408
0.35450141286771314	0.15007279302510362	0.20237088049243457
0.35450114091665447	0.15007253325586856	0.20237165459839876
0.35450173396142304	0.15007236199250917	0.2023715365013957
0.3545009699454256	0.1500729283985014	0.20237104293268712
0.35450206846820603	0.15007254007711096	0.20237153766435653
0.354501538740302	0.15007340045719136	0.20237153163531976
0.3545015895409306	0.1500726335939218	0.20237148626566148
0.35450090227036957	0.15007201073865983	0.20237168275776776
0.3545023657547565	0.15007282167946284	0.20237133734404533
0.35450167216049455	0.15007247515683148	0.20237148769961455
0.3545012017693598	0.15007230204981364	0.20237113290965045
0.35450116848238544	0.1500733124529337	0.20237023298065915
0.3545025987296502	0.15007318567897282	0.20237125833177333
0.3545017339614228	0.15007236199250912	0.2023715365013957
0.35450135889708967	0.15007190534886317	0.20237173407842285
0.35450246525930207	0.15007303214115758	0.202371431569251
0.3545022642233186	0.15007300759352354	0.20237125716874532
0.35450092705518427	0.15007301408926282	0.20237107287170483
0.354501473090282	0.15007307558883642	0.2023714869608273
0.3545015033170382	0.1500716337473071	0.20237178431494637
0.35450158954093053	0.1500726335939218	0.20237148626566154
0.35450206846820603	0.15007254007711096	0.20237153766435653
0.3545015895409306	0.1500726335939218	0.20237148626566148
0.35450169832914846	0.15007295039407748	0.20237090337438957
0.3545019018200371	0.15007390710319424	0.2023711274550058
0.354501145036468	0.15007238618151253	0.20237115235080122
0.35450151598042423	0.15007298990018758	0.20237145702185771
0.3545023807476886	0.150073813587915	0.2023711788529835
0.35450033871722686	0.15007239003244227	0.20237124912082122
0.35450151598042423	0.15007298990018758	0.20237145702185771
0.3545013323471372	0.15007202888930105	0.2023711726479792
0.3545018354911149	0.1500721760793784	0.20237161667553097
0.35450092938893557	0.15007264983851737	0.20237124167230178
0.3545009699454256	0.15007292839850145	0.20237104293268712
0.354501979910844	0.15007190447759167	0.20237166691143865
0.3545009270551842	0.15007301408926277	0.2023710728717048
0.35450270026155056	0.15007299976404115	0.2023713385074407
0.3545024086444699	0.1500727359925108	0.20237130740474774
0.35450135889708967	0.15007190534886322	0.2023717340784229
0.35448491896706796	0.1501223778187452	0.20236528159700573
0.35440669922404217	0.15036915700930065	0.20233705700265386
0.3543651936485619	0.1505972043865329	0.20232016525592159
0.3543028144356405	0.15089605582376459	0.2022956095496705
0.35427437600866585	0.15102138350728334	0.2022854411137607
0.35419635687138185	0.15135069117656952	0.20225731063246216
0.35417511894537657	0.15145677320427775	0.2022488504392406
0.35409933898159635	0.1517816982620231	0.20222216073381494
0.3540394227184527	0.15203277383438962	0.20220103485477295
0.3539899831675674	0.15223608415779116	0.20218443474698616
0.35392996372268287	0.15249071340357728	0.20216400493704056
0.3538636898121181	0.15279225730129686	0.20214180668602216
0.35382379326232044	0.1529583938390338	0.20212823698814641
0.3537546177490538	0.1532531326904109	0.2021061550233694
0.3536903627836077	0.15353740187737414	0.20208393364209895
0.3536416638047714	0.15373455633980754	0.20206790388650414
0.35362228871531326	0.15382536575234385	0.2020611124964511
0.353560822493856	0.15406764090519343	0.2020415303923448
0.3535481582898477	0.1541029504273268	0.20203708476483634
0.35354526956369103	0.15411352578171322	0.20203612041047908
0.353543873175814	0.1541128388327806	0.20203620473509992
0.35354369040632966	0.15411228523849163	0.20203551661684133
0.3535435511409191	0.15411130229238224	0.20203587870337203
0.353544101127241	0.15411059934027838	0.20203576857487635
0.35354384983496095	0.15410895027424043	0.20203601714103583
0.3535438772161241	0.154108040419922	0.2020360525071874
0.3535453392434912	0.15410651930252522	0.2020364404879674
0.35354545501848267	0.15410608792648156	0.20203652519123724
0.3535459869258465	0.15410338138335927	0.2020369307311642
0.3535453997331452	0.15410161624739666	0.20203651587153482
0.35355152952903846	0.15408548685617834	0.202038215725068
0.35377167164461004	0.15346628894812064	0.20211177670202055
0.3538703364545998	0.15319437181643758	0.20215057281429505
0.354096050977739	0.15259530436916713	0.20224670690642796
0.35441974940891663	0.15169741130143038	0.20239400141238859
0.35446302274571717	0.15093399901302212	0.20250042943241803
0.35447865223087077	0.1501557393929912	0.20260744132617042
0.3543284605066235	0.14909858681311938	0.2027035475084023
0.35413324527709156	0.14830068904858346	0.20262764286583038
0.35414293778037625	0.1467906342985999	0.20290921697539516
0.3541104421586955	0.145509102055926	0.2032088575733437
0.35417020840355473	0.14450183738682254	0.20352243654227586
0.35440173477345066	0.14231248460944707	0.204289809397897
0.35467197813386336	0.14165308718580494	0.2045872294492971
0.35560177713475444	0.1399954981393815	0.20534367761505964
0.35663676725732296	0.13899862361555665	0.2058715247028572
0.35788829931285193	0.1382255768640907	0.20634363497949618
0.36057808030242783	0.13730315143790955	0.20713959551277797
0.36285462026533627	0.13696544581112086	0.20754351224766274
0.3657945225414068	0.13679678152274632	0.20794765461917375
0.368873385589469	0.13687108888989408	0.2083121674057411
0.371979744220596	0.1368663632823725	0.20873438639679515
0.3763449906102585	0.13649760851042247	0.20946420852782216
0.37910895936906425	0.13613007906083952	0.20993399556448034
0.3816507307264233	0.1356897799276171	0.2103784486905431
0.38399056500584416	0.13524265698216859	0.21080500471638927
0.38677778238772037	0.13461614033150104	0.21119119878236078
0.3895958475176063	0.1338370744336969	0.21149907013172686
0.3908431577713538	0.13350321186538938	0.21167426476039575
0.3936913664110787	0.1325794963888684	0.21185217344124294
0.39476613408514905	0.13218253283659226	0.21191851252414629
0.3974491409606096	0.1311701626159707	0.21185217061041878
0.3983404236554784	0.1308004565894721	0.21175160711925448
0.40123432698556605	0.12958652125979014	0.2113678042214947
0.4025019053191771	0.12899189249470544	0.21105741119561153
0.40323435945882036	0.128635155954762	0.21077491499656292
0.40485214615555837	0.1277768168507355	0.20997136061586533
0.40618792157044936	0.12722664631147734	0.20919306619599015
0.40773827331300516	0.12671313931229572	0.2082071597589068
0.4085741539115737	0.12650878786391162	0.20764248951907927
0.4099291262517072	0.12617837992797654	0.20645276251419778
0.41050986421276936	0.12605387278265268	0.20581924127188578
0.4117589860216459	0.1256366014957218	0.2041241911333539
0.41287324111161516	0.1250649410898596	0.20248715379122062
0.413129862892263	0.1248484673027953	0.20200811864825147
0.4136149304816425	0.12390499459799463	0.20068580519400522
0.4137894852467657	0.12304862193767303	0.1998525208570629
0.41393936670497045	0.12215947388472022	0.19911479003072144
0.4138889002515857	0.12060480190999008	0.19826090521230516
0.4137662114787091	0.11956988493082933	0.1978151532846763
0.41370854596915135	0.11896491596176532	0.1977145445688518
0.41332339613333446	0.11722906497296819	0.1974425600886909
0.4130125285783619	0.11587664017539605	0.19748852782795803
0.4125717054995311	0.11431882613624932	0.1976806139701349
0.4121581436318366	0.11296871182699313	0.19795936169550263
0.41176590201108393	0.11165792714832247	0.19853224097642672
0.41130358696225516	0.11029294709556538	0.19912830703518403
0.4106505395398783	0.10845057544416113	0.20039135865642752
0.40994967504608537	0.10670291193805699	0.20169206648053997
0.4095251409296627	0.10564313853269834	0.20260997059712216
0.4091683388941073	0.10485413115162635	0.20311119504347339
0.40872573187382366	0.1040000819235982	0.2038574817773527
0.40815866263162115	0.10322795384225865	0.20449600489114605
0.4073949056133857	0.10193093771279978	0.20556887212169245
0.4070946363554683	0.10135847213902717	0.2060102450919026
0.40613734640441396	0.0999248567033623	0.20698788580072064
0.4058541325278156	0.0997001059767592	0.2072148705289044
0.405044557269336	0.0990719811284186	0.20782691250326996
0.4046366753710665	0.09871768321324277	0.20812173242631593
0.40413709501096173	0.09827133346412152	0.20852573662313795
0.4034442743301735	0.09761731345327367	0.2091319300779608
0.4029886592365932	0.09716924160270647	0.20954269190093644
0.4024647362320218	0.09662795676449122	0.2099682528748172
0.4020901922995085	0.0962438268917291	0.21030596645239524
0.40176547174707605	0.09595306978203653	0.2105658756864457
0.40100680117332843	0.0951285256822403	0.21132313546083115
0.400483865784739	0.09458071176304043	0.21179419583909553
0.4000574058200443	0.0941422881005506	0.21218220114864939
0.39966948191044954	0.09373342000077851	0.21259477901311558
0.399243662423029	0.09322261639037906	0.2129833751069966
0.3988753864316588	0.09284049315136027	0.21325541381708124
0.39842368132015793	0.09237452785021076	0.2136887308876056
0.39803757496037934	0.09202338739459982	0.2140447931181783
0.39741541566748373	0.09143541285626548	0.21444752143261958
0.3970191220081538	0.09104495900458327	0.2146928838790018
0.3966304332644796	0.09062610990236904	0.215107846467361
0.3962268759954733	0.09023965265453206	0.21548496662599478
0.3955805444790359	0.08953423530072617	0.21601046551660177
0.3953634188130401	0.08930769144206484	0.21620109949901742
0.3950251001958741	0.08891954261229969	0.21654203513552908
0.3944452538119466	0.08843449054838327	0.21697855214997447
0.39406691130599725	0.08805321925100525	0.21724707547496613
0.39362408682678746	0.08753518134199915	0.21771466871862083
0.39320779146524365	0.08708548756699706	0.21809498311881126
0.3928153402258339	0.08665948935600677	0.21855212106053143
0.3925653317347737	0.08638650323985113	0.2187738908821323
0.3920981101449622	0.08592256234010061	0.2191649085453712
0.39186323489336644	0.08569972315340103	0.2193608853841068
0.39117290669243027	0.08512758165828939	0.21984925506831055
0.3909379363854419	0.08487263919917089	0.22007816397818386
0.39042046473411285	0.08432991276705336	0.22053220397107906
0.3901320971116559	0.08407521733001293	0.22078510266235046
0.3899138128374801	0.08384128518273316	0.22103030093409887
0.38957124344228244	0.08345599624655071	0.2214407128392174
0.3892992900222302	0.08318714920538363	0.22167925709207925
0.38871331765604555	0.08254899901333639	0.2222641965817263
0.3883602912719193	0.08217898692695035	0.22261841248191783
0.38801945364735757	0.08181493628000598	0.2229849304075864
0.3877111914117824	0.08148863715440628	0.22333566642648472
0.38746677012867037	0.08122669028502873	0.22359763141419595
0.38708850081390245	0.08078698100213817	0.22399523903026497
0.38668204898985997	0.08035936013907984	0.2244130697801757
0.386343170653366	0.08003876887986973	0.22474092422232297
0.38606348244291955	0.07972522651973694	0.22511579002293752
0.38571471460001816	0.07932712185646416	0.225531461918844
0.38535812763335114	0.0789409520103624	0.22587650050615865
0.3850074830915483	0.07855860128845911	0.22625975781046725
0.384743241696289	0.07829705618516751	0.22652270779669995
0.3845416571102658	0.078029012089105	0.22677449436117914
0.3841405787570242	0.07742034729845	0.22735610054708444
0.3836178229930267	0.07664562449862845	0.22768117047016934
0.38294294724412165	0.07547385141183287	0.22817242025225232
0.3824557102375793	0.07448770503033565	0.22860858745215712
0.3820444098407481	0.0734226093966991	0.22894105997953187
0.38168487786466665	0.0726272553388383	0.22925813251538216
0.38096108230813613	0.07075313932482948	0.23000984146466028
0.380389999109102	0.06936453438269542	0.23041503893774687
0.3797779759720352	0.06780374457301429	0.23097791362853554
0.3791618853090809	0.06626127422606111	0.23152852164090493
0.37856476447196385	0.064695899338666	0.23203231139806552
0.3776671321502956	0.06238413155789303	0.2328240858779287
0.37701482206650544	0.06071753512597926	0.2334086569957778
0.3763052787923876	0.05893738038010647	0.23397787257520766
0.37560182837144923	0.0571632564386705	0.2345450387687445
0.3748870107858201	0.05533639425159083	0.23507088539368134
0.3737749923890369	0.052620094112819746	0.23594391930143083
0.37310681188243827	0.050902050729868684	0.2365001431658067
0.372380525372448	0.049123453171240825	0.23705266804178293
0.3716133665625187	0.047232193976650835	0.237600109971092
0.37088935154639635	0.04547119379715604	0.23818136476521182
0.36980884416218396	0.04300423621217722	0.2389013582461273
0.3689798942748401	0.041082699924657615	0.23939193303193454
0.36835598468372527	0.03956633029382002	0.23981346541416376
0.36753562706542836	0.03769705392565288	0.24033391817031838
0.36693898419862986	0.036425132217783665	0.24072225971344544
0.3659155946529886	0.03409966033671831	0.24136645986138822
0.3651833085432661	0.03248007302623161	0.24181076690120235
0.36431101740825417	0.03067650685520444	0.24224631788315304
0.36327805757037646	0.028346866926478073	0.24287442137635057
0.362651591233007	0.026664742316396664	0.2432949328886722
0.36158724943221093	0.023908351295937727	0.24408766332755247
0.36114261314333784	0.022774816114279853	0.24448959007254667
0.36024636771547514	0.020424164842906975	0.24514937709444176
0.3597839007920994	0.019270210135981278	0.24535706508240845
0.3587742549382628	0.01659847661032736	0.24607825669222771
0.3580465427059715	0.014762681232131883	0.2466879200127183
0.3575953467523534	0.013531194743915662	0.24694646213992677
0.35641599164428633	0.010514649072729684	0.24778083085881772
0.356092071320589	0.009691898661523826	0.24801785103214785
0.3553995315250255	0.00782671274865114	0.24851437700119938
0.3549537689948816	0.006639219734985005	0.24881464434199316
0.3541423837166862	0.004594530659239329	0.24940398211854065
0.3535505315189034	0.0029420909106824406	0.24974829577626947
0.35304779710168976	0.0016271969483263177	0.25012910495336493
0.3526607760905831	0.000583812227391442	0.2502883047571677
0.35205967155473267	-0.0009468394458508195	0.2508193937157096
0.3516976521212911	-0.0019565439281725855	0.2509923383607432
0.3512810205254625	-0.003007149030603576	0.2512677500028798
0.3509546315703913	-0.0038607197969209167	0.25158017953318657
0.3506490109754363	-0.0046045848467912015	0.25159230252940545
0.35044286546761677	-0.0049831411647574125	0.2515883934266463
0.3499832578605364	-0.005768330808649705	0.25176909988141377
0.3498290032997271	-0.006002500838186278	0.2517229208433425
0.3498135088517273	-0.006036775836525357	0.25147876434297267
0.3498273500848952	-0.006018392735462522	0.25138619014361774
0.34984270000829637	-0.005982012755127372	0.25134956869186065
0.3497890879243548	-0.005971264712374816	0.251331678266283
0.3495450273390535	-0.006005545871041726	0.25129494297090327
0.34939856426285504	-0.006006982625563609	0.2512678896465155
0.34936962996378135	-0.00597909457030045	0.2512487754366346
0.3493889376258529	-0.005933775256229165	0.25122729165274393
0.3494045147428245	-0.005901590024211104	0.25121246666120467
0.3494091292334706	-0.005893859080219346	0.25120716499266416
0.34941231622318814	-0.005888866394391998	0.2512042043069324
0.34941577180895755	-0.005884567400128063	0.25120286991564034
0.34941764283011206	-0.00588154860227226	0.25120330417531656
0.34941984840483875	-0.005879125613496558	0.2512020938503008
0.34942150886665346	-0.0058781197066456875	0.2512026346830004
0.34942139402925937	-0.005877844693733966	0.25120261450356907
0.3494220139570519	-0.005877740783848881	0.2512030820963095
0.34942263413875907	-0.0058774991625146905	0.25120372425967163
0.34942486173704523	-0.005877230915419293	0.2512048509482062
0.34942499147462436	-0.00587676430709895	0.25120442634506424
0.34942605855383035	-0.005876297803512745	0.2512048215343533
0.34942727275133395	-0.005876735434991051	0.25120555039401304
0.34942815842051933	-0.005876363529167247	0.2512057690210881
0.3494286313770934	-0.0058763399856642945	0.25120527886067245
0.34942861815903214	-0.005876358238001714	0.25120594521939693
0.3494288420711522	-0.005877193463998273	0.2512058492313888
0.34942985080229816	-0.005876548209607299	0.25120608933587274
0.34942960605192563	-0.005876788867975616	0.25120579575513335
0.34942976286573646	-0.0058768411703497975	0.25120587214822776
0.3494302549592459	-0.005876321065912585	0.2512055680202865
0.34943097032852133	-0.005876939685926938	0.251207272103706
0.34943074759658305	-0.005876780640418397	0.25120690833639137
0.3494304824259287	-0.005876242403490814	0.25120672834881275
0.34943005348066986	-0.005877234843832388	0.2512072753600333
0.3494303997246581	-0.005877110424459972	0.2512072936460806
0.3494294955468115	-0.005878620124186204	0.25122315307206766
0.3494165284599384	-0.005888134735554926	0.2513617470479475
0.34941898614626055	-0.005892145285434844	0.2513668699696413
0.3494272066116039	-0.005892273034250509	0.2513149735430157
0.3494449663162742	-0.005877617488659517	0.25123406083601096
0.3494447225001274	-0.005877163890070827	0.251233796238421
0.3494434703991692	-0.005877076069656387	0.25122921568926193
0.3494436541825493	-0.005876288604123411	0.25122555664537416
0.3494440709728775	-0.005874532979617805	0.251218366419113
0.3494427213504426	-0.005874783582348789	0.2512158769379188
0.34944172138110685	-0.005874371837918321	0.25121319334796294
0.34944131944716694	-0.005874625603372971	0.25121198552513957
0.3494400934079997	-0.005896649375449273	0.25122377170678445
0.3495064325395641	-0.0061882214640677086	0.25136124896382894
0.3495298400071553	-0.006431227161181899	0.2514912657791491
0.3495368716816415	-0.0064589929660420625	0.2514854548897443
0.3495586674820986	-0.0064907492567495145	0.2512999727460468
0.34957544901106813	-0.006498914796465707	0.2511480055104779
0.34957833636289626	-0.0065023346983284075	0.2511012933803669
0.34957391486139855	-0.00650703851372661	0.2511072106485039
0.34957166144807106	-0.006507700261863744	0.2511105938366871
0.34956724880753615	-0.006510292978857871	0.25111905072319013
0.3495401532765613	-0.0065328817070089	0.25117501959281147
0.3495350059078625	-0.006534734837668685	0.25118599315871193
0.3495304800259039	-0.006537664471528912	0.25118959852179457
0.349529455041856	-0.006536976603555025	0.2511903558037501
0.3495264902498122	-0.0065383452772980605	0.2511927596850961
0.3495239819207127	-0.006538567577910451	0.2511928658010968
0.34952216846446793	-0.006539780025578937	0.2511937354255159
0.3495208948395568	-0.006539902030872333	0.25119435785244115
0.3494609399033879	-0.006576018368247047	0.25117888229281415
0.34932349451520006	-0.006670834923898042	0.25111973855772796
0.34934949634749635	-0.006655571778477268	0.25112739325101097
0.3494735319526704	-0.006582388664004138	0.2511586434647747
0.3494938035103117	-0.006566702380014652	0.25116493853850824
0.3495132961211012	-0.006548887257431454	0.2511721280489009
0.3495265936401349	-0.006538254190572398	0.2511778294475922
0.3495302520511987	-0.006533749647376505	0.2511791634379936
0.3495329842310814	-0.006530347637801734	0.251183429950075
0.34953260785113094	-0.006529979264854199	0.2511849541168846
0.3495290776261351	-0.0065303028027594995	0.2512153286805163
0.349528435078819	-0.006529112593467237	0.25121523374554755
0.34952830895274434	-0.006528937529064874	0.2512109330583665
0.3495275518716615	-0.006527897209712544	0.25120582680326264
0.34952765867823005	-0.006528103379808317	0.25120176097532765
0.349527883123515	-0.006528469968871728	0.2511999633117162
0.3495305337199644	-0.0065285304268962036	0.2511666650110608
0.34953276702183644	-0.006526583694206375	0.25115061744011846
0.3495319497295211	-0.006527744113422121	0.2511525620008132
0.3495310023523693	-0.006527404212135032	0.25115526873881233
0.3495298226123911	-0.006527162568124814	0.25115810379837983
0.34952886785098763	-0.0065274353570356075	0.25115892146503904
0.3495275866100743	-0.006527838689838902	0.2511613468145881
0.3495280088880962	-0.006526731287985879	0.2511618167187072
0.34952762542506816	-0.006526810294547394	0.2511648613386467
0.3495265743000696	-0.0065274652136135675	0.2511678102970246
0.3495262942878508	-0.006527299892205726	0.25116799473802753
0.34952548265326333	-0.006527684923767277	0.2511710320992382
0.3495210397971699	-0.0065277616006417655	0.25120829758895413
0.34951959092683516	-0.00652744359450054	0.2512242248381048
0.3495196069041019	-0.00652804371477754	0.25121547549019346
0.34948744658796727	-0.0065334251296252505	0.25119983249063976
0.3492461432838298	-0.006567077581742839	0.2511459252806697
0.34901869226135607	-0.0063721352291104955	0.25098530231401983
0.3487936028368275	-0.005957415255410256	0.2507156504395951
0.34851403831415434	-0.005447449723077105	0.2505545119659324
0.3483016448470935	-0.004578321606652322	0.25047704027101325
0.34814161587785974	-0.0036902743336718197	0.2504292999343025
0.3479989920789444	-0.0027206903320604464	0.25036135558736283
0.3478385950224859	-0.001858492877595777	0.25033516381080123
0.3476900076548932	-0.00111833707896776	0.2503257897313127
0.34730568567845344	0.000553462380768463	0.25033726695670083
0.3469647831463925	0.0020472924806067966	0.25036292470587396
0.34665692264157105	0.00346361100935548	0.2504362010287848
0.34642075019655966	0.004720824276785787	0.2504619696812456
0.3461677761529661	0.0055090346383322025	0.2505441517991923
0.34556204147628655	0.008175616567936736	0.25073062143516556
0.3452398382170957	0.009712452343612468	0.25081324605916466
0.3448551275717665	0.01108963839815895	0.2509757124522558
0.3445634979729317	0.01261215876519585	0.25110964752015613
0.34413972632567785	0.014486737734707308	0.2513433008303789
0.3437215286812534	0.016096347172098027	0.25152893860403264
0.3432947561139218	0.01818732839549385	0.2518493321735919
0.34270380127186584	0.020458564484366518	0.2521862281484455
0.34238054584347294	0.022119500096765818	0.25252360175025634
0.3419094046781058	0.02416252800425968	0.25286802932238883
0.3413513441701829	0.026817282982239024	0.25342032889770827
0.3409011526379193	0.02860865022625779	0.2537740634879876
0.3406614842169374	0.029765423787319015	0.25406845050388727
0.34010388677668396	0.032352960588514765	0.2546940929027225
0.3396801216558494	0.0354392328746599	0.255107487708574
0.33935949411824773	0.03759540746204455	0.2553221932832749
0.339171138856977	0.039700201278470584	0.25555871562757493
0.33887921789747805	0.041757769719041674	0.255793259399139
0.3387058062753807	0.043809563867248616	0.2560914449900025
0.33862318981072953	0.04511095681706827	0.25618719582887794
0.3384629718565194	0.048431302951233005	0.256505893955266
0.3382534126471108	0.05107030168837569	0.25684586396739095
0.33819081818168956	0.05344199800881767	0.2570692521275998
0.3381978107892829	0.05569110027540282	0.2572670041780423
0.33812263767052225	0.057755022686044336	0.25756386764094685
0.3382254293253711	0.06021827689882399	0.25775094982170205
0.3382854318275091	0.062361060051682474	0.2579821611725825
0.3383895400348618	0.0647170225953186	0.25818994419645463
0.3386585432563628	0.06790530601270355	0.2584689522756136
0.3388104813419326	0.06924465368106104	0.25860203099533535
0.33917842850922963	0.07213566138823883	0.25877228150541076
0.33937277708301505	0.07347735997573411	0.2589470571509137
0.3400514403256415	0.07726619831992469	0.2592392884298653
0.34032860478961385	0.07869142330459224	0.25932305389788374
0.3408120549876223	0.0806256260568836	0.259498209457402
0.34140780920764946	0.0828380810973232	0.25962147096715904
0.3420690156274232	0.08514455356563878	0.25979071649604546
0.3427666242372512	0.08723322637757532	0.2599820680990892
0.3438823610835049	0.08998985956483836	0.26012903667512616
0.34478994499062837	0.09181803711446206	0.26030592513250583
0.3457436777853105	0.0936380985170966	0.2603765690525652
0.3466788881950881	0.0953865347886912	0.2604065941861568
0.34730700823304594	0.0964861232780589	0.2604920543767767
0.34874332597447777	0.0990100327222989	0.26045169385958616
0.35025251922588874	0.10132538540875215	0.26046289908742853
0.3516200562333473	0.10300959159505625	0.2604151029213597
0.3529093541458244	0.10448522840816844	0.2602356649594774
0.354631824392553	0.10632392127667988	0.2598838980481198
0.35677048197863076	0.10849735348805777	0.2592690761403479
0.35877804364630744	0.11037634604953427	0.25864583272953395
0.35999852142425515	0.11148978958018711	0.2582747326419409
0.36303184885997214	0.11420540445387924	0.257063064281615
0.3652950015908531	0.1161326736011165	0.256007683388461
0.36835251705139416	0.11862632103405961	0.2546217453076047
0.37132768578569175	0.1210449974582626	0.2531457546910626
0.3730132669095433	0.12239144641124035	0.2522049036976197
0.37652968530888387	0.1253708864759812	0.25012266711942005
0.3791784314117611	0.12765723523898792	0.24843115639635868
0.38207477065312456	0.13024549988683148	0.24631044219040638
0.3857681729838575	0.13364203450989792	0.24353194455480634
0.3873890985636052	0.13518467291823627	0.24209880594088073
0.3899865694875586	0.13766627797284375	0.23979424770596855
0.39476206754706805	0.14254536827900027	0.2351788462544756
0.39755157362790217	0.14542637933752514	0.23236703137959097
0.4001303185793601	0.1480123667199374	0.22987056671909795
0.4031260864265675	0.15088852249756624	0.2272094521538212
0.40549834275343744	0.15303909577529262	0.22511909712134667
0.4082283412020655	0.15540061666175237	0.22295208078391762
0.4121592965913957	0.15843299971877886	0.2203551011749046
0.41483500426959724	0.16022857413984568	0.21870022851876786
0.4164567318761645	0.1611405415986143	0.21781714592501364
0.41983961842939027	0.16279032485632863	0.21644753186905705
0.4211607302048146	0.16331736559501098	0.2159281916492078
0.42422590435930135	0.1642342593841793	0.21491606415543668
0.42676675479452825	0.16494136552712202	0.21436966141169103
0.42956728232611674	0.16539042299063744	0.21384926831575696
0.432376836102311	0.16479226810996445	0.21325630225618858
0.43357879020375434	0.16449033366334387	0.21308648843590386
0.4362165562947051	0.16378378440846786	0.21244911127495703
0.43901273016953757	0.16267487349157456	0.21203725288097505
0.440941291306016	0.1616252439948309	0.2117128806679794
0.44252628250952075	0.16041273777688309	0.211238176407634
0.44392295697857476	0.15901633005621335	0.2107384218080676
0.4451309430006838	0.15764481149949006	0.21008010058175283
0.4465414590943567	0.15541719303695078	0.20897786920404843
0.44731276783087803	0.15381609076724106	0.2081055612612073
0.44794336248879113	0.15213939565120949	0.207020231062465
0.44813140636841203	0.15113068617140907	0.20635257772800467
0.4485129777980905	0.14937829103896827	0.2050388584830919
0.44874727443468676	0.14719498331092484	0.20332430274822463
0.44861680330081527	0.14469096730092024	0.20099664570612524
0.4483896438562736	0.1430301893442818	0.1992670899180633
0.44809925475932877	0.1416053096240738	0.19773446521957178
0.4478082986556437	0.1406164218399782	0.1964429350211603
0.4472156495267216	0.13905175426592764	0.19436169203983963
0.44646510081978075	0.1373354474228552	0.19179599333373168
0.44570478021975346	0.13593826266776127	0.1895126803357964
0.4447459542337577	0.13441302614039424	0.1866219840458621
0.4439554106201526	0.13343056209307463	0.18432631100713232
0.44319847011984	0.1323495828421823	0.18199872183176125
0.4428148982102949	0.13178962185306148	0.18065865571059236
0.4418311983231169	0.1307793850613237	0.17740578755987918
0.44117783878269107	0.1303926012234472	0.1752006760364887
0.440340413285099	0.13024665397765484	0.17197510446004782
0.4398889005134663	0.13009987056715488	0.16967341447930429
0.4395995307996309	0.1299757915608114	0.1682844519497439
0.4389080838411	0.12964157060706105	0.16525716067645052
0.43828699355090894	0.1293702055154875	0.16277990610742193
0.4373703509436211	0.12897362970653065	0.15945079164776488
0.43706016076577975	0.12883229051525802	0.15798960555691804
0.4367889804410382	0.1287778414526098	0.15524123674460272
0.43668838957169515	0.12903005396378947	0.15187976150338728
0.43706972567514807	0.1295940811052329	0.14826140948819716
0.4373019741479527	0.12984814717443138	0.14662653280111426
0.4380685493474622	0.13073152723702552	0.14297655777251822
0.4386911322372291	0.1314456874264786	0.13988588132282853
0.43918842746251785	0.13212825335459455	0.13709579562278323
0.4396407885293884	0.13283044935300475	0.13431882317620114
0.4403319772781665	0.13380893993680137	0.13052588505771273
0.4407180783696262	0.13453232838264528	0.12762381935075312
0.4410231119511008	0.13497233656917434	0.12580959208605852
0.4416972151818768	0.13570306238045676	0.12189158208769135
0.4420723384915202	0.13615172812382015	0.12001551677018135
0.4424382457798955	0.13680831263650334	0.11735467807043226
0.44278475092665676	0.1374531534875748	0.11460447253916983
0.44354233929764225	0.1386085116042977	0.10974312793228053
0.4438527271179168	0.1392279594796934	0.1071210160284094
0.44434042201236834	0.13984403383004207	0.10438633565536665
0.44484283643968153	0.14036877804548153	0.10168280122967488
0.4452249884978358	0.14100758110282996	0.09881229053790419
0.4457287241986567	0.1418069023133363	0.09531087276940897
0.4461409797838025	0.14238725931251933	0.09271852115930995
0.4464326427822486	0.14298085483263295	0.09015516982743699
0.4468287257914912	0.14354270754380216	0.08783040933733299
0.4471739339885402	0.14418154006235195	0.08526573650561747
0.44773880283341033	0.14504254077496082	0.08179898838950045
0.44790818916242225	0.14545460707690744	0.08016612199216377
0.4482395611243005	0.14593956306243416	0.0780728333846813
0.4487482917222132	0.14682455476511969	0.07471973457677222
0.4490237094086972	0.14737948055387096	0.07255142149009042
0.4493669775573811	0.14797130701043387	0.07039213624745538
0.44983083431113413	0.148370217014559	0.06845167571339139
0.45033714748453507	0.1490584326441286	0.06545528804212308
0.450499182664916	0.149337337695645	0.06437734869804101
0.45091819859186333	0.14988998127890407	0.062259952897637416
0.4516466727118398	0.15060048920232277	0.05982942686197562
0.45236200246319974	0.15129612906156686	0.05744135291661856
0.4528559382137088	0.1518583606640132	0.05562527017807983
0.45327106454062455	0.15230277491249966	0.05404347869947035
0.45362095421556686	0.1527367166926374	0.05227927899955559
0.4540690174645409	0.15324792715277274	0.05009055679864077
0.4542184871313819	0.15347823538430122	0.04914550318713051
0.454505258225146	0.15395080698263186	0.0472419763882731
0.45466312405202874	0.15425813286603363	0.04587803572696236
0.45512329071444	0.15467652780019447	0.04445450881730523
0.4556254499605692	0.1550163892851522	0.04329702881130881
0.45630227533201606	0.15552583586291963	0.04180360535494804
0.45651011046146045	0.15585773071859582	0.041028265050986945
0.45680064964799183	0.15619186854533218	0.040368412684182176
0.4572338934570383	0.15658600144893164	0.03966364984600346
0.4580191141190831	0.15738171881916635	0.038315133396772894
0.45828994488103597	0.157769917694358	0.03765646427995978
0.4587305187508133	0.15817878140909536	0.037243764947596014
0.45911932380454973	0.15855944920677784	0.036927270061817175
0.459416683374773	0.1589987687189185	0.0364912360709545
0.4598214568737769	0.15937690927599074	0.036217557970811
0.46018012787986673	0.15964481405289438	0.036069280187002395
0.4606541312209773	0.1602479334145227	0.03550918062783048
0.4610844204131661	0.16067720790522405	0.035266326903278966
0.46139305115201257	0.16097430991512812	0.035028232519196956
0.46150819807920224	0.16114384224826717	0.03482059166733881
0.4619372467528691	0.16159206448072688	0.03451178957993695
0.4625278656574817	0.1622134965235681	0.0340746760675657
0.4628835569757655	0.1625945867305429	0.033685107829193206
0.46330071896638814	0.16297773543886357	0.033448124948548874
0.46354461215199055	0.16319797046671564	0.0333240858417892
0.46381059830331606	0.16352438085650162	0.03300322544654233
0.46412779204436605	0.16388797596732468	0.032685929213606746
0.46468104617013234	0.16441659524965957	0.03240980204051047
0.46499852718548784	0.1647808526352617	0.03197899527741932
0.46534097217115056	0.16513092788985728	0.03170984766510193
0.46570211025637537	0.16548648067077648	0.031520562862344004
0.4660752683470106	0.16579348699656954	0.03132381010293078
0.4664021145058026	0.16619549707199266	0.030852524163125283
0.4667476923803832	0.16658647130033338	0.030634792460577875
0.4672380351624945	0.16687963927390287	0.030442451275042748
0.4675703330059642	0.16708697494045321	0.030263193086864537
0.4677331681579914	0.16721980682393833	0.030046670885028604
0.4681067647185555	0.1676848036245479	0.029684856765159195
0.4685421133407995	0.16806945828193887	0.02948830852304335
0.4689731836264501	0.16838118661420653	0.02916321346190781
0.46929130526982593	0.1685908115347166	0.02888374084732903
0.46966034096661774	0.16891475675030432	0.02868394854839945
0.4698468191704836	0.16910891215892326	0.028581443108862736
0.4702800118892433	0.1695182047070557	0.028310529268907758
0.4705044785455177	0.16964715111594858	0.02807031651313202
0.4708470575744561	0.1698200595019838	0.027724128382284607
0.4713009732524627	0.17006747937012656	0.027549394604275912
0.47163695665946304	0.17030197019840765	0.027396123047817356
0.4718736118650377	0.1705907629522852	0.027207450192006433
0.4719884246996112	0.17075436715741976	0.027059504981162552
0.4723802759675909	0.171149046842899	0.02668074153625244
0.4729202572215114	0.1713708818736639	0.02649854641376298
0.473199452469312	0.17150229028011887	0.026312490772721797
0.47346373149989307	0.17155528666826975	0.026136038375260906
0.4736850288241124	0.17166254316617796	0.025909318996016173
0.4738717436926057	0.1719035065133233	0.025706788272787273
0.4741754486391432	0.17217823692899992	0.025568416091280133
0.4745954513548579	0.17242148343601044	0.025440238972718132
0.47503991867721485	0.1726428199793179	0.02518610221997225
0.47533405665135015	0.1727210795268364	0.025061497753016915
0.4756534493228761	0.17283241372730157	0.025000279863426955
0.476210995278309	0.17308253881033436	0.024967816157429712
0.47642436767840124	0.17322990107347774	0.024943643746361377
0.4769945885372777	0.17350567767625613	0.02496517229802686
0.4773555111040292	0.17368629869407842	0.02486419545070523
0.47767952971862576	0.1738224184162156	0.024712633949626972
0.47822936169041624	0.17393203003869218	0.0246961144169216
0.4785421205507583	0.1739817737240245	0.024664022955104226
0.4788318412968095	0.17424122972077283	0.024559848470555645
0.4791609844438956	0.174445120102386	0.02452212933147513
0.47961623983560425	0.1745717375489244	0.024574793910003223
0.4802898949379435	0.17469138712226223	0.024643102891438617
0.48066893952335904	0.17486120533854255	0.02457708563925043
0.48101012338466365	0.17501932101570816	0.024550035520872815
0.4811511307527952	0.17530915539909447	0.024749854683985884
0.4813927565244933	0.17570887577130018	0.02509156466375484
0.4815930757814264	0.17594623899612039	0.025402186335766963
0.48177212472022074	0.17597983397376205	0.027009077677489446
0.4816731027186025	0.1761174988221888	0.027536445399203635
0.4819205403383118	0.17643989672019705	0.029621792819350845
0.4819851105039711	0.17667166595478534	0.03127901974274144
0.48221398758234735	0.17693078898628722	0.032809114132633654
0.48243909233385285	0.1772260797616979	0.036379997977158796
0.48259571965662673	0.1773681447237343	0.03795872591195726
0.4827029166022755	0.17762496982478415	0.04134242391001586
0.48281104202666086	0.1778619556851853	0.04441281547187731
0.4830184963636369	0.17805736333240452	0.047051806907956795
0.4831292381535356	0.1782480120447975	0.05053510643042419
0.48328590253144693	0.1785116641071507	0.05506769686832935
0.4833039484706988	0.1785858523566224	0.05797292676688354
0.4834058698495618	0.1787633144198057	0.06088573624772081
0.4834662678559531	0.17896476126334482	0.0661301359610707
0.483579202014255	0.1791745442200911	0.06993645879375543
0.4836921123385348	0.17933372704142503	0.07386522218285829
0.4838270590048428	0.17945470852243617	0.07805811356393527
0.4838606613547718	0.1795913950684775	0.08245248716743447
0.4840129771240819	0.17985573566923452	0.08792704354838621
0.48407642138850765	0.18000289261240976	0.09215887170762593
0.48415278091891184	0.18012871458134477	0.09644318077192421
0.4841821576572017	0.18025611200129382	0.10038020729262348
0.48422253590988507	0.18034724321253376	0.10528209726574206
0.4843623483666842	0.18059135949932542	0.11122232931915027
0.4843367699146348	0.18063506748031227	0.11387286181153972
0.484416586690742	0.18074844315556404	0.11790957042583844
0.48447009247166506	0.1809558161567142	0.12573739977203707
0.4845498436535132	0.1811128214559939	0.13070232502406876
0.48463243016069235	0.18122664972687602	0.13450088945523453
0.4846721156731114	0.18132137329216041	0.13938399861944017
0.48470489968416874	0.18139520448465934	0.14366243148671892
0.48480208971157207	0.18154272229156693	0.1481896365117117
0.48490069609593867	0.1816129277553135	0.15284534238064024
0.48493307146216874	0.1817828165256588	0.15739588962843187
0.48499304715639097	0.18186411413375053	0.16017284581668773
0.48509899745300183	0.18197915315868218	0.16516024161649692
0.4852011819257411	0.18209371045844958	0.17078023428049188
0.4852410578912568	0.18221779719928416	0.1729842172793612
0.485374099151479	0.1823720053874603	0.17810760445911333
0.4854542665645065	0.18249358405562566	0.18163951392764863
0.48558716869904267	0.1826056290282288	0.18508447399262637
0.48558535305836065	0.18268954978749646	0.18705049508390464
0.48581122971223656	0.1828240312772902	0.19144254685589687
0.48588833630885025	0.18299447524654733	0.19480924328080618
0.4859888073346209	0.1830517220173436	0.19645187984952922
0.4861339247053621	0.18322123101176152	0.1999509373007885
0.48631622705356536	0.18329670636831086	0.2023300858577617
0.48648210765083527	0.18354246928724155	0.20420610545057566
0.4866775640155135	0.1837244222856303	0.20579302831737933
0.48676116686271975	0.18397449978620317	0.2073245186769843
0.4867646095106606	0.18413464420989345	0.2086137859111017
0.48688356300521085	0.184235478726127	0.2100780297984448
0.4869996942441666	0.1842666782813196	0.21113491369526066
