0.3347959035654854	-0.14707576024519486	0.21756926926116676
0.3347959035654854	-0.14707576024519486	0.21756926926116676
0.3350974606558769	-0.14716954318855885	0.21747479908691317
0.33527619531371966	-0.14709654440640146	0.21736253363507674
0.3353969734718329	-0.1469841857174855	0.2173000004528784
0.3357162880492209	-0.1468977138234389	0.21724692794678824
0.33591434403533504	-0.14685018537227684	0.21721649074952926
0.33638716995072826	-0.14669959670268973	0.21715380616400864
0.33669675232278473	-0.14663848291796353	0.21709157016741887
0.3367845223880965	-0.14659167089337352	0.21704580098220363
0.33704520101892993	-0.1463541240088881	0.21693035952688378
0.3372019624193061	-0.14628552050935378	0.21690834293370204
0.33765195701132333	-0.14614332954656878	0.21684785788642216
0.3379886576530443	-0.1460365901339611	0.21680375063374674
0.3383429146766642	-0.1458814531252816	0.21676267211004585
0.3385444759450019	-0.14579720117129089	0.2167390416228448
0.33908870144219416	-0.1457333275692042	0.21662758048905767
0.3393771257080234	-0.14564961149313288	0.21658155393478662
0.33974118510043666	-0.14557056436324844	0.21652669228135007
0.34031797909537936	-0.14546563828511141	0.2164381028778684
0.3407210489234012	-0.14538808315159213	0.21637616916619898
0.34134235728102913	-0.14524014573642785	0.21628525372472313
0.3418224605408943	-0.145132427399909	0.21621400136644975
0.342133630608715	-0.14508006939209234	0.21616504198070624
0.34274685952176503	-0.14497404197657843	0.21606979509066282
0.3432351068118623	-0.14491002497144306	0.21599018887729154
0.34377004616296375	-0.1448089180284451	0.2159101058509765
0.34456295782612456	-0.14477388129519833	0.21577049572637588
0.3448660959939834	-0.14474559176734764	0.21572005443229683
0.34565617603487225	-0.1447028350698904	0.21558312875686333
0.3459849659828726	-0.14470492648181466	0.21552269316556108
0.3471194638851673	-0.14480999466827427	0.21529599260952423
0.3477401711064462	-0.14484789875807563	0.21515730914371275
0.3480351107907373	-0.14485582116116036	0.21499165425986977
0.3484108424715629	-0.14489875820327974	0.21452390035266647
0.3486419585166302	-0.14496898667959862	0.2140949888528465
0.34891620589083144	-0.1450844880855131	0.21351115914791172
0.349036585491259	-0.14515311513887375	0.21318878433438945
0.3492522940957917	-0.1453189109457534	0.212726495095238
0.3495902685293999	-0.14565075447270193	0.21182309381209655
0.34970787968538897	-0.14580090401969537	0.21145468988258487
0.3498960318115915	-0.14615658842097862	0.21056760290236182
0.35002388999209605	-0.14634262357267896	0.2101824010300077
0.35020971297089504	-0.14650818808771798	0.20923651198974832
0.3504292561342509	-0.1467205083051039	0.20837463012422902
0.35058458292040695	-0.146939806146891	0.20754318405614564
0.35073577881694373	-0.14733908491130215	0.2062497475280815
0.35084450474350337	-0.14763499505833555	0.20521170454538545
0.3509065115125192	-0.14789047715505027	0.20436541324703547
0.3510036644764054	-0.14827846326421196	0.20318365141764055
0.35102417993234014	-0.14848225449446012	0.20251750717970857
0.35102469461226316	-0.1489214198207971	0.20113878430514082
0.3510603390149766	-0.14942200273344397	0.1994945158933378
0.35100634891375787	-0.14999624824490193	0.19764565138007661
0.35089821610305816	-0.15039729647598077	0.19677468387069422
0.3506803866276371	-0.151117817784289	0.19529688127182693
0.35026560553938973	-0.15211195784807863	0.19306586906453274
0.3499298163514134	-0.15287350027379426	0.19137453721067982
0.349630521702486	-0.15328267611233926	0.19030980666906178
0.34895903606634004	-0.15443640756153276	0.18751790889262476
0.348438556565282	-0.1551323301418302	0.18571242651752556
0.34759541204350297	-0.15625790995286848	0.18287157642382323
0.3472550995703005	-0.1567002921116915	0.18173169518178478
0.3463245389450245	-0.15776943649342662	0.17893370950874257
0.34591281363161014	-0.15822915500044893	0.177713286130905
0.3447505868762123	-0.15960789161327366	0.17425022163774564
0.3438561569748382	-0.1604326468999187	0.17197918764746617
0.3429854386541219	-0.1613910256049978	0.16954240568299292
0.3416548949397538	-0.1627368821967045	0.16611270385937182
0.3411617957676349	-0.16319979567071036	0.16485721691533511
0.34015396804016307	-0.1641392503980365	0.16246699292567096
0.33904645827471336	-0.16529131850500467	0.15963134380738292
0.33707339683950055	-0.16715776373509023	0.1549480501224238
0.3363938686661878	-0.16778321792367074	0.15337236542393395
0.33534710236833193	-0.16874274933869682	0.1509697464723576
0.33365398381221223	-0.1703178504595419	0.14713895999272514
0.3323915238731455	-0.17150019367810954	0.1443099594915987
0.3307472581567942	-0.17301741962132397	0.14070243168108992
0.329935356350354	-0.17380639648669	0.1388533316654757
0.3281733475760244	-0.1754729210783541	0.13500840769641786
0.32682252658662303	-0.17666247970262933	0.13222679790428898
0.3254800668641723	-0.17793292899586516	0.12932720498533806
0.3241534068099964	-0.1792076563770333	0.12650451078737973
0.322696501907357	-0.1805790446528434	0.1234673335653913
0.32117612716395033	-0.18200660332744611	0.12030651978617296
0.31978412934671163	-0.18329392639755793	0.11740251886043679
0.31866720490449874	-0.1842526046498416	0.11482122327845684
0.3175798834785132	-0.1850570933572273	0.11228218989541366
0.31587448225307424	-0.1864008857600677	0.10828053472994237
0.31465244477453846	-0.18736037762384028	0.10540787925558537
0.3130096785523482	-0.1886118374520151	0.10158247357785055
0.311919934316799	-0.18950352066485676	0.09885292468157525
0.3108820162009218	-0.19027030701448033	0.09638540894052627
0.3096347520095525	-0.1912319244024679	0.09334719472412722
0.30860848464124063	-0.1919905356040415	0.09083449920203235
0.30706783472381805	-0.19322873477444286	0.08684216430535546
0.3061009065525523	-0.19397604217933567	0.084296991326618
0.30506967289813736	-0.19471507353420425	0.08163493161231972
0.3042596981363099	-0.1953468664329291	0.07936418830542713
0.30333184867139346	-0.1960303982904717	0.07680846768929267
0.3024148571758827	-0.19671811693443342	0.0741974153413697
0.3013440869010736	-0.1975505379248127	0.07092120358078474
0.30090050233068866	-0.19788986229746575	0.06937185373705529
0.3002077196565728	-0.19830461051468573	0.06731110103986276
0.2993136172844048	-0.19901037062230698	0.06418205897234008
0.2988000732688889	-0.1994063434067576	0.062103841584135566
0.29809638931958743	-0.19994620801818636	0.05909426348249941
0.29771382281249076	-0.2002287814840092	0.057248155991032446
0.29735344335398095	-0.20042950868976017	0.05539163178303669
0.29707318573981645	-0.20067774614592654	0.053580577896036485
0.2967742467869957	-0.20087468965637845	0.05188703273152989
0.29656861060957423	-0.20100654578294258	0.050315781248528924
0.2965002861148441	-0.20104599285638786	0.048555165311445325
0.29645657328014413	-0.2010393497779014	0.04636720846309256
0.29647058331604564	-0.2010474831314195	0.04509534264264503
0.29649064987235596	-0.20094371754393797	0.044100480812179266
0.29672726786621056	-0.20101596408625588	0.04219717790767513
0.2969693458171027	-0.20110673624224157	0.04102474201272427
0.29732423875973013	-0.2011397745620846	0.03932363996429583
0.29745267476043724	-0.20117105357268517	0.03852893185307538
0.2976630228648558	-0.20116853390491996	0.037329496700870324
0.29785276497841506	-0.20108615496814958	0.03620893132371267
0.2980262286697528	-0.2010565032492071	0.03471915919726237
0.2981794314136478	-0.2009958055030947	0.0336915144585766
0.298274614938606	-0.2009179238617425	0.03247358191393668
0.29825373358216545	-0.20093482667664242	0.03098305114939398
0.29827204052397965	-0.20091967250197712	0.030363287952716256
0.2983551081723364	-0.20079014766014575	0.02903507387462101
0.2984420434098309	-0.200690284310711	0.02809095611232615
0.2985275574472035	-0.20054293408210777	0.027049941347825512
0.2984837003271559	-0.20049304526083322	0.026027730684651362
0.2983973937419667	-0.2004197417600952	0.024876557964951362
0.29837815018444036	-0.20038403940195776	0.024015705865313264
0.2983902095489542	-0.20024617420371865	0.023431480058946408
0.29837977108928754	-0.20013517154960703	0.022406754321185163
0.2984096827181591	-0.2000035690482474	0.021590212940173437
0.298360073486436	-0.1998427481529857	0.02079785921860816
0.29825204093880536	-0.19978141904795343	0.020033659520001468
0.29810257049251865	-0.19969648063360362	0.01905483707636557
0.298039968790055	-0.19950937730749224	0.01812465799118157
0.29798184472133205	-0.19936156794452015	0.017411722354790993
0.2979713882677304	-0.19925085923926916	0.017079031272558776
0.2979380395831263	-0.1991129185936138	0.016495219274170636
0.29769570403173723	-0.19901042477983466	0.015538328019465475
0.29757726184770056	-0.1989032127140241	0.014973002890215914
0.297516100310532	-0.19864504129522265	0.01423697728341794
0.2974789317907775	-0.19852469930882188	0.013850791251099559
0.29733355689223456	-0.19843902990118678	0.013364317166297546
0.29711869494024273	-0.19832085595085225	0.01268578822386085
0.2969999710558966	-0.19819877681206372	0.012217066044583502
0.29696533959672045	-0.1980493278419253	0.011926528786873503
0.29681914661532727	-0.19770803891076472	0.011215063041786877
0.29663005170884355	-0.19765286092751	0.010765492664972787
0.2965407636046808	-0.19756651219710103	0.010554814851824468
0.2964458186079848	-0.19725924749027768	0.010346616130168296
0.2962260469227991	-0.19698482085838853	0.010076738760151582
0.2958557896970054	-0.19704169467530497	0.00980910590784545
0.29571880426552294	-0.19707017442789143	0.009710633119802803
0.2954815242073798	-0.19707749139373837	0.009538568235634148
0.2952754048363797	-0.19699916505088477	0.009343878754589308
0.29512848873077346	-0.19694295135369927	0.009201801681909538
0.29481161313220816	-0.19693851413623603	0.008985903897506198
0.2945454180924769	-0.1969820286976643	0.008838769407964131
0.2943575634308449	-0.19700336997996343	0.008734002222423043
0.29411279512155214	-0.19698079113001787	0.008572877544992141
0.2940172735711683	-0.19693920835053746	0.008491058772531868
0.29381517621706826	-0.19684650089443984	0.008318823943273823
0.29361797390354466	-0.19681841992282145	0.008176950229892621
0.2932432202730918	-0.19691412626306987	0.00796998461633941
0.2931000443702377	-0.1969363799006577	0.007888144190902058
0.29289724009054363	-0.19686282830205226	0.00772891391925562
0.29281555339265186	-0.1968193220019257	0.007663694836527957
0.2926715119951913	-0.19675020019895023	0.007540463641570461
0.29249940514091094	-0.1966730511098811	0.00738587646249661
0.29247749455263844	-0.19685439675119853	0.007378471365106831
0.2925036645063506	-0.19706868217438556	0.0073952527754835296
0.2925301887407114	-0.1972560295712803	0.007408559068776854
0.29264934170114254	-0.1973502943509583	0.007439428947711102
0.29272026763787823	-0.19739432410473484	0.007456703676151422
0.2928588649406851	-0.1974816658538796	0.007494496103473802
0.29296577955757075	-0.19772762923853976	0.007539667462337252
0.29303479881490574	-0.1980832790166322	0.007582989322132416
0.2931614682531535	-0.1982309500741331	0.0076280547171911905
0.2932847469841034	-0.19831728213322475	0.0076678462083994425
0.2935701280762618	-0.19851565632137846	0.007762019936924769
0.2937245384457763	-0.198722307900786	0.007826202304105523
0.2940165746634834	-0.19922436369165814	0.007973867090259268
0.2941852197519073	-0.1994440332753793	0.008051067643784715
0.29455420388759235	-0.19977534225057797	0.008206665257514734
0.29478423551692223	-0.19986151214292575	0.008343809319202256
0.2949676625931141	-0.19994537283581348	0.008451187674379024
0.2952243928816685	-0.20017109928435245	0.008629887779376955
0.295515077792912	-0.20059892470396823	0.008846775872317858
0.2956254069947053	-0.2007643136231292	0.008928246837131282
0.29587094356454074	-0.20103352187426188	0.009086629736718699
0.29613325993429257	-0.20118897338360558	0.009226613300579112
0.2965256057175619	-0.20140267732191092	0.009442403628515506
0.29688557330529475	-0.20169122481233515	0.00965639542848723
0.29701709073080396	-0.2018770228019663	0.009751036608842745
0.29726973914046234	-0.20222352644013175	0.009944415343652424
0.29753869801223237	-0.2023764429260278	0.010099840438646035
0.29768800112875016	-0.20245734381676445	0.010184267688620185
0.29801813352032097	-0.20262690508220982	0.010374945601323682
0.2982926212029839	-0.2028064335799794	0.010536615407562955
0.2984657673166618	-0.2030675476526091	0.010664565629874445
0.2986379615495564	-0.20336379214503575	0.010813087370124597
0.29883275274382914	-0.2034991969443919	0.010932180879014985
0.29900069551713737	-0.20358397557514396	0.011033273891066675
0.2994218903150842	-0.20384411348751164	0.011251304296256537
0.2997686282633633	-0.20410857623920398	0.011396424676538841
0.29997259095432527	-0.20439656349730662	0.01151993730367512
0.30004066381118266	-0.20456093863622377	0.011628873317519217
0.30025964529114246	-0.20467344564913564	0.011784587226719045
0.30040081510357763	-0.20473203211265334	0.011880472120026908
0.30062434976352254	-0.2048369247423002	0.01201932579964643
0.30079611827314817	-0.20494745001479403	0.012106247022700078
0.3010908429628153	-0.20541526240402436	0.012268959121497724
0.3012772107476355	-0.20560098680034938	0.012417381287811169
0.3013879374855056	-0.20562832423854227	0.01250653151592318
0.3014125644456301	-0.20559754100535743	0.01255169985426774
0.30137755889306345	-0.205544361677171	0.012554849516512201
0.3013778260066273	-0.20554127853917153	0.012554342672162766
0.3013790596096021	-0.20553808583192124	0.012554940400633818
0.30138071015174916	-0.20553727388019882	0.012554635359577238
0.30137985181419796	-0.20553660392635276	0.012553793403076441
0.301379394581129	-0.20553456862947694	0.012553278399472623
0.30137929014114145	-0.20553401713022423	0.012552605664644612
0.3013782221519095	-0.2055330469324705	0.01255192439865832
0.30137751834392634	-0.20553244133211862	0.012551177667727509
0.30137776358412305	-0.2055326256371548	0.01255069207325743
0.30137669120183486	-0.2055320494944804	0.012550305204365453
0.3013763051637113	-0.2055317162598369	0.012549821956806151
0.30137422247093465	-0.20553040151433344	0.012548363080142955
0.3013734354646968	-0.20552929494705052	0.012547817832254005
0.30137259721365517	-0.20552911969908888	0.012547610111419805
0.30139633429131507	-0.2053482808490839	0.012787983131839709
0.30120452339063475	-0.20538551489467494	0.013739238101760698
0.30108241306888606	-0.2054116926586555	0.016097267327234266
0.30096811484232555	-0.2054516846860583	0.018260900223044774
0.30094877022456884	-0.2055756914987275	0.020045051481650367
0.3009167295984709	-0.2057704849054796	0.022994745942722217
0.30077844146306165	-0.20597092823628904	0.02737667322747417
0.3007032811202378	-0.2061497435543717	0.03142427074780346
0.3006214784082538	-0.20633695643071648	0.03579993799768927
0.30049401352871064	-0.20651138955839748	0.03991491595769586
0.3003890642860213	-0.2066905904126115	0.043930752898841574
0.30017308224503425	-0.20691973718730972	0.05158453685369924
0.2999693688200417	-0.20705710598393295	0.05670905614273952
0.2998125687428026	-0.20722283181522888	0.062099370756870886
0.2995963037344457	-0.20734838963025104	0.0676329080611201
0.29940289922146557	-0.20756613728722184	0.07301826185073551
0.2991162217101506	-0.20784702351205037	0.07941062561789747
0.29876622909125927	-0.2081861030091673	0.08793521632456763
0.2985066027644072	-0.20836791009911476	0.09336789959513997
0.2983572121856821	-0.2084671126639417	0.09731282091996973
0.29796044401366545	-0.208631032933707	0.1058214238859101
0.2976718851974365	-0.20860766518215768	0.11225969497281152
0.29733246177756134	-0.20841845935771258	0.12065847890548564
0.2971865971855828	-0.20832800521359351	0.12418022511216092
0.2968705191762695	-0.20814709410336824	0.13252295521960156
0.296765595190884	-0.20804456776788177	0.14072418684632199
0.29678225919993045	-0.2080504300911334	0.14671415497670398
0.2968494136698971	-0.2080280719117532	0.15260448917491026
0.2970040688873388	-0.20808822314649772	0.15780496422383922
0.2971620779558905	-0.2080919124054223	0.16535307081745831
0.2973058842547544	-0.20805405233696234	0.17143862157890513
0.2974664786567128	-0.2079643705242999	0.17614779890237436
0.29770658395703603	-0.20790724937874694	0.18122255383216732
0.29794900454267254	-0.20776536842276683	0.18532101849935395
0.2984469785850425	-0.20766181329949202	0.18989135676768426
0.2991733367901723	-0.20734285413063364	0.1953753032351073
0.2995176364787624	-0.20718137326364267	0.19770909835643197
0.3002141112794208	-0.20643724704857447	0.20283658791003883
0.30047902565089796	-0.20563514662403737	0.20569584132256796
0.30058994684774637	-0.20453174586020345	0.20856553693605662
0.30078990619453905	-0.2027642359504323	0.21222766134370924
0.3011949175096111	-0.20150593529203198	0.21463444189295025
0.30183948736057087	-0.20016607602384623	0.21688772736702638
0.30269615289214064	-0.19873731436133185	0.2190336969948028
0.30377103760209606	-0.19708760046998802	0.22146037606604466
0.305099313345835	-0.19591733830262775	0.2235582114130832
0.30729912118625213	-0.19458819194219507	0.22625410391366987
0.3085278921049388	-0.19395579025130644	0.22747967790166926
0.31141160976043114	-0.1926832677794436	0.2299123716612314
0.31404366882834883	-0.1918557921368696	0.23169879067591395
0.3166392892252969	-0.19130929438559052	0.2332043353712626
0.32102249483470263	-0.19079521050969497	0.23523379509085243
0.3230271511468186	-0.19072671403959526	0.23601079734139097
0.3279379538049954	-0.19086365813822392	0.2376137816887487
0.3315623700131898	-0.19120580197429715	0.2385519718741932
0.3358722035852351	-0.19188561376378577	0.2393311520831821
0.3412561626827683	-0.19271864715687548	0.24015242826715888
0.3437732064445465	-0.19302708238798877	0.24047767556057895
0.34710990507499556	-0.1932570480864999	0.24079897931407518
0.3521784854113033	-0.19342827669157747	0.24114370608299052
0.3554613869101074	-0.19339612345841148	0.24120239621280135
0.35952855152743357	-0.19306053157421152	0.24111813281287392
0.3627290874168704	-0.19262111624888836	0.24085602051447977
0.3667507216869346	-0.19179808168270784	0.24025633564775528
0.3693155111096921	-0.19101878945420955	0.23967103596007905
0.37173177831236015	-0.19025056483373276	0.2390753570636843
0.37452892190843806	-0.18926242930329557	0.2383152956557
0.37594843103206194	-0.1886857768244386	0.23790444280296988
0.37916952969294615	-0.18701651709521644	0.23660750619250248
0.38209327035131235	-0.1849877362811369	0.23500115558003293
0.3839241368672543	-0.18341133524011036	0.2337761978595642
0.3857976161628037	-0.18163711359519336	0.23246207495998772
0.38699025645300034	-0.1804102536985485	0.23160872425696363
0.3883516948676314	-0.1788938347967221	0.2304323315748661
0.3905572608572348	-0.17585045124892967	0.228249379777332
0.39190396757324425	-0.17366262661640802	0.2267382161914182
0.3936704535441788	-0.1705616701936683	0.22467199982486405
0.3950375706536124	-0.16758614898097562	0.2227373907184486
0.3962459754554977	-0.16452043176152006	0.22087663024635257
0.3969511413136744	-0.16256818084960117	0.21971906750787296
0.3978253675408369	-0.15992160693588686	0.21817930363355825
0.39892614463706494	-0.15587299372833854	0.2159374709883058
0.3995382274561094	-0.1533194096167017	0.21453570353657098
0.4000821172929211	-0.1508599431458595	0.21322599099136388
0.40057979385459797	-0.14848607669526526	0.21207091778485507
0.4011399541070395	-0.14519095108402413	0.21039033767458387
0.40153909167602647	-0.14273603414160058	0.20911021527336876
0.4018656373258851	-0.1406191444913681	0.20809940957915068
0.4020706942670531	-0.13927380712423942	0.20743005085559882
0.4022782044915392	-0.13741926488361378	0.20667680809089098
0.4025424881563463	-0.13370658764119758	0.2055222634367818
0.40257274845270896	-0.13262256249821563	0.20530045817813233
0.4025295084410253	-0.1301235548527624	0.20515906929153005
0.40247532893709276	-0.12847683724592368	0.20533384039154443
0.40241323238963483	-0.12736207219396045	0.20561956344588989
0.4022327366297619	-0.12608997999054777	0.20592547503519662
0.4019974569140515	-0.12474326411558496	0.2063005914594003
0.4013991474719299	-0.12278988928559244	0.20694984059331012
0.40098673331727824	-0.12210925582399167	0.20723093887972274
0.4005621589176127	-0.1212024767705873	0.20771214664158355
0.40017001258094576	-0.12039703423972885	0.20819882907292367
0.39967911848156207	-0.1197163198319433	0.20873929057052376
0.3994304107230973	-0.1194241352468144	0.20893678276843153
0.3985392032248573	-0.11822487575751625	0.20977512511525484
0.3982439388952673	-0.11780900450982475	0.21007886816871824
0.39787502765930105	-0.1172894956151966	0.21046554860470906
0.3973535107161824	-0.11656694023829682	0.21102263871529284
0.3969037681398565	-0.1159320132296671	0.21145803778386568
0.3963016811473411	-0.11508200850171872	0.21216597541581042
0.39586844216072403	-0.11447428254400795	0.2127150423184144
0.39539753533534494	-0.11379832631355087	0.2131325575576358
0.394968562912653	-0.11318979495654154	0.2135049574988891
0.3943339844002897	-0.11228343377221243	0.21399111409767124
0.39396795355154085	-0.11177426781347306	0.21440942903262913
0.3935397636296996	-0.11119916713211402	0.21486668533775638
0.39313323203854805	-0.11062241088337331	0.2153170089871067
0.3927164807367085	-0.11002285766861848	0.2158208321782327
0.39231313903472687	-0.10946537361386703	0.2162216476859385
0.39174584385157357	-0.10862954236276944	0.21665847132984772
0.39155268475889116	-0.10834968394094026	0.21682091605239015
0.39091535577466585	-0.10750489507514578	0.21740891415380706
0.3905391031791278	-0.10698580431179099	0.21786083952672766
0.3902224492075277	-0.10650106947895589	0.21832132248944525
0.38987401227688845	-0.10590977319944632	0.21865505534727483
0.3893864895902714	-0.10508329845784771	0.21917485857097582
0.3890586229976446	-0.10459764234125492	0.21951945334441927
0.38865579444171106	-0.10405548107067679	0.2200398497444643
0.38832073351949625	-0.10360430366734392	0.22036823642544057
0.3879581841582307	-0.10307762002377972	0.2208429530746083
0.3875503761938302	-0.10239422263400892	0.2211984439067397
0.3872212141154039	-0.10181065650134254	0.22163821471968545
0.3869449905131258	-0.10137945851923404	0.2219199673568502
0.3865333006225333	-0.10080464351594172	0.22238526019358218
0.3861722929454049	-0.1003248132346554	0.2227984229631882
0.3858490173901557	-0.09990751815276598	0.22312445992360014
0.38552912857820654	-0.09934086943977634	0.22358653853442612
0.38519522181757515	-0.09872137270169905	0.22390811372181685
0.38491613844318195	-0.09822364360068538	0.22429227953980854
0.38460119702299866	-0.09777463680482919	0.22464348186808242
0.3841426787435922	-0.09715234795918339	0.22515677410251428
0.38384800443728895	-0.09673157497817746	0.2255064644744083
0.3837197148165078	-0.09651337765686131	0.22560596043557385
0.383408094755347	-0.09597965163914214	0.2259277295142735
0.38311399196746426	-0.0952590424010087	0.2263868536983523
0.3827141101659964	-0.09430011874675169	0.2270202790780886
0.38245047675536614	-0.09376733820381798	0.2273650459083902
0.38229206269358335	-0.09350854961149037	0.22748392908163653
0.3820178525824817	-0.09304644576963438	0.22776944140728053
0.3816870312683971	-0.09251944350567982	0.22806770573194024
0.38131365416777646	-0.09180654655908883	0.2285555538129049
0.3811133645606186	-0.0912384321692233	0.22893428920434836
0.3809163907039478	-0.09069870305714002	0.22920524497418174
0.38040405593315413	-0.08943570846277461	0.2296940499184633
0.3800652790809441	-0.08836791082521599	0.23009192664216196
0.3797960682885684	-0.0875812344827037	0.23043176390899833
0.3793309703275939	-0.08614561086388377	0.2309490704090194
0.3787164604486572	-0.08430784559018904	0.23162884818355525
0.3783067605315639	-0.08295587298925354	0.23210575891797638
0.3778586757267323	-0.08158984865261047	0.23260422673904935
0.3775156695713551	-0.08050807832613434	0.23300668970772037
0.3765458683595415	-0.07746187437569808	0.23406842811267597
0.37606705837346827	-0.07589439952080636	0.23463992095257363
0.3754787320469761	-0.0741199936156441	0.2352521202538813
0.37510502306020277	-0.072975046322358	0.23570725577321536
0.3745537052811464	-0.07121513751366888	0.23628838503723118
0.3736595568628115	-0.06855190797284792	0.2372560503577256
0.37274273094933974	-0.06578553079726103	0.23817492382946415
0.37232611309258995	-0.06453209939647815	0.23862848418565125
0.37146127048891614	-0.061955070820044436	0.23949139672836772
0.3707860972343609	-0.05994558490591802	0.2401730543342026
0.3701741386828725	-0.05824235904193335	0.24074023675951123
0.3691116640692896	-0.055231000850526055	0.24180771572925983
0.3684088951504665	-0.05321648033714098	0.24247888700610104
0.3678181063979611	-0.05153782967806521	0.24299103236904093
0.36732515034099955	-0.05019392269423063	0.24345811688552912
0.3667049231243338	-0.048492780456444215	0.24401922274749438
0.3653517226921156	-0.044857328710754846	0.24521987027224806
0.36493135014122735	-0.04368590616949085	0.245563629212556
0.36428255994765296	-0.04155647956747614	0.24627438016225375
0.36336637276767303	-0.038638870240496684	0.24726140912327527
0.36263189706174764	-0.036226628181037154	0.2480837214464974
0.3617765389338637	-0.03341334690527524	0.24909064656806615
0.36116422945574794	-0.03137951293043499	0.24974360637100226
0.360538742475482	-0.029284056788773258	0.25044663362249775
0.35965854968541094	-0.02641399997243786	0.2514508595030851
0.35925122682175425	-0.024978818833339037	0.2519137858066465
0.35847649117622377	-0.022432390215947715	0.2527565091176054
0.3578298662626605	-0.020276757927322184	0.2534858421100108
0.3573659085565559	-0.01874377742016546	0.2540194549075157
0.35670398952488114	-0.016510982681008382	0.2547227070578168
0.356110125749573	-0.014516025152800358	0.2553533416814167
0.35533781937535425	-0.0119642163000067	0.25621744771478827
0.35481814702909076	-0.010306858925733062	0.2568268900177897
0.3545335908676808	-0.009246731071390638	0.2570941843039357
0.354055997155268	-0.007739870444790145	0.2576306218200194
0.35322505570469953	-0.004943832863823869	0.2585141747459809
0.35284468277057757	-0.0035738564751455065	0.2589150263499699
0.3525627396819219	-0.0026740299646155624	0.25922842917311717
0.35211269660314165	-0.0011865404649383932	0.2597159991603374
0.3518154537942497	-0.00010957556067413277	0.26002760654699725
0.35138006963565244	0.0012976244459744213	0.2604745013248714
0.3510091578088284	0.002612348432696157	0.26086612023435185
0.3505916106454212	0.0038978288518909526	0.2612480312249842
0.35039402029007094	0.004375522998448983	0.26132757699663794
0.3501521384157271	0.005027903228826847	0.2614363207875699
0.34994457747305563	0.005424055622579915	0.2615549897097255
0.3498380310292808	0.005703958117550964	0.2615576316035381
0.3498112518547364	0.005784935749521811	0.2614917707191635
0.34979934745211266	0.005795648600566458	0.26147419205632866
0.34979894853367344	0.005793640376972803	0.2614725378348872
0.34979898972279366	0.005786068736236008	0.261466387797181
0.3497994516142877	0.005781738587487775	0.26146336468979037
0.349800275901695	0.005774111694896264	0.26145739179452737
0.34980276641769625	0.005765105552107366	0.2614486728922447
0.34980566833185367	0.005759811388137873	0.2614423253759657
0.3498100259163559	0.005753598481892691	0.26143393564023654
0.3498123363880598	0.00574951858949746	0.26143121768239425
0.34981491423730837	0.005745954304850434	0.26142897490049277
0.3498156111014399	0.005744990161391433	0.2614283653689669
0.34981672807080816	0.005743441798286675	0.2614288589738827
0.3498171308236273	0.005741775006036551	0.26142891136363566
0.34981769977446786	0.0057416102976070305	0.2614298163786811
0.34981893872663405	0.005739765470006444	0.2614293448522772
0.34982051714130935	0.005738719842390952	0.2614294010189264
0.3498201946020208	0.005739170581631106	0.26143033950467776
0.3498210855170881	0.005738684578171546	0.2614305254726528
0.34982123658361225	0.0057375418249331345	0.2614301998914694
0.3498220195620628	0.005738209033472844	0.2614304909438143
0.3498224675565598	0.005737801339305418	0.261430737341025
0.3498223337543604	0.0057369517626532085	0.26143070162076065
0.34982251190553126	0.005738181557215116	0.2614309855370196
0.34982279339215305	0.005737295113668911	0.26143125407719764
0.3498230707045138	0.005737105905417747	0.26143066014153626
0.349823097972835	0.005737563086894187	0.2614309458133005
0.349822636697215	0.00573799173387067	0.2614316734698188
0.34982275042136585	0.005737776014984056	0.26143220233258946
0.3498224071681102	0.0057381826332216085	0.2614314707367934
0.34982298888131075	0.005737601172859902	0.2614315841474546
0.34982292539774223	0.00573775121770867	0.2614310545493671
0.34982286085409753	0.005737749283843241	0.2614317046407348
0.34982306502297583	0.0057379010658953206	0.2614324071192772
0.34982286085409753	0.005737749283843241	0.2614317046407348
0.34982712841453745	0.0057354741625705585	0.2614096418993568
0.3498559224238752	0.0057037430602269595	0.2612004026102773
0.3498591464516247	0.005702691169368598	0.2612037369229312
0.3498597043069566	0.005704517087313593	0.2612638633198273
0.34986989185597583	0.005704494555599682	0.26131408093338937
0.34985978255470673	0.005711118186034064	0.2613491306608256
0.34984223305665335	0.005724121190590653	0.2613931587385878
0.3498345828775215	0.0057293140457382735	0.2614110401228776
0.34982950478975605	0.005733414322905361	0.26142199278970607
0.3498269188343065	0.005735398668083605	0.26142670312462357
0.34982472751119964	0.0057364461535807515	0.26143188787559807
0.3498236288526334	0.005737598536863495	0.26143524189270595
0.3498276244917647	0.005732790408121802	0.26143730983117086
0.34985918682751127	0.005699490179536554	0.2614543818151449
0.34987260704431955	0.00568358969358887	0.2614650401829783
0.3498710128709234	0.005682637717910444	0.2614596230683408
0.34987058013314537	0.005683430201601086	0.2614564470586259
0.34986652913657823	0.005687584500370366	0.26145241771418126
0.34986388074793573	0.0056907209305303574	0.2614496464339685
0.3498598625059452	0.005694393614832996	0.2614475775706101
0.3498541022187065	0.005700357477402371	0.2614435082286607
0.3498405230497661	0.005714147768939873	0.26143775370715827
0.3498329504758843	0.005722044219944225	0.26143571598555376
0.3498271521136329	0.005728605911207912	0.2614318587659221
0.34979671655049627	0.005763141757337137	0.26143233830847257
0.34978663627354195	0.005777342017490417	0.26143288805965653
0.34978731337433266	0.005778837444272197	0.2614342955517104
0.3497888391364476	0.005777951990505334	0.2614351240224675
0.3497919013492252	0.005775143534295216	0.2614339314441767
0.3497275318382012	0.005832070090269911	0.26163884897399137
0.34968142036074606	0.005875272059506206	0.2617206269409017
0.34971970429479	0.005852038214013061	0.2616228940643021
0.34974336613633605	0.0058366417371720075	0.2615602295652134
0.34977704687451905	0.00580934970986334	0.2614861248507139
0.34978696638699985	0.005800271827725537	0.2614642132656395
0.34980313787010464	0.00578353535019499	0.26142884479003714
0.3498086531609448	0.005774080103468124	0.261421360038533
0.3498145996937317	0.005761060301162121	0.26141693392530874
0.3498183818474631	0.00575229445170633	0.26141531833483045
0.34982008786885316	0.005746226322951464	0.261414737497639
0.3498221122428401	0.005741189302700775	0.26141585534290923
0.34982378934120756	0.0057374603133909935	0.26141657834442433
0.3498250461731803	0.005733920621952535	0.2614172792126248
0.3498259381239495	0.005733065986476285	0.2614195614420648
0.3498270020653511	0.005731417438872274	0.2614206879678703
0.3498273417054363	0.005731040997838471	0.2614232528626757
0.3498272236795612	0.005731546603639587	0.2614245241225217
0.34982723907273405	0.00573118086351912	0.26142498423288874
0.3498273409347512	0.005731048719194484	0.2614260663549662
0.3498270579371458	0.005731263596084987	0.26142667278194187
0.349827575809233	0.0057307108315871325	0.2614273260605876
0.3498262576041522	0.005731891295155306	0.26142765907414534
0.34982718532628665	0.005732272273695854	0.26142838387849654
0.34982573775682346	0.005733094742642331	0.2614293553632797
0.34982571954244773	0.005733176840870324	0.2614293953450533
0.3498263073913147	0.005733094426823251	0.2614290146140975
0.34982611392399166	0.005733616154486559	0.2614300856244265
0.34982610595500907	0.0057336520728559215	0.2614301031166704
0.3498256319180116	0.005734859466290335	0.2614311349116696
0.34982496959818454	0.005735469582795763	0.26143165332575113
0.3498249968672484	0.005735926764417587	0.261431938996335
0.34982329002730383	0.005735274688379685	0.2614401391270485
0.3497939778498839	0.005736279137597083	0.2615719364634119
0.34967440595951754	0.005483896487241791	0.2618160690683162
0.34965610845791234	0.004893805000004858	0.26187757832704023
0.3496470730643672	0.003851754926114323	0.2619801638734117
0.34961971795388863	0.003434787935085115	0.2620433033626812
0.3496239043826137	0.0022032269568779544	0.26228903533589576
0.34960307500655796	0.001315576230887086	0.262459085268153
0.3495093666080668	0.00029016834085590637	0.262687249981809
0.34942441567532273	-0.0013016223434818702	0.26310678669616916
0.3493817103408381	-0.0022367774683841463	0.26329780494108823
0.34924156829801783	-0.0037605422529655846	0.26367843902616483
0.34919191644167474	-0.0050913311997237	0.26400857646031894
0.3491000124209375	-0.006028387700365026	0.2642698056923045
0.3489753065083462	-0.007991392724202087	0.2647760534191896
0.3488386557924944	-0.009494074511750786	0.26514602136874954
0.34873843651174163	-0.011806243733827729	0.26566623362718794
0.34871481655966075	-0.012916182948426433	0.26575460595809397
0.3487839617652491	-0.015262631803880336	0.2659402705409326
0.3487734752346063	-0.017067864153792925	0.2661192633853629
0.34877327982799533	-0.01971437535361152	0.26642832991526594
0.34879767832324104	-0.02177339789234646	0.2666218217569853
0.3487776268761022	-0.02279514305736681	0.26672233354316677
0.34879147301521696	-0.024820340461537985	0.2669184540495952
0.3488110592802206	-0.027128750799038634	0.2671434897248125
0.34880632895226077	-0.02901058908518568	0.2673756168771102
0.34881159796088973	-0.03207013303496027	0.2676798100555837
0.3488027724818598	-0.034930429923363385	0.2680178825707092
0.34877422131305325	-0.03695440037859783	0.2682282655723278
0.3488040565858983	-0.03912763831923967	0.26845752380292576
0.34881970618578423	-0.040460656109578316	0.2685338915569687
0.3488122076514596	-0.04471720138674408	0.26901738435292444
0.34881439878816345	-0.04606022755378193	0.2691501227478843
0.34882004641984027	-0.047963653663805436	0.2693563999612103
0.34882045984811805	-0.05112225144338438	0.269655290665347
0.3488427379268957	-0.0528595368774737	0.2697977802731367
0.3488183875541336	-0.055587146153573117	0.2701530421670577
0.34887195473919974	-0.058607794746738676	0.2703784238330931
0.34882397212488525	-0.059867460030309363	0.2705147810367706
0.3488383677602398	-0.06206450779376525	0.2707344011932365
0.3488750055727509	-0.06424251638248084	0.2708870170994854
0.3488466877214591	-0.06719227733563811	0.27115218279735176
0.34888249226691515	-0.06941574982146674	0.2713458201693006
0.34888532143637546	-0.07232342221304737	0.2715575302460118
0.3488758266140426	-0.07444715070741638	0.2717260222716008
0.34887656314831367	-0.07631301335030961	0.27184723374353303
0.3488807543496569	-0.0785476389015118	0.2719889653826695
0.34887398871445735	-0.08117149761369437	0.2721191696519914
0.3488731494289037	-0.08240956772287077	0.2722357274159585
0.34887207160859135	-0.08466246969640627	0.27231984760581973
0.3488864188959905	-0.08603817339104113	0.2723992481729978
0.34887726710610945	-0.08848161871670905	0.2724912112622606
0.3488762695594651	-0.09099886186182342	0.2726205373152992
0.34885644027089013	-0.09213570495706604	0.2725725005682655
0.34886059102970984	-0.0941250918975134	0.2726320481515957
0.3488419473200486	-0.0951828821371103	0.2726102388051521
0.348854132038672	-0.09715561076059968	0.2725949380728191
0.3488236503152225	-0.09802155829618155	0.2726271045251354
0.34881717656250993	-0.09984963474184795	0.2725093326558586
0.3487993755486657	-0.10134466057184797	0.2724550070047206
0.3488128706696392	-0.1026381591517737	0.2723082575634802
0.3487588357535255	-0.10390153447793389	0.2721047243695751
0.3489055266094718	-0.10524672665424332	0.2715564301467666
0.3489146140465763	-0.10646278279223552	0.2710008386943524
0.34877326847284423	-0.1078300728573308	0.2703074796933338
0.3487646293017785	-0.10925935733539971	0.269630626634447
0.3488169728422842	-0.11096010376976251	0.2685565751493899
0.348793095287776	-0.11175917063540107	0.26797854622276374
0.34883861160094864	-0.11302203971907329	0.26708160050876406
0.34888397249995445	-0.11467766613236648	0.26577630642878924
0.34890978860130717	-0.11565641470916778	0.2649433025293285
0.34891349716073394	-0.11699344377212469	0.263694878054918
0.34894552541257323	-0.11835891706931964	0.2624427956816861
0.3490031555108545	-0.12003453768035942	0.2607555607503257
0.34901708161932943	-0.12115260623681384	0.2595686214167445
0.34903041135708984	-0.12185878827122668	0.25883481375647827
0.34901052649375386	-0.12300318168098341	0.25765326226375096
0.3487249741335711	-0.12473136313684054	0.25555987943292674
0.3485203419088373	-0.1255480330360012	0.254655912827074
0.3482777197888055	-0.12617244193426652	0.2539772002467989
0.34802291090612053	-0.12673496286365415	0.2533966133987215
0.347602565356225	-0.12720861197918654	0.2528841835218361
0.3469270109771006	-0.12755001214514416	0.25244496483373363
0.3462667331752158	-0.1275330291352093	0.2523285486807073
0.34575511321562535	-0.12742780537350773	0.2522980103654129
0.3446126235060485	-0.12694521632318984	0.25244249484131137
0.3435397300952536	-0.12644922819245674	0.2525825113454294
0.34278053747419984	-0.12609772141629114	0.2526771493392577
0.340908795392659	-0.1251581720902266	0.25311732000041803
0.33876348435495385	-0.12399748787374498	0.2538548895953814
0.3370686942057352	-0.12307560874118142	0.2544082970911842
0.3352126618626107	-0.12211485450871182	0.254985670611677
0.3332683193459294	-0.12120214909092795	0.255389867022138
0.33162703390322007	-0.12051887474266107	0.25567982402848516
0.329642867549923	-0.119749922835135	0.25584110872099086
0.3277443706486719	-0.11900356319073271	0.25591139763528814
0.32545960396405804	-0.1182719940266642	0.2557382785881687
0.3238631614572984	-0.11787671849089892	0.2555114459317739
0.3222383677963075	-0.11755678103517767	0.25507904134135806
0.3212241773898334	-0.11743327593502019	0.25477291434282423
0.31898650874590606	-0.11728375457705555	0.25376407046557625
0.3177967270036087	-0.1173127744702075	0.25301725954582266
0.31705570271565114	-0.11737647385461077	0.252459627184332
0.3161146451711584	-0.11763227487161564	0.2514046155862848
0.3156871914688768	-0.11787489768066826	0.2507134642412314
0.3150943014913136	-0.11863713761345951	0.2493375572399278
0.3149519496282191	-0.11958418484704404	0.24772466777910362
0.3151179893140973	-0.12014588751188472	0.24666020493652832
0.31540108090841223	-0.12052657265717936	0.24604950477895934
0.31620969855113906	-0.12133685807733159	0.2447512479257618
0.316922990182394	-0.12219493889275622	0.24335764351525138
0.3173117672121628	-0.12274361931738198	0.24235960645333765
0.31767902514703056	-0.1232618966558834	0.2414742780798929
0.31809505337676536	-0.12376257635479061	0.24068038590415622
0.31851422070650653	-0.12423530804800745	0.23988019842834565
0.31876020978073627	-0.1245083146442493	0.23943228594666008
0.31899152944232545	-0.12485728899780948	0.23866729530832786
0.31920119077563763	-0.12508399450702384	0.23812856494307838
0.3192982173817842	-0.12521632473092065	0.23781956346663902
0.3193818166316245	-0.1253087162239715	0.2376226674368172
0.31978648287997463	-0.12571107412433516	0.2371072826624951
0.3200201859721574	-0.1259044042958815	0.23688024388625942
0.3204314722425254	-0.12625179752335353	0.23644570435809031
0.3207200290940735	-0.12651196260105912	0.2361023657236184
0.3210589085922262	-0.1268636997029239	0.23566507767229716
0.3214819940052626	-0.12721830296126754	0.23526069943896838
0.32165332321180923	-0.12738281493520845	0.2350776379588958
0.3219837787823343	-0.1277066209346881	0.23464156374795364
0.32226212329696524	-0.1279326913338425	0.23431549257957907
0.3224962797686787	-0.12817591475494658	0.23395522096860935
0.32292747236321545	-0.1285010623906791	0.23353016518040154
0.32311468680755345	-0.12878721440762136	0.23321893837649155
0.3233470446754694	-0.12913083581193546	0.23287467764727524
0.32352138618898296	-0.12945460000794884	0.232529817311963
0.32377859310791607	-0.12985082423052136	0.2321249069496677
0.32400461931164665	-0.1302004270138483	0.2317726965239566
0.3242006539757605	-0.1305342091881958	0.23142518355172273
0.3244039072675127	-0.13085619646818475	0.23110341581710825
0.3245051721391903	-0.13105367808205476	0.230891702142347
0.32465042276853695	-0.13134371307981094	0.23058065014543963
0.3249628627921926	-0.1318798910898768	0.23003665220002895
0.32520871616896263	-0.13213260196117263	0.22972102276393508
0.32539413958413366	-0.1324791920723185	0.22939543873671855
0.3255888106668058	-0.13286006078512608	0.22908307931026256
0.3257433683717216	-0.13317862909414752	0.2288169492354747
0.3258237114854778	-0.13340529532230216	0.22860707974794275
0.326016043308687	-0.1338670553288055	0.22820263542656563
0.3261973632879459	-0.13422980502234194	0.22790252463854388
0.32649077726180914	-0.13455938333154197	0.22749590888923535
0.3266366094677106	-0.13483484789927286	0.22723649341082613
0.32678512816429534	-0.13519656121721219	0.2269176592746293
0.3269488154512836	-0.1355422064676173	0.22663173372375364
0.3270763421161662	-0.13584814898247957	0.22636646585784687
0.32727523049962715	-0.13631733686464154	0.22596945029491783
0.3274469385576329	-0.1366414182246592	0.22572588187338527
0.3275489204188465	-0.13699254585995096	0.2254085405513408
0.3276178774004446	-0.13720481046356967	0.22522315861320444
0.32795000815618064	-0.13756327461601275	0.2248117872213957
0.3280981364660595	-0.13783703039368866	0.22455903872725766
0.3282085327609322	-0.13811611805952023	0.22432699626607372
0.3283598142236272	-0.13845675287676001	0.22405417467318858
0.32847249633149406	-0.13875162614823627	0.2238033579071643
0.32860227630180994	-0.1391157845191498	0.22349208380154922
0.32877538410642076	-0.139528118793932	0.22316304213363036
0.32887046168955897	-0.13981296563718362	0.22292241529516107
0.32892332797098217	-0.14003821200246236	0.22272832957587785
0.3288371382731995	-0.14024807542233275	0.22246189479866788
0.3287921809538391	-0.14032954089056354	0.22235087871910397
0.3286887766060435	-0.1405166537656047	0.2220966686149246
0.3286276022835756	-0.1406484572162277	0.22192375487547672
0.32855999465996644	-0.14077336147774355	0.22175035837854762
0.32846584681710284	-0.14094933082084743	0.22151206196371304
0.32843294762370046	-0.1410665859965735	0.2213722901438018
0.32839517332474427	-0.14117861875328153	0.2212323568935757
0.32832877254588233	-0.14129143819365603	0.2210684870184323
0.32822511134554183	-0.1414582513127341	0.22082338301969942
0.3281909291616543	-0.14153527858596934	0.2207161102030622
0.3281250510818784	-0.14165013543473975	0.22054843271806512
0.3280513031342358	-0.1417805602863208	0.22036255120246412
0.32800887708924625	-0.1418896454797368	0.22021357398920477
0.32796172495581327	-0.14198047575829525	0.22001664704640472
0.3278950618985164	-0.1420415664897845	0.2198625317222013
0.32786662411747564	-0.14220002175474689	0.21967472632929053
0.3279331778768154	-0.14238567553241127	0.21953169722109467
0.32810166204698277	-0.1425473872848439	0.21949851454882785
0.32833001690377595	-0.14275742828904067	0.21945549855370436
0.3285465861165867	-0.14298224727325465	0.219379014280078
0.32884406275631595	-0.14327125006925195	0.21926566599678787
0.3290737581848712	-0.14349451115885595	0.2191784326404481
0.3293101838738255	-0.14375653617235457	0.219087479947852
0.3295224022762878	-0.1440246084493801	0.21900385868274383
0.3298226533508881	-0.14440535964351864	0.2188852863825227
0.3299360568455354	-0.144547582121528	0.2188400314759173
0.3301986695756416	-0.14482350157964657	0.2187389045424365
0.3303806075725011	-0.14500464833873883	0.2186693905025135
0.33062694859545433	-0.14529168303237022	0.21857293139057205
0.33090559486640897	-0.14565213282386305	0.21846052128044222
0.33108264923805836	-0.1458850935294062	0.21838920453957417
0.3312740006962217	-0.14611349252692613	0.21831362193416232
0.33146018663417326	-0.14630247351988546	0.2182414149980416
0.33172190822442005	-0.14658602997804732	0.21813943748337383
0.33183195784438435	-0.14672966620156414	0.21809510210480543
0.33212443695282956	-0.14711909246513144	0.21797408081635994
0.3322471449748221	-0.14728060420396483	0.21792382021259946
0.3322516090308754	-0.14728680450512854	0.21792313586847994
0.33225146541097045	-0.1472866716568268	0.2179233002927291
0.3322476057433401	-0.14728873205157622	0.21792481950162834
0.33223699313120547	-0.14735324234232428	0.21792293321522754
0.3322308743130718	-0.14737325866055048	0.21792407101775
0.33222588607159526	-0.14737235003909466	0.21792499428578846
0.3322222897644399	-0.1473670571874945	0.21792749218804935
0.33221611061182826	-0.147360719718269	0.2179299726320203
0.33221128130777144	-0.14735657184996004	0.2179321293170179
0.3322086312071097	-0.14735359510376572	0.21793319179001336
0.3322082752524444	-0.1473527498003221	0.21793343721233033
0.33220750750602024	-0.1473510897186774	0.21793375231707976
0.3322071532950401	-0.14735132103084497	0.21793382951310558
0.3322072153937117	-0.1473507859520355	0.21793385523680553
0.3322085884996537	-0.1473508720777142	0.2179342340760584
0.3322086223703231	-0.1473505802096812	0.2179342481062839
0.3322085283499031	-0.14734974243222204	0.21793428414974106
0.33220940922723896	-0.14734934482337184	0.21793464946471
0.332208917224223	-0.14734812719515064	0.2179344216292285
0.33220915072228496	-0.1473484823755229	0.21793468298724564
0.3322099992376207	-0.14734905563080686	0.21793443848911748
0.33220955370883426	-0.14734879148573618	0.21793411289833897
0.3322104300179471	-0.14734830667847443	0.21793448542572752
0.33220975298168487	-0.14734851616809735	0.2179341298252811
0.3322105355485596	-0.14734868657575298	0.21793430542361175
0.33221022580027476	-0.14734799408196575	0.2179345278238566
0.33220973888450417	-0.14734808667652793	0.21793418509094564
0.33221096207348355	-0.1473485800389605	0.2179343557348722
0.33221082593631623	-0.14734851720453124	0.21793435558463722
0.33221139320639037	-0.14734848846263934	0.2179348727788708
0.3322105355485596	-0.14734868657575304	0.21793430542361175
0.33221065300070085	-0.14734856551303604	0.21793434956584706
0.33221065300070085	-0.14734856551303604	0.21793434956584706
0.33221064012109236	-0.14734963592895828	0.21793371039847212
0.332211429657642	-0.14734926856500252	0.217934108360743
0.33221153434843	-0.14734934683006087	0.21793410473215524
0.33220980748145157	-0.1473489956202887	0.217933948295846
0.33221109374554914	-0.14734961654931078	0.21793404985008158
0.33221112609957343	-0.14734955144270756	0.21793405274507163
0.332211429657642	-0.14734926856500252	0.217934108360743
0.33221129151100565	-0.14734956799621274	0.2179340556476916
0.3322111326845599	-0.14734949468863243	0.2179340554725791
0.33221096032644304	-0.14734861252693546	0.21793381943540382
0.332211726231421	-0.1473500745693479	0.2179338805060947
0.3322117328168285	-0.14735001781486623	0.21793388323383472
0.33221167885081626	-0.14734900648308005	0.2179336917250266
0.3322116048617957	-0.14734981368879074	0.21793365145165072
0.3322115240370809	-0.14734961804996588	0.21793393284401466
0.33221051415152375	-0.1473501144869756	0.21793302078868768
0.3322112402517888	-0.14735015905638127	0.21793353815786143
0.3322112402517888	-0.14735015905638127	0.21793353815786143
0.33221108142565686	-0.14735008574811995	0.217933537983106
0.33221111869653647	-0.14734994514058178	0.21793355645138363
0.33221218963361987	-0.14735007017274548	0.21793342328855436
0.33221105122843225	-0.14734958902914214	0.21793359595174858
0.33221136303753496	-0.1473506576786667	0.21793381069706658
0.33221171771400604	-0.14735017537908957	0.21793387683940327
0.3322118556843706	-0.14735080645863538	0.21793331169781108
0.33221138050767196	-0.147349933878275	0.2179335808415806
0.3322116923823433	-0.14734981533948488	0.21793392758873936
0.33221150118583626	-0.14735035824816622	0.21793386340978602
0.3322115134395268	-0.14734898992900658	0.2179336888225042
0.33221136522921085	-0.1473499731339185	0.21793358541552488
0.3322117064749224	-0.14735024483275302	0.21793387232271705
0.33221197427617416	-0.14735134418274703	0.2179335665898155
0.3322113084042533	-0.14735029975090663	0.21793350558210062
0.3322110748401993	-0.1473501425019148	0.21793353525532516
0.33221123366627175	-0.14735021581030472	0.21793353543004906
0.3322124624485726	-0.14735057515188435	0.21793368365576585
0.3322116534264688	-0.1473504883111302	0.21793386085726585
0.33221169266464623	-0.14735077225071874	0.2179332938739979
0.33221215194318926	-0.14734999241544178	0.21793339490103303
0.33221103147312575	-0.14734975929051358	0.21793358776901328
0.3322112270807089	-0.14735027256422162	0.21793353270221041
0.33221136980291177	-0.14735027864605316	0.21793353557994125
0.33221198075966263	-0.1473500082380322	0.21793392518627067
0.3322105075660504	-0.14735017124007238	0.21793301806088536
0.3322119830537507	-0.14735060288384255	0.2179333440336782
0.33221136522921085	-0.1473499731339185	0.21793358541552488
0.3322112569530449	-0.14735055831272906	0.2179328266623134
0.33221184490445654	-0.14735090231383202	0.21793329132065792
0.332211702797438	-0.14735013076646886	0.2179338456320268
0.33221136522921085	-0.1473499731339185	0.21793358541552488
0.33221123366627175	-0.14735021581030472	0.21793353543004906
0.3322115275323444	-0.14734941942156554	0.21793363355520542
0.33221184490445654	-0.14735090231383202	0.21793329132065792
0.33221169266464623	-0.14735077225071874	0.2179332938739979
0.33221178297753323	-0.1473506079016698	0.2179338582797843
0.3322110536136266	-0.1473503352038353	0.21793352499678276
0.3322110358835496	-0.14735081547309445	0.21793346852424741
0.332211042469164	-0.1473507587191792	0.2179334712519958
0.33221136321729794	-0.1473503354000803	0.21793353285207565
