0.3320578796342429	-0.14350968120772023	0.2185513955436632
0.3320578796342429	-0.14350968120772023	0.2185513955436632
0.3321977969904017	-0.14298060492060327	0.21860326409412129
0.3322732971325578	-0.14269558504401364	0.2186319501509855
0.3324827231918862	-0.14191926233997298	0.21871422339735877
0.3326457534848835	-0.14123355103014756	0.21878641945354171
0.3326328714713754	-0.1407239118565365	0.2188362855548664
0.33258367048396104	-0.14012176645629315	0.21889472098842608
0.33261617100691526	-0.1394489375462804	0.21896715686944113
0.3329037484327688	-0.13835730537872282	0.21909862389801932
0.33301848727467187	-0.13793334207927008	0.21915120971449006
0.33318664806299186	-0.13709471956997527	0.21925436144294005
0.3331773333467508	-0.13634486826323716	0.2193425444440526
0.33319193083376175	-0.1355599515796527	0.21943800959718868
0.33337548831922714	-0.13465832645726744	0.21955837389679395
0.3335790775673801	-0.13391451062994497	0.2196633541553437
0.3337407455111656	-0.13332450851613042	0.2197478865206044
0.33403138492668644	-0.1327594359416981	0.21980423989223727
0.3342526210619517	-0.13245875558803633	0.21980253507640302
0.33455700416864254	-0.13191724181255138	0.21980221490020616
0.3352251500878022	-0.13116309990519587	0.21979241149137563
0.33563624406531123	-0.13072174852306223	0.21981196754793925
0.3359758710708371	-0.1303868829650831	0.21982366783537766
0.3366239920944192	-0.12979075466395262	0.21983907326354626
0.33694443831738513	-0.12949623671527205	0.21984680897941297
0.33779691039585136	-0.12864930676025982	0.2198109282402854
0.3382942556911482	-0.12835870511209113	0.21976519882959256
0.3386666155633587	-0.12817746822257908	0.21974059887840278
0.3394730176345101	-0.12776382548897447	0.2196962243132437
0.3398628731958029	-0.12764625487775444	0.21965725969858127
0.3405865330469182	-0.1274942388874713	0.2195712256079766
0.34122859730535343	-0.12738167203100492	0.21941986122947899
0.3419005450498908	-0.1273919685278912	0.21882374911087552
0.34235265294231937	-0.12754058969783671	0.2184586849074985
0.342718603405818	-0.1277767940750259	0.21804014513432934
0.34282112388174724	-0.12799155188925293	0.21779501996598782
0.34305886300368643	-0.1286513877926852	0.2171170507005178
0.34324849563792204	-0.12900502130307995	0.21673528270043044
0.34383401147213777	-0.12951062570535232	0.21603916574018436
0.3442034085742267	-0.12988496298114927	0.21552414397036307
0.344869615330663	-0.13061004272734889	0.21459773012846545
0.34518251746141804	-0.13091806473613432	0.21423887852505782
0.345604893884283	-0.13152230592030778	0.21353110719742707
0.34622190463834696	-0.13285272086651778	0.21243312733001168
0.3465809832466142	-0.13374111126585708	0.21169835762554992
0.346840345358222	-0.13441561162996846	0.21114050506171875
0.3474988636430988	-0.13614115013214667	0.2098583345787398
0.3480695885980523	-0.13794391299854764	0.20848602664227803
0.34854193460546357	-0.13930870734238715	0.20753593683602106
0.34881602335350315	-0.1403485536664218	0.20676331355945887
0.3494795251979531	-0.14254356730913303	0.2052590662284884
0.3499517310920655	-0.14429973869146367	0.20402890406995602
0.3506511278252077	-0.14695292235083568	0.2022860590482639
0.35120506452198125	-0.14920556910305027	0.200788295303151
0.3517125614567306	-0.15141107819993188	0.19938051347188132
0.35204997748283007	-0.1528012602618875	0.19854077784407148
0.35281796003191196	-0.15647281533685165	0.19636196786727805
0.3532548304828113	-0.15848842831171456	0.1952247923993322
0.3539212943349979	-0.16170563636837065	0.1934192455623409
0.3551445025872538	-0.16772760332149234	0.1901321371790095
0.3559129785741426	-0.17181370684905733	0.18793962815577775
0.356687673667999	-0.1758447143346386	0.1858141997126032
0.3573982429063528	-0.17953742812995	0.18394883509292342
0.358020005175192	-0.18325622498464844	0.18198405037456988
0.3585218326903723	-0.18586639036346042	0.18067097508827346
0.35966410868166904	-0.1923173688129085	0.17736992226740939
0.3604833756119473	-0.1970539452401916	0.17493443518965993
0.3616466193732551	-0.20362769025578809	0.17164188150319998
0.3624227167600581	-0.20826268545501153	0.1693233549479494
0.362970207733406	-0.21167807886586842	0.16760404084619202
0.36415335898504486	-0.21867641116602887	0.164112784821279
0.36532548075531185	-0.2255741021536064	0.1606542774897144
0.36579615408087784	-0.2285202112221379	0.15917808739944916
0.36702478986521625	-0.23599261335469696	0.15539870046964738
0.36780950729083817	-0.24112641110681282	0.15268896040796937
0.3688111936572007	-0.24732648888052244	0.14950355905732032
0.3697776837964391	-0.254231714023528	0.14605314324512458
0.37062195432513606	-0.2603526309597707	0.14314374563310334
0.37116906308364467	-0.2640519912507921	0.14121309199972637
0.3724664451803618	-0.2712054615766795	0.13747003062252816
0.37331129336735713	-0.27599883209672327	0.13491092486713713
0.37380336833307254	-0.2789009785923834	0.13329337745616265
0.37520054685419857	-0.28728207975334513	0.12854211298060103
0.37576228867359807	-0.2903691076954115	0.12678551720196524
0.3770554172286209	-0.29696378131503537	0.12300403280879363
0.3780313555691804	-0.30135945146418347	0.12053417187514359
0.378980060351654	-0.3054884321244326	0.11819362843584252
0.37992587990206855	-0.309700235253253	0.11571927650114322
0.38087596273088864	-0.3139426672397697	0.11309450768387852
0.38211709308355574	-0.3200973599161796	0.10909869069303713
0.3826186183243899	-0.3227055982513748	0.10735530279835837
0.3835622230472549	-0.32787736085841157	0.10374515380632415
0.38398175393615896	-0.33039670583231306	0.10196930519018854
0.3848165259735512	-0.33519970429040336	0.09855111539689865
0.38570564608657554	-0.3393989424496736	0.09580279247161616
0.3869099463140174	-0.3447041382934108	0.09238160448741245
0.38746607706654285	-0.3473155367668437	0.09065636362348745
0.3882125380442134	-0.3511660960237456	0.0880343346717713
0.388995533634623	-0.3557424264370603	0.08484348710695105
0.3895147943980498	-0.35900967901075825	0.08253399309083559
0.39021013817222505	-0.3631904969243021	0.07956109934439287
0.39068355075625744	-0.36672813960148953	0.07682594475171595
0.39117167040290823	-0.3707127912301711	0.07378527005858188
0.39162269012143197	-0.3736519140425376	0.07138946238865856
0.3918428035301109	-0.37525380327260693	0.06999812639223535
0.3922272170227734	-0.37840089427036255	0.06711728783721144
0.39253090129817114	-0.3808506410628211	0.06473945222717609
0.3926367072918445	-0.38212215400486516	0.06336655993166979
0.3928570593142652	-0.3845821734280978	0.060401794001194775
0.3930037536116199	-0.3859057546068244	0.05852087032146136
0.3930719199760494	-0.3875281864049603	0.05565917693428285
0.3930719390741261	-0.3880150161464172	0.05447686358112619
0.39308635453854046	-0.38856169653412803	0.052152368583010755
0.39291886425162514	-0.3885903499449267	0.05063113586638052
0.39270938926039695	-0.38855504200639435	0.04902923485824806
0.3924453091536585	-0.38855978531264385	0.047256180736018616
0.39215185679720777	-0.38848379211700057	0.04548900279042578
0.39178312026188605	-0.3884784105477931	0.043320794217724445
0.39176121447094037	-0.3885397558899256	0.04252628364078681
0.39179019731059395	-0.388672616124768	0.04060838039564285
0.3917846763594708	-0.38874869364065556	0.03989515755597256
0.3917578894338636	-0.38891371739737324	0.038192532872099005
0.3916988225657174	-0.3889600868667884	0.03690544882968777
0.3916466602096844	-0.38907962489941955	0.036023654701145436
0.39170283010775114	-0.38921676901721186	0.03429371801306791
0.39166440418292503	-0.38933939626766817	0.0330659850427969
0.3916732326714323	-0.3894027136101631	0.032366855134463746
0.3916849143435905	-0.3894585983306983	0.03135706714866299
0.39168633645630285	-0.3895897623146446	0.029939636468694075
0.3916666675256168	-0.3897105057240007	0.02861169016137488
0.3917777879472176	-0.3898162969901126	0.02769782626479672
0.39177877227316726	-0.38992852325215166	0.0267886438668144
0.3918227180673325	-0.38999334919190826	0.025924071840324414
0.3918759167077254	-0.390136911577709	0.024664322596543387
0.39191229917545367	-0.3901847498232476	0.023836595466978305
0.3919486962074656	-0.39025544491890807	0.023297896719233047
0.3920233088490017	-0.39037675580598746	0.02258360395788106
0.392191780670314	-0.39045794601046	0.02156431453535468
0.3922803119531214	-0.3905688935934906	0.020851804576228983
0.39235582656659324	-0.3906084062253311	0.020167602831188514
0.3923975967720865	-0.39068075829297777	0.019461850275517167
0.3926342473850127	-0.3908138799560594	0.01863166952633427
0.3927245973167944	-0.39082560522081944	0.018304043923610513
0.39290088640308973	-0.3910285304000062	0.01751425664023898
0.39298522165081495	-0.39110867878575134	0.017114932813537154
0.3932444598065161	-0.3910679171622317	0.016396727640470177
0.3933466438593273	-0.3911799277554075	0.015901916123198023
0.39353411465202637	-0.39134558605153635	0.015444254463591656
0.39366506588614336	-0.3913946802797192	0.015201707152160182
0.39386619909559345	-0.39147526144407957	0.014518311884926027
0.3940295673564888	-0.39154079174817363	0.0142585992844671
0.3941039234603061	-0.3916517098365411	0.013684861180815966
0.39428819161498413	-0.39170396583190553	0.013401007674248677
0.3944890683535043	-0.3917973745326823	0.013099506492179391
0.39487196347109654	-0.392010758447641	0.012841308358942649
0.39504938308273846	-0.39206201223738557	0.01275599964471269
0.39543443261693056	-0.3921038047211095	0.012650069528231278
0.39565148005213635	-0.3920463884971169	0.012526284285121203
0.3960234350129096	-0.39204756753797987	0.012433054271425936
0.39630092815960294	-0.39207380369568673	0.012390232545769708
0.396903332551494	-0.3922898698728286	0.0123878611851862
0.39723951586795303	-0.3922969326031702	0.012371718795705255
0.3973864461632563	-0.39227608009975884	0.012348561952713388
0.3975724543085909	-0.3922560402107302	0.012291050640419132
0.3981019677144045	-0.3920479391850393	0.012353639597911137
0.3983349192265516	-0.39193920393381093	0.01243678291929412
0.3987002625821287	-0.3918146846142032	0.012589237546801524
0.3987683515472311	-0.39213692726452587	0.012769054451247874
0.39883174453734327	-0.3924594563147024	0.012963277073680946
0.3988731788444718	-0.39258963558863846	0.013086727379105989
0.3990108495051875	-0.39287891626011845	0.013401955720789394
0.3991473699676056	-0.39315167383458804	0.013704072260010358
0.39926682916007733	-0.39337637761926486	0.013951816550237861
0.3993870099540511	-0.39359890207367676	0.014199708146014955
0.39966736929040897	-0.3938517821968192	0.014504395931824732
0.3998869339979436	-0.3940375945118117	0.01473073002941111
0.40010283188958284	-0.39422213290895275	0.01495396568416496
0.4002185508000311	-0.39437351906664947	0.01512560566771004
0.4002901009730535	-0.3945820074499011	0.01534933420882928
0.4003689758694011	-0.3948087991487725	0.015594129048560834
0.40044433369644605	-0.3950159157017215	0.015814599648614203
0.40057073004068855	-0.3953177848085606	0.016106365532015776
0.40053286606599003	-0.39561767252239566	0.01618604602956142
0.4004179345702873	-0.3963061554558781	0.01629821720083252
0.40042746688981046	-0.3966187309126764	0.0163613097497336
0.40051558745677296	-0.3973678377292816	0.01655866402646422
0.40063925801586275	-0.397951947161522	0.016761435906050837
0.40067115551397803	-0.39871835257566285	0.016885916846922533
0.400818702124373	-0.39887884846918015	0.016843553650053522
0.4009676055063868	-0.39898368448344945	0.016757580866197996
0.40113264972137	-0.3990883735856096	0.016752117008098755
0.4015800889949861	-0.3993573227297052	0.016803484223703757
0.40184384366092596	-0.3997297528960588	0.01677526653046929
0.4019226235836449	-0.3999305720278756	0.016721042708980782
0.4019920515175359	-0.40016744296283413	0.016666120498740666
0.4020656225949861	-0.4002548938885211	0.016628551921432977
0.4022277598249022	-0.40080749988804015	0.01666529579770254
0.40223651693476353	-0.4014476809774443	0.016779450924914674
0.40236345205758905	-0.4018745998342232	0.01683631084508569
0.40256653474628323	-0.40206849119132515	0.01680846004390457
0.40268780840447677	-0.4021261128129879	0.016698770847613176
0.40265857591968734	-0.40240318952965587	0.016637755319529157
0.4026530744528795	-0.40282484362059207	0.016683075196853414
0.4026575049435199	-0.40370092737340296	0.016843252055301128
0.40265211131503986	-0.40403843820256796	0.016901037843151223
0.4026331379273821	-0.40479450156132996	0.01702503568894309
0.40269797532831997	-0.4052685690746367	0.0170582734165749
0.4028802328975493	-0.40525556769032767	0.016968422861639854
0.4030091604884666	-0.40524998389828143	0.01690663566246553
0.40298384937551834	-0.4056121511673038	0.01685386925871274
0.4027951205563106	-0.4063864435416273	0.016931272712919887
0.4027711523149841	-0.40677397341734844	0.01698676419012124
0.4027369229840483	-0.4074915847494254	0.017098088720298554
0.40272071002752435	-0.407822063268167	0.01714937046388254
0.4026876693347947	-0.408347262087817	0.017241223193450228
0.40264779206892143	-0.40869106993176474	0.017306114748917745
0.40260582263477196	-0.40948290084458244	0.01746888187021234
0.40256268837368686	-0.4100424508174224	0.01754999720339817
0.4024995940405676	-0.41059361653684556	0.017612187128083934
0.4023836332530364	-0.41099323605102234	0.017695484110676674
0.4021902246488247	-0.4113298582444337	0.01775283809316297
0.4021431012403902	-0.41153797409790216	0.0177901179624132
0.40202312764964954	-0.41208416663528624	0.01781156363868336
0.4018278090903026	-0.4125613651662754	0.017741607101760204
0.4018240880542587	-0.41278100521526573	0.017785947397179258
0.40184083666871323	-0.4131861737797581	0.01789100172794056
0.40195095116942436	-0.4135687215209822	0.01810358892285019
0.4019834885359237	-0.4137738599938125	0.018200813415748585
0.4020001791849101	-0.4138664377021716	0.018254456923486873
0.4019929592009109	-0.41386002708505754	0.018255291702890752
0.4019164268254853	-0.4138529043440157	0.018242100738354583
0.40172577249261665	-0.41383925156743034	0.018210491337894874
0.4017141082099026	-0.4138374387300741	0.018208604720325094
0.40171363951343597	-0.4138352409592662	0.018207628929979236
0.4017132686831189	-0.4138335567621466	0.018206854119169336
0.40175218778909505	-0.4137077689554499	0.018354646416405385
0.4015952035142788	-0.413752920033141	0.01872702333639298
0.4015361110842325	-0.41387380714379945	0.020453918840069862
0.40146713927699473	-0.41400713526391747	0.0214121994199874
0.40114547468528106	-0.41442559640737375	0.02518371918972684
0.40114133075616903	-0.41468041816459356	0.027148751961912243
0.401254795253399	-0.4151706144506986	0.03135086405235904
0.401328627127848	-0.4153914480145153	0.03328616631560083
0.4014504675100411	-0.41595687104407203	0.03821550431327603
0.40149129348241785	-0.41642573481173656	0.042642441729315195
0.40153136143949214	-0.4171052703605628	0.049372242814897604
0.4015555927942273	-0.4176040969241559	0.0539768458880196
0.40162242078708255	-0.4180457668036585	0.059210730876660234
0.40163806571949645	-0.4182462966805093	0.061883952837643585
0.4016315542139782	-0.4188014607691597	0.06907729642238808
0.4016639957471479	-0.41930108402924476	0.07717756198149395
0.4016285084210746	-0.41968604128760456	0.08378429305715618
0.40166108571771547	-0.41992912198394	0.08865756245709999
0.4015879853743209	-0.42020367823533505	0.09589541943708202
0.401632067362948	-0.42027282714882974	0.09880093592380285
0.40153115581854365	-0.42040030503882864	0.10723998849991928
0.40148348111694243	-0.42041275585880145	0.1166307854171223
0.4014485630764908	-0.42033118672861397	0.12220266659576567
0.40136083472652	-0.42011386041505033	0.12883195512834444
0.401283054607346	-0.4198120295975957	0.13462947510674383
0.40119959861291665	-0.41961615680719205	0.13832179224858765
0.4010695510739504	-0.419090057374293	0.14477418797139657
0.4008462409409714	-0.4179964678928799	0.1549724322386491
0.4007415349473965	-0.4175450925623753	0.1584000437664242
0.4005299820540133	-0.41631554857980524	0.16586103582954304
0.40033977957375017	-0.41522482811114947	0.17147303503434944
0.4000310369850409	-0.4137258271251142	0.17761688846701484
0.39976790821996727	-0.412030295301758	0.18336923767031624
0.3994634095668732	-0.4103683557484173	0.18819679950698162
0.39919761099291856	-0.4087522796483502	0.19218747689630175
0.39885947244957987	-0.4066268478807367	0.19657960128678048
0.3984767681158865	-0.40450735795432297	0.20036058741027507
0.39792258619898496	-0.40113338401376625	0.20525486382241753
0.39751887645247186	-0.39865917859079875	0.2078852504714636
0.3971026147166074	-0.3957361150349567	0.21070140887916253
0.3964684056827885	-0.39257094753718136	0.21317349765214066
0.3958475089346022	-0.38899910613650296	0.2156362560180956
0.3951408965455197	-0.38379106419804276	0.2186742454023951
0.39450089859817267	-0.3790023860267284	0.22116992939759625
0.3938015473967868	-0.3748011470182143	0.2231588209450306
0.3930093370980626	-0.3701185124046653	0.2251116629999231
0.3923188772211716	-0.3654297011952867	0.22698258075497818
0.39132017019498294	-0.3584351929251354	0.22953859066639573
0.39091778018060575	-0.355396874820104	0.230485180011597
0.3902793569008568	-0.3502315429529613	0.23219656725812005
0.38957571679072134	-0.34581883482975345	0.23367969386106258
0.3889001165784686	-0.3408846411790497	0.23525239651495783
0.38774235185450706	-0.33100539016651725	0.23776008189082898
0.38719319892636156	-0.3263524226926435	0.2387676182706838
0.3865789740702123	-0.32139548257832645	0.23973869855544297
0.3862771414416385	-0.3186322550845127	0.24025080550031552
0.3854845570379521	-0.31222458291416305	0.2411894890404274
0.3845816832616621	-0.3044457582514645	0.2419917835411889
0.3840076464670066	-0.29983503019888663	0.24219017452664512
0.38334642076912867	-0.2945398672881273	0.24235208201794214
0.3829806390940499	-0.2903517333422187	0.24248664441849022
0.3824791961895108	-0.2842903037620534	0.2424490304593791
0.3819189258429246	-0.2790375983656113	0.24216517695451042
0.38138356597441886	-0.27377310850638376	0.24177273886195777
0.3805653247572036	-0.2658774615150892	0.2409626558425882
0.3799304094378335	-0.25978608447875423	0.24023549287123086
0.3796080463131466	-0.2567904244773382	0.23994632942748811
0.37899117849587793	-0.25136920120596856	0.23921953659727824
0.37812460447343677	-0.24344034035973267	0.23824686560798636
0.377101138337102	-0.23477832456038927	0.23730168502926077
0.3764894486512626	-0.22988472164801232	0.23690563416999116
0.37568306171037297	-0.22383505937640424	0.23655555528800487
0.37475322909855513	-0.21660135323077823	0.23617068607732727
0.3739370026836108	-0.21041803719294433	0.23602609258817497
0.3726243048222348	-0.20056608037185014	0.23595112951663122
0.37160769398081006	-0.1931073216823731	0.23622116340376775
0.37016703018240305	-0.1830311785570654	0.23695551226424694
0.3691266647445706	-0.1760630362211406	0.23749109661007398
0.36828892118114653	-0.17039742119294757	0.237917416970389
0.367203721268745	-0.16266675113754958	0.23835579327178044
0.3661934002429679	-0.15587897883833124	0.23876622125456948
0.36525286368411686	-0.14941398886537832	0.23907333617162063
0.3646972440134184	-0.14568696775276013	0.2392637805239377
0.3630712859197644	-0.13454467704670758	0.23972007771953216
0.362612335345952	-0.1313059802463451	0.2398755242262981
0.3617443595167965	-0.12547531282477237	0.24005570717015864
0.3610499155412123	-0.12079417997308924	0.2401770312578936
0.3602517817351076	-0.1154692162846372	0.2403385390393433
0.3593951591644576	-0.10958016044392145	0.24045871640761327
0.35848408389970726	-0.10336996202923653	0.2405914567386468
0.35809197728712094	-0.10084394761494624	0.24064591786131073
0.3573964110029578	-0.09609910328000822	0.2407368669388808
0.35691782342903244	-0.09281578929353558	0.2407004628263915
0.3566652142001736	-0.09108199088713535	0.2406566338067238
0.35604546120594566	-0.08690472808283785	0.24065144129778804
0.35572402152623916	-0.08465551297897202	0.2407150083215699
0.3554554500823103	-0.08306903643762105	0.24091306140867522
0.35532893218787215	-0.0822906592451169	0.24095810446646196
0.3552007865840733	-0.08131236023948997	0.24094562449683835
0.3552285312748788	-0.08077423354033898	0.24108472265930625
0.3553103904736417	-0.08053713381510828	0.2413318172837184
0.35542892723564934	-0.08030026922209672	0.24149248830507913
0.35550563622529857	-0.08016947989426461	0.24159077186988256
0.35564871838612644	-0.07991818282452325	0.24181422767439253
0.3556913130331829	-0.07978035274936797	0.24201460246489812
0.355743443979701	-0.07964694513278166	0.2422680594966982
0.3558061158021164	-0.07953648898961087	0.24248876693992547
0.355909747844229	-0.07945736837257668	0.24267157101746095
0.3559659666810741	-0.07945972067100439	0.2426850464325105
0.3560316269168445	-0.0793925958436842	0.24276863539550286
0.3560455993137073	-0.07937856934896674	0.2427885699990852
0.35605027579453996	-0.07937694617794759	0.24279400932240908
0.35605394705204196	-0.07938077304808695	0.2427953494670179
0.3560557502235418	-0.07938364585004253	0.24279571116660592
0.3560563941054888	-0.07938647260080155	0.24279490363256054
0.3560567845363169	-0.07938774636152414	0.2427941778370654
0.3560570101806332	-0.07938831797555491	0.24279452070037869
0.3560571864335256	-0.07939128934167437	0.24279260919615137
0.3560579029587925	-0.0793919050085566	0.24279113170454308
0.35605776986830817	-0.07939273598660172	0.2427898784952037
0.3560580316394107	-0.07939368541707985	0.24278861758568054
0.35605776127179645	-0.07939470959009119	0.2427866115632788
0.3560577008825337	-0.07939599025555687	0.24278432747849774
0.3560579466304703	-0.07939647043143434	0.24278341153295566
0.35605829774829534	-0.07939685997112435	0.2427822759738304
0.3560585732719359	-0.07939798243995554	0.2427807488487241
0.35605927154897365	-0.0793975673282999	0.24277979042970907
0.35605938556835154	-0.07939830783142028	0.24277859081743655
0.3560586118748559	-0.07939695069041193	0.24277879248814738
0.3560591957039862	-0.07939799177321259	0.2427788118973923
0.3560585993531777	-0.07939695169131815	0.24277914287145347
0.3560592341397179	-0.07939802915447687	0.24277840154837732
0.35605929867787134	-0.07939793323678106	0.24277886151023306
0.35605887843891754	-0.07939701621310453	0.24277872232291187
0.35605865726838154	-0.07939668863848763	0.24277923410850938
0.3560594724246092	-0.07939714407686217	0.24277913522049022
0.35605889096016846	-0.07939701521205063	0.2427783719395909
0.35605877309835665	-0.07939616253295838	0.24277941658327512
0.35605899426950594	-0.0793964901066052	0.24277890479732173
0.356058444079788	-0.07939569441041282	0.24277890161356044
0.35605843155818273	-0.07939569541248	0.24277925199686565
0.3560581964347002	-0.07939606438125453	0.24277966697401474
0.35605841903672886	-0.07939569641520695	0.24277960238017454
0.3560587893537148	-0.07939545829753823	0.24277858533682245
0.35605848935078704	-0.07939562272472868	0.24277933417900877
0.3560585664073858	-0.07939552580750446	0.24277944375514804
0.35605894876198246	-0.079395013916561	0.24277977951833396
0.35605848935078704	-0.07939562272472868	0.24277933417900877
0.3560585018725968	-0.07939562172296936	0.2427789837957099
0.3560583563270166	-0.07939589277275615	0.24277915796486854
0.3560935473403292	-0.07937955019614086	0.24280519103979575
0.35600727162735885	-0.07874187231658032	0.24320464680412854
0.3559610244535923	-0.07847753065003922	0.24326865432958714
0.3557404782460403	-0.07752039600810247	0.243416654701573
0.35565827752584567	-0.07713925619808755	0.24349834741685664
0.3555746424840874	-0.0765033805536305	0.24357906874968246
0.3553768293406111	-0.07548789046620101	0.24376270283871712
0.355212036309922	-0.07465741541154768	0.24393812172075788
0.3551736289501007	-0.07369637239869369	0.24406639575012729
0.3549856547847852	-0.07194548181295578	0.24450943837702213
0.3549114542831739	-0.0709967709913152	0.24471446578768294
0.3547921876618704	-0.06926715115047331	0.245083792995285
0.35466016619867907	-0.06785517112321761	0.2453842352884511
0.35462376429579623	-0.06714820889587376	0.2454873275573428
0.35440741311243074	-0.06443170007219311	0.24607558470075563
0.35428868988315493	-0.06311420983350453	0.24639789125973652
0.3541801201858905	-0.06120983458016681	0.24676615481901218
0.35405782638557987	-0.060241027520927845	0.24700048669075286
0.35391258731256914	-0.057964727423701054	0.24744459783925782
0.3537888611539435	-0.05680893041535877	0.2477577347939667
0.3535650702377991	-0.05367038155594808	0.24842929337350786
0.3534577312316986	-0.05192242779527044	0.24872326148058338
0.35331116819460673	-0.05053875633256662	0.249056122165803
0.35312156407320844	-0.04778506804924908	0.24961562912220364
0.35294684265894427	-0.04555865416105402	0.25004869105969163
0.3528193210092617	-0.043850637434806536	0.2504717913851658
0.35267763855460077	-0.04208486206323887	0.2507658133918863
0.35253143646470797	-0.040283305805271494	0.2512040072118238
0.35241416747029664	-0.038497017499804706	0.2515079538030497
0.3522764760719972	-0.036500811635649236	0.251958550537245
0.35206110730748635	-0.03377286327077762	0.2525449665161871
0.35195280821256186	-0.03176571230949886	0.2529297832417492
0.3517725497779361	-0.02992510951429296	0.25335796693775775
0.351740523684989	-0.02881596067806312	0.25356767966189764
0.3515546983087819	-0.02687843770196545	0.25399470267976415
0.35134510745761605	-0.023494667995467303	0.25467510338610644
0.3512128733936998	-0.021600149294006596	0.2551051006142345
0.3511045537430376	-0.019799094485386512	0.2554339324958181
0.35095394900327215	-0.018057492412283202	0.2558600427927489
0.3508971557760654	-0.016473616711561875	0.2561079133555659
0.3508153537682786	-0.015388333320465783	0.2563956957820911
0.350648939960472	-0.013185640059354645	0.2568257057724874
0.35058764200215864	-0.01170143627272234	0.25710790329124694
0.35038026912902576	-0.009497436321417849	0.2576208868327433
0.35035340223566613	-0.008071338657003477	0.25786381958276894
0.3502371751962864	-0.006743944163557433	0.2581532563945954
0.3501399243638561	-0.005362165617860834	0.2584668030658136
0.3501054372665036	-0.004643930776055641	0.2585848178036974
0.3499622218632705	-0.002484679576068155	0.2590129395665639
0.3498961211503778	-0.0014706405601924571	0.25924302901098273
0.3498663617521173	-0.0004622284824301187	0.25943020323251853
0.34981832793962664	0.0003878407504185333	0.25956525746718867
0.34974377600540885	0.0012384986173791662	0.25972427262203146
0.3497056433125754	0.002225428505985505	0.2599552885692894
0.3496956048983114	0.0028493959441825006	0.2600139378472698
0.3497353186410614	0.0031640894310178136	0.2599310921524338
0.34991517565026137	0.0034614225336770804	0.2597527396750182
0.3499523203214892	0.0034686571227057206	0.25961889502459345
0.349958146231862	0.003468580441436664	0.2595961769674229
0.34996105303399394	0.0034637672022146265	0.2595902858055769
0.3499633865890853	0.0034605823553381238	0.2595885976899032
0.34996555760542514	0.003454953537804367	0.25958272554643147
0.3499696103613608	0.0034478679786472816	0.25957649197878285
0.3499725182262497	0.00344195942854697	0.2595695137303221
0.34997564881628934	0.0034361469945836803	0.2595636685187929
0.3499768121341799	0.003431123442903361	0.25956067745067335
0.34997874126429745	0.0034281206807535297	0.2595591107419941
0.34997957297853566	0.003421243668473961	0.25955760212393253
0.34998094366149535	0.003418255398868378	0.2595571486935454
0.34998072924291346	0.003416780853378862	0.259558234511603
0.3499822717867348	0.003413362919288121	0.25955614751682643
0.3499831914436097	0.00341158550716969	0.25955654702443826
0.34998313197570374	0.003410234267695045	0.2595567741234849
0.3499838567417526	0.0034087322821952093	0.25955666471507965
0.34998390061050655	0.0034081122866998215	0.2595561436973801
0.3499848819556864	0.0034071737561480048	0.2595565725768051
0.34998488069419387	0.0034062888116092316	0.2595558914637055
0.3499852933631921	0.0034063165075339658	0.2595561886549572
0.3499856909277642	0.0034054441877989228	0.2595562085730545
0.3499862244663583	0.0034054714443035455	0.25955591134161315
0.34998653954863296	0.0034050639721630166	0.25955643850989457
0.3499865201219775	0.0034061067909708087	0.2595577069098895
0.3499865547164487	0.003405144971075552	0.2595563313964202
0.3499861700953014	0.003405171242773161	0.25955593763901286
0.34998690720442766	0.0034058720002960174	0.25955687074119504
0.3499862793043547	0.0034061579269558523	0.25955734840182565
0.34998621886842274	0.0034061581466365426	0.259557645614487
0.34998597435958867	0.0034065230589274687	0.259558029609923
0.34998656550712426	0.0034061876810394104	0.25955745119034823
0.349986252024787	0.0034063049374739446	0.25955742360677536
0.349986324690087	0.003406238815726853	0.2595570926817058
0.3499859909488595	0.0034071741293698055	0.2595544346662799
0.3499955640272697	0.003398007919688917	0.2595045691527145
0.35005715022252065	0.003345597698219585	0.2592069554220887
0.35003022009381696	0.003360001730493764	0.2593833985758525
0.3500310241321378	0.0033602691720951844	0.2593944074273302
0.3500172977159141	0.0033704144425098226	0.2594455264062413
0.3500121970586856	0.00337565723416601	0.25946811027252664
0.34999442962026417	0.0033911887085738834	0.25952373993314226
0.3499895575292777	0.003395465801550368	0.2595383694784075
0.34998395450522934	0.0034015031609929552	0.25955357364038406
0.3499833059670425	0.003401854766999196	0.25955783997550036
0.34998293441579464	0.003403281416351031	0.25956012860390204
0.3499826530968981	0.0034041061591908034	0.2595624478985772
0.3499937196962909	0.003454847886410012	0.2596003519422197
0.3500412976987614	0.0035557761983177477	0.2596885681416814
0.35007226861844154	0.003833361180687417	0.25990701224489055
0.35009027386019426	0.003848264262352033	0.25982830046531213
0.35014394533131876	0.003861395489863806	0.25952610680957
0.35016526288850613	0.003870510500794358	0.2593675804064165
0.3501742078831603	0.004006823539683554	0.2594356302516668
0.35018237265186475	0.00416337416514985	0.2595220929248585
0.3501771367370129	0.004233333843321849	0.2595543624502974
0.35016842949593197	0.004245199500636329	0.25955492067223035
0.35015744524642534	0.004254918437956473	0.2595538029456005
0.3501518601687524	0.004259874015626622	0.2595539636372862
0.35014827900226325	0.00426232592775555	0.25955451922339345
0.3501449460180202	0.0042634458211884	0.2595547253983044
0.35014339780560005	0.0042640760475254336	0.2595549473516795
0.3501437123759411	0.004261666111119944	0.25955520756523465
0.35014288741603977	0.0042618641946929325	0.25955562358176726
0.34993833210692527	0.004455371890033713	0.25980476770177996
0.34995199197623683	0.004450540925895918	0.259761639838323
0.3499739586542683	0.00443833847459181	0.2597164738975025
0.35005407714388304	0.00436776566116992	0.2596224588574669
0.3501021517850045	0.0043289187120158085	0.25959548497085844
0.35013938833722963	0.004273528457318848	0.25955816764913725
0.35014558203450347	0.004255394935717152	0.2595478565618258
0.3501499427237408	0.0042446377362605064	0.25954300165932126
0.35015352717093495	0.004239294910257166	0.25953788136815636
0.3501561075642561	0.004235218944249053	0.25953412678067295
0.3501573465788121	0.00423276441139811	0.2595319034020256
0.35015639558925093	0.004233002129227309	0.2595325624732192
0.35015641486727445	0.004232896493387234	0.25953250761073526
0.35015601553309883	0.004233797079337465	0.2595335740831456
0.3501547893964236	0.004234138410621022	0.25953489112959877
0.35015442684840087	0.004234085996811299	0.2595351114626267
0.35015435222488855	0.00423475835982258	0.25953596113822947
0.3501540774091782	0.004235556349499028	0.2595363529896897
0.3501531650670319	0.004235208414516203	0.25953566066693573
0.35015209968328304	0.004236815478389305	0.2595378843927092
0.35015184799279314	0.004237328347170485	0.2595379553183451
0.35015166130505804	0.004237683837045453	0.2595383843391264
0.3501510482670494	0.004237787797923137	0.25953825795990004
0.35015060519648916	0.0042395245787160835	0.2595404864194365
0.35015062448768586	0.004239418945983273	0.25954043156789686
0.3501503188871291	0.004239559432660592	0.25954113934599116
0.35015013210134893	0.00423949750463487	0.2595404814678067
0.3501499316780394	0.004239614891051208	0.2595410084275552
0.35015035217532037	0.004240380924880868	0.25954164248207867
0.35014921704688867	0.004241015994084843	0.25954203046049357
0.3501504361381699	0.004240994868055917	0.25954259904088
0.3501493082434436	0.004241971337426195	0.2595422627282542
0.35014899290331486	0.0042423309190117026	0.25954664599514743
0.3500942271852701	0.004202609897346138	0.2597799839696451
0.35008863346817776	0.0038784736953972887	0.25988051208935103
0.35008178804035917	0.0031712298766990304	0.25995256637673875
0.3500651380905708	0.0027713877692936845	0.2600086191712737
0.3500602766781988	0.0016468356112359361	0.26020977029806597
0.35004302467506504	0.0011594966194949374	0.260302222739741
0.3500187536177108	0.00012618894432063488	0.26051774421280427
0.34994248050201304	-0.0010222097873327646	0.2607983955052312
0.3498750303829421	-0.0027387160875444044	0.26123248079712824
0.3497959747481926	-0.0037260480571344595	0.2614654048534924
0.34973593964510447	-0.004942734740637542	0.2617718885109571
0.3496954313826611	-0.005813081236611492	0.2620127594921998
0.349592166101082	-0.007163861831669546	0.26235053849636275
0.3494882673922923	-0.008800592830783119	0.2627955436347579
0.34936568670189644	-0.010615462992086391	0.26331113471946643
0.34923133589564725	-0.01279913508934695	0.26389491462257797
0.34913948197004674	-0.0137418737102777	0.2641663817873122
0.3489902949499322	-0.015904590833436774	0.2647675193146036
0.34897869315679386	-0.01766694945368201	0.26498412982460395
0.3490265085006953	-0.018870702175396478	0.2651026011570079
0.349022954606104	-0.02224539747397257	0.26551320473333684
0.3490019191613469	-0.02416832286338176	0.26575017023220937
0.34902229645206717	-0.026107196926008727	0.2659941329786205
0.3490101457244644	-0.02730642763471096	0.2661475217981255
0.3489873665543775	-0.029994274118766165	0.26646990940474724
0.34897348171997206	-0.032967874727012195	0.2669103828345605
0.3490183199854965	-0.03499605044334021	0.2671254960263977
0.34897560032641955	-0.036868136814958305	0.2673709116576261
0.34899406288880674	-0.03900454441804292	0.2676782606365883
0.3489768899836843	-0.041289239358274346	0.2679559259981107
0.34898645652370547	-0.04417766682126188	0.2682875090292498
0.3489818764602262	-0.04549550446209487	0.26843683494662984
0.3489552704201902	-0.04752285857305534	0.26873237610545564
0.34898755684710947	-0.05102811992524588	0.2690581905216715
0.34899303295397727	-0.05224495992549062	0.2692448750742066
0.34897434678833417	-0.05533201511736359	0.2696183907914673
0.3489695757110902	-0.058495209379559474	0.2699752714975093
0.3489505270203696	-0.060717440529772695	0.2702105472837723
0.3489644759833704	-0.06235623083767726	0.2703490706342889
0.3489408118143186	-0.06498744870370897	0.27066387937492226
0.3489516622547017	-0.06730318707060061	0.27083160194074873
0.3489599089308059	-0.06929722458905495	0.27109843700944236
0.3489460684183936	-0.07145822139217577	0.2712670168931631
0.3489718306932139	-0.07255228809788157	0.2713450305004727
0.348948129623721	-0.07480554911001643	0.27155546353271687
0.3489338578151934	-0.07849855228148413	0.2718525173961627
0.3489391754745312	-0.07995619068172659	0.2719841604970725
0.3489125492544629	-0.08225096677674258	0.27211970075374486
0.3489216463609509	-0.08410254774417754	0.2721947909340249
0.3489302505181944	-0.08586606896512654	0.2723056231969853
0.3488964647297629	-0.08777039451937445	0.272406922802898
0.3488955163601443	-0.09042834281702893	0.27252701435210447
0.3488896456211342	-0.09135779579730936	0.2725560163941907
0.34889129843163935	-0.0931236815253401	0.2725328960359913
0.3488505366274736	-0.09514997339843513	0.27258950635430057
0.3488787305927076	-0.09657425674414986	0.2725635631337212
0.3488359314605923	-0.09759512211258166	0.27261113300483497
0.34882294481701903	-0.10000028659830681	0.2724734408581971
0.3488016307309496	-0.10129245385073814	0.2724687595344303
0.34881580626004083	-0.10199761318916294	0.27238692073164394
0.34877538221121135	-0.1031080772776254	0.27231347047088966
0.34882479845918085	-0.10468138014871646	0.2718924440638999
0.34890216922444367	-0.10654569118395389	0.27107027056650457
0.34884173865562135	-0.10769356418181376	0.27047202378346347
0.34884773541915054	-0.10877407890278416	0.2699738400211135
0.3488657566052451	-0.10963886043637765	0.2695048316693379
0.34887403214209567	-0.11124031515771984	0.2684617724678561
0.348913513445679	-0.11285783578575262	0.26730489774342514
0.3489314834161973	-0.11401357466659044	0.2663622812984134
0.34896205897542826	-0.11523572798814129	0.2653884578064914
0.34895104297067286	-0.11638852849286269	0.2643698275046416
0.34901738229786283	-0.11829806923404922	0.2626036096699208
0.3490386231559233	-0.11947180009069606	0.2614699541909709
0.34908011659229504	-0.12027062301573513	0.2606875333826618
0.3490805897510877	-0.12170772026469129	0.25918692703335267
0.34903396476912735	-0.12290316707469129	0.2578322864587006
0.3488755514743319	-0.12424661022065299	0.2562929888599821
0.3487995341567671	-0.12475865466776095	0.2556963312946445
0.34859945087272654	-0.12561455821795886	0.25474736347738003
0.3481025470211846	-0.1266514638020452	0.25366950215273165
0.347752373791397	-0.12704644366527412	0.2532274642286043
0.34728596913988713	-0.12731815566647398	0.2529257849786147
0.3467031124701717	-0.1274054168391307	0.25273085428888314
0.34628807225304387	-0.12734830143852038	0.25270591311562857
0.3449807467456544	-0.1269405921889565	0.2527258094227708
0.34381825964802426	-0.12643164869773613	0.2528331052945112
0.34266076934135403	-0.12587920833222088	0.25300641682616176
0.3413864737306625	-0.12519944539799874	0.25323269218895694
0.339944434813204	-0.12441790387883814	0.25366217811231917
0.33904162226522555	-0.12395232489120163	0.2539449438055751
0.33584223545535885	-0.12227689730383383	0.25497016134567774
0.33399835912539333	-0.12140844049883992	0.2554373523403708
0.3322467989774406	-0.1206519367425098	0.255784022388757
0.33105263890259506	-0.12015180242491368	0.25595923872336834
0.32929152175232984	-0.11952067690017118	0.25605335607957835
0.32597210312075653	-0.11830320654081596	0.25603091778258347
0.3246715392599945	-0.11797966261916425	0.25585556962614875
0.32245732541837635	-0.11752604374325416	0.2554004642347897
0.3210433943746457	-0.11732802534826313	0.2549647721162834
0.31968759009289044	-0.11716368820997587	0.25439233303522424
0.31850103308372396	-0.11715769152596942	0.25376393680356196
0.31740600315798667	-0.11725233929987991	0.25297822139898096
0.31618502230930345	-0.11760892848936426	0.25170772065409824
0.31563894610671894	-0.11788877600931141	0.25089341720256225
0.3153236598386507	-0.11825639356587506	0.25018357378411965
0.31498797014655844	-0.11914565285928619	0.24867025361319783
0.31500964543307125	-0.1196942311544059	0.2475610764718152
0.31512995567007646	-0.12004470931200652	0.24688930794347713
0.3161944350750794	-0.12127157320202973	0.24495034514467995
0.3165197650405524	-0.1216266465388283	0.24442550008135222
0.31708021617821813	-0.12241434228600176	0.24308681135129628
0.3172620384218027	-0.12267399113277477	0.24255686777377655
0.3180683751533264	-0.1236740174560665	0.24093550898627375
0.31829729298013243	-0.12397391317363501	0.24048479139899873
0.3187811888057258	-0.12451829329010385	0.2395461971135313
0.31899359706224895	-0.12482324928760692	0.23893288754806438
0.3191341062814568	-0.12503084929834296	0.23845403212787658
0.31928007796281643	-0.12516237705773614	0.23811082095037867
0.3194615646873798	-0.1253620762597487	0.2376738003127023
0.3197403633144902	-0.1256514168644279	0.23729969527551495
0.32003484399911236	-0.12593138205443324	0.23696013964276733
0.3203987417673993	-0.1262035213511599	0.23662973953956193
0.3205981293027062	-0.1264042057158774	0.23636376697448433
0.3208363821942609	-0.12660414566641337	0.23609014253778127
0.3211355679864649	-0.12689688335757723	0.2357347857103858
0.3216929991121836	-0.1273921391306967	0.2351386397328564
0.32184412690966435	-0.12752957558266523	0.2349764576636775
0.3221061078337927	-0.12778992316722299	0.2346091395787679
0.32236879596650153	-0.12799523503763108	0.23430255558747842
0.3226633832639404	-0.1282780447689446	0.23386615832780905
0.32309356188447	-0.12861971221787577	0.23342550477259955
0.3232877922542646	-0.12892555964811778	0.23309973657669722
0.3235538599157905	-0.12932574709646585	0.23270502882689809
0.3236198702051176	-0.12949777424170336	0.23250047028793414
0.3239137549836747	-0.1299485788125812	0.23204817001284972
0.32414031648011393	-0.13030411035394446	0.23169096096073688
0.32431341320340556	-0.13061662087701048	0.23135903650526718
0.3245134118040934	-0.13093007191672698	0.23104679063838132
0.3247187126923773	-0.13134597026704123	0.23060232733656913
0.32484638910582003	-0.13161555898245045	0.2303578339794761
0.3250609973566604	-0.1320940499155931	0.2299507366492497
0.3252913765807883	-0.132407937796788	0.2296250780329959
0.3255186938224486	-0.1326539688181418	0.2293102630269649
0.3256546230372248	-0.1328447662743997	0.22911488974920707
0.32582013546557514	-0.13315338404820026	0.2288578276074477
0.32600270023397654	-0.13362388093565097	0.22842722786382727
0.3261877043083511	-0.13401163638407554	0.22809782305314602
0.3264162046046448	-0.13452816696102254	0.2276514575012417
0.32650289519132186	-0.1347304162183114	0.22747819092830462
0.32668472616843225	-0.13518176010264898	0.227096734435488
0.32676884615711327	-0.13535963271311421	0.22693469435625818
0.3269901704776255	-0.13558627274252555	0.22665332661615048
0.3272322659395587	-0.13600157617686637	0.2262252847385057
0.3274266051104765	-0.13639098355930118	0.22590946739879736
0.3275900715427288	-0.13671442121714827	0.22565551459927088
0.3276818879726355	-0.13704849141221104	0.22534288654463788
0.3278582751091017	-0.1374806041557402	0.224986487900368
0.3279818032012017	-0.1377341525514094	0.22478673063431148
0.328123038175546	-0.13810610318518968	0.22447306444029508
0.3282621656833527	-0.13846395233446535	0.22419023879332198
0.32835934555630836	-0.13867525255885288	0.2240296476661868
0.32854028645474326	-0.13917933866928495	0.22361274717707064
0.32861472759842253	-0.13943509628756132	0.2233914875397653
0.32860648637722767	-0.13961543907235593	0.22319540498016904
0.32855058384384034	-0.13971804626482662	0.22295010522577738
0.32850816207333866	-0.13982771617652	0.222802792014534
0.3284441465585966	-0.13995632742179015	0.22262484897182827
0.32834792564673	-0.14013165048501686	0.22237575528162518
0.32827940031037284	-0.1402645152448947	0.2221933117469092
0.328201500214866	-0.14040960203176706	0.22198750519130012
0.3281249636908578	-0.14051820722230712	0.22182157232014071
0.32805440015970405	-0.14063204489838066	0.2216561769495548
0.3280216826226644	-0.14074864371599183	0.22151168097420615
0.3279536483972528	-0.1409125109894961	0.22128968122958326
0.32791351457534934	-0.14099609034021765	0.22117043569776373
0.32800996418733813	-0.1412601633136691	0.22094533340563838
0.3280357102319056	-0.1414351349203377	0.22077184063155408
0.32797371822918786	-0.1416286330630237	0.22052204372781636
0.32791476381341705	-0.1417478854608319	0.22035878434213793
0.3278724064803646	-0.1418509379391572	0.22020332993190397
0.3278275299719134	-0.14192569659455995	0.22003791740650916
0.3277846558743121	-0.1420495168787081	0.2198603634619542
0.32791201284514093	-0.1423283466152066	0.2196508920427059
0.32807246263272904	-0.14263145028660307	0.21944367776317583
0.32825137036036917	-0.14280884397723753	0.21940822963653378
0.3284162966560545	-0.14298272823267033	0.2193771558508772
0.3285466551461253	-0.14312937031615403	0.21932789631952992
0.3287483822496642	-0.14332925927009993	0.2192508436958706
0.32910573767893014	-0.14367680275523032	0.21911556079168235
0.32930847240799166	-0.1439054014235665	0.2190368754683935
0.32952368363677037	-0.14417677424731143	0.21895263724592506
0.3298124395207231	-0.14454257595397246	0.21883799329967848
0.3300069288948188	-0.14477069316468774	0.21876137923295436
0.33019824728317915	-0.14496117669656486	0.2186888638263719
0.3303900273128486	-0.14515172069453314	0.21861547789832578
0.3306246289745854	-0.1454196800949732	0.21852432530536864
0.3308106515464648	-0.1456617463276872	0.2184489801899183
0.33098588637095255	-0.1458973478500153	0.21837726131111468
0.3311749985236647	-0.146139592293521	0.21830092128808365
0.3314324658943605	-0.14640472557561351	0.21820201953165813
0.33167543897043644	-0.14665696865490957	0.21810786934729315
0.33186429722109123	-0.146905479908013	0.21803017809799535
0.33201337869776953	-0.1471206258531293	0.21796871885823504
0.33202179457827047	-0.14716187582723478	0.21796268471318342
0.33202110817981956	-0.1472064324584405	0.21796011946875687
0.3320198382418204	-0.14720722419944277	0.21796044895950756
0.3320186814648066	-0.1472041846462546	0.21796237726922307
0.3320163104987008	-0.1472027526253411	0.2179629670983589
0.33201451905832435	-0.14719929596797754	0.21796439725304895
0.3320127193977751	-0.14719708272048818	0.21796508151059035
0.3320114468803482	-0.1471950644011802	0.2179656818354909
0.3320090418567005	-0.14719246501256006	0.2179667208154413
0.3320069993998831	-0.1471883781465969	0.21796831300283498
0.33200458833977475	-0.14718539127861915	0.21796969615918607
0.3320006548623109	-0.14717982534615304	0.2179714475035448
0.33199751198581967	-0.14717592860596898	0.2179727271170194
0.3319963888670622	-0.1471727277691992	0.217974172593479
0.33199598089436894	-0.14717178144179704	0.21797459460266327
0.3319958727803417	-0.14717175301786756	0.21797455399842747
0.33199603850942727	-0.1471712633659773	0.2179746176851277
0.3319953873265895	-0.14717089606283754	0.21797461978102506
0.3319953873265895	-0.1471708960628375	0.21797461978102506
0.331996349606164	-0.14717273933501496	0.21797424527135761
0.3319961906859502	-0.14717266630665177	0.2179742450805239
0.331996007154886	-0.14717306587976825	0.2179741749422521
0.3319966160068529	-0.14717297236089383	0.21797408939935645
0.331996921751815	-0.1471727257308006	0.2179741457012426
0.3319968166872353	-0.14717309509853432	0.21797391774025862
0.3319975918387091	-0.1471731124255401	0.21797391510193626
0.3319972127147315	-0.14717351439622375	0.2179741911635378
0.33199766466820085	-0.14717416411115075	0.21797367104193593
0.33199722247452174	-0.14717371476869603	0.21797384325318672
0.3319974695384478	-0.14717420207504883	0.2179736654121521
0.3319989237696078	-0.1471746804935492	0.21797332434173655
0.33199846493238533	-0.14717496093960272	0.2179734157703136
0.3319986627720857	-0.14717439889673065	0.2179734823762473
0.33199821295975496	-0.14717513444062225	0.21797325172400342
0.33199873494260385	-0.14717466179207594	0.21797332123668609
0.33199903025896943	-0.147175510025381	0.21797325270539414
0.3319995467924193	-0.14717451141354632	0.2179737235537056
0.3319998506695871	-0.14717605215510288	0.2179733482622896
0.3319993484344271	-0.14717557947784685	0.21797359597576352
0.33199999067361463	-0.14717629518803974	0.21797334087449088
0.33199949518579014	-0.14717581668356156	0.21797305080537704
0.332000409687709	-0.14717665791260875	0.21797318267176613
0.33199991998328526	-0.14717662876258542	0.217972834155927
0.3319997051156721	-0.14717564732618638	0.21797306149056667
0.3319999078952056	-0.14717623607542502	0.21797289007515108
0.3320006532439648	-0.1471768030121855	0.21797267843474563
0.3320007601426159	-0.1471762255665377	0.21797324694108988
0.3319997051156721	-0.14717564732618638	0.21797306149056667
0.3320010773339449	-0.14717685998029867	0.2179729885684779
0.332001249765236	-0.14717681158081825	0.21797299417484653
0.3320000733878027	-0.14717671741509367	0.21797282287206637
0.3320005487053433	-0.14717746590649322	0.21797257363898837
0.33200103841014955	-0.1471774950583069	0.21797292215612502
0.33200038987056346	-0.14717683601087117	0.21797317473092276
0.33200088715655335	-0.14717608400982982	0.21797329511150115
0.33200023095189846	-0.14717676297913906	0.21797317453967333
0.33200070904998913	-0.1471770248208041	0.21797263516392418
0.33200074654787237	-0.14717690386040755	0.21797264024236274
0.3320002471719957	-0.1471761174695912	0.21797324092558068
0.3320008871565533	-0.14717608400982973	0.21797329511150126
0.3320003997022998	-0.1471768040303868	0.21797263730630528
0.33200024483916835	-0.14717592515853115	0.2179729489304117
0.3320003834808853	-0.14717744954166523	0.21797257092104977
0.3320004224879548	-0.14717625760177477	0.21797323861719395
0.33200067662021154	-0.1471773162542404	0.21797262216883517
0.3320001176884783	-0.1471761536299656	0.21797338904549154
0.3319997251879846	-0.14717659011780165	0.21797317141309966
0.3320005814066268	-0.14717633063349186	0.21797323880840247
0.33200086057348477	-0.14717759202980607	0.21797291438388985
0.3319997349421013	-0.14717679049429716	0.21797282349751754
0.3320003588675438	-0.1471766133266325	0.21797322307105818
0.33200038356501305	-0.1471768926784872	0.2179731722042365
0.33200048620405864	-0.14717684288869015	0.2179732284280751
0.332000517702007	-0.14717724322172593	0.2179726219779338
0.33200016869851184	-0.14717591124109672	0.21797339953870537
0.3319995416479087	-0.14717698968685144	0.2179731012752415
0.3320010321040692	-0.14717755172633162	0.2179729196291446
0.3319993222346461	-0.14717637110157825	0.21797298422830985
0.3320010464061073	-0.14717738924922003	0.21797291609450753
0.3320005303966701	-0.14717657302320977	0.21797322831536586
0.3319998132156969	-0.147175675767015	0.2179731020821855
0.3319998817739435	-0.14717647083906077	0.21797287960839581
0.3320012173342558	-0.14717710301638526	0.2179729811784776
0.3320005423992919	-0.14717752257396055	0.21797257111201396
0.3320007077750407	-0.14717668612552662	0.2179726998998167
0.33199988538382685	-0.14717593866310635	0.21797294094173333
0.33199986916339724	-0.14717658417319135	0.2179728745553185
0.3319997349421013	-0.14717679049429716	0.21797282349751754
0.3320005303966701	-0.14717657302320977	0.21797322831536586
0.3319995533208451	-0.14717670702929464	0.21797282327953896
0.33200022592339967	-0.14717609516012795	0.21797294135046139
0.33199988177394335	-0.14717647083906082	0.21797287960839584
