0.33095920940218215	-0.14431664901020735	0.2185791038053739
0.33095920940218215	-0.14431664901020735	0.2185791038053739
0.3310071597399699	-0.1441154758971677	0.21859312144981813
0.33104232897940505	-0.14396267077820302	0.2186031041911486
0.331076523877187	-0.14379524865918986	0.21861335314423647
0.33112051347105975	-0.14357805391328013	0.218628180228843
0.33115809073304386	-0.14341835864635133	0.218641219036427
0.33122677149890506	-0.14316412203924075	0.2186645844697873
0.33129959560247113	-0.14293072687117175	0.21869120326754107
0.33137316608812434	-0.14271185240592998	0.21871903210548554
0.33145460725349385	-0.14238607130751105	0.21874863234403902
0.3314829654245665	-0.1422556729630236	0.21875954502697748
0.3315417643106845	-0.1419944449072862	0.2187825637221345
0.33164759201290284	-0.1416488822425408	0.21882432240605693
0.33170672177387195	-0.14147412707955181	0.21884773629531434
0.3318863516027899	-0.14088814940983233	0.2189196105127767
0.3319322748029826	-0.1406755092604514	0.21893911953519038
0.3319654414760884	-0.1405295106599492	0.21895295159005643
0.33204411185827587	-0.1402247311160426	0.21898595707992083
0.33216039997455066	-0.13984507702127824	0.21903520734090395
0.3323704608351219	-0.1391794273397423	0.21912405499049478
0.3324643305388386	-0.13884375417169542	0.21916547102518627
0.33252198813996386	-0.1386045273159398	0.2191908336935668
0.3325771661123948	-0.13838482572903463	0.21921630639495604
0.3326683580704164	-0.13806999270226974	0.21925708536207036
0.3329926856208456	-0.13737965458915824	0.2193291767592096
0.33335814422648297	-0.13721143116223647	0.21929134360450636
0.3337522060591101	-0.13705469615389126	0.21924594938547812
0.33415221969445447	-0.13690840414528688	0.21919773242277843
0.3344725803851517	-0.13678704982019413	0.21916012731275375
0.3354702488474691	-0.13662914076769278	0.21900055630404017
0.3360734124639008	-0.1366033757025084	0.21887420507887334
0.3363069342439636	-0.136578002285142	0.21872013638829385
0.3365721556701805	-0.13657650295435914	0.2184072215295562
0.3369768574499202	-0.13665637092336108	0.2180572968846516
0.33752011159838147	-0.13686878906486605	0.21749401874105426
0.3378154711060532	-0.1370556928434426	0.2170856359429122
0.3382685341780647	-0.13743559443825798	0.21638419348859414
0.3387067252098211	-0.13780663139896648	0.21585125469195648
0.33947534522481915	-0.13846163629495434	0.215026226364401
0.33981988455476436	-0.138710207273463	0.21466168912786315
0.34035062074253924	-0.13929473948700327	0.21398601449999893
0.3411716451159787	-0.14024783658538115	0.21297258609211783
0.34152894434596076	-0.14065367253467193	0.21254506386432154
0.3425275126155919	-0.1417300245740294	0.21144183028820812
0.34320637260740583	-0.14260943318470426	0.21053735791148143
0.3444049791144569	-0.14396803413572007	0.20918908177462586
0.34535687113641333	-0.14475191164164053	0.20817243223293763
0.34630669157819155	-0.14556498714886223	0.20717232859936585
0.3473329227179908	-0.1464225785296716	0.2061139926777737
0.3478798116008605	-0.1468972399780133	0.20552954237080107
0.3499894672664365	-0.14882939174469423	0.20335858919617616
0.3512492001420897	-0.14995092116624226	0.20210011609676368
0.3525364151252515	-0.15121893923341662	0.20067278376086883
0.35326203548136736	-0.1519220458569368	0.19991036721974081
0.3546569525100037	-0.15325330187732372	0.1985230035099263
0.3567141387007846	-0.15527069310849678	0.1965157493193313
0.3578617232659767	-0.15640533624231334	0.19539606304707435
0.3605737086535901	-0.15907461053716793	0.19283090419951815
0.3625770947368761	-0.16114330020961626	0.19094025049448535
0.3646970809006128	-0.16330487051576859	0.18898280984734267
0.36664895466028563	-0.16528182671154668	0.18720249234421182
0.36905261773684217	-0.1677423943037834	0.18498752459188272
0.37269013191868455	-0.17147149405922057	0.18173592972637034
0.37471520660435276	-0.1735952729149165	0.17991570107497187
0.377327788871252	-0.17625395722876658	0.17758649827542422
0.3807314956479469	-0.1798269886458787	0.17459530388437064
0.38334591893440606	-0.18257874696244758	0.17221525883601924
0.38633085568420966	-0.1856725186112198	0.16963916589194228
0.39019098585324297	-0.18974262319567298	0.16615393248758523
0.39196740160836857	-0.1915353391309338	0.1646579333963497
0.3958123304633836	-0.19560326148598722	0.1611839791291949
0.39876501387352314	-0.19868597396954718	0.15861734371312475
0.4007759764582939	-0.20076514492862796	0.15680975475980746
0.4034124233885064	-0.2034401313281563	0.154431573791875
0.4081914046779599	-0.20807133940680528	0.15024652945177736
0.4118430487920152	-0.2115292999724051	0.14696263275107196
0.4145970039089939	-0.21404101423714567	0.14454253540820472
0.41756416513710015	-0.2166963034204899	0.14186300816118075
0.4194251630311765	-0.21836001353628987	0.1401894224676411
0.4237144859527084	-0.22201404063877211	0.13638755882738457
0.42647193126553556	-0.22429565835096682	0.13391477953757192
0.42916351521240637	-0.22648786916043157	0.1315077167391408
0.43320385354668656	-0.22969720412915245	0.12789487714407094
0.4360539439942737	-0.23188996237635112	0.12542256866507578
0.4383392857669051	-0.2336289514456229	0.12333089283270221
0.44147476799971797	-0.2359800276002968	0.12051362355343703
0.44571973866778114	-0.23912630106856736	0.11676624230166877
0.4484980243044809	-0.24109161779186095	0.11456247037886191
0.4503368943906087	-0.24245631523063832	0.11306295150264922
0.4540742484120498	-0.24521337863075082	0.10993942132112866
0.4577603673255071	-0.24795577391544715	0.10671857041477656
0.4605053017333072	-0.2500686977940856	0.10418054686818778
0.46227026876850563	-0.2514835900559318	0.1024899470376553
0.46533885084576315	-0.253978299875015	0.09940717710400404
0.46796097734907205	-0.25631196563614217	0.0965787849948686
0.4700794628199574	-0.25832120203564074	0.09414038610677317
0.4730191281851923	-0.2611760382671824	0.09062088442847388
0.4753409124006723	-0.2636257258836063	0.08770701357850097
0.47718705380021986	-0.2657190450252506	0.08514107131265325
0.47822855385491336	-0.2669632317933631	0.08361770285611614
0.48059625705268416	-0.26982079754554716	0.07993158214513407
0.48229007002461427	-0.2719130715524692	0.07708673143827993
0.4841323695743156	-0.27418032798589564	0.0739015759446538
0.4860204955145102	-0.2762971012292642	0.07103296865720504
0.4868205550439682	-0.2772060444756901	0.06978856118611565
0.4881136748339553	-0.2786347187684697	0.06765071312552595
0.48950917050487724	-0.2803384323308761	0.06485354349057265
0.49062125399690654	-0.281847441948658	0.061564180227413945
0.49100353227418636	-0.2824002068770707	0.06015408508097331
0.49159192775183064	-0.2833035024396298	0.0576015236970534
0.4919566852867523	-0.28391302374546973	0.05553824896011372
0.49213278574325514	-0.28422430439303725	0.05402881664525366
0.4922677699474368	-0.28453215268454446	0.0517003594855327
0.49228201275106287	-0.2846617414275452	0.05019332404017546
0.4921664915484049	-0.2847661216490417	0.04860024712331218
0.4920196935184407	-0.2849292991929637	0.04707089389690472
0.4919365823341542	-0.2850638601338371	0.0450353980510666
0.49186073256520807	-0.28514612862420785	0.043555370167235874
0.4917734693459734	-0.28520317108220344	0.04213137817246254
0.4916754871194664	-0.2853065640843589	0.040827011485568554
0.4915347929447686	-0.28532324472985265	0.03985738310077447
0.4911575412417538	-0.2854996005982412	0.03782656777381521
0.49099851823693236	-0.28549597421804845	0.03602172439076451
0.4908431745858333	-0.28552924182252	0.034684374737575296
0.4906942778231844	-0.28555438364153746	0.033426195147691073
0.4906285084057082	-0.28561986216987867	0.03266051459218283
0.490750467435987	-0.2857587540513486	0.031103772413596242
0.4907848149468923	-0.2860650578169653	0.029699520304167615
0.490791574123216	-0.2862365748322555	0.02876945821209459
0.49079916667793766	-0.2863161386006532	0.027915828231943385
0.49078420172125087	-0.2864203705571153	0.027347691356773174
0.49073770905399744	-0.28666850559427687	0.02623654924000518
0.49070151291495306	-0.2868543320377129	0.024749488229104277
0.49066199631320656	-0.28704009081130905	0.02390927096765527
0.49067357924916716	-0.2871245105994727	0.023187282231891482
0.49062128959667295	-0.2873313435541216	0.022346552022402766
0.4906154683164656	-0.287482398972753	0.021542682434620763
0.49063022022822433	-0.28760382504219967	0.020790347364985973
0.49058723757753037	-0.2877082728820708	0.02032250305977512
0.49050992044507585	-0.28786370174006776	0.019589854825414588
0.490550932486657	-0.28802787012444886	0.018673989825547466
0.49056454325784893	-0.2882156676123653	0.01787316791230298
0.49053534393562176	-0.2883529038907494	0.017286063156549958
0.49056470645897793	-0.2884341655557234	0.016730858913751923
0.49055263437243396	-0.2885415875335374	0.01640647631645048
0.4905309743088104	-0.2887303667764837	0.015627113236442447
0.49061298422189026	-0.28887665504168725	0.015120124945454283
0.4906713307208355	-0.288990333547925	0.014506223159025444
0.4906987184179955	-0.28913138531270793	0.014022660671487774
0.49071226054669803	-0.2892294428298068	0.01360489825582023
0.49072909523244856	-0.2893114130486803	0.013262146191248214
0.4907795120087198	-0.2893769978914293	0.01294917900465814
0.49094637559004256	-0.2895992019606471	0.012494771764738566
0.49103737408590037	-0.2896835365993806	0.012025449960787693
0.49109832217938915	-0.28974868196940856	0.01182948573653686
0.49122999829875164	-0.28988493688797246	0.011452607201454912
0.49133050082152624	-0.28992886218264935	0.011165604109767524
0.4914778512009592	-0.29005258184928323	0.010853852680805576
0.4916134907185354	-0.29012085746368216	0.010675875713165195
0.4919485751792868	-0.2902553016176972	0.010580333990686586
0.49231024150846114	-0.29035081134922885	0.010612095823357037
0.49270789636882767	-0.2903906285839148	0.010673914515644534
0.49312271111154315	-0.2903550532240511	0.010686857546497786
0.4933166629326962	-0.29035301200962055	0.010664216882443234
0.4934601965966313	-0.2903435932082229	0.0107020412103499
0.49374390616491176	-0.29033772718006007	0.01078668970448099
0.49390619419104503	-0.2902756510124927	0.010860816755952019
0.49415234742305914	-0.2904832377057738	0.0111784398870447
0.49424880831337314	-0.29074575151022186	0.011319267754631213
0.4944082506436474	-0.2909379479572654	0.01152816433553916
0.4946038396784529	-0.2911538543513982	0.011805705298718938
0.4946594275732375	-0.29127614062397394	0.011940985768387924
0.494861245920302	-0.2915688417650601	0.012291351607426504
0.4950617551043906	-0.29170690528188387	0.012499856610502125
0.4953197029063874	-0.29186976769992623	0.012754148647069585
0.49562352135973536	-0.2920598578636271	0.013053780350519406
0.49578823286856777	-0.2921635999564384	0.013217017873063008
0.49599888940705555	-0.29233042218523636	0.013431213535922581
0.49600258761815363	-0.2925405649068378	0.013493769587087812
0.4958598174473423	-0.2934092838817511	0.01352060775851549
0.49582735679483425	-0.2937900086559294	0.013544306173362886
0.49597758943979503	-0.2946725298346125	0.013654353362583194
0.49604156178631054	-0.2949463581835548	0.013700296081032404
0.49613952266549627	-0.2954076677987839	0.013767134269853987
0.49621390264091136	-0.29586229387993696	0.013809852292621938
0.496363766555694	-0.29648195916426495	0.013920623857354819
0.49655865260081716	-0.2974945622758141	0.014033791577620192
0.4967070728913454	-0.2976748273724175	0.014053096219640793
0.4971874521905759	-0.2978337140496325	0.014071114213296043
0.4973740216484578	-0.2978832117827088	0.014072501462076392
0.49773596133261755	-0.298008419384839	0.014058893414078955
0.4978432385188635	-0.2982223088809861	0.014005225101197005
0.49794564515172834	-0.29844114030779334	0.013929483815310006
0.4981599873074205	-0.298667943784006	0.013903518912627477
0.4982454388724732	-0.2988806981905468	0.013930178240635749
0.49828215206285814	-0.2996583445812538	0.013912710696732777
0.4983064999741729	-0.30024402554086743	0.013907311161933833
0.4983381802432412	-0.3009156591167096	0.013907127658574048
0.4984295561700349	-0.30149285851277463	0.013974836459150597
0.4984954811096255	-0.30210888142170983	0.014006104828360733
0.4987349765525355	-0.30239604824405336	0.01396638207359141
0.49905222818665157	-0.3025854303626081	0.013925354697037706
0.49917590474893936	-0.30264245997070693	0.013894559558228603
0.49943005829293025	-0.302737280873376	0.013871816531361936
0.4998607597698906	-0.30302000080084895	0.013817334371085066
0.49997477383174405	-0.3030971192667397	0.013770622079003592
0.5001008364152308	-0.30325677402718704	0.013677497600225186
0.5001188930384635	-0.3033758223914246	0.013572883688935555
0.5000452206194362	-0.3035430808018778	0.013382728052389381
0.4997324101649846	-0.3041494031656961	0.013026467569861644
0.49961570189155474	-0.3043759354339057	0.012899772404902365
0.49951769484746344	-0.3048961541925981	0.012785761025946474
0.4996048511761831	-0.3053176629071515	0.012868620289243293
0.4996844638765662	-0.3056930979429652	0.012942669811162266
0.49974974258627175	-0.3060515457920473	0.013002521227538644
0.4998917951460541	-0.30665828557582037	0.013137370003035276
0.4999518017290603	-0.3071878798547289	0.013192003759383952
0.5000069053699134	-0.3076550316147892	0.013242174947878493
0.5000901994872515	-0.3080672287948979	0.013323202596088046
0.5001276782782227	-0.30830191104339183	0.013358956048382664
0.500150741650886	-0.3087732587972435	0.013378492309388812
0.5002087258719956	-0.3093687476460954	0.013431756471349254
0.5003154817154638	-0.30989922006793713	0.013537440300473713
0.5003799923108947	-0.31018972441061204	0.013601685821013565
0.5004654030245942	-0.31076136129288945	0.013685871672409367
0.5005003867539416	-0.31099517177574404	0.01372136759271153
0.5005691942397785	-0.3113346920721417	0.01379076765553866
0.5005043016614024	-0.31189224349113953	0.013720973169146167
0.5004824223356914	-0.31193719336494885	0.013697830373057607
0.5005216144839904	-0.31196550928202976	0.013738202080369133
0.5007534090307244	-0.3121244532913304	0.013978473053839535
0.5008282029922421	-0.3121743530591507	0.014055922036950719
0.5008407814724093	-0.3121817467079024	0.01406986924987036
0.5008533917572908	-0.31218580766038834	0.014082117089197321
0.5009201931544667	-0.31173839497947614	0.014376248309932005
0.5007717927067209	-0.31172508469348287	0.015611550455150724
0.5008260497098262	-0.31181707826517835	0.016807511973437106
0.5011401525117525	-0.3119707314346009	0.01941138002744386
0.5013388097923263	-0.3121268830257927	0.02167065172583088
0.5016140722788814	-0.312319415608859	0.02460645377258619
0.5019990864429564	-0.31266467912774837	0.029603449113686953
0.5021619928099175	-0.3128178578527523	0.031758988949391165
0.5025652451165595	-0.31317777763347765	0.03740261312158477
0.5026764258183163	-0.31329054945649254	0.039399187487446086
0.5031054942057474	-0.3136324285544239	0.04565768468937709
0.5034213278063389	-0.31390785278693156	0.05085872322701074
0.5036573516309162	-0.3141476913717909	0.05542022942215108
0.5039957700990099	-0.3144003162629124	0.06088342966253063
0.5043680924194067	-0.31470944967055786	0.06869307489320281
0.5045218028042521	-0.31482895473722117	0.07283721838351992
0.5047395744302512	-0.3149716917933863	0.07805302967099681
0.5051238157150361	-0.31516131821755766	0.08884353549052282
0.5053223064800269	-0.31522257669197684	0.09539477614926295
0.5053729600348889	-0.3152109709236404	0.09880527537057915
0.5055535266751099	-0.3151959740154121	0.10735743336207654
0.5056214793412693	-0.3151419036325657	0.11111926127911198
0.5057016396051801	-0.3148942699426929	0.1199917244371475
0.5057160363197644	-0.3146119121032025	0.12804824729271708
0.5057131587937091	-0.3142727867439711	0.13471589391759864
0.5055908273645586	-0.3139099111149939	0.14074144271516864
0.505541314874802	-0.31365809887562873	0.14415051987602345
0.5052246249562955	-0.3126969545942905	0.15486033378783537
0.5049295206708089	-0.31196426483878864	0.1610140877321849
0.5046076894820387	-0.3111571330526634	0.16663331087507058
0.5043343977551679	-0.31064907675299236	0.17006638485177178
0.5038748326858759	-0.309613294276041	0.1757244438464909
0.5033758330874769	-0.3086304876936907	0.18053398162818948
0.5028131258600713	-0.30753538059506397	0.18530945158660764
0.5018578024763959	-0.3057196318451218	0.19154069758610742
0.5010621037017983	-0.30422530235701956	0.19590088379812917
0.5001814763531524	-0.30256675301575847	0.1998964987272165
0.4988187613324454	-0.30019705604157176	0.2046967474556013
0.4976224235056739	-0.29815754285676316	0.20801737652987315
0.4964834156964272	-0.29622619456943833	0.21062219768520787
0.4951520746704301	-0.294004666460217	0.21307671044774773
0.4937832200083723	-0.29171560149665754	0.21539916194137892
0.49158326871739705	-0.2875635602905995	0.21892959864201253
0.48976322213416407	-0.28467687447413204	0.2210856256917333
0.48818013451404213	-0.28232829164676193	0.22270169078120328
0.48591505648493477	-0.27868896168100443	0.22503136972899127
0.4845067457200629	-0.2763012444740691	0.22645590717581837
0.4807190943970838	-0.2699496734766029	0.2298264440714908
0.47849301830779806	-0.266310066102235	0.2315537206577003
0.47636983592545235	-0.2627413188741049	0.2331423390125013
0.47389352014651676	-0.2586788800480506	0.23493280429355923
0.4706702726700654	-0.25339183332260234	0.23705301340794205
0.4681876088473954	-0.24914719898690924	0.23853846387888966
0.46569150609634874	-0.24496229585376939	0.23992447738897504
0.4631849860567382	-0.24104215100014897	0.24124963569581062
0.46095084988224977	-0.23774149858720628	0.24219409303748823
0.4569914989209443	-0.23129619425859832	0.2439059643467561
0.4546683066187955	-0.22736655948331458	0.24477319613211376
0.45242099296678745	-0.22371174227471735	0.2453787022822411
0.4509180010989777	-0.22128190530428882	0.24570222337070494
0.44770594242480233	-0.21587358809988494	0.24651550246910695
0.4451070415156594	-0.21146195614893243	0.247202139618448
0.4416390002607709	-0.205719235309122	0.24762251354499476
0.44003755378437515	-0.2030897593690006	0.24767711072822865
0.4361915026977739	-0.19670113338433923	0.2477771498430342
0.43475108153749853	-0.194287905136426	0.24780041518172477
0.43208913033544194	-0.18978126041036664	0.24778200795729016
0.42751359808767797	-0.1819846505846217	0.24770683503267732
0.42588132066285833	-0.17918420145824634	0.24775812822490478
0.422379660655382	-0.17305990609618044	0.24772666037605923
0.4204729131534253	-0.16975709624481516	0.247773448821312
0.41684235361088834	-0.1631588449726591	0.24790018776723763
0.4135954245075589	-0.15724903614107816	0.24811378968958808
0.41022091061665633	-0.1510739351141352	0.24847094467763287
0.4084682877296586	-0.14795318719851167	0.2487613309498198
0.4043744313241977	-0.14058626602987512	0.24949610913385709
0.4014769431638074	-0.13550465261443168	0.25003738452414437
0.3986874811040713	-0.13055398492112852	0.25052552866610467
0.39482419577592365	-0.12394424739427821	0.2509433634889797
0.3920846502319463	-0.11923581415063698	0.2512929145746555
0.38919543792702	-0.11432160527052841	0.25154028281156027
0.386501048949522	-0.10979951413092824	0.25171498325033353
0.38299638693836463	-0.10398223716977105	0.25190346340149317
0.3817392247023835	-0.10184834224530824	0.2519733684284042
0.378408948575226	-0.09626682387008671	0.2520691232193095
0.3761909307456719	-0.09255995674079344	0.2521457820273165
0.37447211394464064	-0.08964005961216821	0.25215179804384497
0.3717484174962771	-0.0851002490494535	0.252219403960968
0.36987423138140146	-0.08199271835413262	0.2521990065777523
0.3681728333540214	-0.07911792594295748	0.2520520620473208
0.366079081808506	-0.0756379401384369	0.25185101237289775
0.36475314015842397	-0.07338810821075097	0.25169398124888975
0.3638069629161136	-0.07179097948075232	0.251559347622822
0.36202719282388124	-0.06882867935457158	0.25124249172555724
0.3612190751600971	-0.06749944006537341	0.2510277007861311
0.36046091632772004	-0.06621212221726568	0.2507819499940306
0.359656685033914	-0.06499795889188385	0.25039988204041175
0.35935427867100106	-0.06447919242788445	0.2502754284900919
0.3589157069676469	-0.06354985310792803	0.2503770287200251
0.3587381079619364	-0.0633032776405681	0.25051241716665207
0.3586698927343029	-0.0632012541035425	0.2504571607529991
0.3585613496193309	-0.06309463086762356	0.250383400395489
0.3585039130065711	-0.06302964562704293	0.25041978472473425
0.3585031454401757	-0.063020610997309	0.25025101097503244
0.35848852214738675	-0.06297539306602139	0.25011789428419834
0.35850099637993815	-0.06283490190451459	0.2500624058051449
0.3585019581093699	-0.06263399357854808	0.25004351131929575
0.35848887619577996	-0.06243328858126761	0.2500106761523738
0.3585093027955384	-0.062249564422112255	0.24996166470543346
0.3585236362899736	-0.061905480974580915	0.24986657602116844
0.3585162195365127	-0.061655553442193686	0.24984226766003395
0.3585418423453519	-0.06142809608793924	0.2498385636167234
0.3585691226935297	-0.061254240735444956	0.24983967544645108
0.35869359834365505	-0.06124453143686724	0.24985057174206982
0.3587877692848058	-0.061256743534780764	0.24985900919378382
0.3588960198255621	-0.061261868704536385	0.24987734413433774
0.3589309725855191	-0.061203765011997105	0.24993591998896914
0.35895011522697406	-0.06117312012232644	0.24996676070074747
0.35895316322549464	-0.061168188088599626	0.24997161550406782
0.35895310311478656	-0.06116901978004678	0.24997171982766747
0.35895324771439696	-0.06117055731362521	0.24997168425441124
0.3589528827995866	-0.06117082648280191	0.24997244937193153
0.3589525169345113	-0.06117213330757083	0.24997258431128683
0.35895245429793865	-0.061174832739871884	0.24997215542319073
0.358953007458351	-0.06117746083138102	0.2499715914138687
0.3589527770453473	-0.061179099114161625	0.2499718125996719
0.3589529531193438	-0.06118078854485119	0.24997149151873782
0.3589527115143813	-0.061183363169569085	0.2499704954182153
0.35895348024115054	-0.061184175295370555	0.24997112632517665
0.3589527221715913	-0.061185225343726266	0.24997080417525896
0.35895380676342026	-0.061186563652592854	0.249970662123695
0.3589534714836895	-0.061188098404172234	0.24996977303319426
0.3589534858867294	-0.061187947787304145	0.24997021074844503
0.3589538247753665	-0.06118939565915012	0.24997016139875383
0.3589544052055225	-0.061190432243844115	0.24996959056748627
0.3589542552376	-0.061190264023834776	0.24997004692587613
0.3589547221190303	-0.06119092452770507	0.24996968870892664
0.3589540988723996	-0.06119038148516544	0.2499695635155109
0.35895393594656255	-0.06119084821531816	0.24997081873010113
0.3589542336837364	-0.06119114118550155	0.24996962312637988
0.35895409896593167	-0.0611917767708348	0.24996933534601612
0.3589536777590945	-0.06119176587429813	0.2499692181553875
0.3589544005531267	-0.06119178486600964	0.2499697516155545
0.35895449225967013	-0.06119248149411398	0.24996945829149847
0.3589543426121372	-0.06119226439447824	0.2499692111638869
0.3589538428266649	-0.0611918185248229	0.24996997430836196
0.358953860894895	-0.06119166299441055	0.24997024591455957
0.3589534108492466	-0.061192211471751926	0.24997012397249907
0.35895374298674587	-0.06119221834128542	0.2499701965896735
0.3589524992836631	-0.0611895451818482	0.24996918969379572
0.35887072178463286	-0.061071214164630946	0.2499319511241214
0.35882333456832494	-0.06090676517102754	0.24988216035065985
0.3588189572654302	-0.06058124598912158	0.2498204114567873
0.35867106189248643	-0.05999319152868236	0.25007399683373427
0.35848542537738215	-0.05941345061421806	0.25018722562045964
0.358285652875842	-0.05857139566092863	0.25026613895013217
0.35817218899407816	-0.057955592698854516	0.25032091947722945
0.3580988768840862	-0.0575733067520809	0.2503409716130286
0.3577946835755482	-0.05645996994760173	0.25049644079612277
0.35761043146823657	-0.05571878953710467	0.2505634459695715
0.35745402880965904	-0.05494382895335041	0.2505505717213496
0.3572587717965959	-0.05414658476548305	0.2506347580420864
0.35699462087533096	-0.053301253710976396	0.25074825193346545
0.35679699340180643	-0.051831865372475736	0.2508270801125366
0.3565520854032113	-0.05058710925252628	0.25109557196788895
0.35639316465406873	-0.04934123692489799	0.2513244355085692
0.35621399216929334	-0.04807893586438962	0.25139495174760274
0.35601102777995297	-0.04672390783813539	0.25170842550805994
0.35580706854568367	-0.04541016352481546	0.2518783166341118
0.3556397044971159	-0.044156496748045934	0.25206242159113934
0.3553202340675575	-0.042093001657398585	0.25240378718949824
0.3551395907336855	-0.040657361253433374	0.252595246390528
0.3549195497106211	-0.039199395814680474	0.2528404864800914
0.3547591800835666	-0.03790520058954176	0.2529827534314766
0.3545337572400348	-0.03637907020390861	0.2532561144370119
0.354289287374003	-0.0344268422144134	0.25354844405048976
0.35403158245208033	-0.03278919781290322	0.25383328775549874
0.35391782873967004	-0.03181415553634574	0.25396758173524103
0.35373292540202184	-0.030391231401759436	0.25416812312275905
0.35343974360252783	-0.028348331901680887	0.25445545942143105
0.3532715726511903	-0.02677307565248689	0.25471749070557437
0.3529849425633747	-0.024697077871383713	0.2550977404969653
0.3528567766121725	-0.02336186970608166	0.25523763523458015
0.35269346988353084	-0.022469860962267454	0.2554542824045723
0.35250577258472177	-0.020818945458508528	0.2557089046892802
0.3522118562076296	-0.018411624914922528	0.25606215496022455
0.35205434287167525	-0.01744596820498613	0.2562569428955826
0.3518695560681282	-0.015410310852451606	0.2564818783633923
0.351644177281036	-0.013893819717066255	0.25683306351435414
0.35150076638675876	-0.012875017123920737	0.2570189157291622
0.35138379888209254	-0.011201260012001182	0.25712743896209833
0.35112469228774235	-0.009820429887420726	0.25747545794847015
0.3509886296553232	-0.008375325472401787	0.2576881830776485
0.3508825699047306	-0.007389168414595845	0.2577864642503999
0.3507334670743933	-0.005968299118413664	0.2580464622849361
0.35053135110694006	-0.004430506218333172	0.2583259976498706
0.35041480033781985	-0.003352742013836077	0.2584957577861169
0.350330424732885	-0.0025417677251358545	0.2585972777188903
0.35019027840070316	-0.001305991903542289	0.2588297481573465
0.350069148476507	-0.00044260890607016046	0.25893311497508276
0.35000251924855885	0.0003511282540062388	0.259054647249497
0.34996147685793594	0.001014429003969336	0.25913828125853017
0.3498781883144144	0.0017265947706684437	0.2592153659778203
0.3498806485893252	0.0020715555218000226	0.25917743479589056
0.3498902308440574	0.0024970579470078996	0.2590362687430204
0.34999938010009013	0.0027050645958185543	0.25866204943692284
0.35001580088195383	0.0027045440550268196	0.25859118513592877
0.3500164970675316	0.0027036943321580437	0.2585890949252378
0.3500163909665425	0.002699990767529248	0.25858717666880643
0.35001827708426053	0.002696896971453297	0.2585870048033993
0.35001676322762776	0.00269093888082865	0.25858628528801797
0.3500172013152227	0.0026842252580621256	0.2585845846450035
0.35001706414920647	0.0026792477231336875	0.2585826176131415
0.350017687319097	0.0026735979988382758	0.2585811602106925
0.3500187730397696	0.0026688119422486334	0.2585798996279021
0.3500188615357075	0.0026642519515945595	0.25857850853949255
0.350019860589723	0.0026601470862052945	0.2585767811945807
0.3500213530221503	0.002656099295084882	0.25857472906934187
0.35002242155887775	0.0026542870523147827	0.2585750687867684
0.35002340944990923	0.0026533411463681017	0.2585744623953655
0.35002450351315484	0.002650435952547256	0.25857436128441263
0.35002656151693734	0.002648233099691505	0.25857312551309286
0.3500269659306675	0.002647822694286789	0.25857320468047457
0.3500272763860277	0.002647562014324839	0.25857279228083396
0.35002823142516426	0.002646713422394739	0.25857200963438265
0.35002997604641417	0.0026458537757035328	0.25857204136776335
0.35003009918882044	0.002645591345714113	0.2585705699299331
0.3500302135313127	0.002645312069924438	0.2585695903402768
0.350030271146926	0.0026452228318321475	0.2585693112485576
0.3500305407833519	0.0026458748087648254	0.25856946092586786
0.3500304702387499	0.0026452037705356757	0.2585690436223159
0.35003081547703946	0.0026447884754661477	0.25856941856090476
0.3500307656889446	0.002645928113137533	0.2585698762691391
0.35003077240684943	0.0026451470425560425	0.2585691014543294
0.3500308037176578	0.0026448631944904627	0.25856945871025583
0.3500313178564519	0.0026453202566502215	0.258568976208282
0.35003152088705625	0.0026450607094400252	0.258568397521455
0.3500311662428242	0.0026445475362242565	0.25856875208727914
0.3500319348881422	0.002645583120653508	0.25856851800387204
0.35003224937821165	0.0026445010906297195	0.2585679500702116
0.35003219085581033	0.0026447799806979255	0.2585689919993675
0.3500354994986889	0.0026433305548395764	0.25855119579383373
0.3500601202438912	0.0026159211738384647	0.2583598818552364
0.3500699288244604	0.0026078683295476385	0.2583280089711042
0.35008851463331714	0.0025970824523594976	0.2583150354502526
0.3500666179243812	0.002613099653211423	0.2584836428643156
0.3500579795300328	0.0026213569850120078	0.25852263068654646
0.3500529085736191	0.0026251333048822184	0.2585334423262788
0.35005026877372564	0.0026271036705431128	0.2585391458608307
0.35004331132448124	0.00263256476190539	0.2585552633179388
0.3500284122553734	0.0026446472436013196	0.2585869563091284
0.35002791142767126	0.002645370807267969	0.2585881659089215
0.3500277051331225	0.002645462597666598	0.2585869275154753
0.3500282139703631	0.0026450371507526355	0.2585865617289623
0.35003455462435634	0.00264453138539375	0.25859066349576376
0.3501078261329737	0.00280933943645173	0.25872943449943386
0.3501310414467501	0.003123763083839326	0.25892705502435465
0.35015054488611724	0.0033414095591198373	0.2589931617073328
0.3501865145097269	0.0033882844760890485	0.25881656994384633
0.3502337774475219	0.0034191570291498274	0.258633191314127
0.3502527244870013	0.0034268110802057328	0.2585741956326351
0.35024520720765645	0.003443677890218891	0.25856343327968034
0.3502417614587726	0.0034490944117930716	0.2585615715387487
0.35023808308059057	0.0034518676505978785	0.25855964076293236
0.3502347527792866	0.003453258712747362	0.2585592682025673
0.35023190657391273	0.003453563085547867	0.2585585311327303
0.35023082560320046	0.0034518418944419343	0.2585573017487396
0.3502274567000718	0.003451635614396653	0.2585569727855994
0.35022699259762646	0.003449622901507271	0.2585558698838005
0.3502260828087596	0.0034478436682874453	0.25855551117039377
0.3502253015574104	0.003446252332316588	0.25855461012884623
0.3501846027005562	0.0034833978409791327	0.25857688857095934
0.3500736492159965	0.003588766184140682	0.2587220541918322
0.3500888104099025	0.0035785904085593317	0.2586908602484712
0.35011479734359324	0.00355894779813197	0.25865237825215603
0.3501631237982107	0.0035140240300921693	0.2586261445641883
0.35020174973099183	0.0034787192937900113	0.25856763506809166
0.3502151405659746	0.0034642626577516683	0.2585560864490749
0.35021801016548976	0.0034593995711762887	0.25855338689426255
0.35022399281634586	0.0034500696854246615	0.2585509653739947
0.3502259506207177	0.003445319612358083	0.25854977850406313
0.3502260108235301	0.0034432249231090423	0.258548493080927
0.3502278402907174	0.003439019181796704	0.2585475725470975
0.35022812460926933	0.003436159389874155	0.2585456509933327
0.3502282333957483	0.0034347248549962683	0.25854549049429326
0.3502281147383294	0.0034329495622406753	0.2585444033141193
0.35022826792443573	0.0034318359451223635	0.25854370784374137
0.3502294641560158	0.003430315586309407	0.2585433121703682
0.35022891888078667	0.003430946256827619	0.2585435391601004
0.3502283184034696	0.003431290129297826	0.2585445303711745
0.35022947966945994	0.003430288077747909	0.2585441144069225
0.35022856243346734	0.0034314747643344606	0.2585448736645121
0.3502283034626292	0.003431262934967705	0.2585454817509836
0.3502287345736685	0.0034314456147303135	0.25854490887707243
0.35022870411911255	0.003431445932481153	0.25854505802053057
0.35022853605928944	0.003431817102584181	0.25854637794039
0.35022852171534785	0.0034324357154219276	0.2585470328384467
0.3502285882691226	0.0034325982279494183	0.258546856296171
0.35022863016193173	0.0034322283746155424	0.25854615425564786
0.35022812104290996	0.0034325712882188053	0.25854669803700925
0.35022896084688276	0.0034328170490838805	0.2585466034545174
0.35022803046951145	0.003433105183320684	0.258547642069591
0.3502281595865291	0.003433185227662214	0.2585478643420286
0.35020755850070234	0.003434144871648892	0.25864760077050325
0.3501513637574535	0.0033795687940687824	0.2588740834085249
0.35015779064038244	0.002935342120846951	0.258954638302519
0.350163884383639	0.002268576997732738	0.2590223197463529
0.3501573608251901	0.0018266437401832092	0.25907989220201266
0.3501368848900994	0.0005331346408994214	0.2593272221735833
0.35006145186924176	-0.00033311422902156107	0.25951123063703285
0.35006907912774893	-0.0012241134605077836	0.2597048423023729
0.3500540795293318	-0.0018798043203007292	0.2598699724506555
0.34999815964918274	-0.0028621213843254972	0.26015929294933837
0.34989374765725756	-0.0049425050595900966	0.2606583867864508
0.34980163248593793	-0.0062903935139189265	0.2610040600056717
0.3497188660788019	-0.0074120817607418316	0.26132614601129306
0.3496976839544958	-0.008304584390252626	0.26154187333596324
0.34953200310917554	-0.010632100632595301	0.26220372404637277
0.34943588562196415	-0.012368919713084722	0.2626823292514228
0.3493124722187063	-0.013822897413766758	0.2630972507918443
0.34922510646569216	-0.015214780065889624	0.26351525418505956
0.34911458964198266	-0.016161800610585184	0.2637992157158241
0.34912512858946076	-0.018847545712665933	0.2642217979961302
0.34911383473013125	-0.020918951791712867	0.2645055427780589
0.3491179339812062	-0.023352608006558154	0.26479996509133397
0.34914478349316347	-0.025134185163311548	0.2650270328582772
0.3491421057495236	-0.027154564374794368	0.2652837370610631
0.34909092901423106	-0.029949765986132096	0.26572027586363883
0.3491087578745777	-0.03203232883722497	0.2659592373003221
0.34911319663339746	-0.03325406826796683	0.2661086463758784
0.34908931767005463	-0.036057400485036986	0.26648025195243563
0.34908328169187147	-0.037761619113425	0.2667577188236378
0.34908607851774354	-0.04043345925628074	0.26709766010825275
0.3490883584275166	-0.0435004835251387	0.2674402052355138
0.3490625582083909	-0.04560362943203615	0.26777360978509435
0.34906188584232767	-0.047695400202879254	0.2680013155496521
0.34906326860677184	-0.049014834377095404	0.26816217735531556
0.3490440522862802	-0.05220566200518538	0.2685906091808068
0.3490622325324832	-0.05503610912989447	0.26888810723003176
0.3490550479270635	-0.05736365245649215	0.2691813985968218
0.3490143851077044	-0.05949656910317831	0.2694554783876607
0.34904051209158243	-0.06169134654004364	0.26963056845732786
0.3490013500059024	-0.06397784022421261	0.26993167366332027
0.34901455550183597	-0.0662058402144765	0.27012105296832956
0.34901775922646144	-0.06825361762620595	0.2703129118752296
0.3490062501499928	-0.07129857888201672	0.27063453261779175
0.3490050014577849	-0.07267482397978896	0.27073363882834434
0.34897944537019043	-0.07539056817175817	0.27100228094477
0.3489936462700795	-0.07661514654920613	0.2710837145454043
0.34897005962638644	-0.07945803918101967	0.2713220067625124
0.3489364689345339	-0.08061995761504263	0.27138708140849677
0.3489362458059009	-0.08328934302708706	0.2715570223615348
0.3489334802022091	-0.08530008484868291	0.27166902045714136
0.3488921214121398	-0.08741178779686352	0.2717949277160876
0.34888106594106294	-0.08940529023802186	0.2718936108582599
0.3488619582495883	-0.09163120889305347	0.2720127395817998
0.34889564666518336	-0.09337640767568071	0.2720848483083098
0.34887897563758125	-0.09495051422810787	0.2721061428277392
0.34887963959293117	-0.09645420614354595	0.27211735335509435
0.34884691201874	-0.09736368361692153	0.2721745170430968
0.34882073538263925	-0.09899774215139422	0.27211993666240397
0.3488303958083199	-0.10087564946204368	0.27208204481080855
0.34881772766923375	-0.10219607993494235	0.2719463244106477
0.34880866536021204	-0.10321500258666473	0.27175565350277375
0.34879816877740055	-0.10383369837250368	0.27175323316537237
0.348957042424326	-0.10614190907991432	0.27090531230923676
0.3488294450556954	-0.10731113204578256	0.2703797965708473
0.3487648095669303	-0.10801310863431898	0.2700403051167781
0.3488076814115251	-0.10970654343958895	0.26918307702087074
0.3487984327074695	-0.11048207477341475	0.2687296429825446
0.3488342164102149	-0.11241502056584876	0.26741156488558093
0.3488604442558974	-0.11378200806459317	0.2663840488773448
0.3488736052451288	-0.11453546974503226	0.2657772136860484
0.3489061433917684	-0.11616607218614494	0.264389806307749
0.34890731760053817	-0.11735510501569389	0.263288577706059
0.3489432621027748	-0.11846659612258505	0.2622583949922098
0.3489728934695844	-0.12031620847136933	0.260438787664309
0.34901909170356055	-0.1210634373646421	0.259676915425076
0.3490229795999667	-0.12219813571164322	0.25845967651810087
0.34894812540185516	-0.12360510646355649	0.256915677930607
0.34869072902860193	-0.1248400392369915	0.25548453454035885
0.34850678662114193	-0.12560709899738626	0.2546343093604252
0.34827777654926817	-0.12642967020701984	0.25376981042219415
0.34800470626631136	-0.12692455824870186	0.2532411241150232
0.3476423576082955	-0.12740032974611387	0.25274505862002156
0.3471526469492115	-0.12761702884854415	0.25253305299798506
0.3465730500510409	-0.12772652553798014	0.2523254258410472
0.34577040407080256	-0.1275757901439827	0.2522843435014322
0.3446684801030728	-0.12719618681428824	0.2523458813962983
0.34410089259778803	-0.1269291759512301	0.2524408337896418
0.3424852571304949	-0.1260795529714297	0.2527779434283741
0.3410220581306268	-0.1253023325251837	0.2530809686692913
0.3394554253888836	-0.12455990175041388	0.2535637003756209
0.3372675083906127	-0.12342668288453376	0.2542699770699959
0.33630561503757367	-0.12294319846607604	0.2545623913074454
0.333769057482505	-0.12166946269128806	0.2552051047429707
0.33184382492256775	-0.1207940978389892	0.25559771461621567
0.32923217904855484	-0.11974504304942737	0.25584197428762145
0.3275999112573361	-0.11908501190378147	0.25591998075376843
0.32585911106983	-0.1185447307282162	0.2558082844838105
0.32417548923171996	-0.11811190622779287	0.25558628573211717
0.32274563186699173	-0.11780149163185089	0.2552620318843286
0.3205113221387704	-0.11742748163307526	0.2545922312489219
0.319106180254879	-0.11732768060815983	0.2539167508368689
0.31838588770459947	-0.11733549511131058	0.2535152522247817
0.3172860192484735	-0.11742667537002797	0.2527430375873204
0.31618910744785933	-0.11773162868684768	0.2516459970503103
0.3153491470540349	-0.11826404401743677	0.25025148950656523
0.3149383709955631	-0.11893516664867018	0.24914226396208447
0.31483838200672026	-0.11949675162041096	0.24814108445637556
0.3148828008258632	-0.11991189458306806	0.24734524689493076
0.31529708182573646	-0.12064913462756309	0.2461431599527847
0.3160593125164957	-0.12144177115407284	0.24484351572775115
0.31654276595131353	-0.12198986440995246	0.2440398172235846
0.3171898183983564	-0.12283798189800266	0.24250067370229678
0.3175992384808113	-0.12343331047862421	0.2415643829728754
0.3180436249791966	-0.12397199997071509	0.2406981414245008
0.31828257543822125	-0.12423282789114545	0.24026843036125461
0.31874550449086897	-0.12479231227532722	0.23926900784616761
0.3189147369033196	-0.12502258798698446	0.2387773173666375
0.3191094665107388	-0.12526217155650318	0.2381944876978518
0.3192216162143845	-0.12538466625697253	0.23790381212083586
0.31932788462637696	-0.1254824582209313	0.23770674592654562
0.3196626987005738	-0.12583511641993628	0.23723655091868523
0.3200005738982778	-0.12612632639411225	0.23689151971505681
0.32043869923721524	-0.12650070235012972	0.23640998267224467
0.3206099542891867	-0.12664365509858294	0.2362204416679236
0.3209221528878766	-0.12692962873651026	0.23585193174541064
0.3212799612473177	-0.12727946238511198	0.23541092900962235
0.3215869364975269	-0.12754435194163505	0.2351216040679836
0.3218763370854859	-0.12781973841464989	0.2347658543581302
0.3222418809529382	-0.12812666102681447	0.23432141578434512
0.32245473272925834	-0.12835089749223544	0.23397218823775445
0.3227368863496036	-0.12861315840529697	0.23367636422996985
0.3229867967140424	-0.1289582106114472	0.2333269448783027
0.32309405206835284	-0.12914153475390056	0.23313033970917907
0.3234653584184083	-0.12974775335047906	0.23251089977929698
0.3235796419637614	-0.1299530224453473	0.2322915046489034
0.3238644068147571	-0.1303859659848633	0.23185545309895447
0.3240112808459749	-0.13061751633863478	0.23162111232103716
0.32418967815745187	-0.13092092961106155	0.2313069416652357
0.3243742142675473	-0.13124277121937533	0.23097377151115772
0.32466949380443166	-0.1318432114850212	0.2304172124341737
0.324812913725544	-0.13219778680238414	0.23010094482089072
0.32504445242375773	-0.13245207738036419	0.22979866798538312
0.3252961097454891	-0.13271132432875826	0.2294699196772562
0.3254896185456212	-0.13302174472516876	0.22916433139794407
0.32566202749343726	-0.13336099098796067	0.22887859867216473
0.32579667348645863	-0.13366304591185743	0.22860933315111515
0.32600282930295227	-0.1341626149783079	0.22815812448474254
0.326154849558565	-0.13450425346502887	0.22786132032143297
0.326330010502107	-0.13487400776184716	0.22755462341192667
0.326487111574397	-0.13519459555626784	0.22728818997243172
0.326654418946766	-0.13538556588695472	0.22702496563111157
0.32685570860527047	-0.13566922224333386	0.226708377427918
0.327077325753382	-0.136129559306046	0.22631615863378296
0.32719488183986706	-0.13643157015899043	0.2260499723752022
0.3273674119265415	-0.13676722872060113	0.22578769661869674
0.3274846423540984	-0.13706625541549744	0.2255341724539642
0.3276493643762351	-0.13753867378380577	0.22512280987300223
0.327739890737161	-0.1377269729616519	0.22497416119457514
0.3278908095187898	-0.13807697682809422	0.224686851043866
0.32805087955666135	-0.13850267896240565	0.2243380866040462
0.32814689514160833	-0.13869788954381726	0.2241790478427428
0.3284533673721414	-0.1390546682210767	0.22375041340118332
0.3285590595673566	-0.13936809553652063	0.22346697658968145
0.3287072277687015	-0.13969548481505867	0.22320671631233252
0.32880372410577463	-0.1399650950212667	0.22297769279477142
0.3289320833171988	-0.14026281443473515	0.22274716395017471
0.3289701892742522	-0.1405502057787793	0.2224717150461318
0.32890293745164595	-0.1406727844342503	0.22230311919410967
0.32881252670350514	-0.14081660684446012	0.22209998223431965
0.3287515226658757	-0.14095119134102763	0.2219239210820746
0.3286829936574853	-0.14106633786312106	0.2217588872791429
0.32857118610111935	-0.14122567701876615	0.2215244019451598
0.3285360785382726	-0.14131533061225152	0.22141064695317766
0.32851026352544394	-0.141433013808618	0.22127498097083143
0.3284174242061141	-0.14160080516094292	0.22103538496456285
0.3283347504420399	-0.14171414334203258	0.22085962190785816
0.3282484759066052	-0.1418829546384993	0.2206207029186189
0.3281813124896517	-0.14198375530306817	0.220466109571426
0.32810938528178446	-0.142099126820934	0.22029913617693234
0.32807450301477176	-0.1421761283876305	0.22016223208719746
0.32806023284977703	-0.1422270770998112	0.22005903059720144
0.3280289561486923	-0.14227297108525847	0.21995251292705514
0.32795181057650996	-0.1424122880531014	0.2197431309781846
0.3280055866181966	-0.14270427688345622	0.21948203857821888
0.32805407029815814	-0.14278808019195746	0.21943708459153893
0.3282218024853383	-0.14294041986332914	0.21941627628129545
0.3284768270706188	-0.1432071593942207	0.2193239458955738
0.3286209433274406	-0.143346473645191	0.21927029747953344
0.3290461166132296	-0.14376376219501558	0.2191079962978379
0.32916291510892953	-0.14390252540924225	0.21906243018133895
0.32935546340287236	-0.14414766086955993	0.21898674118218017
0.3295671654679132	-0.1444227925995647	0.21890225710577157
0.32982662137466484	-0.14474983214766848	0.21879957086225504
0.3299966634119354	-0.1449262946824219	0.21873450291019936
0.3302766831450846	-0.14520459439689842	0.21862755417133387
0.3304514883556301	-0.14539859985115625	0.2185588939089608
0.3306480632086527	-0.14565430267440999	0.2184804748761403
0.3307947585637807	-0.1458525267329016	0.21842134510909933
0.33104972217246503	-0.14618806931630618	0.21831836086893905
0.3310649477731331	-0.14620861100647747	0.21831256567693919
0.3310651496790033	-0.14620865764717347	0.21831307072271333
0.3310648203001253	-0.1462077311556913	0.21831374310278062
0.3310636272863268	-0.14620558305964254	0.218315034713256
0.3310621493465635	-0.14620487375901753	0.2183159858654641
0.3310562582173751	-0.1462481955282292	0.2183162900208134
0.33105029001950453	-0.146285851056493	0.21831551786160444
0.3310473968506674	-0.14628980304282224	0.21831708089301058
0.33104546737835094	-0.14628903683730343	0.21831764346869142
0.3310419446368713	-0.14628465610021996	0.21832032184382882
0.33103764314705	-0.1462801148281903	0.21832206267469534
0.3310324039657905	-0.1462742725046392	0.21832413049632882
0.33102890753184394	-0.14627051565624982	0.2183256163716233
0.33102755472709067	-0.14626835766469026	0.21832662761705504
0.33102755320759386	-0.14626822931932454	0.218326636876467
0.33102691234048603	-0.14626717062616823	0.2183269699361474
0.33102761073078435	-0.14626764458373276	0.21832665846733218
0.3310273837041706	-0.1462670112233806	0.2183268302165742
0.3310276784914987	-0.1462669557163886	0.2183266838995264
0.33102845442853435	-0.1462666545665693	0.21832722242626737
0.3310289407352991	-0.1462669556729383	0.2183271639529728
0.3310291264751308	-0.14626647711861457	0.21832707573934673
0.33102915483608497	-0.1462661887483368	0.21832708638296872
0.3310295915408721	-0.14626638177267204	0.2183269336595988
0.33102912300005727	-0.1462664992658355	0.2183262535479757
0.331030468572022	-0.1462670619688423	0.21832660695901218
0.33103008429648745	-0.14626700545708182	0.21832608755382948
0.33103083738914424	-0.146266936571603	0.21832661751270313
0.3310304056731259	-0.14626739412294823	0.21832583848980947
0.3310314204720877	-0.14626760614672152	0.21832620972237524
0.33103216885657755	-0.14626875698080294	0.21832596153120032
0.33103206880465347	-0.14626770697502778	0.2183265563830516
0.3310321429684498	-0.14626800156924602	0.21832608361666161
0.33103277435254896	-0.14626875394574568	0.2183258744570283
0.3310332055476844	-0.1462690030384724	0.21832571967205308
0.3310325657457673	-0.146269434718091	0.21832580262921045
0.331034258842321	-0.14626970888721785	0.21832588761473762
0.33103319451405067	-0.14626911518778715	0.21832571553047803
0.331033707086713	-0.14626973049374437	0.21832558904444505
0.33103269440618044	-0.14627013574522588	0.2183249477453732
0.33103363325843416	-0.14626961838838198	0.21832554096273105
0.3310338460974811	-0.14626977097242175	0.2183254625353823
0.3310339770760523	-0.14626988903579016	0.2183254605465495
0.33103425522278335	-0.14627024436630376	0.2183252994675099
0.33103275727430026	-0.14626962881906785	0.21832493443172163
0.3310334993401363	-0.14626967207665342	0.21832546025906835
0.33103288990414503	-0.14627046456363643	0.21832486280847446
0.33103419493153047	-0.14627086697018687	0.21832523216035873
0.33103391597348536	-0.14627073858842482	0.2183246082011019
0.33103468958010035	-0.1462700865712792	0.21832535530898278
0.33103404661170216	-0.1462709251428978	0.21832522763963202
0.33103390215949374	-0.14627020955567022	0.21832529482377838
0.33103330454519686	-0.14627088188361145	0.2183247018104287
0.3310343797236389	-0.14627006427837724	0.21832534783156976
0.33103254866461684	-0.14627030959191611	0.21832486260442444
0.3310330642539739	-0.14627067513896924	0.21832479514591907
0.33103404661170205	-0.1462709251428978	0.21832522763963202
0.33103337302975583	-0.1462711256334474	0.21832454542539653
0.3310346580401411	-0.14627078184790038	0.21832513403200293
0.3310344502158714	-0.14627145461486174	0.21832506250011718
0.3310337110599567	-0.146270283366791	0.21832466079901602
0.33103390215949374	-0.14627020955567022	0.21832529482377838
0.33103363765758753	-0.1462700210189417	0.21832482200159026
0.33103473407359757	-0.14627110420378853	0.21832511952730493
0.33103361793146113	-0.14627099840706603	0.21832469132504517
0.33103381772173524	-0.14627005935838858	0.2183254518836378
0.33103370537245086	-0.14627077017056922	0.21832522743447996
0.3310341720713824	-0.14627109928262788	0.21832522357923287
0.33103444469750276	-0.1462715106904155	0.2183250604285846
0.33103464700364416	-0.14627089399902787	0.21832512988883224
0.33103412001349314	-0.14627118749081092	0.2183250664378715
0.3310334902969488	-0.14627043341716756	0.21832476505650514
0.3310337191855089	-0.14627129920441512	0.2183245408126256
0.3310339049370747	-0.14627085073786536	0.21832460405794812
0.3310334902969488	-0.14627043341716756	0.21832476505650514
0.33103458671137337	-0.1462715166042302	0.21832506258236534
0.33103395600477575	-0.1462709570178028	0.2183246399078391
0.3310350605847429	-0.1462719935442191	0.21832487858624233
0.3310329467524828	-0.14627089513382618	0.21832469539256047
0.3310332879913626	-0.1462710501069741	0.21832469559649256
0.33103279302549116	-0.14627076673895203	0.21832469736888732
0.3310346580401411	-0.14627078184790038	0.21832513403200293
0.33103403557577177	-0.1462710372934986	0.21832522349701683
0.3310332231870296	-0.1462699659374454	0.21832493027953515
0.3310332796956602	-0.146270465000681	0.21832538428922021
0.33103343000496555	-0.14627105602165053	0.2183246977496378
0.33103352957406834	-0.14627086607479745	0.2183252211253262
0.33103370537245086	-0.14627077017056922	0.21832522743447996
0.3310332796956602	-0.146270465000681	0.21832538428922021
0.33103349771869106	-0.14627101220623512	0.21832458719608586
0.3310343911903374	-0.1462721139641967	0.21832499544689504
0.33103248395358403	-0.14627066277348438	0.2183248461996536
0.3310336777862724	-0.1462713725650771	0.21832455425344713
0.3310344502158714	-0.14627145461486174	0.21832506250011718
0.33103389112391884	-0.14627032170572166	0.21832529068111203
0.33103430287901925	-0.14627085510913268	0.21832527431037718
0.33103314905780284	-0.14627027844460533	0.21832476485252503
