0.3330407440791918	-0.14197383654376192	0.21895693295631757
0.3330407440791918	-0.14197383654376192	0.21895693295631757
0.3330412315687572	-0.1419738584579538	0.21895728258795677
0.3330394026236075	-0.14197269788322175	0.21895688685544373
0.33304008254053236	-0.1419798825299986	0.21895653699432813
0.33303291022222964	-0.14203405571413313	0.21895283320545397
0.33302433544974147	-0.1421201853888452	0.21894728278614078
0.3330221190385581	-0.14214441683357773	0.21894601511741024
0.3330217791744335	-0.14214608682898594	0.21894556168225998
0.3330218933364024	-0.14214643411572553	0.218945880124727
0.33302230400669003	-0.14214615575779305	0.2189459163165406
0.33301773559325587	-0.14217999509669665	0.21894384766317967
0.3330091799384348	-0.1422590434120819	0.2189379862850776
0.33300721398747224	-0.14227947229141097	0.21893691089320758
0.33300613127177364	-0.1422817148834735	0.2189363974525011
0.3330064386458509	-0.1422819761861615	0.2189363892006532
0.3330071254462607	-0.1422814203586558	0.21893681631219747
0.33300658874089095	-0.14228177913850665	0.2189366875466828
0.33300648421400253	-0.142281576053173	0.2189364164391894
0.33300695595766117	-0.14228151972622732	0.21893628735724008
0.33300696871623975	-0.1422814076882864	0.21893629498374045
0.3330076837443334	-0.1422803633873047	0.21893687240238796
0.3330071556753527	-0.1422799844690661	0.2189368760366059
0.33300732320371956	-0.14227887697823624	0.21893695858155351
0.33300690334194416	-0.14227870158850792	0.21893664292364756
0.3330067069355657	-0.1422775029794468	0.2189372537678383
0.3330071109387173	-0.14227724198414524	0.21893674942323382
0.3330066223586276	-0.14227740145003331	0.21893669100421626
0.3330074877479299	-0.14227756021839405	0.2189362277270595
0.33322194762831625	-0.14246769991618316	0.21885333676977592
0.33339031742540143	-0.14270479658596694	0.21866731094493508
0.33371825574716985	-0.143391433231219	0.21802080226098444
0.3338648342450721	-0.14377515132699875	0.21762031627563355
0.3341479304401812	-0.1440385416978326	0.21725878463436243
0.33445462229200235	-0.14431189679666512	0.2169074437996731
0.334654868045083	-0.1445538483732881	0.21659906802399015
0.3350158590305897	-0.1448601993954263	0.21615098434276775
0.3357022460194888	-0.1449487172165814	0.21541775273843838
0.3362102894246576	-0.1450567401006193	0.21492483372513013
0.33691652627552154	-0.14522173822941759	0.2141092040029481
0.3375117736937837	-0.1453909212901901	0.21351030134896257
0.33785258622498504	-0.14554667105330749	0.21312805084719857
0.33899121210248023	-0.145986033332356	0.2117458644841595
0.3396617534088034	-0.14611423373303944	0.2110350763613948
0.3401374867889173	-0.14620419091935555	0.21053744566220184
0.3410098943006815	-0.14631889807932544	0.20962749957626256
0.34252010110954834	-0.14669415531293947	0.2079230080581695
0.34308065868105486	-0.1468126931624733	0.2073253047060729
0.34437366139779857	-0.14701475660005164	0.2059114008472356
0.34534293446854136	-0.14705262064224034	0.204909953820301
0.346196141806012	-0.14706786480115125	0.20402305321597491
0.3477663816144753	-0.14711422190307583	0.20234229307660545
0.3495783382756807	-0.14720268149711732	0.20051898029426873
0.3510902604332122	-0.14723353969869402	0.19897080095543707
0.35239647097290466	-0.14706376980757702	0.197648305320537
0.35396271534580737	-0.14663095554990097	0.19612525980645157
0.3548394867139316	-0.14628267412378454	0.19529577875787352
0.3569583611362231	-0.1453661378571351	0.19335258192741056
0.3604360492589999	-0.14341765256352862	0.19032847999556307
0.36208555914381035	-0.14237482319681177	0.1889018441563134
0.36475736962323807	-0.14064540178209173	0.18658461141191743
0.36703658353436647	-0.13900258743208216	0.1845949271026659
0.36836356905166157	-0.13800008776758682	0.1834368446965188
0.3719189676870352	-0.13526190992057613	0.18044081130077208
0.37474300986808096	-0.13300144467321118	0.17812557639396198
0.3770472252666773	-0.13102925562801893	0.17620323352475326
0.3808164343295059	-0.12771288254313667	0.17304828474830602
0.38386625093184135	-0.12497094323235587	0.17052382592072435
0.38673372547330276	-0.12232894073068974	0.16815097002250992
0.390606542160298	-0.11883371978457562	0.1648332149716908
0.3923668825469178	-0.11728033779611201	0.1633116062175477
0.3961012512811472	-0.11405864036243941	0.15992428813131815
0.4006189430162213	-0.11035841621858918	0.155685140093843
0.4022482367363987	-0.10903802249170653	0.15411986791371501
0.4058226901955287	-0.10616785885448325	0.15052197186682553
0.40867242787115954	-0.10392526044195007	0.14761372354856017
0.4116331303230203	-0.10161425977633827	0.1445576768157597
0.4158792210547393	-0.09831437947636669	0.14008141891532344
0.4179854721835116	-0.09668955708734016	0.13781946512019588
0.42133961430132133	-0.09398398316989996	0.13402547697821565
0.42402719719367626	-0.09188486997641059	0.13100542296045103
0.4270827361486901	-0.08947269915273044	0.12769024395020517
0.42961956919553934	-0.08745905050164816	0.1249648814532614
0.4325425958554106	-0.08507346622825805	0.12168820259749935
0.43631723982849674	-0.08180455513492872	0.11725864441665595
0.4399640345720228	-0.07862222145098234	0.11300652414995133
0.44174768491004013	-0.07699545011050023	0.11095825454627589
0.4453502834103839	-0.07358549471716959	0.10676845344491448
0.44695051981711237	-0.07200539650812672	0.10489335514172149
0.44963572139302205	-0.06934725930752426	0.10187569618217496
0.4535720214119571	-0.0652485214447447	0.09746822526659227
0.4573289809182862	-0.06102705127643922	0.0932945551192067
0.4588021863291716	-0.05928118654884208	0.09168750694788436
0.4615638974584299	-0.055932432210500385	0.08871930837052278
0.46388422407036173	-0.05302900385173413	0.08630766781745386
0.46724328019112465	-0.048504821674809864	0.08277028604380898
0.47049641306180395	-0.04418561475174977	0.0791984388058159
0.47299570546287495	-0.0409101470582877	0.07648566623716224
0.4751792451767077	-0.03791047958487885	0.07392456295408567
0.4773673073955254	-0.03500703830411665	0.07135802567166932
0.47926956005048066	-0.032309275619766445	0.06888562159261324
0.4804301177134489	-0.030847857587894392	0.0675384278251393
0.48274431570098025	-0.027615744110211213	0.06440815958081664
0.4842385827087534	-0.02556779941388161	0.06231638991191801
0.4862711848004313	-0.022753407640924136	0.05917202736318389
0.48745053952828393	-0.02106034645635109	0.057219182806581226
0.488852149997489	-0.019319562079112465	0.05519399859396512
0.48954892071785405	-0.018439356397095027	0.05408680402804844
0.49046299037913105	-0.017208584960998155	0.05244488720825391
0.4914998229461785	-0.015597915997171904	0.04992526141461323
0.49201787924390994	-0.014555797461756323	0.04784961931756959
0.4922391929551833	-0.01392920125402601	0.046276046299054685
0.49242436169642356	-0.01333066103373369	0.044137702808911106
0.49250606544649456	-0.013182318676951285	0.043338091407465584
0.492668056413378	-0.012982839274081906	0.0419321568410716
0.4928605246028606	-0.012541943639852463	0.03941176011392611
0.49304410708958046	-0.012339331993047473	0.0379970306964148
0.49313490805684246	-0.012090856053811147	0.03673630674974443
0.493281879751693	-0.011862290984309118	0.03553390902484138
0.49331061917451796	-0.011735639367121534	0.03466220533137021
0.4933099056960364	-0.011628606014213963	0.033093368361310216
0.4934550740213374	-0.011362555180892145	0.03144698019968173
0.4935731647701141	-0.011245052061306535	0.03052974626901994
0.49360783356099464	-0.011066656860103455	0.02968466669231068
0.49367947564981424	-0.010819168072643368	0.02829178611793698
0.4937494552906136	-0.010702800173846519	0.027623205620111613
0.49400421251190113	-0.010361746879297043	0.0258400251731693
0.49405699331056496	-0.010203302790632543	0.02529236798077872
0.49414961115304207	-0.010046112495426293	0.024384577998804224
0.4942101244687349	-0.009875190396378616	0.023526027007463035
0.4943964818178439	-0.009620086398957131	0.022405057755065017
0.4944981149898042	-0.009382462681282663	0.021176749037939535
0.4945003343351553	-0.009333754666572588	0.02067231276975018
0.4945797311001211	-0.009272874421010532	0.01949938414127883
0.4946654423887936	-0.009032099269633151	0.018862947760607984
0.4947638498106851	-0.008921427826692821	0.01819220279086442
0.4948580782820521	-0.008656421273452022	0.017099005572971504
0.49501691876670884	-0.008463028417323396	0.01648992530283
0.49513494309756856	-0.00827551224996341	0.015877944023751867
0.49522104276145557	-0.00821322185353017	0.01527376575013889
0.4952164572166013	-0.00809657455337949	0.01475398166595615
0.4952808217559318	-0.00802637317654721	0.014017842076014475
0.4953806942750284	-0.00787889750550462	0.013496583388395433
0.4955339626989329	-0.007660336152065697	0.012918403973081527
0.4955944510621509	-0.007546214999165621	0.012667357916008759
0.4956499881787365	-0.007383739279136783	0.011758031630173638
0.49568954157780876	-0.007364032839431642	0.011537822206359183
0.4957517361445769	-0.007244821537689697	0.010923326989239035
0.4958630608335761	-0.0070700822813823255	0.010557543641746603
0.4958807184596062	-0.006961653322285419	0.010319702581068235
0.4960388521472094	-0.0068316224161765055	0.009861116427980099
0.49607103787711126	-0.0067723851969256205	0.009468028046839716
0.4961174917790706	-0.0067214959828055115	0.009020777678431069
0.4961719162507466	-0.006548066235614228	0.008750525175447443
0.49625063586706075	-0.006375958504372267	0.00852916317048863
0.4963964528206376	-0.00616106006838836	0.00828790823817388
0.49643435955710297	-0.006003939263555344	0.00824529652963335
0.4964523356248412	-0.005752419049470922	0.008200551386246646
0.49645839824729654	-0.005323445603486535	0.008148763562038752
0.49653195955352	-0.005108790826952578	0.008146409175044445
0.49657094665384305	-0.004974899544707076	0.008151512399286298
0.496610147954434	-0.004687085783731296	0.00815321746167319
0.4966477190708585	-0.004542726456539983	0.00815832681533385
0.4966370020809568	-0.004300643471028112	0.008117312601151283
0.49667555032168886	-0.004147218481180007	0.00812595054264631
0.49669319107222476	-0.0043254388039956765	0.008031465028017826
0.4966631958682517	-0.004589302376067098	0.007902501866459855
0.4966210733223968	-0.0049050854880642175	0.007730554353213959
0.4965892760144422	-0.005056407705684232	0.007629754344338657
0.49660925676369405	-0.0052187461713590205	0.007463185296884389
0.49670358728012587	-0.00535787975302314	0.007360734362160171
0.4967146625843133	-0.005610528675270135	0.007225520179513278
0.4966962097892141	-0.0058210195288835725	0.007145917208376984
0.49669933006967587	-0.005971854909432431	0.00709135160751706
0.4967062332608876	-0.0062014549826431425	0.006941590950584331
0.496751216939755	-0.0063254006594632844	0.006832752490040783
0.4968791078351411	-0.006490595980379224	0.006756217949018484
0.4969424545623264	-0.006571701288198464	0.006717390816484203
0.496969490788983	-0.006698288803458866	0.006635682670438847
0.4968460050603329	-0.006822819105629166	0.006576947471353345
0.49675704870951787	-0.006991740453462944	0.006464043341003423
0.4966531132114219	-0.007028891195264522	0.006282134916884008
0.49658215614707707	-0.00704252331678136	0.006173833125879102
0.49640762099743996	-0.007043587581454777	0.005957613669191952
0.4962842721848578	-0.007036740014539647	0.00581587460405103
0.496195471726372	-0.007012935637206577	0.0057357604603898715
0.4961249560518614	-0.007115907989077311	0.005505625893084565
0.49620347685414984	-0.007250473745640598	0.005439579448351273
0.4962477988389608	-0.007293348138039071	0.005436913441416669
0.49635513142065446	-0.007348533975926955	0.005497285999610357
0.49657050758924814	-0.007472523182776733	0.005610586896551639
0.49684383453504	-0.007648275855272682	0.0057389606484742894
0.4972585095063037	-0.007848094280728843	0.005986695621088778
0.4974179003136506	-0.007913853466091844	0.006088692588871125
0.4976178822863573	-0.007992502335404286	0.006219627662828631
0.49758400357809074	-0.008030698387155297	0.0062204409758295776
0.49764895265307996	-0.008261329014909322	0.006369126639540257
0.4978918427707487	-0.0083911758924103	0.006541461017297245
0.498107495120236	-0.008483723995123552	0.006678383234218266
0.4981665963780027	-0.008504631723290149	0.0067177802262013975
0.49817507385665294	-0.008506018173257066	0.0067239171203206105
0.4981823034221423	-0.008507580738267392	0.006729102809792997
0.498379170121428	-0.008601186687550708	0.006857277255005234
0.49849118683261634	-0.008768837761467266	0.006958226637556908
0.49865617472296675	-0.00899964547468303	0.007102434722343287
0.4986952225599618	-0.009062223754364565	0.007139040979456168
0.49869423488833353	-0.009062381769716452	0.007138910400914356
0.498713904681847	-0.009067648258204844	0.007151095652455142
0.49894328632221147	-0.009167919341588296	0.007294044957438961
0.49924160088403224	-0.009297106757399295	0.007480950621351734
0.4992958762829914	-0.009319776988308812	0.007514455697237077
0.4992999042256717	-0.009318891283100997	0.0075173578748648495
0.4992995384451864	-0.009317254043483505	0.007516751709340241
0.499298729518614	-0.009315824684791793	0.007515852056157957
0.499227449717679	-0.00938872481288526	0.007498584011039255
0.4991285150258548	-0.009490562800101618	0.007474075511313405
0.4991175290743079	-0.00950100579045525	0.007471223527434345
0.4991847501192618	-0.009531648100452636	0.007513470364732822
0.4993750625939169	-0.009614558186490638	0.0076325076966795025
0.49939977719776774	-0.009624294226447103	0.007647757810422873
0.4994027115686242	-0.009625100646770454	0.007648529642131974
0.4994047306351683	-0.009625110507811882	0.0076499279192353
0.49940658755863515	-0.009623960915262228	0.007649883871004182
0.49940668429842583	-0.00962296489348495	0.00765001140932231
0.4994083627668366	-0.009620245125089882	0.007650468860068149
0.49940689596869775	-0.009621099975553646	0.007649068068098397
0.4994075992237452	-0.009620573752472786	0.007648950554347611
0.4994070125028387	-0.009620827694879444	0.007648144402462864
0.4994062652362249	-0.009619455925610074	0.007647743596685075
0.4994053091322941	-0.009617572505656188	0.0076471511867497455
0.4994054233459078	-0.00961834463703011	0.007647073872804611
0.4994043353666081	-0.009617360873412126	0.007646264227108013
0.49940400388072376	-0.009617712696491684	0.0076461852695798305
0.499404145309852	-0.009618297208519297	0.007645911598592792
0.49939867632726104	-0.009618908144578317	0.007647611770186025
0.49925278636431314	-0.009431854110063712	0.008006328247982919
0.4992249103772372	-0.008589419907538628	0.009849522992312398
0.49908735278226024	-0.00835414193844182	0.011268345541539326
0.4991226106942401	-0.008340361437925395	0.012781074987971541
0.4991372795270693	-0.008125897791881262	0.015987441128806346
0.4991669079856125	-0.00788835143679796	0.020498893468745005
0.4991359436532459	-0.0077281799182816885	0.023552325158441523
0.4990649611016971	-0.007487066428529046	0.027446999592456833
0.499033991300893	-0.007247841099009125	0.03149869221442109
0.49897974293280883	-0.007020849666822995	0.03604949599934887
0.4989273704013334	-0.006780385222002985	0.04071249131661192
0.4987765491189995	-0.006386481977291289	0.04795923572806626
0.49871029800259403	-0.006246507228227879	0.05119157330902113
0.4986104884598794	-0.005864356063046652	0.058943483778596595
0.4984721123546951	-0.005595920193730938	0.06429361795564742
0.4983722764512355	-0.005386099667441149	0.06855010749975354
0.4982106043385023	-0.005063688555328502	0.07621773956736749
0.49806830248028033	-0.004649656944843802	0.085088548097137
0.49793313228457725	-0.004374011181408108	0.09116627653251447
0.4978561675132076	-0.004271176619271691	0.09412474866004661
0.4976596470931983	-0.003888952604456361	0.10368585453559848
0.49760282446021553	-0.003689149108196274	0.10784688604935255
0.49739776752882325	-0.0031295867603233635	0.1188919410232887
0.4973362818726612	-0.0026839676035156773	0.12537144159637342
0.4972170586331074	-0.002277425647123063	0.13173781831909354
0.4970826056160744	-0.0020580384101027	0.13742691454181194
0.49694583924314145	-0.0019154150504492734	0.14328520584484478
0.4967945885773007	-0.0018600418711655492	0.15238185071229543
0.49666495330005594	-0.0018889716344864943	0.1586422579691249
0.4965879830737386	-0.0019342591663732839	0.16302586071239084
0.49646752535534616	-0.002000967378995369	0.1673477577527172
0.4963341442641568	-0.002076004003999113	0.1728966688041137
0.4961394548013057	-0.002232023488643639	0.18190544500041866
0.4961066246991332	-0.0022822838070991475	0.18476563268759402
0.4959978217466414	-0.0023363879303955754	0.19048564102766552
0.4959421545034209	-0.0023452328228343727	0.1949648416658283
0.49597229596641457	-0.002365401565846567	0.1977624164925707
0.4959157157351142	-0.002239747386871091	0.20223296592878826
0.49593408865480526	-0.0020549306519990346	0.2068085928698458
0.4959415557660033	-0.0018371116451276065	0.20978103241986204
0.49586351178939514	-0.0015497385096174404	0.21353426696730257
0.4955661574103878	-0.0017143556447700575	0.21553202427339682
0.4948861966979681	-0.0019460259579894695	0.2184558898394519
0.4945287066441475	-0.0020777394793605325	0.2198716194856898
0.49329439733907937	-0.002465037946304219	0.22321202866129156
0.49148736004157245	-0.003069175709446384	0.22655304934084644
0.490109683799141	-0.003535252572488559	0.22855394809687996
0.48844673149326856	-0.004121411447770687	0.23051530668386755
0.48698946761703016	-0.004645184007036132	0.23216136451233593
0.48500718904686513	-0.005378688318786892	0.23413191809147837
0.48314182588583904	-0.006078153348175033	0.2358409553368005
0.48029441789572	-0.007137301661803971	0.23812813547741224
0.4785384200768082	-0.00778726467613762	0.239388794434769
0.4753661456925034	-0.009097313765096107	0.24135723385730184
0.47386812108290977	-0.009783842298323589	0.24214118263635148
0.46981164430408745	-0.011844471028277556	0.2440822169303478
0.4654444237681801	-0.014205254715311325	0.24551656232681546
0.46288681827699285	-0.01563730195225195	0.24633043937262158
0.45880068317522954	-0.018075688590556735	0.24769213822822783
0.45644972128497396	-0.01947885406232995	0.2484634479928206
0.4520591661244399	-0.02221773797734318	0.25010532223726223
0.44982558305965287	-0.023642498216723276	0.25094014241635604
0.44487546752902507	-0.026729578267785617	0.252880750605657
0.44120519760560956	-0.02901677891141481	0.2543033846228241
0.43737499798265345	-0.03169694892730111	0.2559345764973445
0.4336795230349305	-0.034291636280716395	0.25744793237892083
0.4307950498795941	-0.03631332308338438	0.2586632368697287
0.42706431106620896	-0.0392417759355428	0.2601437793016331
0.42389419027643027	-0.04144968750970145	0.2611641767840509
0.42229701506749134	-0.0426241888754119	0.2616617889531417
0.4194846434760828	-0.044573037271580476	0.2623939471047252
0.41717177678838196	-0.04625179105592729	0.26303538954043626
0.4147958975353222	-0.047812961484698754	0.26344904594759794
0.4110829086593667	-0.050711609693534346	0.2641414402136281
0.4098775013417525	-0.051630797591109626	0.264309280355321
0.4081107459222914	-0.05268576993119929	0.2644442728453127
0.40646041973013985	-0.0539899140400925	0.26444269246793045
0.40485942525558677	-0.0555668998673393	0.2642603273601084
0.4034361226879764	-0.057394374318152516	0.26386677063468544
0.4027097881383299	-0.0585973647609284	0.2634502375354728
0.4020215233962543	-0.059824001567143084	0.26275572354356636
0.40157013228421573	-0.06066163984900565	0.2621495672259754
0.4005523566444275	-0.06252349520047369	0.26048345175348253
0.4000177109063063	-0.06332808001392	0.25961681956337723
0.398395081873804	-0.06571652358746506	0.2566795666071263
0.39710884358799453	-0.06736924446035651	0.25441428020672463
0.39599702469428466	-0.06860100886297422	0.25245617294492145
0.39476243014738327	-0.06987341938478196	0.2503747748935301
0.3936307166434499	-0.07093239388864576	0.24861904895265433
0.3923418892988176	-0.07211255694016626	0.24675278502102932
0.3900380397998046	-0.07362826476544755	0.24389409853170482
0.38855855609347134	-0.07440144378391826	0.2422875364925092
0.3871712786682697	-0.07493925240739309	0.24112302230114027
0.3858067001896732	-0.07537234929087301	0.2402324374583327
0.38408541776814	-0.07575276687413414	0.23950509286085384
0.3833445519750877	-0.07586761730140933	0.2394633911352011
0.38195226212334665	-0.07590271555375079	0.23958019519326812
0.38123486405858875	-0.0758973817834427	0.23964790704793137
0.3807508701109312	-0.07578843040602297	0.23975072710510145
0.3802745171641307	-0.07554111956368863	0.23988640128829117
0.3800716622607855	-0.07548186224867713	0.24002028425089045
0.3799144736921138	-0.07547279516310164	0.2401227529992966
0.3797004989324903	-0.07540600298333426	0.24017437049051488
0.37939566404383857	-0.07510435690715712	0.24034280954574552
0.3789905286734456	-0.0747876594648605	0.24048623004879255
0.3787350334823684	-0.0743591085653653	0.240628304261216
0.3784162234180563	-0.07404093279111824	0.240784960556232
0.37779123021300215	-0.07365430887477699	0.24100205144430362
0.3776387393466917	-0.07355624333876519	0.24111753643952896
0.3773603930159689	-0.07331971142261763	0.24113452879619257
0.3771761737537846	-0.07319040566098463	0.24108728663028128
0.3769621345702955	-0.07305286615225491	0.24104345728354107
0.3766739342428006	-0.07285797173494286	0.24096669286726471
0.37648540126065366	-0.07274584089115017	0.2408878283842349
0.3763862625526964	-0.07267727406084278	0.24083650893858866
0.37613763008458384	-0.07249935037419432	0.24069487606769302
0.3760417077111572	-0.07244564517976963	0.24063713466965497
0.37580798520614844	-0.072311585977313	0.24049127823554398
0.3755702458579254	-0.07217432468761904	0.24034245377012053
0.3753973732795764	-0.07205673975224501	0.2402403324097475
0.37525758015681876	-0.07199366943458625	0.2401285374630484
0.37515169815656035	-0.07192382027117054	0.23997795257915513
0.374984415484856	-0.07181185589524665	0.23967156547655233
0.3748894200782468	-0.0717599237771102	0.23957637579715002
0.3745787205982839	-0.07156290844832634	0.23945905464534906
0.3744506324970232	-0.07150926457480263	0.239391697358391
0.3742945464829082	-0.07145406867548239	0.23916876903832895
0.3740622310765244	-0.0713959139970423	0.23878037975827587
0.3739399077712182	-0.0713284899868968	0.23862667965177325
0.3737902577262129	-0.07123260555721515	0.23843960250406804
0.3735282539921771	-0.07108191762126041	0.2380855196516501
0.37336206179591647	-0.07100287945355731	0.23795613905438828
0.3731153209601781	-0.07091208304863968	0.23792082339551726
0.372918434836769	-0.0708093332979942	0.237732660308259
0.3728103586264004	-0.0707617023497021	0.2376008800197385
0.3725912291399746	-0.0707137917102608	0.23731464794763982
0.37214328164059096	-0.07055176268993675	0.23698738926297516
0.37179729559233193	-0.0704440965395438	0.23673633457891322
0.3716573504067804	-0.07039986068671007	0.23661540591473987
0.371501175539496	-0.0703624133001247	0.23635649917563523
0.37137300520616634	-0.07028068751922571	0.2361719702375871
0.37119378224213645	-0.069982876683807	0.23605040407271938
0.37093450071566814	-0.06962631221626624	0.23592399830388505
0.37070768490803135	-0.06933579053297224	0.23579168980042337
0.37056934965360905	-0.06926429120803133	0.23574978577015018
0.3702678239554164	-0.06903199274663664	0.2358679086186718
0.3700707269745489	-0.06888359865986861	0.23593602273139808
0.36984799854010164	-0.06872020569603633	0.23601553071187498
0.3696616248070889	-0.06857852435570956	0.23605997607116694
0.3693710125207439	-0.06834667233778911	0.2361331396063126
0.3691576941011845	-0.06809819771975627	0.23630129268307296
0.36896607644159024	-0.06774872983859366	0.2365021321844542
0.36870037319690574	-0.06701044449363754	0.23685259679321102
0.36851239197952235	-0.06630605678206634	0.23718816783824387
0.36830676627418746	-0.06553381710507346	0.23746165734387795
0.36791928117561473	-0.06418638268754064	0.2378383220156323
0.3676712387189229	-0.06314961034927523	0.23814778002079892
0.36736629926778314	-0.06210448119882657	0.23842345146454674
0.3671173124259558	-0.061070164190948364	0.2386652855473404
0.36682194964059056	-0.06003724465521541	0.23901077486074904
0.3665360723716583	-0.05887095695488974	0.23920114241222
0.36605185648517136	-0.05714233566444592	0.23973047145606932
0.3657002905761635	-0.05589553905336138	0.2399574794001812
0.36536999641021517	-0.05470701464297807	0.24031339215419878
0.36496652251697403	-0.053304331220298026	0.24059377447389604
0.3647238038461042	-0.05240582492086905	0.24081203375249222
0.36419912058229265	-0.05067421667805637	0.24116562001320566
0.3636322770654126	-0.048683839581027136	0.24158267249953397
0.3632680748545856	-0.047496403329387135	0.241819111430138
0.3628277594271962	-0.045990333946044196	0.24210477775688266
0.3625501505000265	-0.04519703312998084	0.2422297512397637
0.36195697400933036	-0.04325889994654887	0.24257918940317352
0.36163338928964167	-0.04214621332630321	0.24275352208930523
0.36113618273283815	-0.040376405654874006	0.2431292307213788
0.3606513286061552	-0.0383713223256074	0.24346713970597939
0.3601386421357829	-0.03628274271227509	0.24391906571161298
0.3598837344590567	-0.03526977787322026	0.24410988774815903
0.359268495815812	-0.0327602413205612	0.244589156793539
0.3589112134301507	-0.031296679461705876	0.2449197823215709
0.35831013374522414	-0.02878545100815151	0.24537575912479376
0.3579820706492839	-0.027525113899383377	0.24568453234073148
0.35767551945129833	-0.026162227920785194	0.24588138082849423
0.35706740356731165	-0.023723130877748813	0.24641602948563876
0.3566817347319458	-0.022104660698484643	0.24669580670954339
0.35628387549070806	-0.020479120452122287	0.24698503030623042
0.35591035682877376	-0.018820891774271445	0.24730813021778625
0.3555122671914618	-0.017085175583726867	0.24760022586204725
0.35512717081219913	-0.015564595900083258	0.24790223012543283
0.35473528846540264	-0.013916401290135341	0.24821110981383313
0.3543914728603663	-0.01256053478525597	0.24845346230668658
0.35393784501024017	-0.010602458635931941	0.24880339728767437
0.3535930797632586	-0.009005963779438755	0.24903674400123577
0.35323311441038097	-0.007690174060677138	0.2493484598366226
0.35298360424212777	-0.006410555595946901	0.2494788111107302
0.352553320944478	-0.004693896868934164	0.24983649446152217
0.35226630485494737	-0.0035010476388355333	0.250061572910104
0.35202439858621515	-0.0023225153340663413	0.2501602164836958
0.3517017979323918	-0.0010954344548770728	0.25042686630490985
0.35140707355731954	0.00014468411577382712	0.250668207187449
0.35123380292564926	0.0009318921377717421	0.25073854857344113
0.3509516672622306	0.002210289202253482	0.2508971106473145
0.35078851478515216	0.002893163723426753	0.251080997789078
0.3505163354729925	0.0037490623545297225	0.25117325560091897
0.35036287699502305	0.004219461355753254	0.251167673696833
0.3502688796544917	0.004590599680967297	0.25101184516004393
0.35024128996143733	0.004805238113760338	0.25078681910269585
0.35013044881688715	0.004997463442570141	0.2506215118301538
0.350102805355201	0.005023561981093591	0.25060123388788513
0.3501029101584915	0.005021609942520336	0.2505998227546855
0.35010203253288824	0.005016434061099903	0.2505988894705796
0.3501005142326894	0.00501472210601904	0.25059882135346023
0.3500998601891668	0.005009701478030884	0.2505982029320839
0.35009966795942205	0.005000179768359661	0.2505975715256219
0.3500992277075983	0.004998026382363338	0.25059769699443635
0.3501011127933841	0.004991377436606034	0.25059772307213724
0.35010153110768	0.0049877962285726635	0.25059706312040325
0.35010348047218665	0.004983378727552265	0.2505978157520157
0.3501045437103652	0.004981377320212796	0.250597384763361
0.35010608094793433	0.004978672101193862	0.2505979260535072
0.35010998265230636	0.0049749356943692286	0.25059593465458196
0.3501114657170363	0.004973560021427584	0.2505960545331728
0.3501133735368732	0.004970699954292848	0.2505937060510164
0.3501160596187359	0.004969220487458334	0.2505924779060624
0.3501184348486296	0.004966672919312062	0.2505896239830548
0.3501187002487921	0.004966758913717381	0.2505899803863783
0.35011906907786877	0.00496734313272397	0.2505895489713735
0.3501190546317286	0.00496613473573411	0.25058773850602045
0.3501199348416279	0.004965414750009958	0.25058711136207557
0.3501206564307006	0.004965122543746023	0.2505865823818949
0.35012067490991344	0.004965377074049912	0.2505867357144196
0.35012136274274847	0.004965592276002503	0.2505859935113365
0.35012111547380886	0.004966406255587905	0.2505863989359495
0.3501218072449562	0.0049652200578121225	0.25058525665629966
0.3501213237398884	0.004965653413055257	0.25058547870100983
0.35012096536647747	0.0049662731719356396	0.2505854252526126
0.35012143848918387	0.004966488827813156	0.2505856819832434
0.35012113855751037	0.004966817174338015	0.2505849672812104
0.35012113465540384	0.004966880759552442	0.25058500757874713
0.35012095703882384	0.004966715560967519	0.25058542246699367
0.3501215022781336	0.0049661965151850535	0.2505850344875613
0.35012091181323807	0.004967315484802878	0.25058573418512997
0.3501208728091772	0.004967376623870631	0.2505852193740683
0.3501223566257461	0.004966514871977842	0.25058599630495815
0.3501215940785428	0.004966862609871545	0.2505859873952964
0.3501209076150329	0.004967069692251316	0.25059734345266416
0.3500791456383633	0.00499145146422382	0.25084135546671465
0.35010491649468123	0.004983347171569993	0.25072926073277485
0.350112970038829	0.00498260793716028	0.25068128775878096
0.3501149117012888	0.004981796095974003	0.25066341702440886
0.35011743521481337	0.004978640840529555	0.2506416611885139
0.35011876727053615	0.004976834554055107	0.2506351533775167
0.350123968953302	0.00497144780388574	0.25061877317241754
0.35012531304867023	0.0049691535339419085	0.25060817367007315
0.35012534790824695	0.004968161303277638	0.25060410541018213
0.3501255211038063	0.004967406264094268	0.2505987568019964
0.3501261642495516	0.004967198446602747	0.25059745017228363
0.35012606844460525	0.004966643330336598	0.250595410800537
0.350131387120212	0.004961475682098884	0.2505947181983344
0.3501495450769659	0.004945146780719681	0.2505212785964116
0.35015122315424624	0.0049425604406622275	0.25052097773098886
0.3501497256013571	0.004942698128051384	0.25052278891302404
0.35014758827257614	0.004943386118469326	0.2505249245302123
0.3501467786233187	0.004944496942046586	0.2505278277418008
0.35014528880358436	0.0049445926644906685	0.2505321162617
0.35014365230235267	0.004946847735030499	0.2505364262517909
0.35014239721442086	0.004947044942907333	0.250538205843429
0.3501398661369789	0.004949386194207664	0.2505441103380262
0.35013843882229934	0.004951243519625129	0.25054771524803676
0.35013691166963146	0.004951972833446186	0.2505492096522961
0.3501356973164877	0.004953440959832231	0.25055327212957307
0.35013354252616513	0.004955365531059616	0.2505590150474539
0.35011180425830357	0.004974206369705705	0.25061273506672244
0.35004552468886174	0.005025502011018937	0.2505509971862049
0.3500468961411461	0.0050247087012017105	0.25055354168042593
0.35005384757814384	0.005020384093218408	0.25055994235372325
0.35006135587528947	0.005015437121673419	0.25057662015323545
0.3500813497602077	0.005007257784374178	0.2505891300240237
0.3500893181196043	0.005002595769623849	0.2505923246972273
0.35009297115677424	0.004998337799785299	0.2505939086045376
0.350095718220833	0.004995072257604774	0.25059451571291735
0.35010161812644336	0.004988124694311216	0.2505991414949701
0.3501062141408804	0.004978206564279206	0.25063043471824914
0.35012470148645664	0.004960221155338826	0.25063246762357183
0.3501318342611215	0.004953524504408682	0.25063314022779015
0.3501340441035167	0.0049521001352994115	0.25062789326134977
0.3501331916315696	0.004952865308025592	0.2506239335741508
0.35013363595196734	0.00495310436641154	0.2506193463535549
0.35013700774221923	0.004954346601743778	0.25058686366993266
0.3501366629561738	0.004955585039627661	0.2505849102126032
0.35013370312011494	0.0049572425117502955	0.25058399224203265
0.35013194761677413	0.00495888122911102	0.2505839982747228
0.350131289524154	0.0049593124100867775	0.2505848146341868
0.35013031131233	0.004960623206209699	0.25058449771662905
0.35012829060860107	0.004962410238360512	0.2505853438422301
0.35012691894055037	0.004963118548757764	0.2505863816016882
0.3501256366240669	0.0049634898067171945	0.250586292242239
0.3501249471293879	0.0049641880319348936	0.2505857060322602
0.3501229574097571	0.004967204142775503	0.25058692568989405
0.3501215437926898	0.004968083431573886	0.2505867908432164
0.3501170476023635	0.004972540991726157	0.25058611589598057
0.35009867998913835	0.004990642759532413	0.25058355889708905
0.3500947323711259	0.004994429465802683	0.250582766885203
0.3500951670063271	0.004994038105852236	0.2505848066307732
0.3500886785918123	0.0049924392850705795	0.2506303864242061
0.3500369191898874	0.004990787842826097	0.2508061601821522
0.3499647261332583	0.0047106458954672	0.2509227451084001
0.34995927247252756	0.004102924137897493	0.2509642584340563
0.34996293468175915	0.003448023293573979	0.2510445137573191
0.3499233247533251	0.0023567396377667665	0.25122618867375124
0.34991749098901714	0.0018856150311077208	0.25130332529059973
0.3498687966827156	0.0004638656691073745	0.2516057884266645
0.34985645847058844	-0.00012824743357238433	0.25173433881349183
0.3497779567431645	-0.0010493707934994961	0.25195500925586456
0.34969985650346747	-0.002237599071756316	0.25221622608101185
0.3495558080554885	-0.004360450405596392	0.2527368975947034
0.3494962746167793	-0.005111594512154247	0.25291364786883797
0.34939144231273705	-0.007124379460785216	0.2534185003548912
0.34924910241315194	-0.008440523163874628	0.25375153133466766
0.3492341321465618	-0.009923671911490559	0.25399591707577873
0.349216689958545	-0.010807622711972706	0.25406305634519427
0.3492215906933363	-0.01371609220480953	0.25431328945903786
0.3491939405266856	-0.014818364275276316	0.2543969275763679
0.3492197637604001	-0.017440074394423702	0.25458004857221195
0.34918311361106413	-0.018451903774737252	0.2546635347707501
0.3491616852825444	-0.021916323277190244	0.25494002033300506
0.3491839857668861	-0.023808176739179773	0.2549923569376638
0.3492010931817175	-0.0251871036817556	0.25508608457141635
0.3492032262295944	-0.028066749955386147	0.25531097039266115
0.3491652727121285	-0.02918047503167899	0.25540651921720703
0.34918583594310987	-0.03128075218811567	0.25552023645400956
0.34921661932619463	-0.0346859395379137	0.25565775555245146
0.3491682005514722	-0.037208781322068715	0.2558592093842832
0.34917273741453136	-0.03855335698152783	0.2559221006966452
0.34917895085979506	-0.041444552234449414	0.2560359101878017
0.3491684734953283	-0.04465557160397192	0.25616898555816386
0.3491760733116712	-0.046940180691660435	0.25624582523294065
0.3491960950992451	-0.049240026633285486	0.25635539272880137
0.3492013993628614	-0.051640438254622625	0.25637038625401826
0.34919004792360864	-0.05380446224657533	0.25646062871862324
0.3491909322210163	-0.055151049831500695	0.25648569544308886
0.34917511233005627	-0.05836727196289172	0.25654971653323244
0.3492086339023323	-0.060477289174656904	0.2565222177069138
0.3491876230923831	-0.06366081719941437	0.25655889878003424
0.34919701386935786	-0.06504966101254088	0.2565006401631548
0.3492005689720979	-0.06792033024992726	0.25649442246819765
0.349186616927672	-0.0691146836008761	0.2564218028163666
0.349201821353308	-0.0712958142588594	0.256414955863282
0.3492027503800127	-0.0733659957802116	0.2562711948202926
0.34920681657345276	-0.07626415544380476	0.25618760756824444
0.34919595473297554	-0.0784007560670953	0.2560632166558795
0.34918468089233895	-0.0804741719443965	0.25587410283672263
0.349182464445529	-0.08299635366287557	0.2556787660947223
0.34916174677563594	-0.08492878471805894	0.255460524700785
0.34917635055112517	-0.08666064712617098	0.25524631936109676
0.34917034877116815	-0.08780944028065933	0.2551191830744084
0.34914264062517697	-0.09095263061044963	0.2546335319895947
0.3491544785779115	-0.09197057005828412	0.2544617030233427
0.349135241392789	-0.09423337874277728	0.2539781633544713
0.34914561671363203	-0.09517788460523931	0.25377896042740594
0.3491203484988907	-0.09717396606120844	0.2532634664778924
0.34911195317842403	-0.09833510496937024	0.25290002529288436
0.3490994460801621	-0.09977432712936433	0.25244785869510644
0.3490875674992353	-0.10153540283159525	0.2518314425094524
0.349068186362066	-0.1025701159394133	0.25150664151447566
0.3490425871757551	-0.1033709488490261	0.2512274430103992
0.3491330588272329	-0.10449696856537848	0.25068786318363784
0.34916245378742045	-0.10646682668038883	0.24951929670935716
0.3492130792474198	-0.10818778218131557	0.24854110516750139
0.3491871297260971	-0.10896231888248366	0.24814135829894204
0.34919849352158716	-0.11045158527801781	0.2472094680205929
0.349216888790607	-0.11168710410720244	0.24644462855645582
0.34922358399144254	-0.11306749195296019	0.24556418313401043
0.3492628213176079	-0.11466282309931598	0.24439965890966756
0.3492568241227715	-0.11567113409127829	0.2436675136157186
0.3492808411862109	-0.11720885457751266	0.242529128216252
0.34928506210139604	-0.11796548261423236	0.241913940561908
0.34915236247448	-0.11943097855732114	0.24048463724906488
0.3490817679568692	-0.1200923748474942	0.23987279312814935
0.34902466322431897	-0.12119879387345321	0.23885682953572362
0.3489349606023711	-0.12216667666726001	0.2380438943662201
0.3487893564236811	-0.12368554093324567	0.2370563753784843
0.3486928120969344	-0.12443294788631228	0.23670909349087838
0.3484807263065192	-0.12522828638425887	0.2364685639938717
0.3481694175022833	-0.12601091756208666	0.23632867887096304
0.3480174826723414	-0.1262229458766374	0.2363841667506425
0.34740671114404137	-0.12651503323995916	0.236875775209892
0.3465906608877894	-0.12645783959165163	0.23757326034294388
0.34581635908584424	-0.1261443550682806	0.23825376401081738
0.3449697912787411	-0.12579932330429816	0.23886382044373083
0.34383814238770954	-0.12524524560273692	0.23963017091780156
0.34265114084289744	-0.12460092876431463	0.24039924977907504
0.34082150702726466	-0.12358483854043235	0.24186174112345799
0.3399738348976251	-0.12314381270889556	0.24249691879434546
0.3380595308157318	-0.12219082017239928	0.24380803549744312
0.33629011883007676	-0.12129391628310827	0.24484043089209662
0.3338121177896646	-0.12016894396431839	0.2460965774741089
0.3320780304709329	-0.11950562740879757	0.24676340624560658
0.33046166990443876	-0.11888473250669573	0.2473647159952554
0.3294220086965904	-0.11854621496857383	0.24764139160122442
0.32751433276065456	-0.11808560571715877	0.24795494887307634
0.326005856952867	-0.11775508399748844	0.24811622972927327
0.32437796059727525	-0.11751268760135808	0.2481350160513095
0.32328070643243684	-0.11749415497507824	0.24799797485919192
0.32219220005678695	-0.11759526146426835	0.2477432979700929
0.3210368905888263	-0.11780139410541918	0.24734290582611632
0.32031544266043543	-0.11815814936116208	0.24686340727093023
0.3196823399260615	-0.11875071191794016	0.24608559785097894
0.31949806680781057	-0.11935783459703983	0.24545758185513172
0.3194699626396596	-0.1201796196807698	0.24475156748028548
0.31964843410018956	-0.12076614359675066	0.244244256686856
0.3203059464520974	-0.12184043981788531	0.24321254792119365
0.3207939922071885	-0.12276981772377793	0.24211364795558007
0.32101464691416076	-0.12315745558018291	0.24163252885187927
0.32137344431833587	-0.12372386347439074	0.2408714546665097
0.32202647847304045	-0.12447773090494657	0.2400101862388217
0.3225297979177163	-0.12506195092263245	0.23940135455821132
0.3230424758439929	-0.12576629715614013	0.23851044568736968
0.3232448649702187	-0.12618095075604033	0.23790123903276617
0.3234348406674453	-0.12647690004798132	0.23738737193080553
0.32353585404906676	-0.12668413110772614	0.23697457388179485
0.32369360431944927	-0.12685445602853704	0.23661537809186403
0.32384703984889984	-0.12702341817599166	0.23638543534779555
0.3243725334298336	-0.1275602536643109	0.23576074527595992
0.3245957589793921	-0.12785898698226128	0.23539943786354933
0.3247705145614862	-0.12800634115907017	0.23521540933519272
0.32518252238707424	-0.12837922759128306	0.23475625819029436
0.32537397361377013	-0.128613941656827	0.23445459403674968
0.3255814977452678	-0.12888437408120026	0.23412763318344343
0.32591370988644935	-0.12921801718070405	0.23366041271754637
0.32608027203251694	-0.12931377502586303	0.23350158193046242
0.3264388949985141	-0.12963462601161582	0.23306533697669
0.3266021767725536	-0.12983229680632785	0.23278417950420846
0.3268101492928263	-0.13005405341775428	0.23247298935240607
0.32711565610639926	-0.13052186017744327	0.23196963680577007
0.32723631572353645	-0.13069396771108346	0.23180416007686655
0.32744298663809507	-0.13101638780991615	0.23148087642691467
0.3276070597356531	-0.13129250078990484	0.23119372930100554
0.327838864138704	-0.1316899028861686	0.23078305526408377
0.3279298007268189	-0.13189061743608138	0.23055775755923033
0.32812616660325444	-0.13224979027742673	0.2301832322617834
0.32837302837529253	-0.13267696165062942	0.22974252632689404
0.32848495666098904	-0.1328738730078698	0.2295293069083722
0.3287654310507927	-0.1330806515361263	0.2291448758187403
0.3289290053871658	-0.1331733316266125	0.2289009925273982
0.32925264647939173	-0.1333965958322736	0.2285117859869949
0.3293381322129984	-0.13351077216335427	0.22835039098311133
0.32945761449114164	-0.1337824090491233	0.22803464176255334
0.3296828206310443	-0.13413111996049315	0.22766102059853704
0.3298529537203782	-0.13423894401138625	0.22742082465545796
0.3301348863405557	-0.13440496743062924	0.2270145072750893
0.3302312472524489	-0.134480117232114	0.22688211888582002
0.33042954764508964	-0.13482549222991427	0.22648661616986898
0.33053905901745895	-0.13506547404761693	0.22622436343681745
0.33077221045581134	-0.13525992046256102	0.2258657268420031
0.3308860475281847	-0.1353555172034261	0.22571127535413935
0.3311085184372536	-0.1355708658792844	0.22542217076199553
0.33119285508432794	-0.1357129295322121	0.22527800166073908
0.3313017321034458	-0.13606404028350066	0.22487156383070397
0.33152625956065834	-0.13639747263926236	0.22450020181754393
0.3316049315857543	-0.13646907332930414	0.22438290429545033
0.3318533425313578	-0.13672767567206573	0.22403584934218507
0.33192567589929767	-0.13688428910444556	0.22388986442544434
0.3320653102509502	-0.13713691278206525	0.22364825951468525
0.3321808590061499	-0.13744638405416285	0.22330412391029814
0.3321644179016555	-0.13767241390222631	0.22299312445818117
0.33215519549502714	-0.13765588123846584	0.2228409896518122
0.3321248721479083	-0.1376633230442228	0.22267282754111226
0.3320985191119956	-0.1377272763625892	0.22258008154555595
0.3320005779721245	-0.13784419187133207	0.22232221004962738
0.33188935887635007	-0.13791118028628424	0.22211314492685252
0.3318126504382761	-0.13798331159515662	0.2219275295060164
0.3317710867321794	-0.13804748594338817	0.22182514705576767
0.33166278215330786	-0.13822073730764747	0.2215759272887551
0.33157916947937244	-0.1383368644549125	0.2214005549543899
0.3315339232344455	-0.13845543437798882	0.22124356064511363
0.3315180172137192	-0.13852165577081071	0.22116126384059348
0.33141254306282425	-0.1386932995748078	0.22088196410482908
0.33135619046273335	-0.13873466460350625	0.22076428722077973
0.33128390777530736	-0.13880336884541739	0.22060877982058422
0.33118225947867347	-0.13896823079617857	0.22036739218819754
0.3311173729802087	-0.13909321435800376	0.2201944376735293
0.3310783673810818	-0.13919545770969124	0.2200608663024497
0.33105729321176613	-0.13929930768523202	0.21993450108653073
0.3310816486573485	-0.1394329881973867	0.21978552756661787
0.3312091143538421	-0.13948995580443535	0.21978025476346863
0.33127736571625754	-0.13951953418621127	0.21977872898149237
0.3313262865960364	-0.13956034991939376	0.21976341968269783
0.33165849266456066	-0.13990677227947024	0.21963729389504746
0.33194698800866856	-0.14024979766703227	0.21952375097342017
0.33207617229996217	-0.1404067689354558	0.21947229917165717
0.33246142537234197	-0.1407981450797923	0.21932524815471804
0.3326454671954542	-0.14097283761129042	0.21925629313307798
0.33276683916251376	-0.1411047165880857	0.21920991720875185
0.33300013929925476	-0.14140259314425146	0.21911515497041287
0.333209651647482	-0.14167018374123597	0.21902938509679634
0.3334082530339117	-0.14190956537595395	0.21894978583311445
0.33358161129883296	-0.14208474190264336	0.21888367645815812
0.333627554213565	-0.14212958551479626	0.21886702932164231
0.33362706654026636	-0.14212956458769616	0.21886667856030628
0.33361994019800173	-0.14218414171894275	0.2188634846689158
0.3336119308847593	-0.14223148136107858	0.2188614517394313
0.33360973049443066	-0.14223676039184807	0.2188615996591312
0.3336074689241909	-0.1422368000964731	0.2188623693707013
0.3336053835911507	-0.1422339547436502	0.21886283652224792
0.333603128274617	-0.14223070367669477	0.2188648168714571
0.3336006731654577	-0.14222892716444568	0.21886551454188347
0.3335978913549894	-0.14222585637764906	0.2188669236350802
0.33359673495181724	-0.14222313450863508	0.21886766052638518
0.3335935855595753	-0.14221975138955326	0.2188694001293928
0.3335893330694996	-0.14221600397087963	0.21887027647696533
0.33358822877558364	-0.1422125576780991	0.2188720307671207
0.3335878877105852	-0.1422114576882752	0.21887223785667567
0.3335872945809534	-0.14221022986424087	0.21887252879819036
0.33358728621919637	-0.142209651208559	0.21887267347254186
0.3335873658612178	-0.14221037139915368	0.21887273492879292
0.33358827227261645	-0.1422093336515415	0.21887291134366038
0.33358782232718864	-0.1422088410567731	0.2188729302442014
0.33358843562500284	-0.14220997304109056	0.21887315063716195
0.33358808071270935	-0.14220938775565622	0.21887320370376087
0.33358879745295367	-0.14221014372427843	0.2188726419857574
0.3335896939177336	-0.14221025916101526	0.2188732923811868
0.33359000618862	-0.1422108716813263	0.21887309108514114
0.3335896497273536	-0.14221058855663163	0.21887279830202683
0.3335901140940027	-0.14221066618501213	0.21887313301698394
0.3335903035661959	-0.142211284572487	0.21887254398937983
0.33359066002694876	-0.14221156769737325	0.21887283677389022
0.33359018434072063	-0.14221130071357785	0.2188728401431812
0.33359077436953305	-0.14221130579584118	0.2188728825879813
0.3335910932514345	-0.14221141248940547	0.21887268803288662
0.33359144108056893	-0.1422118890023022	0.21887263604252866
0.33359192226080775	-0.1422119673901078	0.21887298285318557
0.3335910036474015	-0.1422118587003648	0.21887261814019415
0.33359230408667767	-0.14221228329743996	0.2188725217599991
0.3335923295589474	-0.14221248723209096	0.21887281572429648
0.33359129454947906	-0.1422124329352129	0.21887257081300346
0.3335921633555633	-0.14221260563693122	0.21887246537297517
0.3335923040866776	-0.14221228329744	0.218872521759999
0.3335922023388036	-0.1422128619471862	0.2188727621433748
0.33359318402119786	-0.14221364195372524	0.21887251205996555
0.3335924893343341	-0.14221321768087236	0.21887220683456998
0.33359310019219635	-0.1422129123587466	0.2188726012815393
0.33359290428963795	-0.14221358263230016	0.21887252882109332
0.3335931231822147	-0.14221272872620694	0.21887296409917678
0.33359200721369775	-0.1422130070976102	0.21887220632112003
0.3335929695943919	-0.14221330413040884	0.21887255309188794
0.33359341214149546	-0.142213427333129	0.21887289172256202
0.3335929695943919	-0.14221330413040878	0.21887255309188805
0.3335923047794356	-0.1422136952175796	0.21887246787223527
0.3335933897643957	-0.14221371116141274	0.2188723937290629
0.3335931103272861	-0.1422129817917649	0.21887260947931325
0.33359311032728595	-0.1422129817917649	0.2188726094793132
0.33359341214039584	-0.14221337095170763	0.21887247184533676
0.333593645872817	-0.1422141300540649	0.21887236980219169
0.3335923731282485	-0.14221335544682562	0.2188725067633776
0.33359337688681806	-0.14221382397719395	0.21887238596134836
0.33359358395373534	-0.1422142262672318	0.2188723404906414
0.3335935051391626	-0.14221445239252506	0.21887231341561314
0.33359369830000213	-0.14221396436734543	0.2188723863049494
0.3335935176208028	-0.14221350163904256	0.21887244234886818
0.33359330514387836	-0.14221415888827388	0.21887235780758635
0.3335926961071736	-0.14221429001836938	0.2188719623756097
0.33359295671747174	-0.14221341694566078	0.2188725453245554
0.3335935786299903	-0.14221317300102654	0.2188729485256196
0.33359334497677945	-0.14221367645138838	0.218872088111241
0.33359290214590764	-0.14221368917708455	0.21887204303249458
0.3335931763466888	-0.14221423621785034	0.21887265548639595
0.33359274424077073	-0.1422140741937707	0.21887246078356837
0.33359397987924017	-0.1422145871941633	0.21887265634577327
0.33359300464256925	-0.14221454322348687	0.21887195495109807
0.33359369321057136	-0.1422140089529724	0.21887238323502378
0.33359337044796106	-0.14221388038507404	0.2188723820774516
0.33359315153131547	-0.14221459404198333	0.2188722936528835
0.3335928947670953	-0.14221361339184185	0.21887238544716509
0.33359369830000213	-0.14221396436734543	0.2188723863049494
0.33359316440928105	-0.14221448122624358	0.21887230142055725
0.33359351308125407	-0.14221446894830198	0.21887179233499426
0.3335936918610319	-0.14221402077548503	0.2188723824209864
0.33359317084819545	-0.14221442481836322	0.21887230530435473
0.3335934858222158	-0.1422146216169657	0.21887230176410089
0.33359317084819545	-0.14221442481836322	0.21887230530435473
0.33359267679061744	-0.1422144592403602	0.21887195072433047
0.33359324322307765	-0.1422142551003011	0.21887232849490507
0.3335933575701104	-0.14221399320081324	0.21887237430957912
0.33359385806572067	-0.14221390237107234	0.21887273277492786
0.33359363914926754	-0.14221461602897958	0.21887264435002948
0.33359414787431857	-0.14221411218823132	0.21887220330417478
0.33359267679061755	-0.14221445924036025	0.21887195072433036
0.333592397356522	-0.14221372986972852	0.2188721664751583
0.33359411417453455	-0.14221432126482214	0.2188727088491798
0.3335933459265788	-0.14221395189337924	0.21887237247811947
0.3335931389380896	-0.14221427729302694	0.21887200745402205
0.3335929502789435	-0.14221347335327636	0.21887254144084953
0.3335929502789435	-0.1422134733532763	0.21887254144084964
0.33359320638781753	-0.14221389224567416	0.21887251751427791
0.33359254141253547	-0.1422138572191925	0.21887218589368887
0.3335933575701104	-0.1422139932008133	0.21887237430957923
0.3335928828295239	-0.14221385839907458	0.2188720313809173
0.33359369830000213	-0.14221396436734543	0.2188723863049494
0.3335932042426008	-0.14221399878947283	0.21887203172382388
