0.33199962839960806	-0.14717679982336107	0.21797326260485353
0.33199962839960806	-0.14717679982336107	0.21797326260485353
0.3319995103206789	-0.14717560868216117	0.2179733987477659
0.33199932584428643	-0.14717583892576047	0.21797304556155256
0.33200087318566457	-0.147177478694033	0.2179729194378669
0.33200037086876333	-0.14717756287632358	0.21797256586708483
0.33199996559280587	-0.1471762866710166	0.21797291084598924
0.331999481153382	-0.14717644413315736	0.21797298441917648
0.33199986923966024	-0.14717733612728812	0.217972753741945
0.33199952007591077	-0.14717580905725042	0.21797305083259422
0.331999469065925	-0.14717605144611978	0.2179730403393972
0.3320003592479872	-0.1471773955161364	0.21797259163727917
0.33199948115338196	-0.14717644413315734	0.2179729844191765
0.3320005813234014	-0.14717688749572522	0.2179726375243407
0.3320002282557465	-0.14717628747159758	0.2179732333453644
0.3319997223310391	-0.1471769038281381	0.21797281844414082
0.3320096878016714	-0.14718689574736865	0.2179689616857806
0.3322623606198998	-0.1474439912719669	0.21787053329538925
0.3324943997521564	-0.14768083612393093	0.21778005885191254
0.33270121717944734	-0.14789205592965227	0.2176995495923722
0.33290585651844107	-0.14810145704911212	0.2176198684963558
0.3332163502643527	-0.14841946878795034	0.21749939384843073
0.3333444031563223	-0.14855191563668318	0.21744880499632294
0.3336942733613167	-0.14891186496470415	0.21731258366538103
0.3339437201490025	-0.14917114469443582	0.21721504663832092
0.3340922456514011	-0.14932677756589072	0.21715697604950632
0.3344609276539428	-0.14979080678556173	0.21700506729299396
0.33471766482181997	-0.15013522171092303	0.2168961474088851
0.33499479918734687	-0.1504927049541283	0.21678003512687655
0.33537187587134615	-0.15091293453352933	0.2166291673863854
0.3358528726323741	-0.15123482342871977	0.21647525709145024
0.33632409001126895	-0.15113276718379903	0.21634862675756977
0.33649961319659893	-0.15102854688158357	0.21602756010976812
0.33670578081563	-0.15104222891196295	0.21565396518550345
0.33695696712064116	-0.1510838977837331	0.2153178377857598
0.337496792326774	-0.15124568003581923	0.2147433100058894
0.3378209253599789	-0.1513756870913753	0.21433419561146044
0.3380397623856848	-0.15146588562232696	0.2139889498918135
0.338401695059163	-0.1516044057181935	0.21350685425269314
0.33909270580297746	-0.15159906056443023	0.21253856276547312
0.3394398388257073	-0.1516053169616241	0.21214025970028066
0.3398521364134425	-0.1516491028495779	0.21154332183366797
0.34016767510025614	-0.15172817997550503	0.2109067209434428
0.3405971040487739	-0.1518901490232728	0.2101672346227448
0.34111398058355114	-0.1519660226576831	0.2091162581463066
0.3418450040491969	-0.15199610929465868	0.20788769443044444
0.3423526445070047	-0.15197632638867728	0.20697664441924024
0.3427725656091054	-0.15200107118844614	0.20614409423594304
0.3430713861305645	-0.15204262341945318	0.2055480594689873
0.34372594274187906	-0.1521884359831323	0.20393061496157333
0.34432698980186416	-0.1522358218957647	0.20273599213800897
0.34494135565257544	-0.15222752642438386	0.2013125447814083
0.34549345500451956	-0.15224153665891582	0.2000625841357339
0.3460322819449224	-0.15221912973399593	0.19870876063031567
0.3465716495214296	-0.15216535889369293	0.19733086485579437
0.3472315647444267	-0.1518240108348904	0.19573459216557126
0.3480863137011748	-0.15107777999165384	0.19372378530628864
0.34879189997814075	-0.15021229212922993	0.19208260234852914
0.3495539028165574	-0.14915195695759964	0.19037387141517711
0.3503344260159958	-0.14793833620854008	0.18869768244836094
0.3515515790908174	-0.14571614589128717	0.18590587248929918
0.35206470788470606	-0.14468163098406756	0.1846621548024425
0.353271290671946	-0.1422044734869159	0.18178727848140827
0.3542341135649157	-0.14011602338797113	0.1795004181328897
0.3547909385039291	-0.13885392789161133	0.17820309353041477
0.35577316325294117	-0.13656421973012978	0.1759542139002475
0.356958547451098	-0.13358830408193056	0.17312426303559642
0.35848657942969747	-0.1296864668903066	0.1695135144055433
0.35903530609235246	-0.12818316162754628	0.1681806302957879
0.3601710705339589	-0.12508587246926328	0.16546357999860573
0.3613224553049775	-0.1218716512893344	0.16270894352286963
0.36241228313951623	-0.11880155588577414	0.16011864185448121
0.3638492658973235	-0.11451301848365168	0.1566087416632227
0.3645264324593989	-0.11246732398929256	0.15493288600301752
0.3659081921877596	-0.10828583278275129	0.15154652525807044
0.36659570499520966	-0.10615025970775428	0.14983928879829223
0.3675603274358382	-0.10311784352795707	0.14742129191516273
0.369422542681937	-0.09704274389984398	0.14252567907285568
0.37007990977230054	-0.0949126375182086	0.14072633506109783
0.3715457699812035	-0.08994498250059417	0.1364967703562816
0.37242034366246013	-0.08697260636137692	0.1338959905979214
0.3737509083155808	-0.08246852762258751	0.13006782341586576
0.3747672926509117	-0.07921012812527466	0.127341020035103
0.3758116186460499	-0.07559375420861102	0.12425494185403219
0.3767785471093792	-0.07205836909154777	0.12128759756814134
0.37770987041125786	-0.06858411842479732	0.11847333636537344
0.3789401713202963	-0.06391367991627704	0.11475873041397494
0.3796015616403395	-0.061363708000798864	0.11278556778685378
0.3808011979398107	-0.05675660465639491	0.10919921163177082
0.3813726745520666	-0.0546144669002329	0.10754564250428711
0.38216462855198613	-0.05146064117056863	0.10504395601624023
0.38383067976593876	-0.045060049473161876	0.09994105211329718
0.3846351210064309	-0.041667380215715574	0.09716695159090466
0.3851309479840131	-0.03971071193791233	0.09554505244551459
0.38624878093006326	-0.03526077637084267	0.09190188414232275
0.38698153235400284	-0.032321192634454946	0.08942148599726346
0.38805877384694165	-0.02784924865445905	0.08551232078378379
0.38844298150605494	-0.026228370851013635	0.08407993749995502
0.38935477949461333	-0.022522187276344793	0.08071366631304633
0.38976826095741673	-0.02082239362801018	0.07912197048577185
0.3906101930547268	-0.017237966863233298	0.07565538684399509
0.3911439161452873	-0.014985090484161148	0.07339031537643903
0.39170375426527726	-0.01258240994696215	0.07088160460856358
0.39237164079390346	-0.00980347691610893	0.06777142081608761
0.39280160638241585	-0.008007617517217416	0.06570116580897117
0.3931781776262573	-0.006324740452092845	0.06358530124751288
0.39368707436080935	-0.004319551380622469	0.060834890919885365
0.39396527316462737	-0.003007123353670718	0.05893539002652293
0.394285921438271	-0.0018655855086316536	0.05715494905640217
0.394481971694472	-0.0010647587046295898	0.05571176206554029
0.39475662297470027	-0.00016182224956502733	0.05377766652067606
0.3950605336505395	0.0007162648079980377	0.051332736722767114
0.3953536045512603	0.0009354193835749564	0.04982950645957923
0.39548880203714165	0.0010360857059116962	0.04843122690730667
0.3955950077938861	0.0010049568685298743	0.047039954198096645
0.39562984086024977	0.0010238742536149564	0.04501558906191799
0.39560619379113976	0.0010594341635314503	0.04408645178029447
0.39558597161982373	0.0010228659114307898	0.04262090942993829
0.39552327836206724	0.00102274475805815	0.040822199085638944
0.3954660182739447	0.0009986922208972543	0.03949555674466926
0.39538474240951643	0.000993470964886542	0.03831343422147776
0.3951513355289985	0.000981659739655541	0.03637636950791334
0.39499333096531053	0.0009321787837243828	0.03503843595224049
0.39480080057433586	0.0009141105253674259	0.0338243397222352
0.39465647284144956	0.000728182206389219	0.03276310482657668
0.3943987894248282	0.0004329798927116685	0.03170655741330036
0.39398849788093104	-5.445523739038005e-05	0.029953246063641137
0.39364274738810323	-0.0004159857825652563	0.028539684005908228
0.3933197341352386	-0.0005481183847442367	0.027201467954106162
0.3933315074770532	-0.0007720683938347156	0.025912053518041656
0.3933429951279979	-0.000890649621177006	0.025349237718334028
0.39329078346035856	-0.0012752863640988071	0.024004389875111998
0.3932958341217019	-0.001524455131912697	0.023319199627742315
0.39318886957284704	-0.002150170967322715	0.021616079539481303
0.3931567268274781	-0.0022726804863304056	0.020862447342988588
0.3932181784794515	-0.002421566452464871	0.01999367551256198
0.3932416045598185	-0.0026755985657069686	0.01923806853615767
0.39320017869618984	-0.002949069412114494	0.01845750695528897
0.39312523603206195	-0.003304818362891801	0.017386694295142224
0.39307182887122305	-0.003573611639006477	0.016644955097935232
0.3930544782550123	-0.003861527778018972	0.015877299236822906
0.3930425556403143	-0.004037993441931301	0.015336998889497744
0.3930504213424907	-0.0041930115743433055	0.014908075176644775
0.39299342431677675	-0.004563105659315184	0.013793495931963828
0.3929857871412562	-0.0047532692501423696	0.013244398614264685
0.39290540136853885	-0.004914283605268729	0.012674665098972526
0.39289099656356463	-0.0050107079733463095	0.012353834025898125
0.39292782388314873	-0.005165855682937939	0.011878170882088313
0.3929193543038554	-0.005398518475758854	0.011162507013379674
0.3929293459803407	-0.005582672392462615	0.010594443005543519
0.3929110284281369	-0.005729597150749319	0.010101142847217692
0.39290188980380203	-0.005778674138506287	0.00979250198583248
0.39289279592825527	-0.005738541658128635	0.009681735963234683
0.3929236724465909	-0.005644413711733284	0.009449758871437508
0.39295923375158315	-0.005586115808324174	0.00926893958304803
0.39295877184811107	-0.00549588434646732	0.009057995713889655
0.39295016072556643	-0.005455954805842031	0.008958828677206876
0.3929935898252262	-0.005422717481426267	0.00882896033036501
0.3930343624261489	-0.005475384888020032	0.00871004121423724
0.3929734893261929	-0.005691392363468203	0.00847170999007879
0.39297223703838297	-0.005778464387027768	0.008393946558054088
0.39296816894554343	-0.005908608986077604	0.008272064204047247
0.3929434331330641	-0.006024344614309465	0.008133235468828215
0.3928821265434558	-0.006136867256827591	0.00797920266467661
0.3929257854493174	-0.0062732817453388795	0.007882881709134815
0.3929305594582209	-0.006343303088841859	0.007823495403726344
0.39298616375715617	-0.006461893592936044	0.007729547981878249
0.39310819297151933	-0.00646672322798196	0.007633910969569335
0.39307365235435743	-0.006556515619996331	0.0074977474398904564
0.39307450579803144	-0.006652459521130374	0.007450387676282588
0.39312839619585427	-0.00688993559294214	0.007361794469798066
0.3931839454728603	-0.007038890781084453	0.007296518719920653
0.3931970350136124	-0.00712107070940389	0.007252932514130839
0.3932750392505304	-0.007264840842335932	0.007144832027607684
0.39326138439761776	-0.007424759922253318	0.007059762829729033
0.3932569173024606	-0.007518307115648423	0.0070117503706452755
0.39334652528315	-0.007715271480333727	0.006942602739095305
0.393427736481946	-0.00774680328130907	0.00692953243043537
0.3935404087773932	-0.007771020017364502	0.006887715268976746
0.39356497910556876	-0.007778122857337713	0.006853016823750613
0.3934954421292288	-0.007865080121980908	0.00681917075733951
0.3933769782125205	-0.007916068995495032	0.006760434667848203
0.3931786912813401	-0.007898494231195943	0.006566370813196776
0.39309180191166493	-0.007871654951433285	0.006459081929178545
0.39291662942364575	-0.007807165656505591	0.006290304156350457
0.39277773297130747	-0.007750121440330396	0.0061969964573131975
0.3926666579553474	-0.007717725445355858	0.006069562990517141
0.3925007570132868	-0.0076642338475994415	0.005907845563224767
0.39235399823490763	-0.007620548517192835	0.005745973968914242
0.392085773965731	-0.007604641792720204	0.005497794488703467
0.3919868894218163	-0.0076599163822168165	0.005410135218675394
0.3917487904092448	-0.007689117544871074	0.005204314396092646
0.391665895430546	-0.00766516827535009	0.005096493958041737
0.39161912418537215	-0.007651770728942367	0.0050368436397911776
0.39150342786311154	-0.007607840804784868	0.004927103175619785
0.3911154722448709	-0.00744740221165506	0.004721096813497971
0.39104969806653755	-0.007425140764986252	0.004651790543261147
0.3909902534122465	-0.007411858898376408	0.0045506485504330785
0.3909329610707747	-0.007397685435795234	0.004442872941442855
0.390887609047127	-0.007383165364194269	0.00436463769421197
0.39090634064784757	-0.007397022777013082	0.004339705569337993
0.390864775072715	-0.00737435934097376	0.004322560560495015
0.3906823870335071	-0.007276692312454133	0.004244155300702379
0.390381851089422	-0.0071453412488037965	0.004106614587058965
0.39034824812219143	-0.007138912217111229	0.00404025485595072
0.39051378652602087	-0.007243832612968362	0.004030777593241275
0.3906600718575729	-0.007335680754690113	0.004028292384729515
0.3907397911979809	-0.007385950933052568	0.004027603315549244
0.3908401697895434	-0.007426749768581972	0.004063359088702145
0.3909925009444961	-0.007486555424152955	0.004121458939681133
0.391560960819391	-0.007732687317543854	0.004305985999233375
0.39190075880650305	-0.00788292456238028	0.004409093938707365
0.3923023824156468	-0.00775713855291478	0.004646233408556244
0.3926757899463702	-0.007487651821398336	0.004940146738158124
0.3929910400262944	-0.007296949931419008	0.005188665828161687
0.39338130009914896	-0.007073306079134881	0.005491271173765078
0.393810104488041	-0.0068108962184147	0.005832150004756176
0.39403644036720503	-0.006698396437906498	0.006004893444772175
0.3945248659245457	-0.006493967299015399	0.006374792363245063
0.39474340372325506	-0.006364812122809829	0.006582721415029524
0.39515068797611397	-0.006161813061637364	0.0069048448854338584
0.3957133353477927	-0.005924504989539128	0.0073295538659395865
0.39595157496371575	-0.005817888589520828	0.0075102865115937445
0.3962833239985504	-0.005933330856026667	0.007708774958042508
0.39658549755190453	-0.00622986617430106	0.00783998083535803
0.39690322177874315	-0.0064964101679956116	0.007973201916403716
0.3972250876445331	-0.006635620190605054	0.008103586717426614
0.3974810327566475	-0.0067419984871157496	0.008205856029069314
0.39779624055214835	-0.0068696113335920544	0.00833641451982009
0.39811125020256016	-0.006951181758730898	0.00855882896667709
0.39824556072130257	-0.007134389096058638	0.008701017286842139
0.39838305128120355	-0.007299898846050826	0.008773091912884612
0.39861423730619605	-0.007461011923317815	0.008867417988948578
0.3986161487434599	-0.00746832999287135	0.008866299000338362
0.3986142924951744	-0.007473385046729106	0.00886241495962753
0.3985752578434045	-0.007403263932844004	0.00941348503250422
0.39865546806584495	-0.007131692961738725	0.010405236950899233
0.39852445918411544	-0.006377244944293967	0.012547230536054166
0.3985117272418923	-0.0061607232340858825	0.014456234583564875
0.398601533882339	-0.006095798447929804	0.017093863266196607
0.398594354383495	-0.00591684473295874	0.02031129804537396
0.3986058060837251	-0.005803587192303963	0.02355217552392136
0.3985772306447362	-0.005658680465243801	0.026606207829990403
0.3985561059142774	-0.005454977068737807	0.03252381543609573
0.3984842612573626	-0.005262745597453614	0.0366135192952034
0.39853354220833276	-0.005155706498842935	0.03993451510672347
0.39838251575417943	-0.004845724302924917	0.048403331618376566
0.39835405557479053	-0.004670011290242207	0.053628680930795425
0.3982883132109467	-0.004569356261613741	0.05680747480994186
0.3981665572300058	-0.004309184258401419	0.06488271719577199
0.3981621379640003	-0.004088149768510699	0.06811478715516833
0.3980933412580044	-0.0035856884656196714	0.07550117255339073
0.39797526147915224	-0.0032412353598913896	0.08431540232743628
0.3978156466318105	-0.00320908214814343	0.08952733055125395
0.39766521072579214	-0.0032678643242497335	0.09503103405520358
0.39751869799026246	-0.0033130169123190972	0.10299039822348183
0.3973950249798067	-0.0030886540895553455	0.10976720530289397
0.3973565831076178	-0.0029617155473556783	0.11383005332355728
0.3972126830786627	-0.0027602942163193894	0.1222524293587482
0.39704273649078353	-0.0025713599633480216	0.13075525275440064
0.39699851688141935	-0.002467163238705092	0.13488048966677557
0.3968197511687436	-0.0022942547320225354	0.1435831603526571
0.39673567084859557	-0.0021611713671276372	0.14957959001521648
0.39668027386304766	-0.002103896739835867	0.15289989923212516
0.396614986093413	-0.0019748086718297114	0.16358052862841344
0.39659515989224836	-0.001932127386997648	0.16673985380719672
0.3966677120408507	-0.0018194261627794278	0.17489596903191174
0.39666211611953084	-0.0017978955255850554	0.17999823692177302
0.3967082611189979	-0.0017285547720432975	0.18511930439863267
0.3967031470912735	-0.0016945187195817196	0.18778659373920775
0.3966180344987113	-0.0016015415052783588	0.1942541406920052
0.3966061785818643	-0.0015605791421996196	0.19813957679046013
0.39654408357027765	-0.0014871273796923795	0.20182707628172436
0.39656435092714587	-0.0014526680388096125	0.2062376363027613
0.3965059681044914	-0.001403577350225657	0.20977551986796844
0.39648862209715424	-0.001442122462798831	0.21281639547054085
0.39639186630938844	-0.0014203208989716776	0.21629978661669744
0.396195129493588	-0.0015106870136246953	0.21870168009065352
0.396042428285017	-0.00165337095582134	0.22011829262826388
0.39567996834055896	-0.0020570624904696078	0.22323892954165653
0.39529632942227855	-0.0023955590678823163	0.22526323284913996
0.3948285467123883	-0.0029696090883159637	0.22822193369331228
0.3944647551878487	-0.003312017254711641	0.22967897935301737
0.3937545336524092	-0.004036727416781474	0.23212137825116633
0.3933341589973842	-0.004490149203098162	0.23348965497094729
0.3924729447595243	-0.0056314381501925415	0.2358688988086896
0.3916668907698335	-0.0068892621667449305	0.23744469605067767
0.3903124200158944	-0.009202746951789811	0.23931529975264024
0.38975285254876607	-0.010270911026802568	0.23999117023458802
0.3886005418811417	-0.012515046053767229	0.2410292129770824
0.3869192441176533	-0.015775805256291422	0.24192818955142828
0.3859532421493155	-0.01774838616701631	0.24231679682251758
0.3839909467840246	-0.021619262984299184	0.24302449825016384
0.38184734685941624	-0.02618525694941777	0.24399867158959426
0.3810647991695663	-0.027970431157811768	0.24443485425046385
0.37901920929784627	-0.03223483510199192	0.24548264528246527
0.3772715425210392	-0.0358263053113088	0.24626095276444293
0.37586222731413654	-0.03870203880277699	0.24684366184879075
0.37396680483201505	-0.04219381795573167	0.24746062663543575
0.37225669346799906	-0.04526948257151235	0.2477641175995867
0.37058293444487084	-0.04836051904277018	0.24801896708412713
0.36717007842696814	-0.05468858812741735	0.24798988367331942
0.3661086303197882	-0.056793906394972796	0.24785416822117678
0.36395490411419956	-0.06138449397236191	0.24731463004932633
0.3631818973209014	-0.06306289242696993	0.24705671961953987
0.36189430251905835	-0.06606740343267735	0.246585491175749
0.3604747505704497	-0.0695548615918883	0.2458121485112974
0.3593849890105755	-0.07331735686909065	0.2449084543442609
0.3590268652943557	-0.07478726728148595	0.24445532086575963
0.3584698649211433	-0.07713601744626629	0.24355687417651636
0.35820598704337464	-0.07953988549480005	0.24253883123949843
0.3582183284174488	-0.08140577438501413	0.24166663011981993
0.35853465764973985	-0.08428023103374464	0.24025656776769466
0.3591779716159681	-0.08656798183988741	0.23894873288603008
0.36027119613866837	-0.08927587112124714	0.23727592448943932
0.36116141128777485	-0.0914077838541197	0.23582431221068811
0.36181475036232025	-0.09336061795455651	0.2342096822373911
0.3624256273146929	-0.09560376225298166	0.23217826086614146
0.3629973155814739	-0.09867787010621391	0.2291167176056951
0.36327104372553015	-0.10058979143170256	0.2268750864359932
0.3634168748594358	-0.10243005043653532	0.22464239301340902
0.3634548589430499	-0.10356514604639407	0.22333997507357925
0.3633888122437503	-0.10564611148560159	0.22047046067740295
0.3632477592848472	-0.10693079640005627	0.21850070106147418
0.36307563163334916	-0.10839435667161777	0.21623369441778226
0.36283091090200803	-0.1089082169053024	0.21525379515892482
0.36239244970763995	-0.10971057734236477	0.21372557656513488
0.36200363518575546	-0.11017119842354765	0.2128323645327476
0.3616204201108552	-0.11040107900212999	0.21228706345137163
0.36113264159478087	-0.11045819377489201	0.21203202172297347
0.3606394934250094	-0.11024316335177413	0.2123602741996357
0.36031266388248717	-0.11006680542157178	0.2126768342711604
0.36013709583324205	-0.10985368746860956	0.2128862086430089
0.3598621708427026	-0.1092480275400705	0.21338942796900462
0.3596982764700394	-0.10877655539491186	0.2137444493036729
0.3596353440625986	-0.10844722612779005	0.21396715758029472
0.3595397310635544	-0.10796889645934095	0.21430208602573517
0.3593307412160946	-0.10719661232932894	0.214701986330655
0.35921309575854665	-0.10667607419673113	0.21504283757719644
0.3590065067590544	-0.10598702681311252	0.2154192767616531
0.358973605664344	-0.10570316420772645	0.2155821894554854
0.358939061584034	-0.10524153575892324	0.21602078348200623
0.35897481696833633	-0.10467064970956454	0.21667990386072744
0.358995723395327	-0.10443557321845613	0.2169142105839895
0.3590077851179176	-0.10394183824549187	0.2174079060112412
0.3589737989423395	-0.10358222770780558	0.2177559787153682
0.35892730625123254	-0.10299137914681399	0.21823215512669844
0.3589127092370545	-0.10274686859959194	0.2184019703179214
0.3588269710981962	-0.10217494370442758	0.2188431043086604
0.35884304751037605	-0.10185612102003176	0.21921528402030022
0.3588273256753379	-0.10147614861117553	0.2195116213392563
0.35867833606365845	-0.10084098805927748	0.21988077312476828
0.35854067730232153	-0.10037700612925961	0.22015948630441254
0.3583986249080022	-0.0999662197753025	0.2204016646520274
0.35832409537165016	-0.09936764975972896	0.22075031108774665
0.3583261226980685	-0.09841471363809211	0.22111970028375758
0.3583093929090158	-0.09812413318594958	0.22127118131230644
0.3582536565194753	-0.09787170563210378	0.22141329568604295
0.35812430701708053	-0.09740333175353909	0.2216879892266942
0.35797803936150246	-0.09653119787689173	0.22211257334864024
0.35786227096511036	-0.09606020724730154	0.222263931526103
0.3578115708929558	-0.09565880572644613	0.22237955715226643
0.3577629794417054	-0.09538038797883543	0.2224352171929269
0.35765458211662027	-0.09488190801948766	0.22254523298762857
0.3576359718636148	-0.09455823027202019	0.22265523089494296
0.3574911191550484	-0.09391271745334574	0.2230716631366127
0.35741924694665417	-0.0935504195856235	0.22322104465259518
0.35734015781406236	-0.09296787492566448	0.2234172645803377
0.3572532206655556	-0.09254131813370013	0.22353098541000183
0.35721321892589764	-0.09206663641197975	0.2236679031645553
0.35722380787234703	-0.09169219741539335	0.22381529641446013
0.35715239637288737	-0.0907890583898313	0.22415354607039734
0.3570539750489639	-0.09004112944028389	0.22434986962082148
0.3569743453374331	-0.08972568622321635	0.22447139298247987
0.35690116313442694	-0.08937071451785626	0.22462852536108222
0.35688126702493506	-0.08907245493437115	0.22477582596181692
0.3568334096583897	-0.08826174961860404	0.22517762030361613
0.35682405667596107	-0.08768883741525725	0.22545514493277133
0.3567051285800858	-0.08722607803925052	0.22568962186281313
0.35662322247016204	-0.08693270539840552	0.2258266399828316
0.35654863960800337	-0.08644226165741871	0.22611390629305972
0.3565220280769037	-0.08605343259428548	0.2263237293483668
0.3565460817894372	-0.08556267755431425	0.2266183392685083
0.35650443559714723	-0.08492461219073648	0.2269682717924852
0.35639023926318314	-0.0844908140349676	0.22721113347002472
0.3563437463790313	-0.08415805177477075	0.2273924332620412
0.35623464772172053	-0.08333597421989149	0.22786103331151433
0.35617311658294565	-0.08293432975847422	0.22806169034644136
0.35603906330655855	-0.08153357011670402	0.2286626070157265
0.35594054359080796	-0.08061348650109622	0.228994743397655
0.3558525377393724	-0.07962691317382777	0.22924219729616493
0.3557665038658448	-0.07900378269488718	0.2294546147363873
0.3555542464618638	-0.07719694969651132	0.2299685652987199
0.3553941825804144	-0.07604902814356614	0.23033979786171443
0.35525548242941174	-0.07490630531089844	0.23063899893899442
0.355157125562255	-0.07431654407955836	0.2308291098454557
0.35490630368408843	-0.07255651727920996	0.23127610572368135
0.35480159613240686	-0.07186205689926224	0.23149940793763607
0.35452356696209014	-0.06963685948033387	0.23206228676588855
0.3544043090997771	-0.06794341681566089	0.23249114780495617
0.3541768427079516	-0.06592773759738592	0.23306034380682128
0.35404790052940377	-0.06425897806095603	0.23349510870647583
0.35390292815418917	-0.06294450597829	0.23385464877945217
0.3537657089672739	-0.06117138672464385	0.23429513793247433
0.35361215466495877	-0.059443749653071656	0.23470092428059988
0.35338691100151526	-0.056739399165439755	0.2354422053533278
0.3532538094298261	-0.054976215937199355	0.23588941395301594
0.3530176176983516	-0.05243143893594522	0.23650806972625163
0.3528786725271258	-0.05054174353576736	0.23696635152095002
0.3526323532183137	-0.047632475904262075	0.23768851094475205
0.35253323638979184	-0.04629932843951963	0.23805368712946726
0.3523633719996647	-0.043552637460986574	0.23873501917850973
0.3521931861335277	-0.04164011491979168	0.23923237916864176
0.35202637089572697	-0.0395074297337432	0.2397918733612675
0.3519210645616006	-0.03776159416796164	0.24016408410558537
0.35178021485180505	-0.03608371111152668	0.24062953284073302
0.35165616223146046	-0.03369466406151832	0.24115051398077902
0.3514367225036373	-0.030787727452971494	0.24188713852920943
0.3513385518055525	-0.02957909288052822	0.24225273379885665
0.3511751828603472	-0.027004765461203825	0.24285001249884916
0.3509968723987317	-0.024891757886068053	0.24341991936649954
0.35089830547135437	-0.023056777332862474	0.24380616651699433
0.3507289359217837	-0.020531589113492413	0.244433375480698
0.35065394197124583	-0.019274290493095494	0.24474875510648683
0.3504936355196302	-0.016802164760712238	0.2453645147368945
0.35036205898650663	-0.015136987101251956	0.2457838575219858
0.3502649900668246	-0.01333771908628105	0.24619411479762654
0.3502163491598868	-0.012488156981542972	0.24636330630008763
0.35003841662785995	-0.010088402205401345	0.24700636191196818
0.34994502988143855	-0.008159011130417906	0.24733429332174475
0.34983518358637533	-0.006798488077773515	0.24775351794719372
0.3497521958617339	-0.005555796046903663	0.24804615706156963
0.3496619615906209	-0.0036145099848924472	0.2483971135180268
0.3495590170102536	-0.002320259309618697	0.24878178775961834
0.349492686566628	-0.0016750174528912115	0.24895646691350432
0.34943871909366103	-0.0006167026702861705	0.24914705660507208
0.3493886598764995	0.0006163922165844798	0.24935890115652123
0.3493213761669712	0.0017288397933670069	0.249664889674613
0.34923162104661337	0.002732304140593042	0.2499032849559092
0.3492165195488818	0.0030982747065279176	0.24998386707258802
0.3492631659932646	0.003792109221131032	0.2499579081425766
0.3493508714647847	0.004010838172776712	0.2497471123337603
0.3494998442425497	0.0040165392255030324	0.24957520655257523
0.34951510408611397	0.004012688670224487	0.24954827115776906
0.3495167819336765	0.00400971520344022	0.24954226929398113
0.34951808950623275	0.004005886022507052	0.24953735034615576
0.34952262860951316	0.003997447480194358	0.2495251512013801
0.3495251275652144	0.003991412290657956	0.2495177989487048
0.34952709452690717	0.003983753021799777	0.24951073180092634
0.34952774757769756	0.003972155323846802	0.2495049830203105
0.34952645263147114	0.003967114024405569	0.24950252205028817
0.3495269745037621	0.003962115903220778	0.24950214340526167
0.34952645560013595	0.003958958253368269	0.24950064632840194
0.349526538126358	0.003956116356644432	0.24950068449851592
0.34952763575622103	0.003954274875519123	0.24950016310251527
0.34952794371648116	0.003952805897233833	0.24950043629927646
0.34952808924741563	0.003952090254737042	0.24950005948913853
0.34952821616232316	0.003951614966346342	0.24950002071492838
0.3495280798774423	0.003951675244035183	0.2495003214599622
0.34952837472360326	0.003952034746186869	0.2495010304151084
0.3495297747916567	0.003950846857591353	0.24950059960100857
0.34953061335945657	0.003949166101414561	0.24950006135025196
0.34953055763271357	0.003949283693239089	0.24949992524747755
0.3495310255137262	0.003949394260219688	0.24950032508992712
0.34953175494408933	0.003948906688279588	0.24950045115331232
0.34953149064111966	0.003949468384446639	0.2495007031655152
0.3495317130367436	0.0039492536099167835	0.24950106434439964
0.34953129914765185	0.003949732379605567	0.24950103132982043
0.3495317130367436	0.003949253609916811	0.24950106434439967
0.3495321397529203	0.003949748315691573	0.24950096897385818
0.34953209336891106	0.003948929067531345	0.24950013340908977
0.3495327237788625	0.003949163884787041	0.2495009622997647
0.3495325055253407	0.003949157224193298	0.24950039715121808
0.34953258560918354	0.0039495673429783135	0.24950119467684054
0.349532564327232	0.003949369986802356	0.24950108008904448
0.3495329466126683	0.003950080091911459	0.249501593718687
0.34953267670044796	0.003950077264845045	0.24950119739315463
0.34953326867297885	0.003948978226837277	0.24950103916128175
0.3495326746889018	0.003950135004457914	0.24950123518002243
0.34950931245336236	0.0039585775532607476	0.2496644151057451
0.3494966145097464	0.003969255766675936	0.24972728825544155
0.3495134420282986	0.00396883521551307	0.2496253036669517
0.34951680200137075	0.003968192323828099	0.24960380548843072
0.349519689262775	0.003967402500916109	0.2495825865531051
0.34952350447389696	0.003964916599286786	0.24956394560222442
0.34952325938324813	0.003965463762590868	0.24955999009748267
0.34952593131271403	0.003961433345317247	0.24954844712500412
0.349543275149465	0.003945692883861721	0.24950036216930183
0.34954542131586025	0.003943780583913911	0.2494940754315466
0.3495459820866848	0.003943318011680089	0.2494915522970208
0.34954520578551074	0.00394414834358893	0.2494917513388571
0.3495439587546135	0.003943969189962052	0.24949159738033294
0.3495916756655147	0.0039422041896255006	0.24939108062979615
0.3496197789551924	0.004043442100075803	0.24941352348415644
0.34966429197290355	0.004399552038601415	0.24964660374158648
0.34966599982022956	0.004459887504892721	0.24968891546931224
0.349658442594974	0.004487437299232441	0.24973977705675407
0.34964448229705514	0.004502080570336839	0.24978314293663245
0.3496373750005006	0.0045085096668742025	0.2497986593805129
0.3496146601955755	0.004527792263747041	0.24984854898347852
0.349609096462161	0.004531355429864589	0.24985646907321077
0.3496052477658048	0.00453398314320437	0.24985986853529388
0.34957236849327805	0.004566557635066207	0.24986400401209527
0.3495664866440471	0.004571691465774477	0.24986685726344915
0.34956735740520617	0.004571196361410637	0.24986815439222454
0.34956758204291144	0.00457008935224372	0.24986757399871187
0.34941864225162905	0.004710287680090894	0.24985839034290977
0.34942650471983955	0.004710192227209184	0.24986348047216367
0.3494464973126861	0.004695942065143441	0.24986862127174325
0.3495225893666892	0.004633742358355994	0.2498803327781765
0.34955521119527816	0.00460321732675785	0.24988380345099193
0.3495673215371585	0.004587611701657016	0.2498839257808846
0.34957158474943456	0.004579382065903373	0.2498820571647427
0.349573029803652	0.004572617171240009	0.24987990687015912
0.3495754619896405	0.0045653474206447525	0.24987673507677485
0.34957592422316874	0.0045614862083214885	0.24987420828354603
0.349577155971984	0.004555652879747227	0.24987113053884136
0.3495775223146257	0.004552520250759931	0.24986899969192275
0.3495770063440131	0.0045507545912553266	0.24986817483544432
0.3495774771998531	0.004549417155573374	0.24986708648349415
0.3495774375463874	0.004549162042668378	0.24986634184843795
0.34957770787366454	0.004548430727253958	0.24986550609242336
0.34957776381745265	0.004548344529551815	0.24986514727066883
0.3495778410512515	0.004548234269029963	0.2498651318004605
0.3495776846865648	0.004548687921359429	0.24986476101123006
0.34957773785407315	0.004547999695562174	0.2498641386463903
0.3495780674892509	0.004548842910730669	0.24986415809606893
0.3495776627955221	0.0045486388527715554	0.24986442693072022
0.3495773687346712	0.004549043481511542	0.24986411710054854
0.3495774812894231	0.004548587526270562	0.24986407775390956
0.3495773031422547	0.004549091862774121	0.24986332761949043
0.34957750112543445	0.00454949401903805	0.24986357770075962
0.3495770330755365	0.004549973125817466	0.24986377008765495
0.3495771734818238	0.0045496354768868735	0.24986357787567673
0.34957757421176705	0.004549444911058562	0.24986272083418445
0.3495772166731399	0.004549996854411695	0.24986378613898327
0.3495769174565653	0.004550384461293369	0.24986343639611697
0.34957738491891654	0.004550494795623208	0.249863836795468
0.3495764239533924	0.004549815440517482	0.24986963934077844
0.34953587185474044	0.004538015410717647	0.25008941557048614
0.3494349301215011	0.004329865275225123	0.2501744513837773
0.34934072875414623	0.003577456664777226	0.2502462312430447
0.34930950601042227	0.002875898635386634	0.2503466866037336
0.3492727442058429	0.0024117533570691546	0.25042014628425646
0.34924942392842545	0.001622971099901463	0.2505561558100199
0.3491798379919794	0.0004564900948860334	0.25077139317513764
0.3490666177274553	-0.0009976190565926385	0.2510747471308178
0.3490101894047917	-0.0016594519894245069	0.25121625007513376
0.34891112237067473	-0.0029341016184260688	0.25148564490934433
0.3488466778655308	-0.004061653626352121	0.2517037716075454
0.34885442165941866	-0.005936290308943951	0.2516438627623744
0.34891114224612435	-0.007534832352153034	0.25160219463189737
0.3489120167296116	-0.008348910435463805	0.25160547733110317
0.3489242766863203	-0.011149954866811237	0.25166033714866365
0.348902424431386	-0.012286426832859146	0.25167944356792327
0.34892205243133106	-0.013751482331386275	0.25167635099992247
0.34896212287061623	-0.016170929721180435	0.25161485210292556
0.3489731213215166	-0.018057626839891996	0.2516579435550086
0.34896074132735816	-0.019139714572100383	0.2517250409851587
0.3489863020264672	-0.022656659794553932	0.2517488533851947
0.3490037512001541	-0.023841782802151365	0.25173723781851765
0.34898962511844356	-0.026613752533661758	0.25182552064920427
0.34900981822555033	-0.0286396241038704	0.2518432715087755
0.3490299827534178	-0.029884287263022016	0.25179291177956115
0.34903354071476905	-0.032746443599414546	0.2518651284132992
0.34904060106692436	-0.03584536853532712	0.2518699980326647
0.3490621373850901	-0.03794055588348584	0.2519011328909799
0.3490779935855723	-0.03999430308914036	0.2519496407595393
0.3490726836085685	-0.04214400953419535	0.2519371500402421
0.34908634762308666	-0.044213496813538186	0.25201252529137996
0.34910111380330955	-0.04658261497992246	0.251989772350502
0.3490883769861451	-0.04874044941637941	0.2520321947974849
0.34912789438021224	-0.050868911276655146	0.2520228187289817
0.34910572849879445	-0.05323803730186159	0.2520277926875738
0.34912097903056455	-0.055248720467592674	0.2520834971904955
0.3491078941791487	-0.05898831297067901	0.25211508250608605
0.34914199520504796	-0.061715038561895516	0.2520688138167048
0.3491378025247586	-0.06292810546216611	0.2520970159336087
0.34914251230453625	-0.06583606097540066	0.25209545003345146
0.34911417318789406	-0.06884791690416205	0.2521109315269805
0.3491245569989711	-0.07102420667814345	0.25205605504257433
0.3490959485441615	-0.07233079868367341	0.2521222435043542
0.34910442069320696	-0.07539603430523044	0.25204914153960695
0.3490724325789027	-0.07761043283491052	0.2520716768591935
0.34906886100073614	-0.07898482407164624	0.2519976287254392
0.3490651402797735	-0.08068547041239678	0.25199943617953613
0.34905809682838057	-0.0832161385672816	0.2519991700971891
0.3490725063674404	-0.08583889448083636	0.2520319841593314
0.34906694182897363	-0.08751020801756233	0.2520574098503764
0.3490664995732469	-0.08922125878864627	0.2519844492208908
0.34903772100699115	-0.091626496598303	0.2519556321275034
0.3490586892380313	-0.09317494647283088	0.25191889736433615
0.349032546043803	-0.09413921022369075	0.2519531682403632
0.349049321575415	-0.09551153329924685	0.2519380326414985
0.3490701924703338	-0.09700012681919158	0.25190134438434186
0.3490118028425579	-0.09941017648556537	0.2518448570090254
0.34898622047212663	-0.10087296264125604	0.25177266289248396
0.3489279603104716	-0.101692562179851	0.25174505669909564
0.348968442794426	-0.10329018267553682	0.2516205366454286
0.34900821803168997	-0.10451969586009667	0.25156492570196154
0.3490882871096977	-0.10556189619968996	0.2511998734861578
0.3489493679709445	-0.10710244420465055	0.25067110385168906
0.3489694982082685	-0.10822275447260658	0.25029253294433307
0.3490165693913494	-0.1099151316448956	0.24973187361492943
0.348985784438712	-0.11100946923445894	0.24923567298339452
0.3490082018970656	-0.11238114867848269	0.24856039738542643
0.3490381160062538	-0.11362167090956869	0.24795053626831548
0.34906591036635987	-0.11494133549572343	0.24720509657277745
0.3490759022539004	-0.11604648080666484	0.24651146487065895
0.34910617324546334	-0.11771806874096834	0.24541447486752394
0.34912728918750113	-0.11904963422818969	0.2445735154476362
0.3491395023513852	-0.12018488453001215	0.2437648822470136
0.34913352791537333	-0.12083999975702388	0.24323661354498513
0.3490351818572886	-0.1222086171418459	0.24201646503039376
0.34885025564342054	-0.12365902215123813	0.2409280906684498
0.348753556002642	-0.12440819040760474	0.2404319837708974
0.3485288470815222	-0.12539917131252448	0.23992556324606892
0.3483944268667258	-0.12587808199825223	0.23969923505726737
0.34819602418692114	-0.1263980706413349	0.23953257094637373
0.34788862058641146	-0.12683781375460068	0.23952192057858318
0.3473099462458269	-0.12715215334677982	0.23982745535178474
0.34648455921145344	-0.12714360803270797	0.24036584506993164
0.34578785163860415	-0.12692351225628334	0.24082532627949718
0.34522200635507	-0.12672291607488817	0.24116440421355045
0.34401910382335793	-0.12616663003558132	0.24187862169105068
0.34224161376230094	-0.12521535771960607	0.2429018145241411
0.3408755298468385	-0.12448265385543626	0.24388227027983833
0.33944332071909494	-0.12370281506708668	0.2447965043321142
0.3380456752402	-0.1229494090662215	0.24562123592508425
0.3359147919999973	-0.12189611772877876	0.24680434137227064
0.3346002585890278	-0.12127156990310164	0.2474368273005518
0.3322613639950474	-0.12033733506199065	0.2482670762161584
0.33057516106924967	-0.11968435156685066	0.24873539562457048
0.32902300604361545	-0.1190587833086447	0.2491386060145942
0.32746262566101947	-0.11864092366767914	0.24930523662650886
0.32523804647621285	-0.11815703438000746	0.24935281473600568
0.3238559165623677	-0.11800383160877825	0.24927612567283178
0.32258153093576986	-0.11792374019112106	0.2490388881588979
0.32146917081165494	-0.11794238425374574	0.24869944112903522
0.3205627941794586	-0.1180716590310008	0.2483020982448769
0.31949670834462857	-0.11836062942206113	0.24759957984793116
0.31896126413152237	-0.11875184846016547	0.24686302553586192
0.3187369500989775	-0.11902812100735517	0.24644183301177108
0.3184875254286428	-0.12002841901406283	0.24536407280286693
0.31863043952342457	-0.12088077105776916	0.2445291852711501
0.31903525054989873	-0.1216529042536197	0.24361661121893816
0.31943371956346234	-0.12231171119256969	0.24269703560803857
0.32000976709113427	-0.12314683090101192	0.2415218873147139
0.3204360895243037	-0.12368879497103355	0.24085997588654168
0.3207554667137624	-0.12405620250900982	0.24045784234570283
0.3214712619694806	-0.1248327857635172	0.23950928327275922
0.3218881973555983	-0.12543414223717247	0.238752660625903
0.3223014221911314	-0.12603713180432002	0.23780618190256095
0.3225188717382945	-0.12634382226646096	0.2372788079538773
0.322655258949772	-0.12656346574373614	0.23685951557180734
0.3227199231025166	-0.12672720373300236	0.23646626894995484
0.32295996029605023	-0.12694490881048143	0.23609668365227635
0.32334691849130337	-0.12734154667012187	0.2355915064436803
0.3235388345871707	-0.12751022333368295	0.23539743500541155
0.3238308686068582	-0.12779638836791413	0.23510052392070663
0.3241432331453222	-0.1281483189135929	0.23464304396219393
0.3244146595031732	-0.1284095028914593	0.23430102568411493
0.3246006183928102	-0.12861618538315445	0.2340594330098875
0.3248056287793847	-0.12882358526206814	0.23380195591396555
0.32527343363333894	-0.12929358326970958	0.23322070687596166
0.3254354087715583	-0.12943320878923192	0.23301911039522719
0.32567730683761986	-0.12968658463959026	0.23268579388035177
0.3259704044829611	-0.12999083233428282	0.2322698426882273
0.3261999522124518	-0.13028518648807846	0.23197695583634692
0.32638060100756033	-0.13057264203721405	0.23168237627802377
0.326672807016128	-0.13103699049727982	0.23121604716936597
0.32684127528069573	-0.1313271592979296	0.2309168059570082
0.3269936933687173	-0.13162461259190777	0.23060056320062577
0.32717172434674163	-0.1319103498875699	0.23031816174009287
0.32733071581388035	-0.13218506174908737	0.23003649078177812
0.32743587001638264	-0.1323643558379087	0.22985282775484292
0.3277481545956322	-0.13292211483375543	0.22927289385415378
0.32789075157073394	-0.1331887658256969	0.22897974008487137
0.32802545298960917	-0.13329877403584323	0.22881128078504553
0.3283206200211845	-0.13344632023052796	0.22846676448790662
0.3285783032255814	-0.13361111048616686	0.2280526872421918
0.3287668360972433	-0.1338538638957084	0.22778263581611954
0.3288986002917133	-0.1341293019760802	0.22748895420545184
0.3290363791218724	-0.13438367343836605	0.22722650536452044
0.32921662220919745	-0.13453196848738147	0.22695523764725808
0.329401986008743	-0.13468475440408523	0.22668771872435842
0.3296338867645569	-0.13491798912221534	0.22633285861545696
0.3297073313562911	-0.1350582923715339	0.226182597721129
0.32988467191373927	-0.13541911023371628	0.22580936902058016
0.33004622489166396	-0.13567455296379005	0.22557085960950496
0.3302599663038155	-0.13591558251178748	0.22521815882655988
0.33040818690316837	-0.13606951116192184	0.22496426870599748
0.33055131765469353	-0.13630211923202104	0.22472176246918762
0.3306722153776336	-0.13654326047070978	0.22446922839998404
0.33085828601944933	-0.1368927428902667	0.22411532549874497
0.33101195136009015	-0.1371803322413377	0.2238626773024455
0.33119872170392584	-0.137363892619396	0.22360017555504508
0.33132073848733795	-0.13750607813089558	0.2233585463468443
0.3314555686179214	-0.137745004396835	0.22309869115642184
0.3315807019101228	-0.13797541784595352	0.22287619698655103
0.33169295486284306	-0.1382199787894139	0.22262000348396793
0.3316939108354408	-0.13837542019447896	0.2224246859046135
0.33160974009091615	-0.13849620997941603	0.2222509246284457
0.3315238237945301	-0.13861819295162708	0.22207424378891838
0.3314543521096748	-0.13873245725199262	0.22191297820225842
0.33135202810022185	-0.13890960017333198	0.22166271327656817
0.33126823647141684	-0.13903343106252392	0.2214762443294348
0.3312089206533636	-0.1391602113375418	0.2213010233947758
0.33118606503690345	-0.1392231165333921	0.22121886442963612
0.33110009380857763	-0.13943747444555588	0.22093499565920047
0.3310375166203746	-0.139519382084198	0.22080383297596104
0.33094216173529456	-0.13964755362326448	0.22059055286861268
0.3309053639878782	-0.13969550246031592	0.22048238825827218
0.33082956721719753	-0.13978685015470513	0.2202695934966355
0.3307847010179986	-0.13985805339776303	0.22015970608525287
0.33071785631786393	-0.14002413477284825	0.21994251424882424
0.3306752769789993	-0.14013992074852333	0.21979919185127092
0.3306371855513772	-0.14028428774074647	0.21962943169324156
0.33075159627570877	-0.14036443423440365	0.2196111455208806
0.3308964523515457	-0.14042864849333872	0.2196090280189128
0.3309416236196278	-0.14046055280231703	0.21960020033500055
0.33113891035122517	-0.1406466175617741	0.21952665308183494
0.33149480224063993	-0.14098486342318603	0.21939294405280618
0.33178259102938235	-0.14128776230138917	0.21928234310944097
0.33203319444826035	-0.14160720880457278	0.21918162699807392
0.3322268522255098	-0.14185558001588555	0.21910192610507895
0.3324321092100113	-0.14210271934947732	0.21901966948149237
0.33267670156518553	-0.1423423667102791	0.21892775997117941
0.3328315869713867	-0.1425020157626667	0.21886757733394788
0.3330398070244039	-0.14275930173642923	0.21878364591974409
0.3332479284323852	-0.1430236779453874	0.21869851097944493
0.3334581561352524	-0.1432958983893608	0.2186118813057517
0.33370778455552585	-0.14354899966481943	0.21851663688023226
0.3337408815630276	-0.14358176775446113	0.218503859338677
0.33374251506005626	-0.14360767583642065	0.21850155085318665
0.33373553889899993	-0.14365450470468386	0.2184985702875251
0.333730309869718	-0.14368700802396284	0.2184965934355853
0.33372585947644273	-0.14369207149939325	0.21849805290084495
0.33372411382611467	-0.14369124319609294	0.2184992390128625
0.33372336999739016	-0.1436889669962117	0.21850027719187864
0.3337194281364349	-0.14368597976899056	0.21850211624765303
0.3337168381817482	-0.14368145608725452	0.21850387047474573
0.3337146208858308	-0.14368046418466604	0.21850453354681348
0.33371022308043746	-0.14367456277097698	0.2185064878625144
0.33370490989052776	-0.1436706131065819	0.2185077021316279
0.3337029281120216	-0.14366712819839983	0.21850963508190283
0.3337024838186425	-0.14366558917019467	0.21850993331015892
0.33370324100977805	-0.14366603395475694	0.21851005595467607
0.33370372671962334	-0.1436653227783627	0.21851014345652875
0.3337034792357488	-0.14366478607737015	0.21851017183220528
0.33370338800918536	-0.14366400946248764	0.21851037697471049
0.33370384042120305	-0.143663361246046	0.21851032242873059
0.33370461171385374	-0.14366419568454833	0.21851075894124722
0.33370477832555384	-0.14366361070874972	0.21851083105603158
0.3337044674694079	-0.1436643540290346	0.21851071444882203
0.3337041919449367	-0.14366404379120712	0.2185107267141607
0.33370551538658005	-0.14366379075258898	0.2185111518697332
0.3337054584024123	-0.1436649444964126	0.2185104875976465
0.33370559635529773	-0.14366509822186113	0.21851033647501905
0.3337062334687992	-0.14366452022781806	0.21851044218059484
0.33370625951064603	-0.14366457234336297	0.21851074870800052
0.333706870075661	-0.14366530941757033	0.21851050013185547
0.3337055619227904	-0.14366523166225997	0.21851031575796068
0.33370734732088236	-0.14366516073228894	0.21851055330718772
0.333706870075661	-0.14366530941757033	0.21851050013185547
0.33370640853451095	-0.14366528774697412	0.2185106759073842
0.3337072871299443	-0.14366571991920551	0.21851034016638965
0.3337067988602259	-0.14366569516678318	0.2185099890898169
0.3337074361515634	-0.1436664353264936	0.21851026736693085
0.33370681387973894	-0.14366557384325973	0.21850999771833335
0.33370791190910915	-0.14366665572538523	0.21851005684610444
0.3337081213093585	-0.1436671097258689	0.21851000456774888
0.3337074236387909	-0.14366663097302457	0.21850970576820922
0.3337073679523194	-0.1436666307269255	0.21850968059256545
0.3337080857968791	-0.14366710792559884	0.21850997903336125
0.33370809927802897	-0.14366728767095224	0.2185099919114201
0.33370771127585697	-0.14366678338554165	0.2185096810399357
0.33370822236181613	-0.14366711067120502	0.21850955411310033
0.3337078273421634	-0.14366652222264092	0.21850972673590752
0.33370759070010336	-0.143667603981697	0.21850944738139416
0.3337078790390754	-0.14366695801117663	0.21850955366587926
0.333707901070826	-0.14366678006789407	0.21850956632284385
0.33370770676727995	-0.14366734281906857	0.21850949307671108
0.33370853836096354	-0.14366752023093593	0.21850984460333223
0.33370770676727995	-0.14366734281906857	0.21850949307671108
0.33370809927802897	-0.14366728767095224	0.2185099919114201
0.33370884455606553	-0.1436668340843692	0.2185099579197328
0.33370807760586674	-0.14366685394729092	0.21850990436725456
0.3337087106322373	-0.1436671354254666	0.21850990519251187
0.33370802805796207	-0.1436676734226901	0.21850948086727476
0.33370802805796207	-0.1436676734226901	0.21850948086727476
0.3337085375636073	-0.14366855034511095	0.21850919522348095
0.33370830693029635	-0.14366724417550417	0.21850988422515477
0.33370914190306733	-0.1436683139372392	0.21850959199930578
0.3337078186597487	-0.143667219421363	0.21850953314646246
0.3337081730059969	-0.14366754551649058	0.2185098314984955
0.3337079989432028	-0.14366676990701097	0.21850959833857625
0.3337078790390754	-0.14366695801117663	0.21850955366587926
0.33370830693029635	-0.14366724417550417	0.21850988422515477
0.3337085163285927	-0.1436676981768431	0.21850983194640253
0.33370814796188025	-0.14366748531904544	0.21850952553945469
0.33370878755702377	-0.14366798784228887	0.2185092936450593
0.3337087875570236	-0.1436679878422888	0.2185092936450594
0.3337083103097981	-0.14366813652180077	0.2185092404715829
0.3337087735357216	-0.14366810108049088	0.2185092855902442
0.33370802805796207	-0.1436676734226901	0.21850948086727476
0.33370850230775784	-0.14366781141510881	0.2185098238918572
0.33370814796188025	-0.14366748531904544	0.21850952553945469
0.33370737316879656	-0.1436675016927763	0.21850947197878345
0.3337076707148114	-0.14366763399894658	0.21850947236566007
0.33370778271497414	-0.1436686260230296	0.21850865449661405
0.3337076707148114	-0.14366763399894658	0.21850947236566007
0.3337091278812386	-0.14366842717629139	0.2185095839441869
0.33370838623971616	-0.14366807257720743	0.21850977819570852
0.3337080140371674	-0.1436677866598403	0.2185094728127521
0.33370910684815264	-0.143668597034813	0.21850957186131054
0.3337079989432028	-0.14366676990701097	0.21850959833857625
0.3337082031110837	-0.14366753607150423	0.21850957197391746
0.3337086362323809	-0.14366751007431555	0.21850987661879714
0.3337080140371674	-0.1436677866598403	0.2185094728127521
0.33370835328902326	-0.14366709600313596	0.2185098966900273
0.33370850230775784	-0.14366781141510881	0.2185098238918572
0.33370723263476354	-0.1436673933472126	0.21850962025077209
0.3337086281580546	-0.14366836693177265	0.21850925475682484
0.3337068138207826	-0.1436678576012789	0.2185088940011067
0.333708481276163	-0.14366798127245095	0.21850981180984108
0.33370850230775784	-0.14366781141510881	0.2185098238918572
0.333708502307758	-0.14366781141510893	0.21850982389185714
0.3337076103356124	-0.14366789540937563	0.21850945184716195
0.33370801311598214	-0.14366779409962252	0.21850947228355888
0.33370826342686427	-0.14366753903819324	0.21850985421117025
0.33370812693107527	-0.1436676551751122	0.21850951345789424
0.3337076707148114	-0.14366763399894658	0.21850947236566007
0.33370829628825593	-0.14366824975918266	0.21850923241662887
