0.3551276170955512	0.14336464333949783	0.21706598311761058
0.3551276170955512	0.14336464333949783	0.21706598311761058
0.35512784654470103	0.14336548539496224	0.2170657562886843
0.355128532171005	0.14336672564619585	0.21706564155091396
0.3551286400856801	0.1433652960629388	0.21706639109547513
0.3551275435930798	0.14336526006222122	0.21706519176619338
0.3551282515376625	0.14336527400138793	0.21706575723451815
0.35512789773176445	0.1433660949824968	0.21706586743209086
0.355127921816775	0.14336444438469959	0.21706622747959864
0.35512809616275615	0.14336567825700813	0.21706594192059694
0.3551276682833716	0.14336525292644176	0.21706609425959006
0.3551276624498851	0.14336527681701128	0.21706561020972434
0.35512671100462556	0.1433704294147925	0.2170651855288201
0.3550765494426911	0.14351773353855612	0.21704301652757468
0.3549665088404166	0.14385705823190065	0.21699082323471292
0.35489834011447796	0.144071408709033	0.2169563842517124
0.3546552237334444	0.14483607574403817	0.21683453551739548
0.35453681600633324	0.14520545027836024	0.21677599168320041
0.35441682290081045	0.14557920761591414	0.2167166092795093
0.35429723866604435	0.14595170817095576	0.2166579178995072
0.3542333322971606	0.14616855290573078	0.21662431375574853
0.35416578048520897	0.14653505258542632	0.21657375186994796
0.35409781153435266	0.1467942116436015	0.2165364404332875
0.3539844485895019	0.14714555181858813	0.2164821142690474
0.3539172639902403	0.1473523994871453	0.21645061116268643
0.3539645248471229	0.14790876866271252	0.21638337792698636
0.3541966178985758	0.14813628230497589	0.21636956515188277
0.35440288879195536	0.1481723626070453	0.21637770942282478
0.35443241766531236	0.1481978722471629	0.21637439464921582
0.35443006684232486	0.14820587275827046	0.21636942079728744
0.35428079078263364	0.14819883069958995	0.2162525905660832
0.35407142867141544	0.14820458097189187	0.21605982819775738
0.3539025311316019	0.1483719847743153	0.2156248463945814
0.35379571114379316	0.14840749928314573	0.21532416252630127
0.3537107145309168	0.1484192174152924	0.21496016888053243
0.35364303028556093	0.14845863069869214	0.21466304624527138
0.35354683295930633	0.14847140154936433	0.21434029735830382
0.35328791070916843	0.1485000411938962	0.21370232785300713
0.3532035000199946	0.1485374073348389	0.2134115954455047
0.3529217907275336	0.14857024274852515	0.21273407367634856
0.3526976648840738	0.1486091816327041	0.2121907591138575
0.35256412241491875	0.148632540150114	0.2117871718032081
0.35233528132246816	0.14864876616418143	0.21126082421741718
0.35198885946010616	0.14872031011219483	0.21042192173601246
0.3515713501504793	0.14883965068067195	0.20955682430784425
0.35147975852738167	0.14906232693853538	0.20845260221938744
0.3513639288466344	0.1490868192947002	0.2075780000870065
0.3513665208302057	0.14911239129487563	0.20661497735409437
0.3513732780673242	0.1491139354649313	0.20601023404866126
0.3512888832390492	0.1491111046972608	0.20477595853806524
0.35126850563822926	0.14912156021475081	0.20370050681287621
0.3512826372568681	0.14909225668612996	0.20193747410604213
0.35128622629250567	0.14906427239735592	0.20078939944065327
0.35126106393232714	0.1490099442596547	0.19959399807336256
0.35124601978088843	0.14901585084786495	0.1987546161956208
0.3513088090944859	0.14868933762791842	0.19687382040938803
0.3514349681152976	0.14824053515672586	0.1952765010869783
0.35160310407895295	0.1474427907189736	0.1931696589020756
0.35191437567750206	0.14648120084984428	0.1913305801893722
0.3523540663921912	0.14495499308991178	0.1890056661528418
0.3526346021419746	0.1440729199734636	0.18781197655187082
0.35335258687871235	0.14187651205327506	0.18515489734336615
0.35393550683040953	0.14008422416547478	0.1830757267867213
0.3542913797979825	0.13890139019436726	0.18176222496586303
0.35515990723452473	0.13596733163992303	0.17863715681706593
0.35581323591397956	0.13398921287727805	0.17651375631995403
0.35659411389776197	0.131742383415752	0.17429272270631188
0.3573785403346628	0.1291144700458744	0.17181170451034886
0.35850898557082933	0.1254764607719278	0.16843794037974896
0.3592731327943806	0.12289233380352728	0.16615029411055193
0.36011282393205807	0.12024963043699256	0.1638182769054109
0.361404946036203	0.11632484724955265	0.16035959245891734
0.36193137681482646	0.11440037243342567	0.15883107121275825
0.36294504455637816	0.11124919006023377	0.15616716309438639
0.36406570086051043	0.10771539929026018	0.1532354406796988
0.36526379127738073	0.10382902739258874	0.1500595923510416
0.36601199683779867	0.10141414754793833	0.14808070209552965
0.36779438696339584	0.09575392792621175	0.14339889839967884
0.3687301718205546	0.09247769111016572	0.1406626738481631
0.3696644701080021	0.08940569786986972	0.13800597947445703
0.37060909269545755	0.08637993122097214	0.13526554184459744
0.3719945278015483	0.08192410158198964	0.13138617625940463
0.3726642419610236	0.0797801709459955	0.12954468238727618
0.3742468850135797	0.07484018849119657	0.12523537956439557
0.3747210549744637	0.07308540063569983	0.12375285775980022
0.37605771668366605	0.06843861578960285	0.11977598810186424
0.37710643736110555	0.06502151777084202	0.11697395649097125
0.37812692224980915	0.061380154177569465	0.11405209624787638
0.37979261234527584	0.05594749649481197	0.10974016125440783
0.3806695653623862	0.0526514867014508	0.1071025748432392
0.38146922498421343	0.05000804082210768	0.10495224060828662
0.38223942793172133	0.04735315705782077	0.1028578332320299
0.38358951420565635	0.04260234007777934	0.09896535204404971
0.3844795453106811	0.03942274452469306	0.09626769735403506
0.3855666224575216	0.035756847159913605	0.09322085551864073
0.3864493676044019	0.03269390034023363	0.09056342324895739
0.3872279113621863	0.030022460887439414	0.08818665177432711
0.3882898217968868	0.026049229528907106	0.08461848269261962
0.389134993429781	0.02317753116770767	0.08200353490138701
0.38979941945928154	0.020719650114376723	0.07964304129134625
0.3905353232113881	0.018249816427559143	0.07720161850780966
0.391215885865887	0.01587841031955768	0.07481913133055951
0.3918553349076812	0.0137421658952767	0.07262182168689241
0.3926747288944462	0.010858025216911857	0.06943225874861031
0.39315769783651444	0.008728602661236332	0.06702099769512249
0.39390433633576916	0.006454240233804323	0.0640343315859851
0.39421655568114744	0.005117843125127239	0.06219397811504129
0.3946994678242498	0.0037336383699474313	0.06025582474433566
0.39501952591202366	0.0024252320049462234	0.058219168232541474
0.3953125855129553	0.001270400085520193	0.05616189206248767
0.3957071498756234	0.00018428654721162896	0.05388120676056024
0.39591227577018634	-0.0003953829086187771	0.05221758342315552
0.39612182628863574	-0.0008534137569197048	0.05066162719167433
0.3962989377016035	-0.0009514690896846728	0.04904286121379825
0.3963733122881059	-0.0009279976038552434	0.04715195306396058
0.39638998333687503	-0.0009800956552353662	0.04579822590654814
0.39640343893470487	-0.0009207774004561659	0.04429386557905002
0.3963614423313738	-0.0009757056776870249	0.04339117892767552
0.39631648723017804	-0.0009512417877178964	0.04200749801365394
0.39617314050320634	-0.0009645135013763156	0.039626554656442436
0.3961456841853393	-0.0009299549161008863	0.039019916816797395
0.3959930405732681	-0.0009396986520964629	0.03763557217990077
0.3957881013369357	-0.0008896345612970508	0.0358950921526181
0.39568176214734774	-0.000888270523834625	0.03505925394662135
0.39538516480864705	-0.00082587811398184	0.03325200620360019
0.39504904230700166	-0.0004170181842812898	0.031536768199766085
0.3947456554236554	-0.0001315029884661617	0.030435365722051022
0.3943728274292077	0.00020027694341724633	0.029094294018781552
0.3941500243640141	0.00046125852826432723	0.02820208819597908
0.39370034132692333	0.0008233722087526291	0.026286363325392637
0.39371109070280225	0.000909011368511306	0.02540762183760531
0.3937247494701512	0.0010624421383218091	0.024774892455264097
0.3937006633349519	0.001305869375978222	0.023910407858317995
0.3936360522022121	0.0016748641005981807	0.022640966882379765
0.39363960523210934	0.0020850548298197297	0.021575964539657433
0.39365271627814846	0.0024637777644961473	0.020528012666688522
0.3935544238559664	0.0026466840144286213	0.019800163883061717
0.3935485175451289	0.0027610543394026993	0.019035703933093007
0.39343576603601044	0.002965212174375051	0.018189137498660524
0.3934856508543453	0.0033590539770035205	0.01710650915770706
0.3934110794328065	0.003497829053744836	0.016512910009487347
0.3934113402553767	0.003676241306554154	0.015942296751426943
0.393395129754927	0.003920371264840308	0.015284154336670464
0.3933125415743738	0.00412479148782903	0.014643033514004145
0.39322532156416723	0.004394575952257826	0.013737618107140415
0.39325724345111746	0.0045317395881094985	0.013278155892602173
0.393255942120979	0.004619558176281166	0.012958085295917188
0.39323739829452986	0.004770394080120602	0.012452626080110996
0.3932318930189498	0.0049791328281155595	0.011816554612366081
0.39314937856899507	0.0051745857688693525	0.01110782958734935
0.39318225582597965	0.005329831788699044	0.010644237436650938
0.39316714873516917	0.0052928943609133056	0.010496157254166638
0.3932042253042277	0.00520273816854315	0.010248710973707997
0.393212283192431	0.005166449378436841	0.01013852456116543
0.3931759262226329	0.005084418719556491	0.009968793221123429
0.39313042802148307	0.004966346670443864	0.009683996122929972
0.39319723357424285	0.00493530360688256	0.009547979297581277
0.39316535775291106	0.005023811742869214	0.009386176330310803
0.3931103597173061	0.005172756848795215	0.009243293080730908
0.39311429793920505	0.005287112732939178	0.009140690479933489
0.3930346927286238	0.0054299733313996484	0.008937703547204467
0.3929616992987667	0.00550530637701864	0.008790891639652576
0.3929607037596898	0.0056296223468459	0.00865298810397147
0.39301617369984715	0.005770183467081955	0.008527019593311147
0.39302761200482605	0.0058602080697921916	0.00844923765793193
0.3930233949667416	0.005956008620179656	0.008361643648647
0.3930021684500929	0.0059974734908359445	0.008206957993947661
0.39301199127283626	0.005985461766672515	0.008111948892116083
0.3930747978964071	0.006190355265215483	0.00799772577006036
0.39310364841178264	0.006318063664223092	0.007934358864682522
0.3931128187772301	0.0064841318288420685	0.007828707377563804
0.3931518124062686	0.006616557333283965	0.007757115211049548
0.3931901808824304	0.006655410383904034	0.007680745840857928
0.39322501528739623	0.0066571250292976475	0.007571380415286322
0.3932514088320945	0.006811006696618618	0.0074979194722652465
0.39331850037914556	0.006964600886982128	0.007463294820666211
0.3933503322237396	0.007102961582585318	0.007419385993080174
0.3933653585204139	0.007284975072473485	0.007337645512494884
0.3935115701021271	0.007325188761566251	0.007281819497203024
0.39354124034007587	0.00732893072515621	0.007262912830956925
0.3935877391260034	0.007329578268131562	0.00719318307907868
0.39349617044889207	0.007403021289534975	0.007145766283109034
0.3933624065959983	0.007482184433515629	0.007066093655370809
0.39324870061055894	0.007532531612699442	0.006990467098374253
0.393056358465275	0.007482148543158665	0.006821625670993536
0.39290968581552144	0.007430132609863124	0.00667225440845759
0.39270241057057814	0.007352264186737775	0.0064975068110539325
0.39251164428209595	0.007292350383074728	0.0062932644938921145
0.3923513468751382	0.007234600362385754	0.00615789937893535
0.39221031458080274	0.007192269780287516	0.00601415345271572
0.3920840146646518	0.007173925238377635	0.005872266362851708
0.39192274955360096	0.0071382998180933716	0.005681501172150438
0.3918481506725153	0.007116818230412783	0.005584119356081274
0.3916747722992867	0.007055262121675301	0.0054464802056433115
0.3915911121935658	0.007030641128811424	0.005339542441612444
0.3914875208471672	0.006997516473468121	0.005225722235854324
0.39132899507760566	0.006922015978892512	0.005134875346530399
0.3911544824314354	0.006836000853129617	0.005059450488674011
0.3907625040649282	0.006822546703043039	0.004880280175913798
0.3906838445328486	0.006920086560398539	0.004727975670459128
0.39065152761722666	0.0069228731228826584	0.0046700878568338156
0.39061249556072714	0.006936035345667987	0.004542285917060129
0.390709487409034	0.007007146680413676	0.004499515305419033
0.39074367005930793	0.007029476337612653	0.004497221409019592
0.39064963414687615	0.006982262566470374	0.004450500350547948
0.3904692331403279	0.006913741496006029	0.004358692664242325
0.3902505299521695	0.006815290610717631	0.004247401965026931
0.39012561645939625	0.0067707049474064335	0.004138389556878563
0.39008054498392475	0.006768727679685435	0.004038531464414241
0.3902002910429958	0.006847337317731947	0.004006320969927923
0.39021027659846336	0.006851363624167953	0.004005620787455477
0.3902127612641138	0.006851132899908338	0.004005598402233634
0.39021731775749435	0.006851254523999414	0.004007017639819588
0.3902191270352651	0.006852211357642121	0.004007092790034583
0.39022008865287516	0.006850105800497455	0.004007830527147538
0.3902234233981539	0.006851129083448773	0.004009028232573764
0.3902241232371726	0.006851279061854912	0.004009178453619144
0.39022615719441384	0.006851615639700034	0.0040101892931099226
0.39022808705084255	0.006853642626817799	0.0040105333864873804
0.39022876187790534	0.00685317200758527	0.004011306407989579
0.3902299558668141	0.0068527606419947346	0.00401186543690335
0.3902148969230855	0.006845813519486529	0.004005487521560158
0.389688661970361	0.006635179799310234	0.003731827869844606
0.389662204679559	0.0066231155314849105	0.0037150317552744894
0.3898428016861241	0.006733587582028924	0.003711340778069172
0.38993894479207925	0.006792345776143252	0.003711989593890075
0.3900565426153228	0.006862325314065873	0.003715072090915761
0.39005173525741077	0.006859936661591778	0.0037064787267032107
0.38988665426708763	0.006777089072555767	0.003622875996643238
0.3896205289716227	0.006637689651568482	0.0035068175725359585
0.3894090743233426	0.006510001754206504	0.0034356193889180098
0.3892124089261563	0.00639552815700771	0.0033680974192966673
0.3892284983742662	0.0064056334353047445	0.0033633390901108284
0.38955494219732173	0.006611876414504295	0.003356037549741342
0.3896618771420458	0.006682967942340731	0.0034252102172265264
0.3897502672084192	0.006905370786693718	0.0038567687519571736
0.38999307299095276	0.00675681180650585	0.004598344976785851
0.39015041449649995	0.005977185621739697	0.006953381187948027
0.39023415374801285	0.005808292703552639	0.009184102400046135
0.3905174674266557	0.005813766647341609	0.011983010493228197
0.3906746039851854	0.005723371443942762	0.015436334673824215
0.39093874559010355	0.0056465303895974345	0.01875223046385638
0.39103106962364254	0.005569779098244007	0.02228474281978532
0.3912743525470663	0.005499516293805504	0.026010523257619433
0.39148996406599995	0.00533178667739502	0.032509402964924716
0.3916394561175759	0.005237993301098656	0.0368840579752982
0.3918168653688034	0.0051060678393391595	0.04207875259315541
0.391941561529719	0.005026918166360764	0.04640723598333657
0.392108305547659	0.004904762644517682	0.051868670214513135
0.39225125843197417	0.00483822780226735	0.05745903621651599
0.3923922741053699	0.004671673248171068	0.06304524761154456
0.39269906711457336	0.004294194607448107	0.07040239839949386
0.39284166125075215	0.004033954466565029	0.07755583360849094
0.39298386311971867	0.004004191186828918	0.08349253616642321
0.3930125728832518	0.004056793150392604	0.0871097789128445
0.39311837079320594	0.004232165368081839	0.0928395962017331
0.39323593380684013	0.004263683475883448	0.10205553490403069
0.39336667373079615	0.004124171732336271	0.10769531448420072
0.39354444963520596	0.00396486410328746	0.11626237792680066
0.39362552601456935	0.003899564995951163	0.12075110069116085
0.3937777088177824	0.003822263159647968	0.12707559870366963
0.39386850509954136	0.0036929456349583806	0.13772066204329692
0.39396132772093223	0.0036544813918710922	0.14155241800188906
0.3940976272944813	0.0035870728337931007	0.14902567723120896
0.3941978845546702	0.0035260933165399827	0.154595483261319
0.394293277021214	0.003472362788419489	0.15954089945812944
0.39436372125223856	0.0034190473955796746	0.165275621854925
0.39446826272066127	0.0033836010623379403	0.17145143024940057
0.3945112755527408	0.0033347747504159225	0.1760134578910857
0.3945791612880434	0.0033094921454839415	0.18081053006112655
0.39462711176850057	0.0032558413818936788	0.1849915135582776
0.3947065518355621	0.0032104607979771133	0.19066410576505813
0.3947422955907766	0.0032072985956073247	0.1944175912189397
0.39476513451216083	0.0031914792122120644	0.19677286697020896
0.394687398683177	0.0031476822076970667	0.2005150263833121
0.3947393829467246	0.003150983397802759	0.20240795677528015
0.3945152101529047	0.0034824597939387136	0.20742957295310652
0.39443150954964884	0.003532581222464193	0.20881073180833565
0.394276247491687	0.003648727086614942	0.21216983812018025
0.39420244949032934	0.003946479933645719	0.21470302750659193
0.39436873504103875	0.004292401546149904	0.2160964782230798
0.3951685492349289	0.005544666740490617	0.2197516279956999
0.3957235912855851	0.006192879420543501	0.22116864157153152
0.3967161379621129	0.0072662126366700025	0.22304663754141277
0.3982906838455563	0.008777958777661507	0.22532191276562902
0.3997110300396257	0.010133824659625368	0.22696158714385617
0.4012782633894706	0.011567913042006037	0.22829083701155095
0.40295254514299006	0.013167087946837297	0.2294031056064095
0.40496554968053206	0.015025000463086871	0.23048094508734995
0.40711104087740385	0.016989331423756457	0.2313648355150077
0.40976563598149507	0.019519711158642775	0.2318963438692232
0.4129770777135042	0.022564107983165035	0.2323661812063296
0.41565748849579665	0.025169511633062205	0.23256319380427368
0.4183849532446993	0.02785350702212515	0.23258772660413266
0.4213448668016787	0.03088576144402326	0.2324857620503933
0.4243307487154461	0.034148118661555996	0.23219492332860706
0.4282900936194716	0.03888414625326171	0.23143717289506194
0.43061163642357236	0.041891543286863994	0.23081755135106954
0.43303026807268036	0.04522908024685847	0.22999753712779747
0.4354385499074765	0.04882120968958699	0.2289322896404667
0.4375128751479384	0.05221267269614606	0.2277553739525198
0.43925778851471614	0.05534920764943148	0.22654874751000695
0.4417913878485558	0.06046022819336812	0.22423993531663328
0.44332415891730875	0.0638221911769666	0.22261835550612957
0.4441967901048596	0.06600212806702706	0.22147516580282436
0.44576968949239376	0.07040456427692347	0.2190382616203417
0.44696199165024625	0.07455449466394189	0.21639948653988259
0.4475367496492457	0.0770126102218051	0.21479114612632616
0.44831492537174744	0.08111102589269482	0.21190388447087904
0.44857901670697875	0.08328456357189427	0.2102535356463273
0.44878376915035956	0.08582987856997144	0.2082060545798364
0.44892729314361723	0.0893468436733882	0.20537544284397166
0.448844923042255	0.09121235042514035	0.2036840002101792
0.4484113434431358	0.09559298123304961	0.19967245865974892
0.4480110464150862	0.09754721522246158	0.19768451091781586
0.44744749526334604	0.09972059980621485	0.19537960356385126
0.44682471441146976	0.10171917971935722	0.19337369240835525
0.44619214285212316	0.10375597340042352	0.1913708270433823
0.44495188126531143	0.10605196365848478	0.18860064379460437
0.4443300749658025	0.10691208953233232	0.18743816275750186
0.44324003852121424	0.10835145343813017	0.1855439799597013
0.44173335420116633	0.10988762404673057	0.18328377239812743
0.44049404669472597	0.1109930844992708	0.18169423366474421
0.43896806695678015	0.11196596534491442	0.18006807467614774
0.43786501328115407	0.11257695806706124	0.1790769996256084
0.4367340967874737	0.1129509662140727	0.17823618009817535
0.4354696160532221	0.11336380183135299	0.1774992407135653
0.4339864312787735	0.11366470358709664	0.17694115508896757
0.4328199942903742	0.11372818171978373	0.17668097001259994
0.4322278496961437	0.11369803279958175	0.17665085057282265
0.43095757748060015	0.11340636620014073	0.17715035295163423
0.42953883266140824	0.11299482740086571	0.17812526344865856
0.4287043598949714	0.11262634913345919	0.1787445879136249
0.4278409410603323	0.11214982913479542	0.17942251714144536
0.4273899434299333	0.11193414056443006	0.1796295022391366
0.4263996915839116	0.11116646567552128	0.18042468512952112
0.4256516408981572	0.11051030317119824	0.18121699706904731
0.42484203714453667	0.10986817384970494	0.1819852917393461
0.42383090002264395	0.10907718096655757	0.18291606829643103
0.42309601853663453	0.10845564411803617	0.18352573915023304
0.4227606130678629	0.10824073948006317	0.1838822448754454
0.4220780374556329	0.10765598509759637	0.18450335460317482
0.4210987346740012	0.10688570840493113	0.18534111436858106
0.42025624121962907	0.10622542881178075	0.186053997240885
0.4197104717439775	0.10578871326462426	0.18660712682363828
0.41878726510810105	0.10506970373191198	0.187379781857808
0.4183367633847236	0.10467696833080313	0.1877950677363682
0.41777771996143387	0.10427132026988352	0.1882601795370486
0.4169900097854225	0.10364720521431382	0.18893713102938636
0.41591440946116887	0.10278092354274034	0.18991246400876077
0.41546652755114016	0.10242953230256603	0.19035567195085767
0.41484174335258256	0.10193167353766992	0.19085701192882643
0.4139123405532518	0.10117403164311813	0.19166134204186058
0.413370738331211	0.10078934142436345	0.1921806134687382
0.41296141775824896	0.10045408908408836	0.1924760801025004
0.4120472425505818	0.0998370810713526	0.19315493041809084
0.4113208286820834	0.09934096923808138	0.19362343175095914
0.4104492164919069	0.09865325422430789	0.19439275461451194
0.4098714199856501	0.09817005876790326	0.19497988013803041
0.40957795485318915	0.09798263271205253	0.19523167130557786
0.40890281847906856	0.09744402807018586	0.19570422168909585
0.4084035554715523	0.09717473871770287	0.19599151687833472
0.4072125382352357	0.09638716827576534	0.19681694258414123
0.4067487717882169	0.09602848517034025	0.19713896422690405
0.40604830316436136	0.09553312052126937	0.1976927312341817
0.4054979387065943	0.0950107074863611	0.1982000462728415
0.4051793679141979	0.094785457228702	0.19849961905368457
0.4045577554348824	0.09435094677945967	0.19895627086372644
0.40364649109137324	0.09378387703478637	0.1996193785117141
0.40291823839728264	0.09324846879823277	0.20004774880103432
0.4024250135424835	0.09292993229591652	0.20043226686843688
0.40201904212509365	0.09267040146966328	0.20065784025983102
0.4010304566862273	0.09198888534513895	0.2013525439861258
0.4005974920106017	0.09167819262695139	0.20167608176468108
0.400238193737499	0.09137614203592302	0.20203829486929134
0.399418537061247	0.09084401879300623	0.20255815513111977
0.3990881507375593	0.09059966615047944	0.20281695508424363
0.3984108611884817	0.09013477476877636	0.20314921018987933
0.39768459425302016	0.08964501066385423	0.2035941226631801
0.3971589546925236	0.08932975222683677	0.20396138379025955
0.3968836227476322	0.08912304507525463	0.20414230143614617
0.39633581963570946	0.08870028613065932	0.2045017701618232
0.39577269120393216	0.08839195827030179	0.20470917587408677
0.395088373492167	0.08786012316193849	0.2050491335330963
0.3947021464385304	0.08761594183652162	0.20532327327016503
0.39401092216255645	0.08711145174485248	0.20588644445889248
0.3935357714094739	0.08665803102712642	0.20617251564290956
0.3930808552367137	0.0861591452081784	0.20664004850045778
0.39218566947273803	0.08501536879672365	0.20739559596263177
0.3918800658100398	0.08459394590313014	0.2077348629119295
0.3910614171019026	0.08333974586606906	0.20863649692536834
0.39070982939880766	0.0827987379284001	0.20907249621513804
0.38998704312456506	0.08157079898231671	0.20996930119661028
0.38936042619803424	0.08043727143626427	0.2107451767696754
0.38800601450176736	0.0780277666449976	0.2121982303605279
0.38730317874254605	0.07666579720494403	0.21295754180227808
0.3869765554779356	0.07600650103905758	0.21331282789867254
0.38615837403557074	0.07443679088381348	0.21417601096216146
0.3845247986539659	0.07137421335010861	0.2158981125072753
0.3835704085530578	0.06955208344486512	0.21681945545327735
0.38284347307168315	0.06813187977984865	0.21756256428824325
0.38182792480733274	0.06615895797760911	0.2186305317279523
0.3809064341345846	0.06433190660258649	0.2195180536820082
0.380262696975866	0.06299133393748617	0.22021710347821155
0.37890435251577653	0.060112477862162436	0.22172416245552184
0.3777476649060941	0.05766357580946467	0.22295468705196073
0.37685426132586564	0.05584941148380489	0.22381156068867142
0.37630098774310866	0.05470468531792817	0.22439229515955902
0.37524594530225497	0.05243748956356771	0.2255413428813035
0.37357339144412105	0.04880272057763575	0.22729705672696315
0.37273576247525203	0.04693424930925531	0.22823476894941885
0.37168116869301315	0.04463968302349357	0.22937339691401765
0.37068845237697456	0.04247828886101508	0.23041089590208025
0.37013582723127997	0.04103958867165998	0.23108854075231403
0.3685337126868621	0.03705637838016894	0.2329304090647714
0.36776244735881214	0.03510341471601382	0.23391063180388277
0.3668561728743305	0.03285482261471946	0.23496649799034697
0.36598302020059026	0.030716962440007364	0.23596664178978097
0.36505585437742655	0.028513310480307766	0.23705643581618382
0.3637335751898948	0.025305955189199633	0.23853290937967261
0.36314422603477015	0.02394706485789906	0.23912248123833052
0.3623457379328957	0.022033304393744332	0.2400374204062477
0.3610666560813869	0.019139985171465188	0.24135216314537378
0.3602823490523267	0.017409839066057795	0.24208133169372026
0.3589857125975829	0.014565449830158103	0.2434304063639604
0.35848229582176605	0.013411480269565026	0.24389066065369805
0.3575759932780499	0.01149784778196987	0.24476239882513212
0.356834378634802	0.009925925636075736	0.24540990694176737
0.3559965149664407	0.008222343570765081	0.24619344535939602
0.3552895375504077	0.00681934476411615	0.2468414425693876
0.3546187531221586	0.005451774054124545	0.2473353061767386
0.35393481465999344	0.004126311907725874	0.24789467574566823
0.3533805597274588	0.003069513475501537	0.24836826199958592
0.3526735249627124	0.0016912038026818815	0.24885147839109112
0.3522986563444946	0.0010335896444336884	0.24918740671431613
0.3516303442113906	-0.00023247749051537314	0.24962876637590914
0.35131291899853334	-0.0007680592390509194	0.24987031573822485
0.3507710339301731	-0.0017145460798117934	0.25026357713010544
0.3502947561091108	-0.002551333150114618	0.2504837770776487
0.35009038899695155	-0.002863603960861702	0.25062624384668697
0.3497327345281734	-0.00338551904652383	0.2508380133201662
0.34959736192011764	-0.0036259902053740606	0.2508728661918783
0.3495804222603931	-0.003647582694090365	0.25085810690209775
0.3495755822074379	-0.0036515409183519726	0.25085756847668805
0.34957422959197637	-0.00365159200732261	0.2508569741522634
0.34957409892239677	-0.003649974171835338	0.2508581796344056
0.34957248866746293	-0.0036497812606169217	0.25085715483837007
0.3495728480615567	-0.0036491451783714907	0.25085703051880087
0.34957321162792004	-0.003646543746215633	0.25085554483931516
0.3495728380440062	-0.00364515667926181	0.2508557265973249
0.34957362792364116	-0.003643913984968286	0.2508541697616017
0.3495741160289977	-0.003642860346730545	0.2508542014006775
0.34957668310554674	-0.003639952945280675	0.25085121384211423
0.3495779473768927	-0.0036385256694078244	0.2508485177150185
0.3495794658825221	-0.003637080035186438	0.2508461702297442
0.34958011128505484	-0.003636194224026598	0.25084507404374135
0.3495802720336404	-0.003636005817816465	0.25084401837619497
0.34958268840084067	-0.0036337991369046613	0.2508413279584728
0.3495830978044823	-0.0036329015377004475	0.25084004148721084
0.3495837360856949	-0.003632877957618283	0.2508401748712102
0.3495844104216414	-0.0036324183727271947	0.25084025474675864
0.3495844780069418	-0.0036321333264289074	0.25083998558174037
0.34958508579857034	-0.003631717090459577	0.25084012658673777
0.34958560541569245	-0.003631261354682766	0.2508395965937005
0.3495855502489249	-0.003631347939615101	0.2508388803455275
0.34958601902129044	-0.0036302613130102662	0.2508387432071743
0.3495864228470945	-0.003630072684861277	0.25083915994870354
0.34958643656633986	-0.0036299624785805923	0.25083880075644516
0.3495864101110344	-0.003630715849091068	0.25083878004673577
0.3495865508433225	-0.0036298148780343348	0.25083895911349696
0.3495872879935559	-0.0036306849172520056	0.25083964258099667
0.3495868975313849	-0.003630025738055667	0.25083902285706117
0.3495878233767716	-0.003628924503747008	0.2508385687071518
0.3495871926795822	-0.0036298625050589367	0.2508389874832164
0.3495872135873199	-0.0036299723984528492	0.2508390612607183
0.34958722730688824	-0.003629862192016567	0.2508387020680281
0.34958719329715376	-0.0036297215564925073	0.2508394174353539
0.34958781167871644	-0.0036292954726773047	0.25083852205239865
0.34958739368360014	-0.0036297673464705665	0.25083869730315916
0.34958696486354146	-0.003628570222818997	0.25083824142470884
0.3495866725276108	-0.003629424080805757	0.2508384207880848
0.34958520447640384	-0.0036298409523057434	0.2508389178675694
0.3495856606638335	-0.003629218906736606	0.2508396880785455
0.34958521908297874	-0.0036301896643396864	0.25083922794156294
0.3495864089000423	-0.0036288602155450517	0.2508388604974141
0.3495861292988924	-0.0036291398210226283	0.25083974502424977
0.34958676002738065	-0.0036286889243897086	0.25083855980687764
0.3495866510256806	-0.0036301482059460793	0.25083941467075044
0.34959776937581616	-0.0037328986167185912	0.25090115334858965
0.34963443421800033	-0.0040202990401521504	0.2510705998898958
0.349667955798008	-0.004209171042974871	0.25118153163075463
0.3496727001465108	-0.004232727870136302	0.2511965564313748
0.3496729456042265	-0.004240880116153603	0.2512012410454556
0.3496712935943846	-0.00424351792789722	0.2512031411010802
0.3496709650238655	-0.004244907673583917	0.25120327982403695
0.3496687286686845	-0.004246599819472549	0.2512037774023348
0.34966468180957355	-0.004248700578601036	0.2512054714990383
0.34966283707052886	-0.004250350217593499	0.25120543685751784
0.34966042347407333	-0.004252611440181145	0.2512078512036291
0.3496572647888181	-0.004253824428681899	0.25120850320635146
0.3496553390991159	-0.004254859726955787	0.2512097707089199
0.3496536158353567	-0.004255808219207305	0.2512107359590702
0.34965058781793346	-0.004257268951457463	0.2512121198714933
0.3496491183662447	-0.0042580176805007	0.2512128158617437
0.3496466916220648	-0.004259242322092363	0.2512132749839643
0.3496456926313388	-0.004260094908463907	0.2512145527075442
0.3496154074574579	-0.004285168001595244	0.2512203667282641
0.3495419675976554	-0.004350010864137735	0.2512827001514692
0.3495456626618837	-0.004346895490294586	0.2512802773201513
0.3495491334404934	-0.004344126107986887	0.2512799180327512
0.3495602098039673	-0.0043354522514450905	0.25127272530896266
0.3495677586300373	-0.004329043412078529	0.25126817257050443
0.349593806415216	-0.004307386941436717	0.2512537117037448
0.34961253296045647	-0.004290950362190252	0.25125056395728634
0.3496175158843957	-0.004286728613709753	0.25125024882912783
0.34962378575039293	-0.004280699039437105	0.25124687009611246
0.34962615688623166	-0.004277349406478906	0.25124258488904583
0.3496281860343781	-0.00427582867163466	0.25123996237259905
0.3496309610595591	-0.004272320904692581	0.25123443872003764
0.3496356871434129	-0.004267879202518407	0.25122272880063035
0.3496551375329996	-0.004251289280127399	0.2511824730108896
0.34965440592425606	-0.004250800614637021	0.2511836718299766
0.34965381632499704	-0.004250133339588527	0.2511847370535052
0.34965208882329957	-0.0042520900743306805	0.2511865659835347
0.3496510844267616	-0.004252603382639816	0.2511905453543154
0.3496506707394239	-0.004251751245197985	0.2511915061703392
0.3496494111317808	-0.004252604221629444	0.2511944064337635
0.3496482173724512	-0.004253749434823803	0.2511963530615592
0.349647506604775	-0.004253827372374022	0.2511978600363426
0.34964595273684	-0.00425515119475757	0.2511997965518079
0.34964564212741817	-0.004255144526841212	0.2512007921331851
0.34964263853200783	-0.004257992889419568	0.25120643551333804
0.34961905033298646	-0.004277352698019807	0.251256668460378
0.3496189672472665	-0.004277276423222717	0.25125968468847704
0.3496191308873455	-0.004276593278509669	0.25125769110248397
0.34961975791236516	-0.004275528886102872	0.25125586806861633
0.34962063532350424	-0.004274713288661122	0.2512550460189512
0.3496207665810961	-0.0042746166761123555	0.2512536865016769
0.34961694810737803	-0.0042738802280818805	0.2512904668079314
0.34960397720020725	-0.004273095050367451	0.2513935229589962
0.349489731462992	-0.004137315259746935	0.25152560373412713
0.3493855875729119	-0.0034626490056208076	0.2515919645750573
0.34941490499092487	-0.002486516052779067	0.2517377977357188
0.349405948624366	-0.001977154683779833	0.2518165515456876
0.3493905509257374	-0.0007912224126324224	0.2520278416989673
0.34931111966265427	-5.5456769532710726e-05	0.252181229756283
0.3492727483110062	0.0004895222513558034	0.252311646430756
0.3492013838354826	0.002586891530848276	0.25280260444579994
0.34906334186510785	0.003704996271545649	0.253055076652858
0.3489984008636938	0.004919360419361099	0.25333481587918283
0.3489293022396306	0.006133699307495924	0.2536405803977061
0.3488210513530955	0.00689510944317219	0.25383190133233113
0.3487080960804699	0.008902238822320566	0.2543215195935694
0.3486413756481995	0.010396578466021503	0.2544789718077993
0.3486588907546692	0.012557166018541746	0.2546553308157288
0.3486841384177123	0.013698643067935987	0.2547345040765988
0.3486481261103295	0.015274765695226553	0.2548528768807259
0.3486690211452173	0.017749719219059254	0.25504348736616256
0.3486531670348298	0.019717748839854374	0.2552047841881819
0.3486451836348311	0.021420292835512708	0.2553493700796316
0.3487188359879024	0.024127487384766624	0.25538507986582604
0.34871891736507277	0.025153713305860817	0.25538347880508794
0.34870306369163895	0.028162764984952224	0.25568244868116374
0.3487002950151431	0.031159986197477743	0.2557872982870367
0.34874414664967457	0.032171893480211836	0.255815048792391
0.34871978753525623	0.034215814443020146	0.2559034450704165
0.34871614876437423	0.036385234119222884	0.25609939559670203
0.3487247988457805	0.0386141476107532	0.25612669033484864
0.34869944244981654	0.04165983208653863	0.25629884026025407
0.3487435879891073	0.043824932708227585	0.25638698277866756
0.3487378656697748	0.04571293867597166	0.25634409535893793
0.34872046832951453	0.048803310435117944	0.2565015019323865
0.34878023440141215	0.051971803184955825	0.25657641417638183
0.3487558300275717	0.05411496888978175	0.25659038202459494
0.34879636731756697	0.05536876778719442	0.2566086109654221
0.34877833887742543	0.057619442396077095	0.25659501864615003
0.34876470398048776	0.0610409471652953	0.25662525390944607
0.3488204102897618	0.06316947479106765	0.25658466146899256
0.3487632931971984	0.06577608745231651	0.2566101961168907
0.3488711531913173	0.06825455122980999	0.2565109016154792
0.34882347972923017	0.07029712829170755	0.2564210479699601
0.3488500720049911	0.07151369916073415	0.2563404158355142
0.34883908775969064	0.07515727216950098	0.25613359613179104
0.34885775448538575	0.07645418496623375	0.25609160980209567
0.3488727562363683	0.07922312633788105	0.2558645051021868
0.34885958466672207	0.08110289154625623	0.2557706667310542
0.34889962411520287	0.08292287956397383	0.2555741577813067
0.3488537597226087	0.08415629473289522	0.2554277497404009
0.3488888403912645	0.08764025624006357	0.2549777497602954
0.34886138955628415	0.08920762389257193	0.2547364041997319
0.34888401954507253	0.09097744412515386	0.254407536329163
0.3488700556769798	0.09254300624997082	0.2541759909834832
0.34884567497620705	0.09454890958516861	0.25371266873232434
0.34882310599368926	0.09628383081531038	0.25328873308719346
0.34882027062773374	0.09764252894880769	0.2529089944350519
0.34886623378313475	0.09899484835989279	0.2525259639914287
0.34887303829770444	0.09984508900370863	0.25228954074337456
0.3488532325706046	0.10141622281001204	0.251622604180166
0.3488318098204765	0.10263745587454227	0.2511353907783954
0.34894619571921714	0.10399528592711828	0.2506056640980431
0.3490165059138327	0.10540913337412254	0.24997408431174375
0.3490395770109614	0.10602593306049805	0.24961774876025716
0.3491604146686968	0.10740401403798751	0.24874046926311155
0.3492332764390812	0.10852970303730723	0.24805561894732786
0.3492576894284896	0.109109064664334	0.2476393638863763
0.3493945195343103	0.11066128811531727	0.24657533754377098
0.34952964323731706	0.11197578117925218	0.24561556073933904
0.34962017380564114	0.11335067788747728	0.24463817558274667
0.3496772900614541	0.11458956889510484	0.24382754773234616
0.3497906212685117	0.1159806019915653	0.24284255314651362
0.34982902336315996	0.1166734175253989	0.242290023471012
0.34993527515166234	0.11889335920290885	0.24064500185663376
0.3500889044941411	0.12018944758492446	0.23965639154260768
0.3502002846574425	0.12106482045304783	0.23891437141104888
0.35034414332783487	0.12249929952067647	0.2376545760298966
0.35042179769933046	0.1239436196461151	0.23646462179901362
0.3506211308497133	0.1256199022916028	0.2350313980335036
0.3507536245561664	0.12691017701971313	0.23394902163232328
0.35086721172427426	0.12787277942420355	0.23318806895668728
0.35092467398577964	0.1289315160026287	0.2322905541679391
0.35102178057635547	0.12988733771574945	0.23161249626631936
0.3509949588403327	0.13078982445793824	0.23090304459452268
0.35105082780606234	0.13137734451094826	0.23060019676348717
0.35077851286551087	0.13219963580251545	0.23018466989301495
0.3505751195090508	0.1325788857441497	0.23010842076372215
0.3501331721799954	0.1329102850213572	0.23002622130903802
0.34976522703246354	0.13298546146661133	0.23023948970210376
0.34914673800604523	0.13285857088943856	0.23040468226812616
0.348271660447993	0.1324837395822095	0.23096861441235597
0.34751926155637636	0.1321339150721192	0.2313142622903947
0.3463810045999455	0.13157715568922884	0.23187434694047074
0.34588880851918935	0.13136928122765174	0.23216693219842124
0.34506578318307984	0.13104578507854164	0.23256005280062636
0.34359777322732826	0.13040312845912838	0.2331826619299819
0.34226667180417814	0.12987644266131615	0.23377472228286778
0.34139880157773267	0.1295510088076286	0.23400382491196692
0.34049490632443447	0.1291978908625785	0.23427792810943146
0.33877001632872045	0.1285306396392603	0.2347961983563915
0.33790929204571557	0.12820644148509713	0.23499088381323807
0.33567489080366236	0.12738238886156877	0.23533668447164147
0.3340539698519808	0.1268056902960313	0.2355538673437908
0.33232382342717864	0.1262047857077954	0.23563811646963206
0.3295011496235117	0.1252170373301958	0.23570989661593464
0.32740534592506687	0.12447235653035842	0.2357870101760961
0.3252949258584861	0.1237087860254923	0.2358847536452132
0.32334530098182374	0.12298905502123528	0.23599570533169129
0.3207813741164433	0.1220652244321911	0.2360689921159716
0.31705842265560247	0.12079345635634947	0.2360207989877947
0.3142990284044737	0.11990959658828922	0.2359956580058641
0.3117760037454649	0.11916466951142828	0.23592282796528288
0.3094632080356995	0.11850447232004074	0.2358438779793471
0.3081246446706642	0.11810414021903334	0.23581174367503685
0.30457946436861777	0.11720203235382345	0.2355510025867019
0.3031720833513736	0.11694145100767117	0.2353632387783079
0.3021558864934079	0.11679851986176569	0.23516516104822244
0.30191150203035433	0.11692756325776124	0.23493956947843647
0.3024970765375597	0.11735513074768053	0.23458698372797887
0.3029462747220074	0.11771021566356434	0.23426169513427036
0.3033461581359166	0.11798922018792024	0.23398984503103273
0.3038689387899502	0.11821078980104115	0.23372675346138466
0.30427540629793154	0.11845719370996308	0.23343438555965204
0.30464798652757225	0.11868748413950403	0.2332250361910868
0.3053933230459557	0.11924183896294177	0.23268476978454838
0.3054827889955987	0.11939295898746044	0.23249262864990683
0.3059098969849046	0.11979988389042101	0.2321303056122873
0.3063431807046411	0.12020383011914944	0.23181927773650135
0.3067554645757762	0.12064244029110191	0.23146789126098433
0.30730947718471713	0.12125399085635777	0.23099022373755937
0.3076333507450236	0.12164516541828081	0.23068078592412533
0.3080525366945522	0.12208352657450308	0.23037357949213777
0.3082652054627662	0.12235067772963312	0.23016990166823195
0.3085816165566018	0.12278585932653467	0.22982524669788326
0.3090292374752208	0.12334534429739144	0.2294143993619564
0.30940601038447657	0.12383079441420608	0.2290591525212431
0.3097557997998946	0.12423904616552806	0.2287854755756313
0.31015997008581225	0.12480251791678423	0.22837506864294269
0.3104391186174846	0.12521947348591866	0.22806333516135896
0.31064566764851537	0.1254887528539373	0.22787683666901007
0.31097821963968997	0.12593485171442834	0.2275662335131347
0.3113079366167634	0.1263726731946552	0.22726350078847704
0.3117808884919634	0.12696097796292516	0.22688394565028763
0.3119902662461689	0.12733793577792513	0.22659829318258576
0.31234111294637734	0.12789658312017554	0.22620221549777314
0.31254907807856525	0.1281700123960282	0.2260265846890115
0.3129726575875692	0.12873100797644924	0.22565991974902713
0.31329537002039365	0.12914656658985335	0.22539736316769796
0.31364819406459044	0.12972228320686746	0.22499560564875729
0.3138869590836843	0.13011099628571784	0.22472612748624277
0.3141400156661896	0.13051786877906965	0.22444791244860482
0.3143320648530045	0.13078802468025932	0.2242767896325228
0.3145773616573814	0.13114389975407303	0.22404860075145921
0.3149379839451658	0.13169377506715169	0.2236883794371924
0.31527215327316355	0.13214251099995344	0.22341301455373333
0.3155056004297589	0.13251994822675472	0.22316247379372872
0.31579009706666644	0.1330245509944903	0.22281375120851266
0.3159351047282788	0.1332512335485205	0.22266851368071205
0.31622441490746744	0.1337272295745392	0.22236043875607125
0.3164825505678681	0.13415054446558278	0.22208354613593606
0.3168252516295433	0.13465886340244462	0.22177499044115995
0.31707703867881226	0.135004254992455	0.22157343401987276
0.3172713894605269	0.1352776881940594	0.2214085792785459
0.31745108493143104	0.13587002232210343	0.22095639083513038
0.3175473990032283	0.13614425537677993	0.22076366002408337
0.3178403271100706	0.13656310797279725	0.22051181338179057
0.31794445305413005	0.13674602195610586	0.2203874971429998
0.3184036503117376	0.1373588628388963	0.22004793319096527
0.3188857589580294	0.13776995244688842	0.21993875031247873
0.3192663791565381	0.13810031230931516	0.2198570096845892
0.31963222513400324	0.13820807975320004	0.21979027152463115
0.32004280566323434	0.1382319450967783	0.2197256512429575
0.3204177951896499	0.13824313524436554	0.21966796203639205
0.3206857775505634	0.1382671659937687	0.21962043079957796
0.32135726572685475	0.13829190061843688	0.2194899107919664
0.3219307708128831	0.13824554171590106	0.21939127503931977
0.3222069690787898	0.13823793499452242	0.21934060111711007
0.3225762287656184	0.13825758771211422	0.21926173779894081
0.3230024888681078	0.13838764469737086	0.21914667690257747
0.32351870889461687	0.13855297751877832	0.2190087384345174
0.32404008256434746	0.13855315239129307	0.21890959063788976
0.324657096951412	0.13853492384377164	0.21879750249148486
0.3250457330357164	0.13858516208511718	0.21870935086643964
0.325474760295978	0.13873432230938754	0.2185893844581965
0.32586436127895557	0.13886969815380698	0.21847962159875112
0.32646714781415537	0.13906852273396536	0.21831342606175708
0.3267831470051269	0.1390756783516081	0.2182511274143538
0.32731579864244364	0.1390961802341886	0.2181448237380093
0.32756253707999833	0.13908390667030363	0.21809960704358042
0.32836489213937686	0.13924235373320876	0.21789871210440592
0.32865507373250635	0.1393663202140407	0.2177625256234629
0.32888371031432967	0.1394431583497721	0.21768967658620664
0.3294003297472783	0.13945716165431166	0.21758502190512305
0.3298159048242359	0.13945861194062917	0.21750500723464816
0.33026188951091434	0.1394722258437442	0.21741748329083294
0.3308270199688986	0.13965274991002002	0.21726407385126226
0.3310597469422846	0.13976358185770418	0.217178810700906
0.33126191927905557	0.13979657025016773	0.21709148073459678
0.3316427964595573	0.13981153920334166	0.21700635397141396
0.3324038818251644	0.13986108880408082	0.21684948425222883
0.3326935564137982	0.13989856112606464	0.2167870345969136
0.33312447591853606	0.14005404837290558	0.21666446994470703
0.3334497664169125	0.14020599137692621	0.21656336739610582
0.3337395035399516	0.14028368004119812	0.21648952404232472
0.33439827277660694	0.1403128324522248	0.2163324845474931
0.3346762283205904	0.1402893098604297	0.21623900178071923
0.3350259869998852	0.1402677070325523	0.21616689190393787
0.33525616172919626	0.14027820845658284	0.21611886200340105
0.3356957913193919	0.14048915162885053	0.21597952028779388
0.33588817420875283	0.14058220826095877	0.21592020685501973
0.3364657579739464	0.1406911703603008	0.21578780664375075
0.3367594968925531	0.14069752065341828	0.21573125257414139
0.3373030594272268	0.14074639557646887	0.21561950092392307
0.33748811276766844	0.14076077617803182	0.21558110102079098
0.33776779714930855	0.14090456091620507	0.215443281834418
0.33786715694219804	0.14096853705767876	0.21537735386233098
0.3381787577363564	0.14112826479186272	0.215270867028318
0.33851405572867577	0.1414441374379709	0.21514314981994748
0.3386481877777162	0.14157604107104688	0.21509062803207207
0.33892865304598546	0.14185220324687717	0.21498286276848316
0.33926167543294733	0.14218278600796724	0.2148531727556061
0.3395577494608588	0.14247727865190218	0.21473831639155752
0.33987159671215944	0.14279153953124218	0.21461679509008535
0.34011236364077635	0.14303356409400345	0.21452321611507047
0.340272550404151	0.14319518424202068	0.21445992026699687
0.3406009807745626	0.14352843097235385	0.21433257206923437
0.3407435000816638	0.1436718892668663	0.2142771670667821
0.3409697804686955	0.143901019201366	0.21418892710163498
0.34129566635475966	0.14423737983427587	0.21406015107895796
0.3416140354706263	0.1445667679395926	0.2139349537807515
0.3417655556923363	0.1447515006961848	0.21387038490063937
0.3419837270474473	0.1450600418210823	0.21377218296329503
0.3421767494808526	0.14534085855914242	0.21368193056033294
0.3423459506870633	0.14557392180260814	0.21360602895630518
0.3426571867469967	0.14593603047047773	0.213476445878606
0.3428388981984678	0.14612664826552813	0.21340423174086268
0.3430678531676948	0.14641022399417297	0.2133059467882152
0.3432934582426351	0.1467220789078325	0.21320336834831932
0.34347918532569166	0.14699086435487746	0.21311656248985777
0.3436189446555664	0.14719313748794988	0.2130514678753781
0.343946997251492	0.14757413598517805	0.2129134455620106
0.344154300512314	0.14779275585724677	0.21283068856971535
0.3442544318058808	0.1479076633250433	0.2127891869687095
0.34445411390935005	0.14820416351052346	0.21269464531831664
0.34459074141949525	0.14843099960086548	0.21262410474287058
0.34459040654995776	0.14849865939922535	0.2126115080298037
0.3445897819251712	0.1485019581310201	0.21261088188571683
0.3445892446196172	0.14850279390875634	0.21261087165210577
0.34458873067726986	0.14850182761633507	0.21261118611566987
0.34458819998849893	0.1485010106780427	0.212610561024499
0.34458710813281546	0.14849954763788825	0.21261143689843473
0.3445875094236524	0.1484967848976497	0.21261232275060155
0.3445871190618806	0.1484978692899132	0.21261184686735754
0.34458720673531756	0.14849512978811724	0.2126133389723175
0.3445849646244622	0.1484937841708879	0.2126133925369087
0.34458619851958433	0.1484929929387933	0.21261389113656612
0.34458536207852053	0.14849193135779087	0.21261409316828206
0.3445832357485406	0.1484897057725486	0.2126140766010798
0.3445843519491576	0.14848877738178257	0.21261506047436843
0.3445833953555091	0.1484874701114592	0.21261536555888555
0.34458227963672816	0.1484863180823669	0.21261538712054534
0.34458244206213523	0.14848683868350043	0.21261534629948448
0.34458125616418844	0.14848396021534183	0.21261649689380355
0.34458138084568146	0.14848458329013814	0.21261589473987363
0.3445805143060713	0.14848412078237422	0.21261611228907368
0.3445807098320259	0.1484835589669259	0.21261618255537365
0.3445801015806428	0.14848287891371192	0.21261637278966106
0.34457956438663984	0.14848180603382846	0.21261674471877703
0.34457940138294707	0.14848197576352262	0.2126171775659169
0.3445798570083487	0.14848107533219596	0.21261730135357454
0.3445787262948028	0.1484810286911683	0.21261753166509725
0.34457895356441115	0.14848061312389832	0.2126175057246943
0.3445790623502383	0.148481657592483	0.21261687165509874
0.34457894768887765	0.14848098208147054	0.2126174905695287
0.34457915198113154	0.1484804468931818	0.21261708733574183
0.34457866171667506	0.1484808054966697	0.2126175484169894
0.3445788569089077	0.14848036096593467	0.21261753657355392
0.34457933704213234	0.14848022606560451	0.21261759150524182
0.3445788881937208	0.1484792187479423	0.2126174624275531
0.3445785182054711	0.14847992551334194	0.21261731277872808
0.34457950967560746	0.14847848174153017	0.21261785503208794
0.3445791609911494	0.14847796623201814	0.21261820837078824
0.34457946951094137	0.14847900590613441	0.2126178006322363
0.3445798081830354	0.1484787032961567	0.21261800869477732
0.344579307172283	0.14847906361809798	0.21261778224910977
0.34457845924843045	0.14848070810499375	0.21261754733878832
0.3445793247897704	0.14847965296816718	0.21261788632254336
0.3445786300405993	0.1484784663934151	0.21261827517696363
0.34457906672621696	0.14847964174390088	0.21261769397766725
0.3445791316403064	0.1484798701979513	0.21261714388365618
0.3445795575292725	0.14847943698978727	0.21261792217763448
0.3445789922177041	0.1484803086126728	0.2126176194060748
0.34457950967560746	0.14847848174153017	0.21261785503208794
0.3445793627673777	0.1484789774512188	0.2126179735158383
0.34457890292796045	0.14847795500766847	0.21261801602616787
0.3445789922177041	0.14848030861267286	0.21261761940607476
0.3445791820519549	0.14847946716312233	0.21261772944871657
0.34457916415713685	0.1484794781187353	0.2126176469997673
0.3445791371264792	0.14847948347685763	0.21261771144909541
0.3445785963191265	0.14847815408368947	0.2126176403972405
0.34457995011895204	0.14847900701985922	0.21261827051592208
0.3445792415040916	0.14847997905525845	0.21261759527743904
0.3445791367966293	0.14847960075749644	0.21261762933512127
0.34457950967560746	0.14847848174153017	0.21261785503208794
0.34457909413129595	0.14847967619491031	0.21261768369030734
0.3445788257943431	0.14847983707272322	0.21261764746501502
0.3445783896263966	0.14847943036378697	0.21261780954916
0.34457857457478985	0.1484805335240345	0.21261758280923324
0.344579039365841	0.14847976438274124	0.21261767631323314
0.3445787594382022	0.1484792521379047	0.21261787255267417
0.34457909413129595	0.14847967619491031	0.21261768369030734
0.3445792368180168	0.14847937897570862	0.21261773682649532
0.3445788501579518	0.14847953898137062	0.21261800297144717
0.34457859924501444	0.14847875885732015	0.21261775276058548
0.34457863508876824	0.14847933503831506	0.2126178383850067
0.3445787868828311	0.14848055904192597	0.21261757326463643
0.34457856828765354	0.14847963975900985	0.21261781622937453
0.34457914200957085	0.14848022515225695	0.2126177988988086
0.3445789725647365	0.1484800691042949	0.21261765415782474
0.34457870913909566	0.1484797966327548	0.21261795496534855
0.3445789365895169	0.14847956248951233	0.21261770061260693
0.34457952733786923	0.14847922818355724	0.2126179311521852
0.344578960956979	0.14847995359958338	0.21261763409712606
0.3445783896263967	0.14847943036378702	0.2126178095491601
0.34457862163945274	0.14847941099062217	0.21261769893638122
0.3445785241420937	0.14848057507872156	0.2126175833236531
0.34457933540768376	0.14847910009060644	0.21261795585165794
0.3445796700247204	0.14847893096459208	0.21261798428934595
0.3445787370158535	0.14847971943546223	0.2126178381447748
0.3445784600268724	0.14847927209614606	0.21261782702074636
0.3445793522304429	0.1484790081523923	0.2126179477391516
0.3445792376472914	0.14847938099639146	0.21261792071544167
0.344578214535743	0.14847898157810424	0.21261817554228404
0.3445786476897683	0.14847944158956586	0.21261800189337632
0.3445792325406464	0.148479940372148	0.21261783123630695
0.344579187633608	0.14848027304852543	0.21261781874478441
0.34457890619209053	0.14848004178780394	0.21261762672070939
0.34457899637056455	0.14847995710079614	0.21261764855460494
0.3445787868828311	0.14848055904192597	0.21261757326463643
0.34457832282602785	0.14847973508478646	0.21261778739428455
0.3445791390574325	0.14847965988161665	0.21261770169052194
0.3445796970195947	0.14847960487441791	0.2126178481354301
0.3445787865524379	0.14848067632263812	0.21261749115076917
0.3445793414010444	0.1484804945783802	0.21261813639788218
0.34457883263852185	0.14848054474875777	0.21261777515371863
0.34457927403605015	0.1484797248096693	0.2126177024092805
