0.3479159476080052	0.14766729780082177	0.20096469334306857
0.3479159476080052	0.14766729780082177	0.20096469334306857
0.34775003775759494	0.14750543390076726	0.20099315138062498
0.34747812075553686	0.147207610196195	0.20108604424411322
0.34708362872191406	0.1466245640335721	0.20133484158946077
0.3468889952206422	0.14627396188986952	0.20150177126848784
0.3468731827253826	0.1456018999151199	0.20195802194193735
0.346904077389271	0.1452444667932335	0.20215875684210957
0.34689916299621854	0.14413053477394372	0.20280416736359475
0.3468444388072381	0.14347900162560284	0.20322196433224002
0.34680456837484597	0.14280588504306874	0.20367164696272538
0.3467168556015353	0.142236026103626	0.2040083908697839
0.34658028492199217	0.141610470356557	0.20436562085860374
0.34642935560344984	0.1408871548188077	0.20477463271508825
0.3463520360240869	0.13999736644602312	0.20534779883868848
0.3463203706084287	0.13961633177397637	0.205590521268643
0.34628253291667555	0.13898837282691656	0.2060096110815679
0.34612893820882457	0.13813547028571488	0.20650671850070637
0.34596275608972815	0.1373465972554127	0.20695751333537332
0.34590509797947205	0.13679545954937788	0.20730327919496638
0.345860060737919	0.1361960888480488	0.20769553370946608
0.3458277069234218	0.13579889056389466	0.20793345885628053
0.3459558853927796	0.13483986513869956	0.20845791380998488
0.3460938534318076	0.13440667311480353	0.20869339628089673
0.3460578717877394	0.1340228225958915	0.20878911105948234
0.34591077020950856	0.13381414826967847	0.20882890786852365
0.34581431125382717	0.1336960325608204	0.2088509812041966
0.34582961814298846	0.1335845350856068	0.20888490377428465
0.3458554185656697	0.13352360690892234	0.20890550707671243
0.345877524117987	0.1334773339316357	0.2089209635187268
0.345879819702177	0.13348015693949	0.20891738754616554
0.3458806600533348	0.13348225953204307	0.20891580434999785
0.3458835347100532	0.13348748416336076	0.20891277926110682
0.3458839238394493	0.13349236848169266	0.20890984730191495
0.3459072385497655	0.13344630145574182	0.20891593115740326
0.34597655087832635	0.13329142000369565	0.2089412167918155
0.3460697547661057	0.13307817079513057	0.2089758686997974
0.34605794290918096	0.13316645562915724	0.2089619230713753
0.3460463417708108	0.133360792561527	0.2089324129885827
0.34631185025219574	0.13376064490522205	0.20884543087757146
0.3466629187014376	0.13434556141525728	0.20865305260478625
0.3468184697737183	0.13496440605996163	0.2083133278028241
0.34700363400693807	0.13597649774750503	0.20768215582143537
0.34711358333600845	0.13650096590351546	0.2073765035212815
0.3473750967302253	0.13773054267378204	0.20667919663723766
0.34760350976006854	0.13870132660661144	0.20613897559804892
0.3477921595262805	0.13962768127598524	0.2055982358116072
0.3479404594331916	0.14071286632014113	0.2049150946118424
0.3483424532130447	0.14252633497281164	0.20387912985221518
0.3487711768583853	0.14469161228345834	0.20263784662170442
0.34904554118031633	0.14623636722416483	0.201705035832869
0.3494243531745827	0.14795965836641006	0.2007544890694322
0.3497090186321719	0.14953666436488466	0.1998053768503333
0.34990028358112835	0.1510017513883547	0.19892420524365953
0.35047036809896964	0.15383641657861197	0.19731884214506717
0.35104943411979256	0.1570722556025534	0.1955134173451606
0.35144849666745126	0.15957989736257838	0.19411145307813485
0.3519625894582262	0.16230513522672335	0.19268923848378341
0.35250872330620386	0.1653317019931402	0.19111308732697985
0.35302236542246346	0.16825254453657718	0.18962475669830947
0.3538333654072302	0.17326896816195653	0.18704107397204292
0.3542392751554808	0.17554650313349401	0.18594011222683854
0.35517442132935956	0.18101224391523357	0.18320286648989487
0.35582522625775137	0.18520594957335262	0.1810958644911373
0.3566625149837998	0.1901217426188449	0.17867011340613165
0.3573895238309598	0.1945242593182856	0.17652749803074358
0.3577984810414718	0.19702321413156398	0.17531179015936907
0.3588252539651355	0.20325534113362098	0.172268512859185
0.3599051446416726	0.21047111345738312	0.1686922495130726
0.360695662488879	0.21522061321010655	0.16641313357414303
0.36151979096713405	0.2204199525023391	0.16384652906723296
0.3620754544269602	0.22373084081342054	0.16224184316180001
0.36342293582175145	0.23252012007507233	0.15791638461423457
0.3640580790979805	0.2367809141497076	0.15577926570529982
0.3646911117948523	0.24103861200340743	0.15358924863166024
0.3656574779230569	0.24618063324527173	0.15095964378459548
0.3668427499517514	0.25384002418964274	0.14703782756878292
0.36772629783183625	0.25966150988183995	0.14426934979131611
0.36854975924102207	0.26592374845865696	0.14122618470696474
0.36964476547450525	0.27241980799431925	0.13775081263607347
0.370560495185853	0.2774681672119088	0.13503927569803426
0.37108617148421164	0.28080025816734916	0.13318685647692524
0.3721114610375716	0.28663679232088257	0.12989614862746968
0.3731738988017756	0.2925190566668219	0.12654670894432773
0.3738924341468795	0.2961270387504926	0.12451394818743422
0.37533373201602044	0.30221276078552683	0.12114562459579975
0.3759292208303426	0.3048027349496627	0.11965670223697966
0.37733024635829304	0.31076149005499654	0.11610684359188161
0.3784344873619617	0.31603871912660686	0.11282106673564035
0.37931185275633833	0.32010639357680215	0.11011375598814332
0.3799859274950223	0.32363455729959456	0.10770277407482098
0.3807426966432711	0.3273498450243579	0.10504195489317708
0.38121274614407274	0.33001285038749006	0.1031432959559348
0.38225989048525844	0.335505908268452	0.09932570877994984
0.383417631042535	0.340331131625805	0.09618524647952542
0.3839965298106119	0.34262854550835187	0.09468313754484237
0.38524691542893186	0.34775151555464284	0.09125299534386988
0.38597106646505497	0.3516851818483272	0.08844314256466429
0.38701767603647236	0.35654326256027014	0.08511965574358166
0.3877028120902465	0.3600846675282701	0.0826473121285653
0.3881973950124536	0.3635208372251951	0.08006189303323752
0.3884079833302043	0.36527623365875184	0.07872327858022898
0.38953677649064833	0.37139858837798084	0.07422009994741652
0.38989804654789795	0.37452854529697877	0.07156698348934565
0.39022228969201117	0.3763546023542127	0.07003863202030947
0.39081084586669224	0.37974540726694184	0.06720169336162157
0.390942989618797	0.3818652723403705	0.06501666222448332
0.39122560352743374	0.38398610047377957	0.06295125842855404
0.3914925424881375	0.3853413948338529	0.06152339810755203
0.39166022467599565	0.38799334704203703	0.05795593916683622
0.3917687476715778	0.389196856135553	0.056054182677656716
0.3919018074604386	0.3900364865094216	0.05426723876371553
0.3918825097264716	0.3906522990440948	0.05261910343214571
0.39168193535692575	0.39080513386229515	0.05107050250646078
0.3914482237675148	0.3908504341736466	0.04934157315572335
0.3911124311629086	0.39080305665861836	0.04694165723385735
0.3909161893299186	0.39076218531101176	0.04587801924162194
0.390698804786128	0.3907658679343752	0.04389128125714098
0.3906397915684824	0.39063276007342435	0.042877031735574056
0.39040157428639743	0.390664991654571	0.0412174803209569
0.39003007238187026	0.3905793125585194	0.03900664554410388
0.3899178126060742	0.39075106114826	0.037272092496585474
0.3899763036924187	0.39081090269219637	0.03620669967968854
0.39004922189690927	0.39093118941122906	0.034981333279520466
0.39010824811507994	0.3910434218342832	0.033940270812094664
0.3901539860680068	0.3912303869936148	0.03263530410677695
0.39017059522155184	0.39127696276975144	0.03166783097678916
0.39012707844232986	0.3914105388955935	0.030564428250183295
0.3901207654490108	0.3914924978702158	0.03003618060205554
0.3900485805638265	0.3915859326336196	0.02810167324032331
0.39008993402368164	0.3917088857256207	0.02722077958107344
0.39012174210846806	0.3917949780399219	0.026760277771471774
0.39015826400405473	0.39188375352644095	0.02591660766780912
0.3902214654522909	0.39199139388992194	0.02461883472565035
0.3901995096702513	0.3921327871250987	0.02343185567620648
0.3902176197607783	0.39213014403425145	0.022697353961989852
0.39027474014233166	0.3922305006536718	0.021811257248858684
0.39029822279922	0.3923719201763201	0.021453555220351028
0.39042259588191863	0.39254914362757937	0.02017763329840927
0.39050644998171613	0.3925993960566757	0.019736138328639408
0.39052181789898033	0.3926786565077425	0.01907654825508276
0.39051901845894377	0.3927345790853526	0.018424555198422732
0.39072399820583936	0.3929101156213771	0.017324603758109236
0.39085506996415886	0.3929989919821941	0.016825025116766146
0.39091309632846255	0.39306298135092615	0.016452016388007973
0.3910716467009527	0.39318538496272193	0.01574654153259092
0.3911344877643971	0.3931819795298676	0.015431978825528991
0.39131590309666997	0.3933350040428028	0.014512156994749226
0.39152406898655134	0.3934320359211925	0.014085916903238072
0.3917019575124636	0.3934671340791053	0.013729710349737245
0.39186098208308684	0.3936338891861307	0.01335005134832945
0.3921905964726895	0.3937476449355052	0.013096963540848383
0.3924418483473256	0.39380447603416147	0.012964946941646238
0.39280206986194116	0.39386001193325465	0.012679812646182564
0.39313182193658736	0.3938975562803935	0.012526467240221273
0.393583506172099	0.39391591063864867	0.01233929032837111
0.3938522914023195	0.39410091410747583	0.012236512690857848
0.39411848966625856	0.3941515840167303	0.012124020106020428
0.3942445462935668	0.3941259033934955	0.012056779122801842
0.3946757574008842	0.39409869018843335	0.011926476444355238
0.3951740543677764	0.39411524445450097	0.011929449689705163
0.39562791081910664	0.39409468015270777	0.011929202075271539
0.3957642875120849	0.39408084656841835	0.011865565128636957
0.39597456642554163	0.39410415253894693	0.011825697354394371
0.39619878658751095	0.3940074226594114	0.011842466375374838
0.3966018835395205	0.3937611697692416	0.01188735605257668
0.396968733137144	0.3935535806063606	0.012001572467754129
0.397197948873017	0.3937118595349862	0.012272896240142994
0.39725555193938716	0.3938527696902444	0.012434290502466916
0.39734893126027915	0.39411458762451185	0.012718887118248645
0.3973981682114639	0.3942818604174416	0.012897477311930416
0.39744173358273577	0.39443147935947226	0.013060018537305318
0.3974864686998212	0.39459438736102165	0.01323775953061418
0.397606217970129	0.39483864879056774	0.013508319748156028
0.39774481705865977	0.39495743206635625	0.013653552942603786
0.3981009673791613	0.3952616588308637	0.014017699994561816
0.39831212672222893	0.3954418366943716	0.014233863869109187
0.3984469003605178	0.39555414511145853	0.01437008406201462
0.39863611707139956	0.3958345674735482	0.01468067949735552
0.3986284908693594	0.39597814023760075	0.014823699231928555
0.39851398696998486	0.39643966479215853	0.014997938504686892
0.39857976420797653	0.39682086273786094	0.015173550342911013
0.39869462575853043	0.3973694414399272	0.015365164246203267
0.39877631720143397	0.39797196272227714	0.015536782576748065
0.39872715042069085	0.3986340608737727	0.015683734386145953
0.39855869941643823	0.3992547349395414	0.015762323238781684
0.3984723146248226	0.39958029847278603	0.01578592252891131
0.3985288540025749	0.4004076324522412	0.015988553783804982
0.39859338577340603	0.4008856558385338	0.016128135944164124
0.3987252298147206	0.4016743712312504	0.016390699289810684
0.39904170896661584	0.40184177838051494	0.016365873884746973
0.3991251996402034	0.4018346093188922	0.016270965435996543
0.3991929673176559	0.40192660123420576	0.01617471784060165
0.3992352107559741	0.40216557570512035	0.016195349252117075
0.3993162443466572	0.4029533448631464	0.016390854215245998
0.3993524716411382	0.40347533977344313	0.01651416237047587
0.39934554176681625	0.40423060057883253	0.016645336624338314
0.39929963806664864	0.40473644650259066	0.016603928987610594
0.3993560114346352	0.4048488775410634	0.016519483799103007
0.3994846786996007	0.4050601284089806	0.01655520446108394
0.39955011944517527	0.40594808071731836	0.01676187791184741
0.3995413127541497	0.4062954832491071	0.016818810416096786
0.39949127999574996	0.4071808033771956	0.016923137278988976
0.3996485553251455	0.4072362148707983	0.016851201018307282
0.39973246498698695	0.40724296091428325	0.01676265186088305
0.3998000931028646	0.40741520452733226	0.01675311851813066
0.39979383665730645	0.4083910744762359	0.016886235381490255
0.39977943342343597	0.4090071897144167	0.016993293679683108
0.3997456587314058	0.40949572443656057	0.017061411698002515
0.3997164995394744	0.4097925315778696	0.017095549337798888
0.39969890190109836	0.4102363745541951	0.01713076371484895
0.39995790306466233	0.41035753343303233	0.017074038209161535
0.3998073446149765	0.41087813734567885	0.017137738715898965
0.3996167226728564	0.4115962340332088	0.01723704588363112
0.3996061675854454	0.4118992335733865	0.017297522435601453
0.3996063188512963	0.4123711000958326	0.017398648630367386
0.3995121851583854	0.41302563934150166	0.01745581911147881
0.39943400768407805	0.41361980336160675	0.017544000690961015
0.3994545251132695	0.4138301477028279	0.01762428737848243
0.39951008376645347	0.41442858971997015	0.017833479895018933
0.3995129040568917	0.4148942704908635	0.01794146331102181
0.39946403824717996	0.4152762246269304	0.018005632939306793
0.399097537208556	0.4159187562021736	0.01806233900718207
0.3990102008087882	0.4162107181403747	0.018110027233862402
0.3989997996582189	0.4164559900941664	0.018160714781194298
0.39901819818492423	0.4165605338874093	0.018201736456493978
0.39904108309309383	0.4165823227638138	0.01822574061362825
0.39907817487752884	0.41661710697407417	0.018267089175276252
0.3992153781093751	0.41674269582327206	0.01841790121672654
0.39937573679832955	0.41689071157768254	0.018597152088267455
0.3992733015059078	0.4168869421012368	0.01858488743347697
0.39910737387068385	0.41687067713425124	0.018556775564535055
0.3990495256170585	0.41686566066441755	0.018546370057572925
0.3990313969755346	0.41686331018028716	0.01854223553715434
0.39905960510765776	0.4168109427802317	0.01856545997532616
0.39907976529463685	0.41661522146172136	0.018796014915383574
0.3989720125007872	0.41659431061462865	0.019218191547181573
0.39879300622007785	0.41682102583478164	0.020924691240287396
0.39876435224384016	0.4171131456001468	0.023325608605720194
0.39845493084911066	0.41734011896400225	0.025588161666935838
0.39862453617557836	0.4177805891095521	0.02826738937350004
0.39869204038964645	0.4180527609716163	0.02994759694321736
0.39873432112278784	0.4183696741722222	0.03276454670464024
0.39896242470422844	0.41928289266604524	0.039567994574876586
0.3989247469381903	0.41968729535682503	0.043526141822788744
0.3990718240470071	0.42022343408126034	0.047945644797850795
0.39910617810416726	0.42067133127029754	0.05231915398382281
0.39918496187533453	0.42112528290181406	0.056720220125174914
0.39925431308449366	0.4215884005584956	0.0614907805205443
0.39933537438852185	0.4222185659202593	0.06904440898737074
0.39939554508971736	0.42254956276198413	0.07447770282632443
0.39934933579006016	0.4227837016979546	0.07832236658140906
0.39938559694711057	0.4231042516227888	0.08283569445535693
0.3994060263111649	0.4234061251046995	0.0899295845386377
0.3994317478169162	0.423664528124885	0.09599558194888869
0.39944473442987766	0.4237882875134364	0.10232072577380658
0.3994038820511898	0.423741130539601	0.10866292838664704
0.3993684835919612	0.42370899723618766	0.11483517617197497
0.39937499304891505	0.4234522336811644	0.12328662528131296
0.3992784547030951	0.423153298613228	0.12914700089278297
0.39918720294815724	0.42287937791066843	0.13246081928620956
0.39915493990619055	0.42232018479638134	0.13949144467613184
0.39902212376175317	0.42167224286344096	0.14514570258470216
0.39878398917719143	0.4205115995451107	0.15268455170741213
0.39869545034560533	0.4198737292404755	0.15623763298027005
0.3984476854769471	0.41841873188526824	0.16321791266480917
0.3983742417394722	0.4176982571781746	0.16617304530996194
0.3982157883064382	0.4165684450492239	0.17030803961282232
0.39792635337269344	0.4148014086290478	0.17577692573610323
0.397595626986757	0.4127026396995916	0.18092545805286891
0.39706828474286754	0.4095262034024496	0.18726059405570322
0.39685667322709073	0.4075899973622546	0.190733683368572
0.39652376245686205	0.40603138905982294	0.19279525345042656
0.39612960442628964	0.4026044903742787	0.19698752146347873
0.3955898054277307	0.3998161793763263	0.19956346361546168
0.3949665114037029	0.3953563953547046	0.20331530092621888
0.39441611317335473	0.3920525329034515	0.20548603503398255
0.39401943300882564	0.38958949064062354	0.20689114629250369
0.3932750153643078	0.38406602285302605	0.21008842418397167
0.39284718618959463	0.3816052490773851	0.2112023760016032
0.39156589282749776	0.3733315051719975	0.21501729190844787
0.39092008168415715	0.36868995820966144	0.21700706185721325
0.39022836107018555	0.3641929851973297	0.21885798077585492
0.3895384628970148	0.3600153993750471	0.2207591750254102
0.38913800293245926	0.35712790712961034	0.22201314928857205
0.38841288837753796	0.34956970263010245	0.22481657599921728
0.3880869566364234	0.34676707258623685	0.22574741224440056
0.38791470375486026	0.3437849463363861	0.22698252578923955
0.3876715719396116	0.3392776630223857	0.2284367632863452
0.3877258459297191	0.33579623254787827	0.22958419647798342
0.3876819369352386	0.3330696500561371	0.23023353926626053
0.387721743286519	0.3305481171345598	0.23065676673301366
0.3879345412168907	0.32665426923432894	0.23117068507968513
0.38796990123376074	0.3239209708865034	0.23122096210433873
0.3880814524930101	0.3211577169904756	0.23125812729632034
0.38814252882341593	0.3182964055934458	0.23104705459063063
0.3880305331062193	0.31552951488896347	0.23057226481811988
0.3879311041970617	0.3120143352227696	0.22993337035136083
0.387606899213273	0.3071392867167398	0.2286440606351495
0.3873088859056349	0.30374315376640504	0.22764556425980273
0.38712384663011495	0.30060185801052525	0.2267454244872202
0.38681185883859	0.2965762391204968	0.2254111759540602
0.38628367863759705	0.2924463494346669	0.22385156528739425
0.38582939742017747	0.2887609732168387	0.22241519324974957
0.38491331532435424	0.28227902538220545	0.2198864749187486
0.3842239863170087	0.2777285760671729	0.2180410723685841
0.38358522910358994	0.27320759175946024	0.21626813324125818
0.3828248158484469	0.26856453223253046	0.21447467911006807
0.3821467012365307	0.2641588721812614	0.21277490998645762
0.3811595602261166	0.25875261927352283	0.21076596565588077
0.3801760991965006	0.2532009169184345	0.208794735254709
0.3789161388910786	0.2460370265349936	0.20648307544533478
0.37795252388798745	0.2406197962878458	0.20486172602819475
0.3774007072360401	0.23729654056555632	0.2039467152056899
0.3760919405189213	0.22962873040445164	0.20193091868287552
0.3746352168831641	0.22109126950439467	0.20021398335202104
0.3736001299152112	0.21517151381941996	0.1993349673067658
0.37273327600913425	0.20966604820497675	0.19873844091003995
0.37184393149689776	0.20369210191074777	0.1982738102352403
0.3710554428057339	0.1982742637015722	0.1981006798849567
0.3703568224735737	0.19293144777037513	0.19817673188243595
0.36920696956479165	0.18416836137499187	0.19882035696980824
0.3685997521902492	0.17937491971497813	0.19948210589178172
0.3679772905883263	0.17441777961787663	0.2001918942796025
0.3675615796396167	0.1715202181011396	0.2006251063374173
0.36670126222448496	0.1654725723838063	0.2015478867570935
0.3659258582965127	0.15934974976135907	0.20240692306781274
0.3654474121100868	0.15597983984888247	0.20294823430856324
0.36503514410232596	0.15301505368208992	0.20348209749139923
0.36466713162179365	0.15000713047228398	0.20398939259677143
0.3643683580502651	0.14737755782651182	0.20441549175270318
0.3641143214685153	0.14443651518439105	0.20503182140397103
0.36388348547907706	0.14234766013732858	0.2055517374302319
0.3636410441518612	0.14072014803298338	0.2060827701167172
0.3635593760876188	0.13994171537049027	0.20644975164895665
0.3633432766686734	0.1386696420334282	0.2070409856921761
0.3632726098267357	0.13775939107505702	0.2075735565193475
0.3632329097931555	0.13683439316311058	0.20806878964232733
0.3632046774046634	0.13604410515735654	0.20852326723829584
0.3632189382443014	0.1352646338511005	0.20897106664693108
0.3631540007006827	0.1345176013988218	0.2094219299969152
0.36300926512001597	0.13347318715072204	0.21003414249095018
0.3629121412330162	0.13284382057394933	0.21040537659663794
0.3627403489451902	0.13211862988577283	0.21086754029952703
0.3626363295388832	0.13155931044041863	0.21114135010743337
0.3625118776224355	0.1310724224421147	0.21142140353107214
0.3623296106211404	0.13045626613179545	0.21178232585364562
0.36214316940804026	0.12984109829055546	0.21220001113057652
0.36197485449857486	0.12926018680254708	0.21252892447442084
0.3617728905470911	0.12863130770665385	0.2128588908898098
0.3615286237336223	0.12792686479484666	0.21332103091930085
0.3614179955199468	0.12757367701735295	0.21355880672323807
0.36126397146199496	0.12708350793303547	0.21385100962184883
0.3610162558583807	0.12639410489486502	0.21425548792625076
0.3608598256099222	0.12592198888767814	0.21454075670179493
0.3606879968610684	0.12541079104398978	0.21491006338926558
0.3605811255902918	0.12510790816505096	0.21513987739810356
0.36042052250862416	0.1246104167551116	0.21544771698431897
0.3602469622469346	0.12409558603730166	0.21579218519460738
0.3600990853304438	0.1236743424886587	0.2160765537469208
0.3599295061545292	0.12312006604114191	0.21644547014969173
0.3598431325997896	0.12286473789758327	0.21664642731932798
0.3596820785880333	0.12238924464727859	0.2170242201924883
0.35958985610272465	0.12203915691120538	0.21725734484239342
0.3593552395202297	0.12128282232522243	0.21782845812241056
0.3592624325845583	0.12096580253059651	0.2180306515898006
0.3591570987749079	0.12058774874936141	0.21831979019287218
0.35908358504653526	0.12020435440246739	0.2186490582073395
0.359035138736006	0.11995478651994197	0.21886584747378462
0.3589666079958545	0.11943025417949794	0.2193753336933371
0.3588680576086357	0.11890742235971948	0.2200144012608147
0.3588353467850603	0.11870382688234503	0.2202585155558386
0.3587880513770842	0.11816722067625211	0.22068198870708608
0.35872965455144873	0.11776188397289057	0.22100052155152125
0.3586917668395315	0.11735563070089798	0.2213487032230034
0.35870081803281473	0.11713790285351965	0.22159625279868891
0.3586617558055492	0.11662903601329012	0.22223139876783307
0.3586447502755392	0.11626886612662722	0.2226791886424707
0.35865422882716164	0.11595898197022823	0.22297686969836739
0.35860076973117644	0.11547909387521062	0.2233522482457733
0.3585752653166981	0.1152502346405752	0.223548263144116
0.3586370240627971	0.1146303831940504	0.22429111588326855
0.3586600942859033	0.11436722342753873	0.22462176564129654
0.35864101448702546	0.11390092307109477	0.22520713668348102
0.3586550249727283	0.11352203688477859	0.2256768338302419
0.35870396752338557	0.11321889958552066	0.2258759394463303
0.3587322759386889	0.11245147927105852	0.22635582365552948
0.35852078041775914	0.11132062777645564	0.22667639532890924
0.35837638614503414	0.11064860827050503	0.2268728271239809
0.35820932865523214	0.10887018220259333	0.2273340202185986
0.3580697445632372	0.1075490719912809	0.2277289454120655
0.35803053860331946	0.10663339794043693	0.2279302266444955
0.3578039301456294	0.10434965012398141	0.22848668295021118
0.3576918546811765	0.10249466629491592	0.2290076702616147
0.3575191566524374	0.09997409715577628	0.22965990986052237
0.3573856382378839	0.09813558593082002	0.23009717903073545
0.3572705877636513	0.09622079297406357	0.23065052852194645
0.35715050876036086	0.09500812994985881	0.23083952639340818
0.3569368444901189	0.09205733086247748	0.23152503641419073
0.3566687340682961	0.08871206156705948	0.23236406087291428
0.35653440460325325	0.08627068867768277	0.23291587452194837
0.35634970024133655	0.08410077239139037	0.2333962439864044
0.3562229788739206	0.08187591690403025	0.2339644594606278
0.35598790061665636	0.07935368775081438	0.23451545469924298
0.35582500452931	0.07681973901563018	0.23511625764102534
0.35559459181271025	0.07408332871511751	0.23571085432515293
0.3554173865738235	0.07157889155039586	0.2362980271739714
0.3553011798823652	0.06994192521398286	0.23659517516787376
0.3550011131280052	0.0660267717233773	0.23752047350343872
0.35474739090839263	0.06253365932493156	0.2382928131688711
0.35466275009391146	0.061021197997527324	0.238547501286813
0.35445627005413877	0.058355456727393354	0.2391252605441283
0.35427737468820025	0.05587567898161573	0.23969526888432718
0.3539715803998701	0.05214240236105398	0.240457264058066
0.35364364458948805	0.04810771003881577	0.2413145180635876
0.3535826393308443	0.0468228084752189	0.2415750568386547
0.35332474001788755	0.04410690028763563	0.24212864992927413
0.35308905940939606	0.04073494489265185	0.24283925503052206
0.3530145393529479	0.03935998939912903	0.2431255135143005
0.35265056459895516	0.03463742317341929	0.24412304249271286
0.35261990114327474	0.03432656211101549	0.2442149442101613
0.35232412367908805	0.030400963375405723	0.24498872665067606
0.3521705675618377	0.028075230382116442	0.24539188007454713
0.3519874635981876	0.025347896092317343	0.245952587364435
0.35176033843947	0.02211071464499091	0.24664320397662415
0.3516492901321892	0.02059926313000117	0.24691272141316423
0.3514517503744371	0.017922042661863827	0.24744041569569544
0.35125937370054144	0.015600861056564982	0.24791485592091922
0.3511673525552044	0.014538166059156019	0.24813421776668784
0.3509585969792793	0.011112836916396515	0.2487993625262473
0.3508826639512061	0.00920349275030434	0.2490830355460294
0.3506805965917596	0.007362280613887787	0.24953699215886105
0.3506111795922337	0.0059101368243760916	0.24978994038060767
0.3505756822985936	0.004373106393708262	0.25001183939480276
0.3504211082100727	0.0027538322379771357	0.2504074498511387
0.35032326599485764	0.001437051260406233	0.25062906927458267
0.3503281948971715	-6.0718213156327194e-05	0.25081590586457014
0.350211030824809	-0.0011534051175264987	0.25109758559457124
0.35013166665902107	-0.001772932751936282	0.2512300519644528
0.35008013932257026	-0.002584259765148131	0.251365033476164
0.35007020049260174	-0.003374624142133506	0.25153603835619975
0.3502812212951373	-0.004171004390815844	0.2514920466553221
0.35032185887759726	-0.004456718903449355	0.25144709240435614
0.35035402444169694	-0.004675103008880729	0.2513881284785948
0.35036715500942067	-0.004715377490528458	0.25131246827927
0.35024482448867966	-0.004745974600890282	0.251299712122031
0.3499997404732273	-0.004782770414445872	0.251276074614453
0.34997138472235695	-0.0047575891729075975	0.25126695488330875
0.3499874274456723	-0.00471172612042213	0.2512574495483582
0.35000318573727207	-0.004673635999917977	0.25125281845185243
0.35000874754643024	-0.00465939183126006	0.2512508963223202
0.3500113765938979	-0.004652643653590374	0.2512537465938881
0.3498316294883848	-0.004677192760128873	0.2512375265518413
0.3498060007868491	-0.004678138814203828	0.2512354602000343
0.3498073276742529	-0.004673988254500619	0.25123408834844835
0.34980827477901005	-0.004671646966075291	0.25123326272529134
0.3498094982283871	-0.004669311767053305	0.2512318788083989
0.3498126225993099	-0.00466251845653072	0.2512290952659515
0.349814731909556	-0.004659411890609824	0.25122715036580623
0.3498151769762766	-0.004658227309008958	0.2512266149467095
0.34981732505940183	-0.004656229125294634	0.2512253918448995
0.3498192371371474	-0.004654106384183329	0.2512247113745627
0.3498193419050079	-0.004653360836527107	0.251223956651357
0.34982136866179236	-0.004652111271572015	0.25122277871684195
0.3498213512703781	-0.004652556700329033	0.25122378490929503
0.349822607803989	-0.0046520539043177905	0.2512237217027516
0.3498239630641945	-0.004651073834653616	0.2512223205956816
0.34982349043947286	-0.004651474040470824	0.25122217451643963
0.3498244240801973	-0.004651148210001441	0.25122197684780256
0.34982440691119626	-0.004651445114343886	0.2512221270184083
0.3498235909782725	-0.004651431920883228	0.2512214012776667
0.34982452446041773	-0.004651799098608508	0.25122124611114627
0.34982396713031794	-0.004652705626377915	0.2512214001137595
0.349823961552381	-0.00465279032597142	0.251221130709095
0.34982431733619007	-0.004652475433633826	0.2512212343116095
0.3498243172745701	-0.004652000620822785	0.25122097259807696
0.34982358085459625	-0.004652788809322753	0.25122074708708064
0.34982412827619913	-0.00465243182112747	0.2512182627774203
0.34982836845282417	-0.00465326872227291	0.25117416078286403
0.34984791585001757	-0.0046529606039067	0.2509836275884074
0.34971774519930443	-0.004691266397678487	0.2508553576159269
0.34972613062215957	-0.004692603211463323	0.2507974195275303
0.3498438064992378	-0.004619799563324908	0.2506778885302191
0.34988373612543827	-0.004685005427708791	0.2506225903752679
0.34994756557089157	-0.004930830305612935	0.25074798274035015
0.3500621983103182	-0.005203738380979914	0.25088920693183786
0.3501172571952144	-0.0054579461187512085	0.25092311797783384
0.35015671619344	-0.005724895273824124	0.2509261323984157
0.35019882449780504	-0.006064226743895715	0.25088160901140377
0.35020724416762716	-0.006318619818969071	0.2508607671616466
0.3502307144197524	-0.00655424450660351	0.2508411681518037
0.3502582080439967	-0.006786924592839402	0.2508185266884756
0.35027407108947284	-0.006893190192394413	0.25072348768075836
0.35028565704883363	-0.006906306969106948	0.25054801692862305
0.35031893540701003	-0.007029213289561201	0.25042416413594165
0.3503517421001271	-0.007236093490573733	0.25050446996635595
0.35037766143239885	-0.007391205865426367	0.2506022251692892
0.35038440689864525	-0.007411213620573745	0.2505699145976217
0.35039258490013386	-0.007419520381936287	0.25045355565971683
0.35039267960097076	-0.0074294942141132775	0.25035242700117616
0.3503868283423827	-0.007434547618644663	0.2503455014297617
0.3503843018237803	-0.007436246005751698	0.250344199402273
0.3503831799578048	-0.007435335651713601	0.250344189205122
0.3503831422423178	-0.007433635335936925	0.25034312494653865
0.35038265137458985	-0.007432158801068914	0.25034311541726595
0.35038730085135744	-0.00741915822014437	0.25034036531079573
0.3503944051567305	-0.007378271340811968	0.25032763843892947
0.35034692865695144	-0.007409926650370116	0.2502943772545647
0.35034817630002807	-0.007407187033168852	0.25029161851317094
0.3503556930161295	-0.007399329818762582	0.2502989863676133
0.3503597264771828	-0.007394540869100116	0.2503062004207137
0.3503617354313732	-0.007392133457313085	0.25031172468828256
0.3503692925009273	-0.007382786810663025	0.2503250377855236
0.35038582432818105	-0.007367300212072533	0.250332182512209
0.35041145174579014	-0.007344349290196714	0.2503386846963216
0.3504163032485715	-0.00733835273905907	0.25033896475852213
0.35041944182095786	-0.007334056188045099	0.25033679574817025
0.3504205145688657	-0.007331189619621467	0.25033601463740973
0.35042196248563345	-0.007327408147438805	0.2503321951373622
0.3504215866843377	-0.007326928432441301	0.2503323516329015
0.35042235229105123	-0.007325686313815652	0.25033013646462443
0.35042196041797025	-0.007324497143983158	0.2503290333951469
0.35042269554260547	-0.007323721326224622	0.2503271474670173
0.3504220198297245	-0.007323752567938616	0.25032659877477353
0.35042207908477113	-0.007324191633991631	0.25032583986335766
0.35042198563427496	-0.007324282656107503	0.250325231690491
0.35042223004907924	-0.0073233158722524755	0.2503237312698946
0.3504212970904912	-0.00732420867414714	0.2503231974618457
0.35042123125203095	-0.00732580179341584	0.25032463416460443
0.35042123330278857	-0.00732377023241608	0.2503229059839666
0.3504208268854866	-0.007325723596698794	0.25032282508363
0.3504205153484035	-0.007325886732779965	0.2503209724885328
0.3504205153484035	-0.007325886732779965	0.2503209724885328
0.3504201721207282	-0.007326005375313263	0.2503209543552527
0.3504205741835243	-0.007326461985072655	0.25032085133540294
0.3504203552236256	-0.0073267026221908865	0.25032010716857434
0.35041917667852096	-0.00732770177863061	0.25032046650805806
0.35040857152361404	-0.0073287465547901415	0.2503183079765827
0.3501990177727941	-0.0073604185690529095	0.2502964320856529
0.3501348032484794	-0.007263782665918553	0.25031578212308603
0.35020332107774776	-0.006979605720570783	0.2503667793664378
0.3502665496449893	-0.0061674344197871905	0.2504041142566044
0.3502342168345363	-0.0056948654555504935	0.2504570949270921
0.3501897358496828	-0.005010918277920676	0.2505240502716239
0.35021364572253577	-0.0038730034886029635	0.2506790391761655
0.35017574415588	-0.0028544374516970145	0.25087647520359646
0.35005990470447923	-0.0015348636690946799	0.2510944558287753
0.3500349128124122	-0.0003258568265710887	0.25134954552246513
0.34996501132570296	0.0006694294064937406	0.25156074220665436
0.3498725663318399	0.0025585788091207345	0.25193544450969774
0.34976128684774066	0.0038310534706961913	0.25217424260533033
0.3496744077525525	0.005294470695408907	0.2525292646064228
0.34957345043283283	0.006770474735698348	0.25279754309541125
0.34945075846329404	0.008072227827678816	0.2531219412529728
0.34935080264835483	0.009803246187935002	0.25351674200218455
0.34920798600178526	0.012184682256935461	0.25388341861994973
0.34921040711993817	0.013901111798762397	0.25401996494897283
0.34923549989856756	0.015144655370508117	0.25403389196994436
0.34925976866726843	0.01731158807806084	0.25411016242002993
0.3492809332983371	0.020703134671366683	0.2543063496844704
0.3491907662216001	0.02190315345223985	0.2544287959062349
0.34919182030998763	0.024739799567117318	0.2546239661103224
0.3492297286384597	0.02594955357728658	0.25461830335816066
0.34922035581650657	0.028238207346920466	0.25471024744750664
0.34920598039668116	0.030817390125200753	0.2549448497252502
0.3491515479869643	0.03347334669752351	0.2551003016363681
0.3491697908594709	0.03546534740769196	0.25517999803613645
0.3491472861264113	0.03874010185091682	0.2553660620564499
0.3491178516995573	0.04095809729606294	0.2554423894009724
0.3491328471856102	0.04212672528231569	0.25548147834744217
0.34907471396370277	0.044312246304955324	0.25555774460092656
0.34907840979228066	0.04768540129072156	0.25573335226791905
0.34907402028786977	0.050686889891195366	0.2558250260039673
0.34906513201123085	0.05263300978919237	0.25586419421204
0.3490452179507314	0.05481061840319772	0.25592534412663004
0.3490724858783472	0.05727814025312257	0.25596567131533354
0.349022786756786	0.05940821632721156	0.25600095606222173
0.34907230947526885	0.06177069253909585	0.256006736153511
0.3490027562805895	0.06443423297924426	0.25604584722028495
0.34896298434093087	0.06758253038782101	0.25603488254689105
0.34902189249461935	0.06893118073915226	0.2559560063324335
0.34903512465724534	0.07149318432637132	0.25587500184224
0.3490053801763539	0.07311982778562647	0.25584439592212804
0.3490380516005664	0.07547547047026697	0.2557752326780145
0.34902039244538124	0.07817383620319403	0.2555532296275931
0.3490352610406339	0.07944417971132352	0.25553924330119515
0.3490099397282471	0.08154501706879021	0.25534721590513476
0.34903501484650146	0.08506363769246574	0.2550468646270717
0.3489965421379129	0.08672051571320248	0.25479937548659864
0.3490253041167059	0.08851730500285772	0.2546464405593346
0.3490273452012538	0.09020525319236757	0.2543420709109908
0.34897411791033617	0.09200170573656034	0.2541107780801407
0.34900669882196744	0.09301934767299698	0.25384888694585683
0.349020442071608	0.09595160397287324	0.25325236405984614
0.3489729857167233	0.09688925483516135	0.25299585704801825
0.34896480382922596	0.09857875334551706	0.2525623311826498
0.34894837846838894	0.10019775330805643	0.25205346951196245
0.34900890970910287	0.10135263776605914	0.25165394879863945
0.3489832625710833	0.10214775656837204	0.25141450086543643
0.3489594565312607	0.10339464405773315	0.25078430802487095
0.34905066996199197	0.10459609145451725	0.2504165654994034
0.3491751442378002	0.10654111799170664	0.24931710568279966
0.349242604787308	0.10755915023258418	0.2487149336892765
0.34929093393231614	0.10827064469019158	0.2482397601970654
0.34936384744808746	0.10922189213757301	0.24771339503239284
0.3494883309014403	0.11071394641442055	0.24669660859391146
0.34962601830055234	0.11231921834826016	0.24550448574814276
0.34972733278461116	0.11345909317536883	0.24474490030880927
0.34975138930530564	0.11464856869748948	0.24396368850318426
0.3497846945372947	0.11549147147998327	0.24329063922992647
0.3498575686933381	0.11678071238529004	0.24238109248680137
0.34995345639147774	0.1180083149591276	0.24147353365038216
0.3500375740475261	0.11971684732175632	0.2401824941325062
0.3503215416297653	0.12174526875114693	0.2385309976774393
0.3503857312356533	0.12281605298835986	0.23761701116123649
0.35046646750367594	0.12371145923340947	0.23695733147531273
0.3504815135539388	0.1246153608176299	0.23609377874507037
0.3506712795710451	0.12588089192217417	0.2350387723979194
0.35083965706571996	0.12750914808875413	0.23362855423825046
0.3510137361797343	0.12859769843080382	0.2327195380889355
0.3510301353697201	0.12949348056693727	0.2319654154613808
0.35111148717440566	0.1307303104860102	0.23114476456717575
0.35106631885364625	0.13113306587631207	0.23082846263024032
0.3509071779298478	0.13227508246539155	0.2302363171443572
0.3508412447508605	0.13249906855498955	0.23021241241725607
0.3502310422075541	0.13288173733165137	0.2301565774541227
0.34980803786586484	0.13298588402733102	0.2303020870798392
0.3493182914034538	0.1329129493317975	0.23059412559062387
0.3481099354084742	0.13239564678883425	0.23129774255971433
0.3475480836363093	0.13210258441652126	0.2316171124143237
0.3463623610401209	0.13156733407132876	0.2321357337733719
0.3455961440289721	0.13120060245888	0.23262332589226847
0.3450216835705818	0.13095866869183076	0.23289062476861053
0.34368712264467693	0.13039214092260237	0.23347870114573974
0.3425206660724623	0.1298761308531629	0.2340632015933529
0.3416945183116045	0.12958607085342355	0.2342913765333435
0.3403093037865195	0.12904758926813314	0.2347580291266157
0.339071820879724	0.12851785501171448	0.23516483128492688
0.33781952265064524	0.1280405720331469	0.23542339721770988
0.33559566872881574	0.12719152439744447	0.23582785698000933
0.33462853108265794	0.12685811739288885	0.23596113270817712
0.3330134351663429	0.12623799167091385	0.23613434680051942
0.33029098780652455	0.125317209274997	0.23617576902944282
0.3282194032786481	0.12456774261833381	0.23622267402428687
0.32620568155424845	0.1238443108760841	0.23628298205878367
0.32320308009116	0.12277356120515479	0.2364167924563914
0.32081037652412114	0.12189360523584622	0.2365040343349695
0.3192878507822869	0.12134710492688813	0.23650081057230377
0.31654584614846826	0.1204382653250173	0.23645960941460017
0.3127166991176788	0.11927680808876978	0.23641317841679071
0.3101091131799764	0.11854678460032371	0.2363084101041812
0.307089334291533	0.11770107189487083	0.2361711263984117
0.30579663934865	0.117340921115001	0.23610408989232956
0.3035598046661945	0.11686007376205644	0.23585190918247392
0.30241436030522245	0.11667413023224182	0.2356652844387227
0.3019213906555963	0.11663139999680222	0.2355498367068356
0.30169580908482896	0.1168435808205418	0.2351902295495557
0.30205194198683244	0.11714821930725769	0.23491544608776557
0.3026788089856592	0.1176210800874695	0.2345284840110745
0.3032266081434019	0.11785212984572171	0.23421613335925195
0.30350411945473005	0.11795866883950078	0.2340947077405393
0.3044228494489081	0.11851982577728827	0.2335007687716434
0.30484796719081936	0.11885076670837046	0.23316595038906912
0.305076437707047	0.1190210912789529	0.23300679976265995
0.30532295553517924	0.11936347267466887	0.23261603664490438
0.30575562766023395	0.11978115097537184	0.23226343109422332
0.3061628089362606	0.12017352571372264	0.23196632322208266
0.30669483933216773	0.12072417556522963	0.23154102366783474
0.3069478754532394	0.121032096028027	0.23129014811313353
0.30747121844776976	0.1216341993349546	0.230830136402951
0.3076756218091878	0.1218855586211147	0.2306369053740464
0.3082060708929862	0.12247775491511896	0.23021579030898026
0.3084850901286989	0.12286546645566793	0.22991151751100863
0.3089792382926762	0.12350627728999634	0.22943439883572986
0.30930584377427106	0.12392670344871884	0.22913206794161037
0.30962005598652526	0.1243157703318934	0.22885772858815462
0.3099404011487406	0.1247133670573357	0.22859121272759997
0.31036498437577087	0.12536416957924573	0.22810173053325242
0.31053727091674277	0.12559657261847196	0.2279389884293021
0.3109754406422187	0.12617510889512445	0.22754270221897407
0.3111488565150097	0.12642046976961174	0.22736658189047454
0.3114398143373652	0.1267924607217737	0.22712194680966274
0.3118113653592944	0.1272760968717076	0.22680558763981984
0.3121450803058155	0.1278801109018811	0.22635059613211256
0.31256310862402203	0.12845973712836553	0.22596913893288942
0.3128590138611765	0.12884985727937487	0.2257162397139737
0.31307404863445365	0.12912880691062817	0.2255384471073962
0.31345121894805655	0.1296646223913216	0.22518877233652762
0.31367749301816433	0.13006769275026137	0.22490108824526206
0.31396923286242884	0.13053299073376903	0.22458114247484467
0.3143585128410718	0.13111132444048057	0.22420625526970123
0.31450430713281086	0.13132427096396165	0.224069416900965
0.3147328048012909	0.13168912902194824	0.22382476906549967
0.3151149710337116	0.1322169631591651	0.22349771156257703
0.31548405716973327	0.13278732979946728	0.22312875296579004
0.31572825422204537	0.1332263047253796	0.22282148053576
0.31589104297260834	0.13349109663814998	0.22265145886209056
0.31613196844451513	0.13387672668827955	0.22240742105263744
0.31633671099461513	0.13422916489201378	0.22217234492412935
0.3165570107587669	0.1345698575971384	0.2219577842858615
0.3170077213050315	0.13521235359787936	0.22157841915920717
0.3172804385410048	0.13559268169583127	0.22134762138515507
0.3173973635236551	0.13572335978438566	0.22119119480933475
0.31754494338436234	0.135751414997748	0.2209396207047384
0.31782442359121665	0.1358176325350861	0.2207454355730177
0.31842005674227436	0.13593238164160548	0.22052667239723758
0.3189337383404311	0.1359977232695922	0.2204599495517695
0.31936592874874925	0.13602376335942967	0.22037721208415156
0.319738761123357	0.1359895697283785	0.22031545212229303
0.3200813785068395	0.1359481733395892	0.22025988703635332
0.3205217079440087	0.1359834660721512	0.22016764204787043
0.32099350092881024	0.1361117242202444	0.2200443573316107
0.32127282600948687	0.13620296151041708	0.2199705308226622
0.32183223131668315	0.13623825198045417	0.21985750938344653
0.3222504984686885	0.13620749249780434	0.21978667836082988
0.32279286760926257	0.136340219921799	0.2196520981069697
0.3229971420611745	0.13638495253187194	0.21960239780787155
0.3235705788089898	0.13655837608097177	0.2194550222334407
0.3240404974447991	0.1365841463041275	0.21936318893099246
0.32448426620583753	0.13660120704665024	0.21927870459063442
0.32491910638243915	0.1365948565245106	0.21920072338924484
0.3253653711705146	0.13670086770217899	0.2190921311333864
0.325728303253029	0.13683947077248432	0.21899016909728977
0.32631066543096693	0.1370035291900834	0.21884121190761122
0.3269377738033943	0.13704708100742893	0.21871514738594894
0.3272304718858504	0.1370638829848053	0.21865683346535317
0.32768280403771444	0.13710612890097937	0.21856403715639608
0.3281330055273074	0.13723203601084905	0.21844883028471015
0.32870385685868947	0.13745826000453357	0.21828669001369147
0.32910013757885764	0.13750703078960608	0.21818720850000525
0.32945239656088393	0.13749871625938284	0.21807571390506475
0.3298103319132966	0.13746997468440414	0.21798233403909692
0.3302410206482744	0.13753893819956872	0.21788380138381874
0.3307501850892348	0.13777051556315167	0.21773107011008797
0.33099336609529306	0.13787506816369047	0.2176614644925291
0.3315755826179201	0.13794185199493839	0.21753822524345087
0.33200033826488745	0.1379867591441184	0.21745032947428677
0.3324284345375652	0.1380234861704991	0.2173635893255092
0.3327389512022966	0.13805296220274682	0.21730079652784057
0.33310209766079596	0.1380866463394072	0.21720846867476937
0.33332364600329273	0.13820629468072815	0.21705600760903895
0.3337830015329722	0.1383261818126627	0.21692014099767992
0.3341436915098334	0.1383421403724792	0.21685086502725534
0.3345246466949726	0.1384042630694522	0.21676879158825618
0.33485936873476263	0.13843926744757157	0.21670082725084716
0.3352838631800218	0.13844124946510725	0.2166240812734827
0.3356010360228612	0.13849409531521226	0.2165548249114078
0.3360278598284553	0.1387253140428233	0.21641922916045797
0.3364383401976763	0.13887181617106104	0.216313541494344
0.33678856400053897	0.13900905113730605	0.2162230523637506
0.3369580283315821	0.13915201679613376	0.21616241871742148
0.3374374744673744	0.1393808185288514	0.2160259362415675
0.33764380946530076	0.13965507033010796	0.21588022678391822
0.3377879645131779	0.13980905865947874	0.21581296263143043
0.33813016838390564	0.14014286654425617	0.2156797309782675
0.3384273974554957	0.14042915630610803	0.21556654661027477
0.3388142954200006	0.14080457517552436	0.21541964258584423
0.3390707676443027	0.14105487613970613	0.21532147152980138
0.3393007338690452	0.14127782490306412	0.2152346371406172
0.33956656495018805	0.14153992525668924	0.2151321677756053
0.33977267435618663	0.14174360053146356	0.21505382737368997
0.3400391994402011	0.1420076741615155	0.21495187298109508
0.3402969782591059	0.1422945286185406	0.21484916027171036
0.34060070321316366	0.14269864823324835	0.21471837220762535
0.34080025214933185	0.14296532741133267	0.21463212473614374
0.34102276504614976	0.14325174477635438	0.2145368318773213
0.3411737002242043	0.14341474267330312	0.21447732488458623
0.3414865497722748	0.14373413411692249	0.2143554988156528
0.34182241118328904	0.14415188665098383	0.21421491491959016
0.3420515792751813	0.14445723384957646	0.2141143364317493
0.3422229220309921	0.14469473950916345	0.21403756939107055
0.34234041694826134	0.14485441570671015	0.21398556085815676
0.342753179303797	0.14532823548003737	0.21381701805379333
0.3429508797195532	0.14554833794654498	0.21373674866098893
0.3430503000643702	0.14568572732625418	0.21369282264692904
0.3433442092695921	0.1460903096805538	0.21356104301592624
0.3435221165738156	0.14633578608763131	0.21348044360969
0.34363628877013336	0.14649658203846413	0.21342885263471742
0.3438968437025885	0.14678399177424079	0.2133235549029389
0.34411086939746965	0.14700763247244358	0.21323936816249678
0.34429790806867105	0.14724787645786186	0.21315800306951435
0.34444631297885087	0.14747446281458504	0.21308675103630767
0.34461442003255943	0.14772564347503142	0.21300707380101094
0.34473279418696995	0.14792192168879037	0.21294679684173834
0.3447346820564235	0.14792756059825093	0.21294532814517764
0.3447348089314038	0.14792731598676842	0.21294535534399026
0.34473481427201713	0.1479292874125035	0.21294546308766266
0.3447242183364034	0.1479726319167509	0.21293921878624258
0.3447169935009156	0.14800271552862393	0.21293517748657356
0.3447159394353655	0.14800797533461654	0.21293498896307683
0.3447150941449799	0.14800828433450108	0.21293558141077026
0.34471373319178344	0.1480076635109807	0.21293592130287042
0.3447125794620247	0.14800866471003044	0.21293547942633634
0.34471275340688123	0.1480060949868024	0.21293596412263086
0.34471173558931106	0.14800600425684357	0.2129361289614902
0.3447119299668647	0.1480051416287563	0.21293672896826482
0.34471077276557277	0.1480042981888197	0.21293668444018943
0.34470991397084616	0.1480019487112061	0.21293725556292564
0.3447094595140558	0.1480010654455664	0.2129375567021045
0.34470948965764675	0.14800189166084726	0.2129373909998015
0.3447088189704212	0.14799926877438846	0.21293849369213225
0.34470830364842286	0.14799922316205483	0.21293848465556267
0.3447078771456934	0.1479989733135743	0.21293778513089384
0.34470692828407107	0.14799678383634948	0.2129388198789973
0.3447072181948879	0.14799665286177333	0.2129389276949855
0.34470711697130757	0.1479965754482167	0.2129388566756911
0.3447069814457032	0.1479956001765071	0.2129395194651795
0.3447067319104839	0.1479951562000794	0.21293977250053206
0.344706433784432	0.14799547054732787	0.212939151582912
0.34470708858930266	0.14799477052710133	0.21293967865579705
0.3447069132747508	0.14799522884934485	0.21293962220805665
0.3447064757827429	0.14799461625867355	0.21293982354769928
0.3447057155888009	0.14799466632448743	0.212939419279222
0.34470683872598035	0.1479936251979668	0.21293996538362564
0.34470644237860704	0.1479939818248413	0.21293988215872928
0.3447070504937628	0.14799393184487225	0.21293993437846817
0.34470615256078274	0.14799316786856118	0.21294016296103432
0.34470619917582496	0.14799410216275422	0.21293992739067594
0.344706575038657	0.14799370421102803	0.21293993195950095
0.3447063346794073	0.14799260650974455	0.2129406464888944
0.34470707023640973	0.1479939412970634	0.21293993447894444
0.34470601555465546	0.14799305793877676	0.21294016950760536
0.34470624304520187	0.14799290720285474	0.2129401959675667
0.34470629563435506	0.14799309706149488	0.21294058166073093
0.34470662285510373	0.14799305190313808	0.2129402144804983
0.3447055876653202	0.1479933060432413	0.21294019778808934
0.3447060281130975	0.1479926711963421	0.21294029111386106
0.34470660721549906	0.14799294568758095	0.21294021486390766
0.3447067817337338	0.14799305783379774	0.21294008462894493
0.3447067393938109	0.1479931042594977	0.21294061600225667
0.34470603756265705	0.14799253932888665	0.2129403052259408
0.3447061103860523	0.14799318481700918	0.21294014616629825
0.34470650681926585	0.14799205054252385	0.2129403077213149
0.3447066110479222	0.14799190488888658	0.21294033911797278
0.3447065666965182	0.14799285122055894	0.2129405544090431
0.3447074861368356	0.1479929390780003	0.21294039671132267
0.34470590490423547	0.14799281694341632	0.2129402554248251
0.3447062430452018	0.14799290720285457	0.2129401959675667
0.3447068400662318	0.1479935570790369	0.21294034346817628
0.3447074069879949	0.14799309134714533	0.21294036855859486
0.34470730430114793	0.147993538435187	0.21294032501152615
0.3447065806805116	0.14799306885142444	0.21294019768541045
0.3447060871792144	0.1479923385702806	0.21294031441588562
0.3447074612318839	0.14799349921203042	0.21294039698116712
0.34470606227451217	0.14799198552024334	0.21294036341643124
0.344706319196103	0.14799258328075557	0.21294022233548002
0.3447065676619172	0.14799293608853253	0.21294006039353455
0.34470738045193333	0.14799321451201014	0.2129403513791644
0.3447065401616905	0.14799297438465597	0.21294053723063552
0.3447059791653762	0.14799207935885544	0.2129402697336003
0.34470621983778976	0.14799206095596787	0.21294036421780088
0.344706269579929	0.1479927840395565	0.2129402131459045
0.34470713028885985	0.14799335490143506	0.21294039407123935
0.344706161632827	0.1479925078448381	0.2129402215340882
0.34470652126273404	0.14799320687433715	0.21294008005795864
0.34470689785477154	0.14799232201774254	0.2129406171248607
0.344706775505977	0.14799224968454067	0.21294063057907892
0.3447068004103982	0.14799260273462383	0.2129405815787204
0.3447062856121408	0.14799210396518464	0.2129402742589384
0.3447067101224891	0.14799142038720356	0.21294078203558908
0.3447066209230978	0.14799318173135212	0.2129405012519664
0.34470690816478416	0.1479919720704651	0.21294068038169953
0.34470697272586537	0.14799327946512314	0.21294039326949774
0.34470697272586537	0.14799327946512314	0.21294039326949774
0.3447066701080785	0.1479929053285145	0.21294052532265645
0.34470744865509007	0.14799234596387606	0.21294101628548767
0.344706725225061	0.1479930115247256	0.21294006119496475
0.34470735565278116	0.1479935779223555	0.21294072837283612
0.34470768805044144	0.14799335879679018	0.21294079577176553
0.34470668680472244	0.14799291440132173	0.21294023030889705
0.34470719951285367	0.14799300006215288	0.21294087749724488
0.34470655747341183	0.14799222260388611	0.21294036593556542
0.34470719551958257	0.1479928955595748	0.21294011271448574
0.34470635885142475	0.1479935376252826	0.21293998422475638
0.34470595282284655	0.14799310938094518	0.21294014536489136
0.344707236872453	0.1479933567072798	0.21293999385274986
0.3447068226697793	0.14799273080748238	0.2129400967407711
0.3447068004103982	0.14799260273462378	0.21294058157872045
0.3447076105559855	0.1479926561807735	0.21294043672706275
0.34470664284712743	0.1479925272986988	0.21294058077703193
0.3447072064396357	0.14799303097861993	0.2129404204389783
0.3447072493365612	0.14799282551340626	0.212940802938625
0.3447071731863761	0.14799314943575076	0.21294077657077692
0.3447063588514248	0.14799353762528256	0.21293998422475646
