0.3567607184902697	0.35553036599446475	0.1640345437576224
0.3567607184902697	0.35553036599446475	0.1640345437576224
0.3566593053158185	0.35196989805949985	0.16496400954366514
0.35662069311434125	0.3503858269663122	0.16539714003372974
0.35649565581341636	0.34798273813349845	0.16604469447861453
0.3562920678673754	0.34393456836512737	0.16716041873615145
0.35605513153182133	0.3408887176444282	0.16796967824538597
0.3559797495234895	0.3375754739182786	0.16871015906154274
0.35587777746879756	0.3336119328817798	0.16948725303587373
0.3557420013281626	0.32821011922090326	0.1705506379316915
0.3556117128721062	0.323821206635898	0.17141636741457789
0.3555145997518133	0.321343264187669	0.17190267482057528
0.35522433850007906	0.3149475543808174	0.1731006186805636
0.35508977965111377	0.31226840153718743	0.17359084966784213
0.3548592722223459	0.3076365612101008	0.1744322842933436
0.3544257920936279	0.30075843496755855	0.17559467712677357
0.3541983929076099	0.29750156730057004	0.17614376664727638
0.35377759764271105	0.29123396722093414	0.17717570124573426
0.3533734523714754	0.2858582574228909	0.17802800964172413
0.3527952323580661	0.27870107394724314	0.17909419069546006
0.3525381518139309	0.275634314115046	0.1795513086982798
0.3519684885566501	0.26885480239001147	0.18061861053096945
0.35175403399459015	0.2643447021335663	0.18145357761430697
0.35141269110835666	0.25704491097045795	0.18286198020979688
0.3511397430047179	0.25181491030538533	0.183810042517091
0.3508991733194887	0.2470892641818367	0.1846934310560603
0.350739543451074	0.24219449760417155	0.18566938344937445
0.3504560273664754	0.23506357766847752	0.18708322152375034
0.35021300085432694	0.2301922804574112	0.1879682288377032
0.3500622098704766	0.22729877285627959	0.1884928279431852
0.349809361411872	0.2211653509156128	0.18968671778275314
0.3496084565907652	0.2158994962502256	0.19071119607687775
0.3494572119286278	0.21164497343864586	0.19151144346013513
0.3491411799869927	0.2056405713599741	0.19259555630340763
0.3489505043156961	0.2014600580437273	0.19340791773889449
0.34889715008420685	0.19876779700526037	0.19393404927421237
0.348687383050964	0.1930941061466087	0.19503944769621143
0.3484623907861552	0.18755159088213338	0.196082034813406
0.3482007950108109	0.1836844848535103	0.19664790404286012
0.3479281926044494	0.18081116856194285	0.19706779461823523
0.3477520255906449	0.1781619538040098	0.19748848168098318
0.3474749414405924	0.17358212906453818	0.19819957165584545
0.3472784715647135	0.1700865045364119	0.19879572124093428
0.3471138008022497	0.16592827384915143	0.19957424719021125
0.3471473126333973	0.16438187303658927	0.1998663892006937
0.34711262603150983	0.16091841579166	0.20052436883727331
0.34717290034794307	0.15934763638017868	0.20081722843531638
0.34734592048395974	0.15714589073419274	0.20122764455384626
0.3474442734464189	0.15611341775264986	0.20143329372076516
0.3475666921500284	0.15434134580183206	0.20181304538173933
0.34760848430005054	0.1533507161157066	0.20205889546328296
0.3476870395166859	0.15248253750238983	0.20232150427173887
0.3477713904466447	0.152090096210101	0.2024412398392965
0.3479979563319738	0.15160503668477054	0.20264045381557283
0.3481332794135665	0.15161527686227838	0.2027076459976742
0.3482258175673278	0.15172710084433874	0.20241931051773737
0.3482647266756344	0.15186208701086965	0.20208090380815213
0.34861937501951035	0.15226492233254368	0.20107435029282647
0.34890979967012664	0.15255471323714423	0.20035108479483513
0.34941391486487744	0.15291014601252492	0.19936543294520753
0.34998255049000443	0.15316691244942635	0.19813771931012
0.3507192147309145	0.1536947616556127	0.1965449310701968
0.35131097587330173	0.15419885274409278	0.19520725898097474
0.3523167306080604	0.1552599480822247	0.19272896127247013
0.35295644352739847	0.15606128168443723	0.190981798890291
0.3533098956788231	0.1566304313513	0.18974010581783451
0.35393461771229756	0.15757001283014982	0.18797097983251998
0.35492460353287664	0.1590631074676358	0.18506872147595776
0.3558696272480932	0.16003595269396154	0.18260534950065582
0.3570051790934523	0.16113845977218494	0.17963993322156346
0.3576008003810836	0.1617189849916637	0.17821273004033925
0.3585075914255363	0.1626870172188321	0.17585944058505343
0.3597844431130686	0.16403151579767766	0.17241415418018263
0.36131169971388083	0.16551239537850682	0.16863279704161072
0.3620450948270795	0.1662628737354756	0.16678118568607364
0.3634823713011938	0.16782196895545198	0.16275654923508914
0.3645578716721932	0.1689439473847522	0.1597705597864989
0.3656655460731802	0.1701206309720511	0.15681664150888297
0.3664014384774598	0.17094035775900535	0.15474051258828941
0.36755879307380435	0.17217758304888292	0.1514422525004852
0.36866342656977846	0.17334612868906568	0.14838881900053497
0.36972586406527846	0.17449294416869682	0.14543899212274752
0.3713750444463906	0.1762501080815409	0.14078617080154593
0.3723327927746368	0.17733189531640747	0.1378769588306571
0.3740868248923748	0.17909269245196524	0.13302381345536785
0.3752331122645405	0.18033972553295052	0.12967760424056102
0.3757373008271372	0.1808677182950461	0.12812939787101257
0.3768908594969868	0.18210986107594973	0.12473045349124445
0.3784677103136759	0.18381585743643586	0.11978318948016237
0.37944869404309256	0.1848603633604735	0.1168351822889509
0.3809817495057154	0.18642962397889157	0.11222760913018975
0.38167827660480963	0.1871397385007061	0.11013429764888821
0.38266004209188764	0.18822520045992575	0.10707447328405312
0.38380544700743097	0.18943192609994036	0.1033418770504127
0.38543203765174117	0.1910821922472279	0.09818269304472504
0.3862788462338285	0.1919913266621669	0.09522555777216368
0.38714441208966766	0.1928745324670033	0.09229189096329976
0.38805099981958346	0.1938424246327281	0.08930166699130893
0.3888799772568422	0.19473620783486417	0.08604564357769262
0.389947640936229	0.19576357775352676	0.08242690502267269
0.390610146892427	0.1964883862986631	0.07982347886880142
0.3913487362846892	0.1972289424478002	0.07721353402079206
0.3923062657026594	0.19824545969764684	0.07334825131926648
0.3929860120255447	0.1988752976277503	0.07052838653893506
0.393301280606309	0.19920912747988018	0.06897382474829172
0.39394335329616814	0.19982214217828365	0.06633809175790556
0.39458894285594154	0.20052370433648475	0.06301630951786291
0.39518426499270654	0.20106527597032603	0.059986489901030726
0.3955423182700495	0.20143707370152775	0.0575087326850674
0.395702199025547	0.20157297245391037	0.05646769922597983
0.3960736841896192	0.20184523193472897	0.05387022620688048
0.3961793629081204	0.20194606730756787	0.05253127184163142
0.39621297313362047	0.20205655850787846	0.05105218790212995
0.39626109455861575	0.20212740471932134	0.04816149161921085
0.396175761656316	0.20219676454728114	0.04669967095678923
0.39613022013386767	0.20218445876404728	0.04588410031096879
0.39612301563716823	0.20208423529560737	0.04381301201731708
0.3961787605563013	0.20209346959208552	0.043069319382950666
0.396089027783891	0.2021567510915358	0.041208065193570786
0.396053099481818	0.20223854332853936	0.03925515800493945
0.39591989003489464	0.20226213577098345	0.03805670363876534
0.39591177277557393	0.20225633367854828	0.03726572688126534
0.3960855889038526	0.202289759048299	0.03566833993271906
0.3963283823094044	0.2023398936622665	0.034827404508242066
0.3965460687232226	0.2025392621797414	0.03333774089140451
0.39669335552218127	0.2026811445138873	0.032392990372915875
0.39677829207968535	0.20277890896694523	0.03167112465986727
0.3968749909953644	0.2028693114165671	0.030557621913970434
0.39694615623420176	0.20294203962399987	0.029600364101231402
0.3970351774653601	0.20310247078602223	0.028303677894354173
0.39707700510368765	0.203121577145218	0.02748876402650996
0.3970923006048647	0.2031165437789892	0.026939217661304526
0.39712288789138184	0.20323330781382498	0.025814128474829223
0.39711666319487327	0.20326023969911677	0.02499670857194114
0.3970504485839652	0.2033921963788537	0.023729316518390886
0.3970326801318004	0.2033793691244844	0.023062479807404612
0.39702134205156253	0.20339092374165751	0.022253098716500552
0.3969310673053875	0.20348697008394062	0.02143219534647922
0.39687513851296496	0.203467464269167	0.020994266104701342
0.3968026559252026	0.2034604964029339	0.019979699885989466
0.39668772306931976	0.20354868992285063	0.0190861597767662
0.3965908651487013	0.20350983392436744	0.018442937001232396
0.39649451765761723	0.2034869136508226	0.01782875214548052
0.3964409815010089	0.2034333642242923	0.017258933400033705
0.3963739290517765	0.2034339110923924	0.016867012156467798
0.3961351739058486	0.20342838049609208	0.015757747649393528
0.3960383602820283	0.20344693228640215	0.01516824656084148
0.39598529784626646	0.20341396187069793	0.014880518932074704
0.39582155109763517	0.2032781855730248	0.014238563618441169
0.3957048546448214	0.20320888096550488	0.013737338305540692
0.39563657094805404	0.2031794913416502	0.013448154776548815
0.39542971262484966	0.20310228896719446	0.0125550395605879
0.3953011587053809	0.20301748981345508	0.012112135592934337
0.3952348493496014	0.20272996409340616	0.011862001636006203
0.3951958764991758	0.20251123156338308	0.011694700462823837
0.3951456089305032	0.20212977752254047	0.011375284618343695
0.39509924803269025	0.20177130955385914	0.01112972617394975
0.39505849629076834	0.20146047250607618	0.010933407318139132
0.3950745062219081	0.20110414153914863	0.010727448330594858
0.39510888251298404	0.20066975869503412	0.010499678407993263
0.39507004289345277	0.20052147141770416	0.01040160006252061
0.3949066738804419	0.2002099754959264	0.010128446088410459
0.39472415641380226	0.200230402519616	0.00996075823737469
0.3945040568246237	0.20039093712506795	0.00979333302747204
0.39426833829117486	0.2005393363117856	0.009549126478470782
0.39408867180275364	0.20059957943615508	0.009363698438975165
0.3939438758753937	0.20060926302866372	0.009238950000834911
0.3937154436522848	0.2005476000631506	0.00908890848728755
0.3935302023245699	0.2005518642361071	0.008934007072162242
0.3934288656629624	0.2006330122757226	0.008802772918243107
0.39331386131182394	0.2007183535661745	0.008656804979849997
0.39310769148610947	0.20068871586823572	0.008507768618017109
0.39293563621727	0.20063901679051221	0.008397762146227061
0.39292299918638096	0.20064109086750576	0.008391068694010406
0.3927987106260598	0.20060884289567033	0.00831345489966967
0.39253932871722425	0.20058217755426988	0.008169967018636981
0.3923159299729824	0.20061163107459717	0.008068251530980841
0.3918595888707852	0.20063326437086743	0.0077826544625011485
0.3917989447027249	0.20076514142808632	0.007655876117493798
0.39172093050473866	0.20084334749149152	0.007543165427943865
0.39159402928277176	0.2008396272391056	0.007434421470676522
0.39152194281038843	0.20081503918563476	0.007388175069716785
0.3915164429668086	0.20081111027091647	0.007383431458189482
0.3915150843287769	0.20081311606489471	0.007382529001721594
0.39151385271336137	0.2008169910175343	0.007379988153907946
0.3915143295145867	0.2008165870245442	0.007378773079188994
0.3915129577652353	0.20082081986869205	0.00737648970265492
0.39159982093621887	0.20094268319161973	0.007373935282354083
0.3916226299981942	0.20097576352202257	0.007373076167421833
0.3916340912972402	0.2009976438475226	0.0073698250594650405
0.39163607246996834	0.2010081038147279	0.007365578663129313
0.39163711547673996	0.20101271344495403	0.0073637797432062335
0.391638621073618	0.20102471369659752	0.007358875675872456
0.3916366853450727	0.2010259132293249	0.007356664262053947
0.3916374284559347	0.20102788493743656	0.007356239974888934
0.391638270528623	0.20102814908917532	0.007356777153617378
0.3916390725333696	0.20102876149641624	0.007356860668183973
0.39164040445972115	0.20102695685936028	0.007357942373919735
0.39164147950243927	0.2010265523621218	0.00735783114790628
0.39164170337368587	0.20102715303794594	0.007358540536404945
0.39164083570818475	0.20102648171564136	0.007358670105299225
0.39164121911018757	0.20102687331619656	0.007358523074016465
0.3916419106330151	0.20102503466335087	0.007359044267639281
0.39164138778995944	0.20102307873240943	0.0073592666149334685
0.39164331587717216	0.20102416463609635	0.007360177208406649
0.39164304872468364	0.20102435777706645	0.0073601238387324686
0.3916428230734262	0.20102404593430062	0.007360124845568805
0.3916415267555121	0.20102282099977375	0.007359536463244443
0.3916411674063238	0.2010231136648324	0.007359159292793238
0.3916403960179424	0.20102176024306662	0.007359170746855992
0.3916412861898688	0.20102192621398574	0.007359592101694734
0.39164135753702356	0.2010206401155249	0.007360202346337719
0.3916410605379004	0.20102161437209032	0.007359593111538776
0.3916419122910335	0.20102092490833934	0.0073606030632153985
0.39164225808957503	0.20102007578734415	0.007360622158088692
0.3916417416410192	0.20102063936027648	0.007359893163617126
0.39168793104811594	0.20108607875850487	0.007359618543447244
0.39178558733149255	0.20121821274368695	0.0073596031267436635
0.39182107383859305	0.20126941526152814	0.007358582109869782
0.3918154874088938	0.20126455439201574	0.007357783212444513
0.39181296182294123	0.2012613873130049	0.007357559829957228
0.3918093363698924	0.20125423327812642	0.007358183140451391
0.391787918903404	0.20122415682802836	0.00735859592693866
0.3917849904419147	0.20121952677863614	0.007358337100260792
0.3917844984276777	0.20121975339708947	0.007358375522471594
0.3917856918974286	0.20122016995044667	0.0073588472772394
0.3917841880920706	0.20121985451005314	0.007358429403569733
0.3917159235538584	0.20119707289420846	0.007314895986382575
0.39159382884238675	0.20115322376681222	0.0072358671133300745
0.39135446175307304	0.2010583378518242	0.007078970292230757
0.3914402185453771	0.2012034354806349	0.007061215403709076
0.3914914474697166	0.20127915644749889	0.0070588781272626355
0.39157045381719546	0.20142905482894952	0.007045809797779523
0.3915665580626076	0.20143358459808225	0.007043386962884257
0.3914806508098528	0.20141471418776025	0.006996297917644945
0.3914798483700488	0.20147129890068627	0.007109202586837726
0.3917318547074352	0.2015260932741142	0.00835044469408286
0.3918077550372631	0.20154158231880592	0.010441456794328507
0.39190716021842376	0.20176691651320322	0.012386501776762482
0.39196070616015377	0.20192511350146847	0.01395231898863647
0.39226102516513356	0.20229701520871196	0.017780070808019688
0.39243450117222634	0.20260208467874263	0.020890344285363183
0.3925974639456537	0.202836498630946	0.02461731911131204
0.3927302300749444	0.20311007331688785	0.02830196211196212
0.39297588092264296	0.20359506008593098	0.034247154185213846
0.39312152278067825	0.2039551058507309	0.03909392746371271
0.3932721436014717	0.20423436672235257	0.04360274160624711
0.3933021160577253	0.20438889720159148	0.046743541565560265
0.39351670011354556	0.20486944584486222	0.05390518374521802
0.39371955314358387	0.20527468453206632	0.061244674974615
0.3937595532184027	0.20541224049312407	0.06434679356180062
0.39387398614570274	0.2057796681325506	0.07263841644054053
0.3939824602127837	0.2060029951482007	0.07817084507638433
0.39410498833759716	0.20620811613126355	0.08427748443677474
0.3942191203458139	0.20642520743114706	0.09095784776457672
0.3943401061168121	0.20662359766076144	0.09883973995399692
0.3943690395119674	0.20671567632346377	0.10486951162681724
0.39441647577221883	0.20676414371247254	0.10775657984582798
0.39455434173183157	0.20682757387744044	0.11879258733174419
0.39462929971423366	0.20679367708556107	0.12605346745489393
0.394655054452451	0.206747381876688	0.1291438508397394
0.3947606505231021	0.20662964404920392	0.13655004168008184
0.39481586719381917	0.20643688922584402	0.1425691622193752
0.39486680275394676	0.20609583001048737	0.15043527090913072
0.39489734768866896	0.20585648119586347	0.15445538905024847
0.39497100305869703	0.20540216357116292	0.16140265441359514
0.3950063155398494	0.20492971260889115	0.16632519844882027
0.3950759706330344	0.20427216665930265	0.17303606780899844
0.3951235492990411	0.20388992319424037	0.17593246780480165
0.395161436427922	0.20288371160660362	0.18251144934158453
0.39518867865692714	0.20212535560236172	0.18659877003426328
0.3952030584508558	0.20131195177899736	0.19039089449717683
0.39523362138045715	0.20047135171134361	0.19365534336098017
0.39516293689634546	0.1992838170644453	0.1971763547962612
0.39522200859244416	0.19813037736051092	0.20027801862684105
0.39517211208210373	0.19706476329136002	0.20242809080559476
0.3950875637443039	0.19567151989849635	0.20506954251850398
0.3947983315758324	0.1935953633883618	0.2082140332981457
0.3945643647491385	0.19143815307507872	0.21186287531003978
0.39482701649020335	0.1901270459137978	0.21401911899883194
0.39525876013426126	0.1892286832223626	0.21558078382904822
0.3961064360420431	0.18787233416194202	0.21807199959027962
0.3977062862608923	0.18662591058837896	0.22093700270372182
0.3990422145351677	0.18608465428636992	0.22257998293438142
0.4007001984053827	0.18576503879428063	0.2241581624433386
0.4027963234202969	0.18569113820636046	0.22576704834167327
0.40435490436344457	0.18581732876280865	0.2266460806077166
0.40659387492214294	0.18606865732118005	0.2278218594563333
0.4105406009072994	0.186114580561058	0.22976649653139408
0.4118854803262177	0.18602634743210125	0.23041334437555736
0.41394200617201105	0.1856797712695899	0.23138636187446565
0.4168623916928099	0.184873507299748	0.2326128513318522
0.4186719174413316	0.18414531456046598	0.23328624495704228
0.4201387679443369	0.18323997414450593	0.23370068644525546
0.42135169522391386	0.18249906786251774	0.23398122058832577
0.4220457803481043	0.1819806550574421	0.2341004820720307
0.42356456113273844	0.18060816423621312	0.23401370257989207
0.42464755179802954	0.17934025056143155	0.23364610179619938
0.42522035450386697	0.1786460408320102	0.23344702267107909
0.42637480398729216	0.1772553317699022	0.23284069408302793
0.42721704727644666	0.17561980032151117	0.23160686690227936
0.42755844210873106	0.17461237841255406	0.230518398949177
0.42795335329352785	0.17365640863785736	0.22941871306367528
0.4283481944963661	0.17261691831562637	0.22802835636946486
0.428589951450927	0.17195668557509597	0.2270471577007358
0.42895836572418683	0.17076640588614478	0.22484482714184745
0.4290476009838555	0.1697240737034444	0.22299609863100764
0.42894637699929195	0.16819357375146904	0.22067291097643216
0.42864876365837	0.16693665660931917	0.21894775664412683
0.42847218416942495	0.16610557850733054	0.21794289351159057
0.4278664170297741	0.16411196047944698	0.21567674938089287
0.42714511317223286	0.16228915816898604	0.213868570924492
0.4260587663704991	0.15966043902595048	0.2116328237896873
0.42550524185867156	0.15846853170870162	0.210703609517131
0.42419961473737655	0.15563106283688055	0.2088962916833456
0.42329250363084775	0.15352530081659382	0.20784900202588205
0.421898417241178	0.15013467027798516	0.20648418168414598
0.4210163191346928	0.14792157502889752	0.20592358599629923
0.4200289587507706	0.145257269268744	0.20544743925006478
0.4191535249125541	0.14286894250070153	0.2052611663348931
0.41816513628070817	0.14019018369477088	0.2053233681396548
0.4176155868967679	0.13873937050804036	0.20534667045171787
0.4159644908896251	0.13406587190627967	0.20602039826194518
0.41539225202941404	0.13253135296052387	0.20636678089034388
0.4142188252134369	0.12928571169253816	0.2075312268799036
0.41371897856665657	0.12803961862026442	0.2079155904904846
0.4123795255017068	0.1252702856491818	0.20865562269595614
0.41102709080352445	0.12284800571273215	0.20924529208956197
0.410358419469673	0.12168395939082989	0.20952711892185188
0.4092291205442883	0.11951453550820594	0.21014088446962018
0.40854195009224753	0.11806311991645356	0.21047300287489723
0.4077824538248079	0.11669673496573056	0.21086181672031293
0.40669568179549814	0.1152548369359831	0.21146111645925786
0.40607305719396886	0.11449983151608047	0.21174305773631089
0.40564130808191656	0.1140399780287606	0.2120298021963405
0.40530362011874954	0.11366388572673601	0.2123061432453413
0.40462528369415374	0.11296156778716158	0.2126332420309791
0.40384736168462965	0.11211793874403546	0.213215883930801
0.40323620105251723	0.11139157267923201	0.21360610993995288
0.40276824072860096	0.11086097809439181	0.21387764504513201
0.40230062367537645	0.11029572981690296	0.21430397457256015
0.40179997178938465	0.10975768459989464	0.21455762461042646
0.4011946617534281	0.10896096445229227	0.21505180311068378
0.4007109324239043	0.1083732953661218	0.2154121588265564
0.4001634912994888	0.10771853933074176	0.2158093322947445
0.39982225280142974	0.10727985253943965	0.21604464057097783
0.39954434996212146	0.10691011116428349	0.21633379864238936
0.3988425307831932	0.10602556894789882	0.21679237139838742
0.3984050251551745	0.10545176071696079	0.21722891519050783
0.39801799827133105	0.10498115324970288	0.2174889829721251
0.39738977477463094	0.10411007512665844	0.2179948307727359
0.397017589364511	0.10364148104822533	0.21824387921358746
0.3966092942530739	0.1031139258397042	0.21863725058830757
0.39621464388917055	0.1026225005797357	0.218852011094558
0.3957972250449487	0.10207972867163868	0.21916941217201028
0.3952950403603182	0.1013944499791558	0.2196235985328779
0.3948549706677031	0.10080973431368835	0.21992052496708017
0.39461532171367386	0.10049739635225159	0.22008901418378324
0.3941274109866512	0.09984804398940346	0.22052834472972718
0.39376660560340204	0.09937570010598133	0.2208238436236883
0.3933874092092594	0.09883535519319923	0.22108411872959247
0.3928120219698709	0.09808700360539586	0.22156796860047973
0.39263069691194763	0.0978621826564919	0.22173040443141762
0.39207417411088963	0.09704502682041861	0.22224474681816836
0.39173968894752187	0.09662643066125436	0.2224266125467969
0.39151371974268967	0.09631356318203262	0.22266721107899295
0.39122531219608536	0.09589021500226692	0.2230265730066787
0.39067086725308015	0.09518738982183596	0.22338143626468404
0.39031452783958426	0.09470678928788111	0.2237288235890997
0.389970660693621	0.09418805581750563	0.22409784638615493
0.389603426011491	0.09368288631908551	0.22443760399404786
0.3892173570913858	0.09316112503885803	0.22478466962165977
0.3889517976218712	0.09279649684999873	0.2249965262619117
0.388603335836548	0.09231850187383346	0.22538508364349624
0.38815265442326075	0.09169597304877238	0.22581581163797465
0.3878272309180925	0.09124330551751701	0.22611828846908472
0.38764112903501663	0.0909597134660682	0.2263428398327753
0.3872445472247695	0.09043366471247778	0.22672914925418666
0.38681033128666187	0.08984276779535479	0.22723625966920583
0.3864606801219158	0.08937603300229939	0.22751134275406013
0.3862951564669034	0.08915054954709399	0.22768406458723478
0.38590602254358597	0.08857411367403285	0.2281882964534995
0.38564153826651243	0.08820837416156145	0.22847827986976527
0.38534231971688315	0.08780678096302631	0.22880283945306412
0.3848829494326624	0.08718723281515532	0.22925499468466132
0.38464227211479546	0.08682443967518062	0.22951764983248624
0.38437928183613257	0.08622103109153752	0.22990976265520136
0.3840867516968545	0.08541386249833478	0.2302657428881211
0.3836027804629761	0.08441906826446664	0.23061107159871508
0.38316794993885955	0.08362637429855534	0.23087875863714297
0.38245107926218186	0.08176548911130514	0.23151498043919805
0.381988406967571	0.08061566591445522	0.2318008178501457
0.38149682859199685	0.07930045258024555	0.2321877476041756
0.38094994000920457	0.07776442230145593	0.23267154451962369
0.3805616506502747	0.07679428787268151	0.23289742143946482
0.38005490503656125	0.07532287564113803	0.23338221073453883
0.3791449334432126	0.07291473900849617	0.23399536757535497
0.3785552588189631	0.07124516691180645	0.23452318107135817
0.37759845952426624	0.06873088879090232	0.23517315026860106
0.37695566225041577	0.06702785299358786	0.2355640009098707
0.3762950420319438	0.06526662078367997	0.23602899868983407
0.3757614562662926	0.06401168315225624	0.23641890645457048
0.37514230418475825	0.06230869066607157	0.2368084966156725
0.37407162342114236	0.05959507800098117	0.23746866511317458
0.37311050343834484	0.057166953906170534	0.2380393667963838
0.3726238375360541	0.05594266101220506	0.2383680130113803
0.37175335605395077	0.05376375182545655	0.2388683336897267
0.37083729810690097	0.05161565434150643	0.23931603719738587
0.36995310668329867	0.049504832871708745	0.23978890202343708
0.3695098080205239	0.04842342525642988	0.24000068465743232
0.3680074609098334	0.04490453259115461	0.2408298497175779
0.36721238094541325	0.042827028364070166	0.24131594590538458
0.36672402855226216	0.04138735082537166	0.24158125075146766
0.3656490709115143	0.03847709767892617	0.24227969382886919
0.3652463446246013	0.03732681807749387	0.24251337628094444
0.3639656191006235	0.033734949695263375	0.24340744337951736
0.3635040004959725	0.03247050868408881	0.2436782968704191
0.3626825795545557	0.030172148813137165	0.2442241629270786
0.3617399844207619	0.02751927000662925	0.24483206961600218
0.36096872388353063	0.025444455470767166	0.24528754853630622
0.3602404971141313	0.02329032086706588	0.24577823938153015
0.35931344927801145	0.020679840382619705	0.24636431020310748
0.3586288158644914	0.018646411443655295	0.24682337645108254
0.3579611954284532	0.0168146321017094	0.24726228823212312
0.357564476568612	0.015641806374084424	0.24746309024666027
0.35694351007025793	0.013891014993851994	0.2479159885779111
0.3558910560470843	0.01084543307044962	0.24851309688275577
0.355370111639846	0.009413206549557268	0.24884828170687623
0.3548227286638069	0.007777980995170533	0.24917029073311808
0.35427638815856044	0.006241414018137284	0.24954066109470327
0.35385002336909144	0.004866001429077074	0.24976587946759077
0.35307204198708686	0.0027827533371079377	0.25027110493310534
0.35285138401276844	0.0020152758685119815	0.2503786240951469
0.3520072885424306	-0.00034975510859432124	0.2509589355151679
0.3516948559279642	-0.0012197465710490768	0.2510366041170117
0.35121516511850054	-0.0026549839987244223	0.25134227099677386
0.35086090488459803	-0.003630092987632824	0.2515964771359892
0.35067956773193815	-0.004144475325597488	0.25166227168915223
0.35036043382608173	-0.0051925846302023765	0.2517756358519657
0.34999732252958193	-0.006036476473618116	0.2519598509020349
0.3497569730196793	-0.0064122597926575126	0.2519594483224167
0.34967536223801415	-0.006549172467872608	0.25188074799949445
0.349704617082737	-0.00654096350400156	0.2515876857766427
0.34972802042612666	-0.0065054522642451346	0.2515128434675616
0.34973785049624334	-0.006469278719925406	0.25149927718022413
0.34958984663409653	-0.006462449155019076	0.25146765803071125
0.34932209210823234	-0.006495905749567002	0.2514285918021864
0.34928666367879463	-0.006496465218559996	0.25142016527727334
0.34931234072646383	-0.006437296079077795	0.25139521489824224
0.34933036491309927	-0.006402481345667052	0.2513837075916548
0.34934582518209406	-0.006374643015289491	0.251375115997057
0.34935027829951404	-0.006369490352996068	0.2513745076801434
0.3493559993005229	-0.006360635041493021	0.2513729353993612
0.3493607082809317	-0.006354328539050394	0.2513720168053948
0.349361960015704	-0.006351639581963289	0.2513713555384018
0.3493635222291607	-0.006348901623333222	0.2513700542347772
0.34936441482428066	-0.006347594804262571	0.25136996970442405
0.3493673913001547	-0.0063456616562829055	0.25136963521810307
0.3493673364994608	-0.006345200748168231	0.2513700219246104
0.3493676410435315	-0.006345446279972175	0.25137072288106926
0.3493685900403309	-0.006344968063749859	0.2513703317543911
0.3493685223826898	-0.006346325964184565	0.25137154480037427
0.3493692035160363	-0.006346081859464794	0.2513706799298229
0.3493692582005891	-0.0063462694322839325	0.25136896710482015
0.3493690939692033	-0.0063474785302642805	0.2513706398724049
0.3493690083352724	-0.006347048515311968	0.2513703371709552
0.34936922024804373	-0.0063475582776791745	0.25137186184897464
0.3493688388818009	-0.006347566007994729	0.2513701819741327
0.3493688896984261	-0.006347958973351317	0.2513718325067408
0.3493689593462653	-0.0063482138680034245	0.251370464783954
0.3493687091056224	-0.006349061470676917	0.25137091427705893
0.34936802386276894	-0.00634884318704447	0.2513706595417666
0.349369188358084	-0.006349375358453632	0.25137128550031707
0.34936813758821555	-0.006351005718708572	0.2513729752804599
0.34936793694146623	-0.006350309907971016	0.2513713309734409
0.34936840772142114	-0.006350781531871755	0.2513713205579933
0.34936737954051483	-0.006350405736738826	0.25137130092261034
0.3493678649811051	-0.006351241920593539	0.2513718688449908
0.34936841889554787	-0.006350365998046462	0.2513713671960925
0.3495491335615459	-0.00629269876566764	0.251379663208231
0.3495522191783053	-0.006275473908020371	0.25136110311812687
0.3494613831286006	-0.006294242745247161	0.2513502127565233
0.34943039405263054	-0.006299728804610258	0.2513449951139911
0.3494194152169392	-0.006305689569071085	0.2513462326999472
0.3494134966607509	-0.006310414211704321	0.2513473530856334
0.3494040307639411	-0.00631847879059437	0.25134773420108414
0.3493991485680275	-0.00632295398951184	0.2513476268425314
0.349387703006678	-0.0063326398969818926	0.25134779182819805
0.3493813685219706	-0.0063388727394972505	0.25134718096312336
0.34937334496203626	-0.006345294637459517	0.25135136573420924
0.34937242309735866	-0.006348002381678777	0.2513547640052585
0.34938734043528197	-0.006525500280245164	0.2514644862184648
0.34938940079415004	-0.006715067513429193	0.2515756008637533
0.349404649401097	-0.006812707669587401	0.25158572541411084
0.34942118757937035	-0.0068294733180664785	0.2514603957759704
0.34943665107059785	-0.006841031467313005	0.25133130018765515
0.34943799575876855	-0.006849241499884015	0.2512952162508941
0.3494377253366289	-0.006851531318925727	0.25129629832514794
0.3494385039106497	-0.006851082331042854	0.25129626190410315
0.3494393101676302	-0.006851041875361799	0.2512971286343404
0.3494397819787086	-0.006850005970603881	0.25129674350764164
0.34943991938429453	-0.006849235713580967	0.25129624041928966
0.349440783148447	-0.006848154561312561	0.25129582003256634
0.349439962061049	-0.006849038668069199	0.25129689697278645
0.34944106215620513	-0.006847509147747358	0.25129623955770275
0.34944132348266455	-0.006846027697878357	0.2512961594021653
0.34927563354302504	-0.006951747607848155	0.251335874777198
0.34926722266546734	-0.006961277767279159	0.25134591235111314
0.34928157189323206	-0.00695586928691401	0.2513445352889209
0.3493360610494163	-0.006937908624074798	0.25134496366060033
0.34935136683849666	-0.0069282028870647355	0.2513432268618646
0.3493976201129521	-0.006888652360824241	0.25134941696845486
0.34940970846499647	-0.006878829858218458	0.2513444057656117
0.349440804571993	-0.006852421464508943	0.2512892751101552
0.3494476261104351	-0.006846469661138541	0.25128175415891707
0.34945028190764	-0.006842202362056085	0.2512815641686177
0.34945271875696554	-0.0068392440451785635	0.25128178996750933
0.34945364218637787	-0.0068373217600205954	0.25128093710625704
0.34945325071956235	-0.006837059916955615	0.2512818209722153
0.34945292358840263	-0.006836839037952444	0.25128280522441293
0.34945256430174154	-0.006836281419012616	0.2512827109533266
0.3494522718433082	-0.006835531034428924	0.25128298363383683
0.3494511897772761	-0.006835871399517704	0.2512837376637677
0.34945069411036256	-0.006835445023651673	0.2512841972110158
0.34945110714222544	-0.006834145552712348	0.25128375536902275
0.34944957327745535	-0.006833998759456492	0.2512837314935653
0.3494501313746192	-0.006833733250779336	0.2512838412640716
0.3494494459121073	-0.00683305613900477	0.2512845215279556
0.3494490677197206	-0.0068332507169604345	0.2512845189788211
0.34944800969120715	-0.006833608871150851	0.2512853258495393
0.3494484485033227	-0.006833066734523899	0.2512850646575057
0.34944814613017355	-0.006833282698693335	0.25128542034058055
0.34944721900919123	-0.006833181078652398	0.25128570460832317
0.34944770780493484	-0.006832810853821938	0.25128540637906976
0.34944770780493484	-0.006832810853821938	0.25128540637906976
0.34944787819113277	-0.006832125340203041	0.2512856236793567
0.3494460701841864	-0.006833324388468884	0.2512866078353788
0.3493761803930929	-0.006844598549465744	0.25127782774565166
0.3492257360098409	-0.006804432178222616	0.2512777840014081
0.34923354041303656	-0.006580496192528998	0.2513545310336466
0.3492460817184416	-0.006015610446434047	0.2514140940838342
0.3492356647350578	-0.00567129322740155	0.251438808609485
0.3492260048831267	-0.00431339548419489	0.2516145034460934
0.34923142430289045	-0.0034888049608045174	0.25175610119183356
0.3492325357362055	-0.002893290996853662	0.2518502103879099
0.349150482127929	-0.0020601349916215955	0.2520249125243159
0.3491127926646305	-0.00010842479068680355	0.25239622241563386
0.34902802109702924	0.000702353803401265	0.2525970607439492
0.34894957480858757	0.0021852510532742037	0.25284928944510576
0.3489510273969019	0.0029940167734966022	0.25306715630988846
0.34878377904410857	0.004874457194346163	0.2534510069807443
0.3487184960528493	0.006320035794542586	0.2537787253980319
0.3485365283190537	0.008346449859886432	0.2542649655505129
0.34853312330802044	0.010063366826799078	0.2544480500441114
0.34856334998044025	0.011814481735313812	0.25444010423823993
0.34863867186332825	0.013702429427006516	0.2545339707041453
0.3486329971261898	0.015432808357806013	0.25462543051701886
0.34860497753142605	0.018088105952323477	0.2548227732864156
0.34861560801285313	0.019360124052713493	0.25494801343532936
0.34867989508651487	0.022355246688165978	0.25496476447903194
0.348728179053708	0.02439827446324956	0.25508607332180466
0.34869242799645783	0.0264932489716221	0.25528109437680313
0.3486830599301129	0.028273976370837464	0.25532042716729786
0.3486853419536392	0.02946191454964829	0.25538612024486623
0.3487035578432088	0.033725612243206624	0.25561285666469047
0.3487160805025533	0.035517015079081685	0.2556963078289327
0.3487501767474584	0.03715413897410581	0.25571653889079987
0.3487217892903786	0.04044737968205829	0.25590499285248314
0.34874802052319864	0.041789659005674204	0.2559318922496564
0.3487455730217531	0.04493838764599735	0.2560288929499408
0.3487630038682638	0.0479932886168644	0.2561646818705036
0.34880615507259	0.04927411313787118	0.25612604188985466
0.34878082829684826	0.0523408695493736	0.2562108771008716
0.34881406469058535	0.054265299460648106	0.2562548254435746
0.34884137380632	0.05750252094511911	0.2562947529771653
0.34879163780793865	0.059771380361341844	0.2563203971060319
0.34886724303449257	0.06192490545046549	0.25631492727195115
0.34880943474290693	0.06372776839930504	0.256285490239302
0.3488244359012595	0.06513998459972652	0.25633072467569906
0.3488634262962627	0.0691292842463493	0.2562239790504456
0.3489212722492016	0.07137001062712776	0.25607109834758995
0.34885012229698964	0.07265704773011601	0.25613038665544574
0.34893971691413667	0.0747115665548949	0.255954847570228
0.34890349642219753	0.07746572069614895	0.25581015004899693
0.34895728612037663	0.07954614930454805	0.2556999880885593
0.3489395865865973	0.0824395668041726	0.2553959502861624
0.34895260310622844	0.0836697381511098	0.2553086806547073
0.34897140691962997	0.0854762645239145	0.25513509665139644
0.3489521208486104	0.08778573735320545	0.254795224463532
0.348989356021819	0.08953558050461437	0.25457405218621676
0.34898777823247257	0.09052914004208441	0.2543694011009413
0.3490013029941651	0.09378162033410313	0.25378568336457596
0.34897552610929294	0.09517623207548624	0.2535816768480791
0.34898413468298745	0.09674233754807036	0.2530723652911765
0.3489294077933231	0.09803046607371464	0.25276576874284307
0.34897374602506714	0.09939029921526991	0.2523166968783537
0.3489660841728506	0.10059857470244989	0.2519010216389905
0.3489923017868504	0.10187367007039462	0.2514845095680659
0.3489601986910768	0.103235580016432	0.2508489782731821
0.3490775289681774	0.10469810087627766	0.250372425748676
0.3491247230105838	0.10573940273910125	0.24974880353087098
0.3491840954485755	0.10687857010073844	0.24907829017625646
0.3493017070990182	0.10791598008452287	0.2484791135247893
0.34940761017345856	0.10935689193243382	0.2475869819750038
0.3495240415901669	0.11046240926438695	0.24684157681950583
0.3495288132189519	0.11108955647628922	0.24633414908250295
0.3496902263814838	0.11247153128110281	0.24533875266981603
0.34978185072204265	0.1133116278600071	0.24476331368698043
0.34989036573024623	0.1155325774308369	0.2431888739418984
0.34994882886793044	0.11684591449589253	0.24222351610518303
0.35004351862201893	0.11757556991912256	0.2417685274386754
0.3501089419046681	0.11908222884671842	0.24060511587921263
0.3501624035913134	0.11993404605897011	0.23988903620253046
0.35047924503343925	0.12197439450198892	0.23830477076681492
0.35051000700643253	0.12291013090081006	0.2374577991723793
0.3505522210169645	0.1241445944940291	0.23643085258870988
0.35075376030466426	0.12580263458946267	0.23498438285394826
0.350897071550069	0.12686560017167914	0.23413518089014065
0.3509934746546081	0.12807242975157196	0.23304198908498747
0.3511500265317976	0.12957395182343653	0.2318657293881355
0.35115700986419895	0.13044768210335594	0.23129483676083096
0.35111947196728316	0.13112691896607237	0.23087818452914355
0.3509970700210784	0.13177642752193738	0.23048796868297547
0.3508668122893552	0.13228314271833083	0.2303041317612649
0.3505314713334743	0.13264978666432026	0.23024779606841966
0.35002363170522843	0.1327493371408631	0.23037019386060364
0.3492489244446581	0.13262970737360605	0.23072366891823604
0.34875022317056287	0.13245931722419446	0.23090251005472626
0.3478260916585108	0.1320519832309639	0.2315037786822793
0.3468589393588723	0.13156949526223527	0.23195420060901747
0.34601812272223925	0.1311771272239658	0.23240265394121748
0.34525215945139603	0.13082161215230145	0.23287756276260524
0.3442404089296791	0.1304106864361529	0.2332462760933567
0.34300300597565764	0.12990838778701128	0.2338349513289818
0.341961607666114	0.12946870270989091	0.23423437147461695
0.3404150975914238	0.1288782549781497	0.23473419593021133
0.3393379712773913	0.12842019144879585	0.23508573978582897
0.33799371640451836	0.12793437903708987	0.23539359657649114
0.33636764855861645	0.12733790786366123	0.235648890476327
0.33493198618868536	0.12679330116845072	0.23590376585667208
0.3340600185686442	0.1264794075136683	0.23603019509964834
0.3307605749585742	0.12533394829747257	0.23624859776914536
0.3286013448038747	0.12454939312065683	0.23629700866695974
0.3265006809254287	0.12380260002744892	0.23635310297079157
0.3243397803753241	0.12302349180661053	0.23644139274372045
0.32230184987703403	0.1222825624096755	0.23652803193749142
0.3187023678515973	0.12102362453600495	0.236529015331346
0.3158359534300173	0.12011719521108202	0.2364846099990907
0.31305698757033923	0.11926827749755374	0.23645908391067771
0.310392069388065	0.11849638418912344	0.23638003355117615
0.30881223148967674	0.11802463343116008	0.236328501608123
0.30668669548410643	0.11745795025900614	0.2362208405655023
0.30416028283939955	0.1168604802552175	0.23598386440278615
0.3028226725910853	0.11661533796884778	0.23579912257025143
0.30199041669971743	0.1165373451019406	0.23560447044222246
0.30177281695759445	0.1166367327253954	0.23539539271051166
0.30217626210048376	0.11702394601933705	0.23503695444296482
0.3027066174018782	0.11742360973262277	0.23473172536982834
0.30304777935277677	0.1176412476972184	0.23446175707064
0.30361099854911605	0.11787513621638183	0.2341657458445695
0.30425869189883403	0.11822731284046871	0.23376583108850685
0.30476597999588045	0.11858204271929579	0.23341317762633468
0.3052915138623937	0.11897283188405745	0.23303057650721276
0.30549388677778155	0.11920586340843159	0.23277406838206247
0.3058263876071756	0.1195611874084268	0.23244577302078911
0.30623720837054175	0.11997078855342076	0.23210920683738306
0.30656833659643495	0.12029539638860251	0.23186394989894044
0.3072591842948989	0.12103987754604766	0.2312891502312488
0.3075789059755042	0.12143585121209036	0.23096870239709327
0.3079638304269684	0.12188371248924354	0.23063590893420047
0.30816089375460554	0.12212498266238679	0.23045273947357436
0.3085305763369622	0.12254181257805632	0.2301561748779016
0.30896910057608956	0.12312241323031928	0.2297179820853277
0.30940823546374646	0.12370868608985695	0.2292815946180819
0.30970791017900107	0.12410168857187699	0.22899744570483632
0.30993295172186053	0.12439453389782891	0.2287881318537513
0.31047118903423654	0.12507641409186843	0.22832594470058204
0.3107055892669359	0.1254839841843693	0.22800529134582737
0.311012790711563	0.12588268673217864	0.2277345720884521
0.3113141361417862	0.12630397133178584	0.22744040557177964
0.31162700799156534	0.12672269787210674	0.22715515040465692
0.31205096057196924	0.12726039097954284	0.22680575332079161
0.3122488700711269	0.12759264482691166	0.22656385962058903
0.3126214661997537	0.12819747694526581	0.22613396655529375
0.31288990479354684	0.12857762263857248	0.22588222915825418
0.3131861228243985	0.12896390437061944	0.22563238911175187
0.31350838456758234	0.12940673501446354	0.22534254303343357
0.3139012144053032	0.13000134178262618	0.22494419021331083
0.3140462698855295	0.13023855292206662	0.2247803715180863
0.31427432751513207	0.13064149551596038	0.22449468180743576
0.31463410663181524	0.1311526114472182	0.2241694710327455
0.3149701298689524	0.13170935080104174	0.22379386638253151
0.3151288569400348	0.13194488352920652	0.2236437696203665
0.3155034958537456	0.13244078755010902	0.22334265281638693
0.31565722947644803	0.1326672855464743	0.2231985957050473
0.31607859397421106	0.13339795663581527	0.22270052362924614
0.31627825997844655	0.13375068792220057	0.2224671980903927
0.31650611477277063	0.13413181679711672	0.22222057093332426
0.31674208714743995	0.13451635919167806	0.22197284676063772
0.31699351435502615	0.13489560161956904	0.22174023366213255
0.31719325249224956	0.13516202809631384	0.2215882692607223
0.317493110881029	0.13556630447007306	0.2213542879774383
0.31767442543841307	0.1359633105068525	0.22101432268683402
0.31792472473918004	0.13602339944121503	0.22083237857988444
0.3182107931439232	0.13621660816506337	0.22060148229970106
0.3184329428576408	0.13627616811963109	0.22048642270455518
0.318943053587115	0.13639925870504988	0.22037386984991927
0.31952371999463675	0.13642461254521138	0.22028458312257762
0.3200941344968841	0.13637520075434767	0.22018829294808986
0.32049051936090706	0.13632459532056385	0.22012453355441053
0.3208583476740422	0.13627572593772913	0.22006583189427537
0.32127616547258026	0.13638492776132422	0.21995946204421046
0.3216686497195728	0.13652193656633987	0.21985051049167226
0.32200211806238066	0.13660296410482664	0.2197661915496895
0.3226153985757203	0.13662287107344676	0.21964673402281967
0.322883660842368	0.13658877594597965	0.21960381796675135
0.3234434856152381	0.1365817397147263	0.2195020793440643
0.32387624524063435	0.13663430674072718	0.21940871651386137
0.3241001169772316	0.13671635660035109	0.2193458033778637
0.32479906700395306	0.13695054987368818	0.21915760910944787
0.32523568008819836	0.1370088386627024	0.21906424842413158
0.3257225954460138	0.13701375901710733	0.2189740865617907
0.32613706367460543	0.13699483212605185	0.21890232702943835
0.32655090867432174	0.13712874407792508	0.21879361457146707
0.32693121173799927	0.13727236919301156	0.2186869675372684
0.3275323697600069	0.13748541773006057	0.21852240998712746
0.3278247816995641	0.137497573248886	0.218464626326449
0.3283248884055684	0.13753674520719	0.2183638261191838
0.3288944693548531	0.13755867251055443	0.21825300633383482
0.32934042388505247	0.1376187037648972	0.2181559253612518
0.32962799596087833	0.13774660494630714	0.21804312777003904
0.3299992640314932	0.13788246886441108	0.21787155538504513
0.33038772352786483	0.13791497474301162	0.2177863454102728
0.3307659333939598	0.13794741276215156	0.2177084702699819
0.33117273159464133	0.13797776863082983	0.21762785221769487
0.3317620180934581	0.13799037420161	0.21751525860033202
0.3321142630507805	0.1381441711146419	0.21741163924935933
0.3323137657883464	0.1382418619997937	0.21734999689607168
0.33286474967951796	0.13843105781440684	0.2172035586143911
0.33340855030793487	0.13847441842482683	0.21709454127588385
0.3338323525360827	0.1385000728013001	0.21701015588824937
0.3341098738948749	0.1384663780867702	0.21692898114032144
0.33422383082007007	0.13843692932778476	0.21688171826408167
0.33467843094959493	0.13869521830320936	0.21670696916569707
0.335113599597064	0.1388556037486971	0.21658727479074688
0.33541583780851936	0.13907065566438093	0.21648715973615995
0.3356591914016529	0.13929415828558292	0.21639747653191635
0.33585249881904894	0.13947745887758461	0.2163249764869757
0.336244283385686	0.13984843668799427	0.21617749808673314
0.3365638359900923	0.14015315625652489	0.2160580384008426
0.3368434720265227	0.1404216038467138	0.21595215008755955
0.33723745587975634	0.14080082176666503	0.2158040071142257
0.33747976482025116	0.14103422762045537	0.21571264174144003
0.33774284609522043	0.14129024012637384	0.21561279931759475
0.33793307492836233	0.14147604838518416	0.215540520605733
0.3383112723735488	0.14188771004968803	0.21539050185469102
0.33869280063379714	0.1423705655611624	0.2152323706404819
0.33891005794111856	0.14265413797872972	0.21514073963046493
0.33915852695935894	0.14296631168199023	0.21503681412849848
0.3393186722169928	0.1431386391784519	0.2149728874698137
0.33977456168631703	0.1436379450240422	0.2147913609987846
0.33999025119161547	0.14391926585709974	0.21469865409250366
0.3402332009619166	0.14423270895303056	0.21459512610950435
0.3404268875414241	0.14448956246137207	0.21451114471869406
0.3405626711299038	0.14466827828538292	0.21445310672982482
0.34088548951440345	0.145071060096021	0.214316290334898
0.34112089661144346	0.14531528742969654	0.2142241434332793
0.3413141624245738	0.14552906586789954	0.2141464272990632
0.34161729604045	0.14592998727641876	0.21401447611037133
0.34182334358797617	0.14620937291061145	0.21392354859540186
0.34203595893038874	0.1465014267937011	0.2138295788677096
0.34225266206498256	0.14679014679191316	0.21373371100306865
0.3425333137612165	0.1470934382715937	0.2136214812865745
0.34272297299497056	0.14730004394077878	0.2135454176479305
0.34289764773801784	0.1475420285316276	0.21346695853528777
0.34313222105049	0.14786923807094066	0.21336061218431923
0.3433048033223977	0.1481151382436946	0.21328148698765176
0.34348812834688564	0.14837780392297142	0.21319705238761685
0.3436951498440113	0.14861063282883058	0.21311211634159202
0.34395868191754714	0.14890256989140974	0.21300554667419347
0.34412550418739757	0.14914991491613402	0.2129267904945692
0.34427019349936533	0.1493703842133159	0.21285734424389313
0.34444586353232703	0.14963282698414493	0.21277379144092912
0.34453223822425283	0.14975570513059058	0.2127336984297187
0.34453265649889164	0.14975638440402828	0.21273345960618917
0.3445337486997567	0.14975672677042678	0.21273363997601263
0.344532234570698	0.14975527107941788	0.21273379066384823
0.344519554571882	0.14980853421940094	0.21272659611201328
0.3445095007053252	0.14984751335392454	0.2127215463752981
0.3445068374489724	0.1498531938091761	0.21272100521405504
0.3445055589281417	0.14985315224855833	0.21272127237170946
0.34450477009383995	0.14985182360972688	0.21272130655652224
0.34450361458770246	0.14984965353620866	0.21272283308348597
0.3445023096975008	0.14984861112038822	0.2127228127309166
0.34450189206042203	0.14984775506980497	0.21272349182647088
0.34450042724165236	0.1498463112374353	0.21272357784174573
0.3444991061326658	0.14984423898502122	0.21272423829055961
0.34450022071984626	0.14984329882893455	0.21272521899697464
0.3444990219552204	0.14984107116966683	0.2127254164640179
0.3444981240523893	0.14983991013883244	0.21272571241919785
0.3444967961575235	0.14983840576373586	0.21272588213819216
0.3444959064464237	0.14983739176121558	0.21272618562027043
0.344495917495383	0.14983779636229275	0.21272654027101057
0.34449489754125534	0.1498356714441653	0.21272714405631077
0.344495128262181	0.14983575505476188	0.21272708158736198
0.3444950094203249	0.14983491251476475	0.21272688830102188
0.344495721921264	0.14983527477566283	0.2127275102182365
0.34449506658934964	0.1498349122454971	0.2127272488845391
0.3444948559271546	0.14983494076462425	0.21272735886837935
0.3444954745101499	0.1498349136890576	0.2127275986510474
0.34449519216314284	0.1498337563459669	0.2127274917959568
0.344494132881735	0.1498342496190806	0.21272705462491534
0.3444955148979888	0.149834573286251	0.21272732010629763
0.34449542807309336	0.14983260982321156	0.2127280700650421
0.3444942668860166	0.14983430304191747	0.2127274691752558
0.3444957976945771	0.149833582511582	0.21272791135803346
0.3444945461637738	0.1498337301152169	0.21272757215177274
0.34449442435627525	0.14983388436543643	0.21272754752693301
0.3444947005334144	0.14983396830100182	0.2127274474850041
0.3444950869833581	0.14983346773561174	0.2127279486350027
0.3444955677068288	0.14983333562482892	0.2127280036452905
0.34449586390311526	0.14983385033249724	0.2127277481099476
0.3444951427942549	0.14983416383002388	0.21272780403289465
0.3444950572598895	0.14983362060203137	0.21272794958358052
0.34449443119261264	0.14983389403884156	0.21272753717039855
0.34449585608577515	0.14983337049218876	0.21272851847064986
0.34449560259743556	0.1498337195559773	0.21272795131166486
0.3444954614248708	0.14983341828063268	0.21272790961253507
0.34449582660299277	0.14983350291293782	0.21272850018769682
0.3444948833236358	0.14983404936260325	0.21272787803692042
0.34449568272428954	0.1498337464331303	0.21272787637663743
0.34449521959352813	0.14983421359360166	0.212727879782408
0.3444948020063606	0.1498328832583692	0.2127276576499383
0.34449463169695344	0.14983427334319951	0.2127274266003523
0.3444954614248708	0.14983341828063268	0.21272790961253507
0.3444961535025772	0.14983397635561452	0.21272787882181968
0.3444949746167849	0.14983440531147446	0.21272744074246613
0.34449521959352825	0.14983421359360174	0.21272787978240795
0.3444955136076758	0.1498331530506039	0.2127279245122432
0.3444956532408482	0.14983387885293573	0.21272785809330985
0.3444953464541299	0.14983358220268073	0.21272787463096837
0.3444953818755723	0.14983344570425072	0.21272787332815038
0.3444954495806931	0.14983446048058313	0.21272778749549962
0.344494978486998	0.14983457283447593	0.21272773603733924
0.344495113310965	0.14983429624924877	0.2127277857499644
0.34449520694390123	0.14983388643416234	0.2127274060648898
0.3444954052806744	0.14983433566834203	0.2127276442017815
0.34449559403472596	0.14983416413927664	0.2127278407596622
0.3444956065190808	0.14983455169420837	0.21272756345074986
0.3444955136076757	0.14983315305060377	0.21272792451224318
0.34449571723333283	0.14983516911853495	0.2127275762811659
0.3444956580612808	0.1498328567092872	0.21272797777750943
0.3444965208820951	0.14983389686433696	0.21272826485059843
0.344495113310965	0.14983429624924877	0.2127277857499644
0.3444954495806931	0.14983446048058313	0.21272778749549962
0.34449551578818854	0.149834728301513	0.2127276242479875
0.34449578126198227	0.14983386168676102	0.2127277132959841
0.34449676884125396	0.14983344004861304	0.21272847874421127
0.34449645906900567	0.14983418185094166	0.21272824639997986
0.3444957194486944	0.14983414667354894	0.2127276948454206
0.3444951821472889	0.14983399120717494	0.21272780663466193
0.34449634221704417	0.1498337547333402	0.2127285028658547
0.3444949339671257	0.1498342086591684	0.21272778481931556
0.3444948833236358	0.14983404936260325	0.21272787803692042
0.3444954614248708	0.14983341828063268	0.21272790961253507
0.3444962350620789	0.14983439849533076	0.21272769752228352
0.344495852057629	0.14983489253343507	0.212727625993606
0.34449538197679463	0.1498338173534926	0.21272792478392477
0.344496056590853	0.14983374979925387	0.21272840790118294
0.34449551404355244	0.14983459115985398	0.2127277512322496
0.3444958520576291	0.14983489253343518	0.21272762599360595
0.34449551578818854	0.149834728301513	0.2127276242479875
0.34449527569416666	0.14983390000869934	0.21272783075116736
0.34449551578818854	0.149834728301513	0.2127276242479875
0.3444957194486944	0.14983414667354894	0.2127276948454206
0.344495921767292	0.1498340263845195	0.21272835818767116
0.3444956119636456	0.14983406424054688	0.2127278324964287
0.3444964568540817	0.1498352042957504	0.21272812783590445
0.3444957181073333	0.14983460801162463	0.21272828758991547
0.3444950720339744	0.1498344816360472	0.2127277601536397
0.3444960155976291	0.14983450930599318	0.21272767865824022
0.34449625695671243	0.14983452693158816	0.21272761583994318
0.34449592176729193	0.14983402638451945	0.21272835818767122
0.3444955433460002	0.14983460864576192	0.21272761953481178
