0.3488991750524608	0.14008153798502088	0.2049585104011615
0.3488991750524608	0.14008153798502088	0.2049585104011615
0.3483282326855557	0.1401214270848698	0.2050993180327199
0.34784622790789893	0.1400492107274443	0.20519401110263435
0.34714733204132	0.13997385500415788	0.205309027891702
0.34670812902890064	0.13993958374948312	0.20542804824070598
0.3463864782585262	0.13990325996289488	0.20552145640074435
0.34584312248925975	0.13978209697472394	0.2056982964505722
0.3454158365385802	0.1395728383383653	0.20587083647040783
0.34486137338972356	0.13947063537893195	0.20604560372188657
0.3442417396760713	0.13934136289695154	0.2062395764926965
0.3437274889907962	0.13924646019825854	0.20639786226722373
0.34323047596063394	0.13916966346905363	0.20654767797537765
0.3429030423600451	0.13909138470377785	0.20665257261021358
0.34219401634258867	0.13899168746746382	0.2068642328263609
0.3415046081625685	0.13892317895440603	0.20706163672491606
0.34102420327256916	0.13878766850246516	0.20722260471924553
0.34060093451292833	0.13854306525571652	0.20740087367352325
0.34014894453173605	0.13834734406991106	0.20757633289402624
0.33985818947143315	0.13831303266574513	0.20766180876616663
0.3390562601297703	0.13821395063758285	0.20789589709755807
0.33879908136603143	0.13818252244382506	0.20797061870798678
0.3382869659530369	0.1381920857949771	0.20810215687773198
0.33807493743468625	0.13813258489643848	0.2081784992616149
0.3377280687199034	0.1379676424618494	0.2083179308089443
0.337437190662725	0.13788603745165734	0.2084209609284927
0.3368828338237536	0.13783985826065825	0.2085856461028592
0.33670143590825263	0.13802434903708666	0.2085916277988842
0.3366682982254761	0.13815919813879746	0.2085752565482012
0.3366530304643577	0.13824229169656044	0.20856640955786637
0.3366366314443304	0.13835911671713508	0.20855526641015754
0.3366103082241001	0.13850597985081936	0.20853895128967564
0.33658645064244785	0.13866468616593658	0.20852163247551375
0.3365720418314654	0.13881533338578944	0.20850730917002006
0.3365697253981585	0.13886168366006213	0.2085027446891373
0.33657082058366966	0.13893781750511935	0.2084970286444692
0.3367218144290727	0.13906826450045018	0.20844765626658307
0.33714232358065543	0.139206101615864	0.20832191773997194
0.33744785716679865	0.13931553867903318	0.20822767498239625
0.33790470007749207	0.13954386376506867	0.2080690207472562
0.33836888286383515	0.13977338743612144	0.2079072273875505
0.3387729387736835	0.14009141014956905	0.20760450879532075
0.33922858677215845	0.14057644649571	0.20699535314331932
0.33993156502390603	0.14126918805602806	0.20622304306957429
0.34056187262030607	0.1418153315286918	0.20564569744425398
0.3411413069850199	0.14239720635599296	0.20499433960814187
0.34178075670364616	0.143004640068778	0.20434995005474388
0.3423002144928902	0.14351833321441004	0.2038388879494867
0.343070176281659	0.14419394733229485	0.203206381186959
0.34430177169298304	0.14547116939215804	0.2019080186756163
0.3452559672498804	0.1464674352316918	0.20092189182693843
0.34645438219915864	0.14768330466644036	0.19982814175066066
0.34725521670041554	0.14868179992736602	0.19886206960389766
0.3483259136301932	0.1499277486550042	0.19772886812278165
0.34973210886043604	0.15163399834384916	0.19623298366010156
0.3516445171121287	0.15396072174267977	0.19426272807062542
0.35307139040626595	0.15579488410752373	0.19279213551864277
0.35387016350496153	0.15685890570957095	0.1918974620625011
0.3559901827102486	0.15957408357040037	0.18989502442223466
0.3576860446369913	0.16181571172047088	0.1880847578110592
0.3606541053870451	0.16517249276691398	0.18536798774742907
0.36258168130160806	0.16739494223545698	0.1835248250309242
0.364581724209818	0.16959440841729234	0.18177526936566757
0.36607741363295715	0.17133520078270886	0.18034675576331174
0.3694873346480142	0.17519927373333666	0.17726788030816934
0.3726464690176091	0.1788521790310046	0.17429190544262918
0.3750554686798892	0.18159769750969335	0.17217362980073442
0.3775952524630166	0.18441900342845352	0.16985035089877318
0.38028874813826125	0.18749521442303815	0.16738662541576352
0.3837832185578578	0.19145348721937805	0.16425434383212467
0.3857792712291684	0.19374483154292366	0.16238694389137348
0.39007921124340356	0.19857487302297688	0.15861019734238063
0.3927844872855258	0.20172512748433036	0.15598973525653143
0.3954977561394273	0.20470576191980822	0.15351880164308473
0.39727744659158426	0.20655771345826796	0.1520081596010776
0.402472419486228	0.212111402135003	0.1471787248548656
0.4040473258373713	0.21376896017514996	0.14571407788861462
0.407162173515884	0.2167937728737721	0.14301729524755324
0.41082527725445495	0.22029792817393035	0.13972763529945725
0.4126418257300221	0.22204052758156473	0.1379346480329548
0.416476481151913	0.22557605939638903	0.13441066419937203
0.41957853519761684	0.22835782631996554	0.13170910122521157
0.42251883631991466	0.2308365835698763	0.1291204218517003
0.4251063963576159	0.2331055041729117	0.12667575880104154
0.4275905422576721	0.23522942399021307	0.12436825066517526
0.4316168285684708	0.23843938442435053	0.12082680311796906
0.43453257879967094	0.24069739106270577	0.11851338649764104
0.4385424688789571	0.24373285091253688	0.11531129207808727
0.4403973138694716	0.24508454987060474	0.11380940965230235
0.44431125866276044	0.24802185983253855	0.11055279098828369
0.44725671108983345	0.25021632564506047	0.10799572668187374
0.44965847735764886	0.2520026572094661	0.10582572497019166
0.452464235997722	0.2543124274281821	0.10308603361832863
0.45457730469799196	0.256136998142536	0.10096606699263283
0.4571222269465852	0.2582864903043405	0.09839889117618039
0.46028067004272477	0.2610110442388294	0.0950208841555169
0.46186441316569254	0.26242803633292716	0.09327326047095552
0.4652734891379928	0.2657287412756772	0.08923944300851427
0.4670237255053389	0.2676434316546975	0.08695098979145449
0.46894249570894164	0.2698711527470587	0.08430072137893635
0.47056440968611063	0.27194151036911085	0.08182874660619138
0.47357097995565306	0.27577079431484935	0.07693952365855344
0.47509916063350977	0.27765856995409366	0.0743287565102963
0.47610748598060415	0.27896953419274434	0.07243137760002477
0.4771800694421405	0.28041599615716484	0.07025169400106268
0.4787193703269981	0.2823267548199688	0.06744816328744108
0.4800390856049415	0.2840401407487675	0.06461579419779528
0.4808835838457039	0.2851835862755142	0.06238053987718467
0.4816422141315721	0.2862960460152782	0.06012164991106045
0.48255548549843447	0.2876294167189653	0.05688130338621428
0.4828476678037691	0.28806752081351655	0.05561597121451789
0.48320383003253153	0.28864189468479134	0.0536241237362719
0.4834557881123678	0.2889728095128745	0.05191879643942232
0.4836177945897232	0.2892380446303276	0.050367621924623074
0.48368756869230173	0.2893536593128851	0.04882599881094668
0.48372346362470287	0.2895115523526962	0.04734939484596978
0.48368467011071525	0.2897106978018632	0.04516513140502859
0.4835963441291698	0.2898147943891912	0.04378912433056792
0.4834512045941269	0.2899926530103375	0.0417605487021635
0.48345333824498443	0.29006054049845653	0.040628130205324686
0.48342481286718875	0.2900483957038498	0.03962515224401669
0.4833486615604322	0.29021270297915835	0.03818877364648127
0.48321367064079646	0.29022116297663386	0.036321493214234835
0.482892447482669	0.29039194920267675	0.03446270466836837
0.482728674388446	0.29046960176552206	0.033120331495832545
0.4826615814577619	0.290485004648153	0.032036951498230326
0.48260591541954423	0.2904302200104858	0.03130938662840915
0.4823170629179083	0.290549681278777	0.029065073903817906
0.4822809124921627	0.2904893786946779	0.028660384197405298
0.4822443609191487	0.29069664076515495	0.026782592583237674
0.4822653368167472	0.2908193901997822	0.026151027415311223
0.48221503579505337	0.2910885193823325	0.024954798075084716
0.48217262156444607	0.2911805582596126	0.024389068717401485
0.48213525715231503	0.29137556700044664	0.023170938002298913
0.48210564337173173	0.29163148425496876	0.022071256996956723
0.48214111426905604	0.2918214011151343	0.021295760657649265
0.4821423880924374	0.29190875641014624	0.02072495380022965
0.4821125458788575	0.29201225899144184	0.020155120989837516
0.48201298509370183	0.2922363823805279	0.019085961671528928
0.48189199564120466	0.29240308818260896	0.018036287861062816
0.4819359810232893	0.2925413136150062	0.01748404405996723
0.4819621085844523	0.29269644829488983	0.01708242706257007
0.4819688698725418	0.29285534126574253	0.0163655883371695
0.48196138004796624	0.29295205196590013	0.01582483166364257
0.4818522234777536	0.293219262227865	0.014900453303323014
0.4818150355406997	0.2932952239023303	0.014296932200781376
0.48185568111587557	0.2933647916078673	0.013886180531380077
0.48191196267486036	0.2934432393784084	0.013670104944452144
0.4819558820415366	0.29363144445133815	0.013214003558017329
0.4819699903643093	0.29389362460729124	0.012569146636473627
0.4819587298121237	0.2939611428073319	0.01198998056089845
0.48197852495965904	0.294023967803881	0.0115514817436016
0.48205093229643564	0.2941733503134819	0.01119474608521831
0.48209322943403454	0.2942966572033219	0.011014144040211393
0.4822300467902776	0.2944588410604275	0.01061771277281548
0.48231799138032594	0.294505535186665	0.010360883290322198
0.4823992196779298	0.2946185083641318	0.010114771292493163
0.48250972715397994	0.29466229238487046	0.009726846390286037
0.4825710624641728	0.2948157857697664	0.009412243807203735
0.4826474698598495	0.2948966517590553	0.009307012420261607
0.4828414294558974	0.29501267091779415	0.009192162231029144
0.48339791638872665	0.2951310944930378	0.009282133337144782
0.48377700488192416	0.2951127544278449	0.009328762971800575
0.4842413437718366	0.2950149352729188	0.009384447083332192
0.48453612922566186	0.2949525747680757	0.009400801534076964
0.48471722724800687	0.294941524172277	0.00938054929419313
0.4849502347734475	0.2949973965913362	0.009424149002374038
0.48500494584804615	0.2950650365115615	0.009531473264554557
0.4849792457704152	0.29507678365042345	0.009538596711727465
0.4849793480274654	0.2950777421833659	0.009543014656488158
0.48497982185274235	0.2950766271097896	0.009543658174980485
0.4849835140335514	0.2950756325859284	0.009546493276152646
0.4849667332927209	0.2950817201169229	0.009547598173660743
0.48495685353968143	0.29521022662215257	0.009659218247404011
0.4852401743019062	0.2954244819189148	0.009958058238900502
0.48563078464289144	0.29568304212128305	0.010335647995348973
0.48582609957443673	0.29580957760110427	0.010524365409754544
0.48596659520804475	0.29590189552103574	0.010660321499986691
0.48616721350261954	0.2961944574309236	0.010973503414469288
0.48616393835492067	0.296728374421468	0.01108757471866334
0.4861178481010227	0.2973460767522322	0.011128838486779535
0.48615905139774473	0.2978829034650646	0.011216061439092595
0.4862902269687799	0.2983297838906491	0.01132070617112052
0.4864038984152091	0.2989641531729948	0.01139075129971695
0.48663094960058306	0.29969516424706044	0.011566806488232495
0.48679218271227837	0.30029038665815555	0.011688650328573968
0.48687323094044055	0.30067589409141376	0.011743164127374195
0.48704245851674205	0.3013348750424983	0.01185197068313737
0.4872407601183637	0.3015183775715667	0.011871574437146315
0.4876662499079455	0.30166403757753396	0.01183297887700785
0.4878129996151551	0.3018129328277579	0.011863641123492641
0.4880845936729384	0.30216427053019257	0.01187694031626374
0.48837989140705734	0.3023033996774058	0.011918482623246074
0.48872001176977403	0.3025054892247629	0.01188119848058583
0.48887089266262074	0.30261309098807043	0.011860597681579765
0.4891186771193308	0.30303073330767455	0.011814633790335594
0.48927247680451375	0.3032075171049942	0.01184847840826736
0.48936418609255133	0.3037111776860785	0.011887334512812042
0.48942574203493905	0.30452291257329656	0.011904426221329256
0.48943543599987066	0.3050419580698651	0.011890324948808761
0.4895256748625827	0.3054769846131951	0.011843980567265877
0.4896674538275221	0.3061200201242046	0.011854298264126595
0.48983737199831456	0.3064621631099693	0.011902764574802716
0.49014239131521276	0.306615223437696	0.011925594104965909
0.49047864747577485	0.30683958119647475	0.011906892392545332
0.4906436688871292	0.3070042126630969	0.011821836910571537
0.4906479017588885	0.30725264695543936	0.011671369615103677
0.490669833217947	0.30747659104260067	0.011602951687021523
0.490749522889608	0.30808930273950286	0.011650436098600447
0.49084098542462923	0.3088516339710665	0.011715966929772115
0.49084299338245835	0.3093617017142402	0.011702822076762598
0.4908721585955709	0.3097724712482165	0.01172088102335822
0.4909104821993764	0.3104371416862059	0.011744008434557918
0.49089717564814433	0.3109080249924435	0.011719466404484069
0.49092069382044995	0.3114177891309808	0.011733922658960838
0.49095269956414006	0.312053942770402	0.011755979321542431
0.49103566530645365	0.3126948707561654	0.01183107126059535
0.4911196989391814	0.31333000388431725	0.011908022516437078
0.4911393340066569	0.3136670155710786	0.011925091160147394
0.49121026070320534	0.31437180358455463	0.011992154703543645
0.4912037812396134	0.3150556169558856	0.01198135047728821
0.49121808527908273	0.3155756643408412	0.012001885352667219
0.49126876565771044	0.31580262591420044	0.012070831651495528
0.49134522725971813	0.31631099876950824	0.012175491436095809
0.4913968419665821	0.31677118574124163	0.012229971573111287
0.49123674702617004	0.31712774057317666	0.01206803161525688
0.4910967971726064	0.31739118845621206	0.011925187848650043
0.49110353971908516	0.31755324643563926	0.011933776049467992
0.49132246575580085	0.31771212178016073	0.012158233157053056
0.491507915791782	0.3178436538556473	0.01234875057421636
0.49154079879780954	0.3178690367497832	0.01238340331608656
0.491547643765303	0.3178711210809791	0.012389441281910496
0.4915458585000494	0.3178706636777989	0.012388426940126318
0.4915461453138046	0.31786963411674296	0.01238894109771993
0.4915474463606614	0.3178693415935274	0.012389947426467818
0.4916251249952505	0.31763461277995625	0.012621913320960909
0.49131797815939116	0.31766268442441553	0.01340702809665889
0.49111867197264214	0.3176357254336276	0.014498612369387875
0.49102365293100675	0.317814968366978	0.016737442113542056
0.49111002624846534	0.31789665249767524	0.01814477236207035
0.49118260481992065	0.3180339365251115	0.020414126540525324
0.49109904130966714	0.31832703046989097	0.02435414279410414
0.4912079793085092	0.3186304242815845	0.029227751884819908
0.4911035578113628	0.31877070725734463	0.031201747969018923
0.49118520430310775	0.3191142121443469	0.03646327136519478
0.49109905476609356	0.31921955430958676	0.03909518186094113
0.49113795775768415	0.31952344704975083	0.043548203373093064
0.4910404341016175	0.31982777744722146	0.04979686465357741
0.49097569029047966	0.32016961987061954	0.05695148290606861
0.4909279846704417	0.3203470150380907	0.062313925352453725
0.4908463931990592	0.32050792547101303	0.06812522759660183
0.4907686637063779	0.3207229591286365	0.07512851572032814
0.4907223033668058	0.32072573233871643	0.0787630893154454
0.4906312365585734	0.32090372128758693	0.08754825535382649
0.490553062509422	0.32086062656659203	0.09053117569266128
0.49050440128245143	0.3208598658822154	0.09873713784898686
0.4904489041110146	0.3207471637403514	0.10387358566153093
0.49035190297715575	0.3205182331219805	0.11368180578448989
0.4902750122896409	0.32026295338143285	0.11934886123714217
0.49021567210564704	0.3201218578048308	0.12267684714232652
0.4901399118296735	0.3197043986944669	0.1292871618466387
0.49010247688307085	0.31928913973481493	0.13483408047528028
0.48999821891989037	0.3185666872974749	0.14298414580271163
0.48994221170917984	0.3176220713204407	0.1507936720481749
0.48990475725030097	0.31718051970123384	0.15426141294650525
0.48983550750203786	0.3163011247065668	0.15952881012669162
0.4897997900017843	0.31530244544085734	0.16483396389564803
0.48977787984258464	0.3142205573407458	0.17019999491016563
0.4896914174022135	0.3126423790948106	0.17645104173382525
0.4896727160758284	0.31072592271945365	0.1826070568932774
0.4896268035634552	0.3098029073909234	0.18530785623519422
0.4895592197552397	0.3083093601381639	0.18897284574236484
0.48954435625906	0.30655303412931006	0.19253932101147084
0.48949227759641134	0.3041308107220699	0.1967415309568642
0.48952230613432907	0.30214935938642457	0.19963495713877902
0.48925813814289976	0.2987935286391654	0.20330721821340092
0.4890845152274663	0.2970999956422561	0.205030390689007
0.4883620840262829	0.29365511329330013	0.20793367564641513
0.48789289985137396	0.2914855341684746	0.20969174568299526
0.4863621857260534	0.28582284646824163	0.21351296034995146
0.48552854360397085	0.28378446848493816	0.21481371312672415
0.483843774429167	0.27970451008333014	0.21763629403467108
0.4830840525526222	0.27745974365324577	0.219120573921854
0.4815707814206889	0.27354536622213854	0.2214351924033539
0.48089989468337174	0.27171436023677453	0.22264693491447077
0.47880676701512515	0.2668022073324484	0.2255617421872949
0.4776064108955338	0.264164107089418	0.2270465097299845
0.476987200890664	0.2627706018718616	0.22785123395231777
0.47554212823873326	0.2600761183150342	0.2292052010451557
0.4745054408780339	0.2581623013506523	0.2301006853287029
0.4732192527792346	0.25568256257962835	0.23114931177818715
0.4726057520278769	0.2547547210904356	0.23141110104410917
0.47154576820860816	0.2532609953613313	0.23161826600945393
0.4705214870971477	0.25192644242650186	0.23173962521091357
0.46832072000724895	0.24934694150062747	0.23126112449868758
0.46760197729312186	0.248539085583802	0.2310088299162665
0.4656907179927732	0.24649818467191892	0.23012252563081972
0.4646661930458765	0.24545525326642925	0.22958836319465756
0.4618164338711632	0.24240941401556682	0.22800364694451686
0.4597131202497889	0.24027720293384586	0.22657814478646943
0.4586649560369436	0.2392006885363011	0.22586315757087305
0.45568413018267606	0.23617621951844436	0.2236568003169735
0.4534283491182807	0.2339083805293951	0.22193219112540724
0.45113962033139304	0.23149546522558156	0.22024400905656055
0.448590636763387	0.22896682056690537	0.21834226812202592
0.44567124424744337	0.22575269331706166	0.21613615650721973
0.4427451371276978	0.22247343399896752	0.2138788606465935
0.4407166989035084	0.22026518260381178	0.21233456587921165
0.4371399300799114	0.21593296678651414	0.20975891448771625
0.4354297303471348	0.21382138467584083	0.20857544436827685
0.43172576619399156	0.20872574667246424	0.2062509573448187
0.4281585241144358	0.20316333011653098	0.2043997209706964
0.4255862521733521	0.19893792252520526	0.20326191701030322
0.42391384827794454	0.19608827460776873	0.20260935681603592
0.42179576170065936	0.19228833005410859	0.2019047286006194
0.4186018359055931	0.18640245390518728	0.20120509820382623
0.416525254868956	0.18248615971249615	0.20093814943795396
0.41424572550772715	0.1779322123550171	0.20088441219185663
0.4114265262728545	0.1717751944057626	0.20114523958667793
0.40933126037180206	0.16712322221852022	0.20166031602438517
0.40729599305121733	0.16269846938717292	0.2023682304980685
0.4051324561705544	0.1585494924124521	0.2032526294921383
0.40227178950819487	0.15312674577684665	0.20478382320537558
0.40128186393185666	0.15126205433074674	0.20538208995553542
0.3972736760916958	0.1441924846215778	0.2075582117175364
0.3953867610107467	0.14097048390469047	0.2084729233330042
0.39429813877693665	0.1391858293763138	0.20899245845398806
0.39257688748492675	0.13641081105956565	0.20972176767750494
0.390852038169284	0.13363902727719934	0.2103814150256061
0.3884114503739752	0.12951013786251353	0.21120571292166399
0.38737350382358043	0.12775645267362662	0.21163800596494234
0.3862582654346343	0.12586295635473088	0.21213014685857629
0.3857692534491408	0.12499914832545346	0.21232643106702637
0.38488555649381695	0.12335072784188798	0.21288894088568305
0.38447196870980616	0.12257366433867549	0.21326718169732195
0.3841718690070088	0.1218654146321189	0.21379978817479445
0.38385749846304057	0.121206122420816	0.21428270198191762
0.3834203661172268	0.12027710683607874	0.2148389342751743
0.3832058098561589	0.11985289558346558	0.2151215941994422
0.3828925236216043	0.1192071551339683	0.21565913940359996
0.3825081619698069	0.11834822179596217	0.2161793069449564
0.38227338684610196	0.11788945453454917	0.21648293808294053
0.38185116993301976	0.1169353327355352	0.21717721405937562
0.38144768897658926	0.11615962460323621	0.21774517505319185
0.38115473087175056	0.1155212190362558	0.218160234678024
0.3809115934102985	0.11500089073310772	0.21851583319679835
0.3807465212537126	0.11465543857052142	0.21881243642061707
0.3803480276156368	0.1137466564081606	0.21930575869622393
0.3800079705778672	0.11310155948595117	0.21965038158133857
0.3797706850614882	0.11257986377718547	0.21999461967814077
0.379517151616283	0.11200531334117748	0.22047410731643333
0.3790858576962749	0.11106993109309314	0.22107990420065218
0.37874008391034886	0.11033474070071662	0.2216268730523133
0.3785047528171673	0.10984533766365907	0.2219439295472721
0.3782328057177865	0.10925811465129627	0.2223179926945651
0.37803465423251975	0.10887811375805205	0.2225047067867076
0.37780863979977525	0.10840596430179057	0.22269233015268125
0.3773369448983917	0.1073670607586774	0.22345982312732746
0.3771323736212189	0.10690709989234053	0.22379423783367836
0.3769048849399538	0.10637418807030925	0.2242183375159574
0.3766205089681967	0.10575331441448353	0.2246041967012797
0.3763716346521208	0.10526938648230776	0.22485687513673921
0.37608606098820957	0.10455319834581507	0.22519140368179982
0.3759627468192835	0.10403358005950795	0.225399044189308
0.37567750226380936	0.10300207605321705	0.22597312925389393
0.37556500902881135	0.10251168687080785	0.22622045408849323
0.3752981033131654	0.10191214473389336	0.22650130073549232
0.3749528952568537	0.10120958302224724	0.22681282558740104
0.37480508188750916	0.10046758955537148	0.22725726396741547
0.37464788790929093	0.0997565280899803	0.2276910665550047
0.37445331144637717	0.0990201741882608	0.227979515529569
0.37428982337508765	0.09865606394701594	0.22816968056784484
0.3740026182712111	0.09803170315044364	0.228471382486244
0.3738936683279629	0.09766669290292034	0.22859768782295345
0.37371838565228205	0.09690760376703263	0.22899674625031413
0.3734825317165427	0.09598640462533371	0.22950464051146216
0.3733270454569155	0.09527885801806397	0.22983308386083512
0.37306513572368444	0.09429292496907872	0.23027000211984527
0.3729545066717354	0.0940054724981647	0.23037255567766196
0.3727497492720693	0.09356818816325817	0.23064021253389727
0.3726131635439225	0.09311415514714279	0.23086394707630278
0.37238691779322036	0.09227196559299843	0.2312028163965271
0.3722301748966078	0.0916245992674906	0.2315547712399945
0.3720697567610221	0.09096616431322337	0.23187454430189572
0.37195014730127224	0.09032378635959439	0.23211303013602924
0.37178255922322495	0.08974022696346583	0.23248457912348766
0.37143820033202984	0.0886182923570691	0.23288016589013133
0.3711947194785339	0.08777331562008044	0.2331139158989955
0.3709222466740788	0.08688207190275128	0.233427605071033
0.3707793387499025	0.08605297048248751	0.2336634215791204
0.370415722012916	0.08490890065412583	0.23399822671094844
0.37010798176720405	0.08365687340784535	0.23429673153669367
0.36966258147021525	0.08193289999837892	0.23472574349318318
0.36926201534936903	0.08059953642484159	0.23510666809734365
0.36894748451676623	0.07928493086622677	0.23539788493584995
0.36851004514796015	0.07793790299427415	0.23563932401991902
0.36825136591236357	0.0770996815039713	0.2358517544618952
0.3674635583300513	0.07458738868383298	0.23637544368134802
0.367200107279368	0.07360188438949163	0.236576668072075
0.36652528043966326	0.07120975606925757	0.2370157757484189
0.36613793990319105	0.06937974045022254	0.23756182352889313
0.36574737426337356	0.06784237998438018	0.23777740705768105
0.36522319424780897	0.06558062826531184	0.23830467736263836
0.36476906595544406	0.06370965866052995	0.23859987972123994
0.3643434277027545	0.06173006999709972	0.2391057191021994
0.363671915610655	0.05863784449245245	0.23973743893314542
0.3631570232716813	0.05644274032700579	0.24022384258962284
0.36289442145741574	0.055154360700388025	0.24044138618616626
0.36225702593439496	0.05225947703768606	0.24103676000136565
0.36193591524176905	0.05100504496847079	0.2413248995633121
0.36128316644807823	0.048064195091345505	0.24190436253351777
0.3608098708742581	0.045781191188488654	0.24235714208779371
0.3601717793201675	0.04281173416237043	0.24292720286719618
0.35966523312920784	0.04059653482732829	0.2433510514040047
0.3593933859676818	0.03926466508890385	0.2436242585831765
0.35885167973496196	0.03691229874810774	0.24406285119807064
0.35826668740543793	0.03431640244558622	0.2445786776578974
0.35787707381396117	0.032301131368458566	0.24492243201912656
0.35723781962888923	0.02946314949718208	0.24545621970122133
0.35673388766474945	0.0271286443749907	0.24587000033699768
0.3562402544807797	0.02492314894050808	0.2463564600810224
0.3558455671085619	0.02293190116976672	0.24663461202580794
0.3553821861687175	0.02095707240601323	0.247005726961848
0.35496409410723484	0.019006918863230957	0.24738630357233954
0.35458502767760974	0.017239373232266833	0.24768592623134708
0.35417587786766896	0.015389056920887947	0.24805541510538145
0.353816590629954	0.01359717682454313	0.24831274102257325
0.35332082165807405	0.011372595406284422	0.24873596291724176
0.35302034801392745	0.009776644075230032	0.24901021934309314
0.3525162639728458	0.007517318428627198	0.2493950978556832
0.35225298169274344	0.006065963730997173	0.24963950306255764
0.3518891620501818	0.00463882030889963	0.24994870329843066
0.35165150895619296	0.003321801925059223	0.25005394672090564
0.35139376821753887	0.002075290839875829	0.2503138792357079
0.3510691259485266	0.0008172640957350569	0.2505959832110312
0.35088068986605236	-0.0006212737812877761	0.2507151458234627
0.35059546934383745	-0.0017030446992363085	0.2509470417571561
0.3503764943968047	-0.0026356760398951046	0.25109893457409677
0.3502265369289083	-0.0034403732297947215	0.2512997554536643
0.35014887318991417	-0.004120006180621652	0.2512999989281234
0.34994751231696725	-0.004991709530731539	0.25141225923301413
0.34994026293047	-0.005386557235556186	0.25145393913699016
0.34997758780741195	-0.005505174381413194	0.2512530580914971
0.34999357222672395	-0.005511957124461522	0.2511152365255421
0.3499975136016986	-0.0055095823676981764	0.251089108847525
0.35001700691080617	-0.005462669860810412	0.2510786487223108
0.35002277989944547	-0.005429329850162798	0.2510714252978451
0.349831363525985	-0.005428164411615297	0.25104416914357197
0.34969698418044437	-0.005444285289589526	0.25102898513243455
0.34968829729073264	-0.005440691362707459	0.25102897357519405
0.34968915300737813	-0.005437039488688691	0.251030132818278
0.3496979350048521	-0.005425105456478216	0.2510336778283566
0.3496990019821209	-0.005422239588970909	0.25103371897187515
0.34970185858362063	-0.005417635474340113	0.25103259002262185
0.34970373459705506	-0.0054128898582858215	0.251031531888414
0.3497059138705243	-0.005408688059045416	0.2510290670436457
0.34970711676037347	-0.005406456823083591	0.2510274622141301
0.3497087505030213	-0.005403463704950692	0.2510256181736214
0.3497094658141408	-0.005401653217123645	0.2510229903975516
0.3497110070668947	-0.005399878094999436	0.25102244844209276
0.3497109530325975	-0.0053995097931172215	0.25102036104727626
0.34971276477485086	-0.005398555115387768	0.2510193650956641
0.34971360663164625	-0.005397556664539296	0.2510179364796661
0.34971431656277085	-0.005397380474701383	0.25101740530030026
0.34971516497889876	-0.005396915711836134	0.2510162357118989
0.3497144326213469	-0.005397565684588004	0.2510164240910311
0.3497151953435439	-0.005397273573582287	0.2510152140427051
0.3497152870867898	-0.005397240620227325	0.2510148413590557
0.3497157299798975	-0.005396910874969865	0.2510150020809794
0.3497157244822445	-0.005397735978917698	0.25101468964443513
0.34971550352759184	-0.005398001310259151	0.25101435221556884
0.34971654528523977	-0.0053973586097571385	0.25101430558285753
0.34971582024132675	-0.005397949292430357	0.25101438682573846
0.34971591937374	-0.005398519612112226	0.25101377846297723
0.34971601404113295	-0.0053982687142171	0.25101389507238586
0.349716017866571	-0.005398456455070602	0.2510148198956711
0.34971548019819954	-0.005398773800885839	0.2510144478545584
0.349715512195117	-0.005398695888218272	0.2510144284047986
0.3497102635110218	-0.005400085627911236	0.25101482626768024
0.34961827485899555	-0.0054240953679070975	0.2510069892251568
0.34963727508438824	-0.005420678413590549	0.2509915107951003
0.34969653986695426	-0.00541455336244627	0.2508584466846386
0.3497307290949288	-0.005412568799681813	0.2506886502990223
0.3497347766034973	-0.005412838691809238	0.25067361425129575
0.34973801536290644	-0.005412579618501376	0.25066762055631503
0.3497586765542365	-0.005543510668217885	0.2507458673694445
0.3497939880324228	-0.005728387627953177	0.2508531528889443
0.34986071461865575	-0.005934741872140617	0.2509804302400643
0.3499040878019464	-0.006112173004703472	0.2510071222344149
0.34991219153157743	-0.00612823592105384	0.25086813372742567
0.3499034894920874	-0.0061363083985841865	0.25075427808352113
0.34989060301180974	-0.00621037518842131	0.25071115585200077
0.3499108219293154	-0.006441250390108441	0.2508323473100047
0.34992507647476195	-0.0066395912488575876	0.25094482309544835
0.34992627609515214	-0.006655259756595325	0.2509462382654498
0.3499351437968331	-0.0066595296467097526	0.2508562309610183
0.34994013513812305	-0.006662097964940841	0.25079867684440893
0.34994356491084605	-0.006650491562880098	0.25077974582048146
0.34995790044994446	-0.006601776991928557	0.25076835889089644
0.3499591871874189	-0.0065929868730616875	0.25076636062073904
0.3499574500351195	-0.006592409466311136	0.25076552958346077
0.349955782312691	-0.006592214416689515	0.2507658209144151
0.34995361684768517	-0.006592651874838221	0.2507664062942129
0.3499520218952756	-0.0065915880087295126	0.2507664341033797
0.3499512666142559	-0.0065912500109596844	0.25076680876742286
0.3499505825219967	-0.006590776615442093	0.2507672105762666
0.3499240873347676	-0.00661899066581563	0.25077938001846584
0.34991998323251833	-0.006622604926448825	0.2507779147290473
0.3499215181629477	-0.0066199671694297385	0.250775885610816
0.3499231746631339	-0.006618769998619503	0.25077602861256454
0.34992443581055327	-0.0066152533987478696	0.2507756970204156
0.3499257917894296	-0.006613184485523491	0.2507753412720963
0.34992828262855913	-0.006609461391643048	0.25077398620289765
0.3499295837164762	-0.0066069718451102905	0.25077437221896154
0.34993050327756636	-0.006604728422129794	0.25077267373902745
0.3499341001415639	-0.0065998010709065885	0.2507732445389872
0.34993585174993114	-0.006596672292428954	0.25077161698545675
0.34993926802908293	-0.006592475537226625	0.25077028380512517
0.3499438595608255	-0.006587151337645522	0.2507709287798805
0.3499445550958168	-0.0065865592671226075	0.25077113560503095
0.34994680202599887	-0.006583301342933487	0.25077037329858076
0.34994722865112293	-0.006581361437159802	0.25076903873050993
0.3499475881112345	-0.006580849264334096	0.2507693058630783
0.34994753501953246	-0.006580086316662778	0.25076884244498077
0.3499477100772592	-0.006579066760008093	0.25076763872247854
0.34994794741678664	-0.006578058279396545	0.2507665528325774
0.3499485122530354	-0.006578387315691561	0.25076645958497107
0.3499484550694102	-0.0065776479362692625	0.25076564814043767
0.3499477535887403	-0.006578074376728624	0.25076555902879716
0.34994766427757634	-0.006578103598785648	0.25076547111139225
0.3499486037153307	-0.006577266770031134	0.2507654657785289
0.34994869897720504	-0.006577403186750472	0.25076543595869777
0.34994925723955367	-0.006576968482800025	0.25076446900461075
0.34994916002077653	-0.006576836312864501	0.2507634227463574
0.34994848203464923	-0.006578217335016193	0.2507654530811999
0.3499482451415315	-0.006577612537472868	0.2507642261592143
0.3499486923710048	-0.006578003749381542	0.25076415541975594
0.34993139008188323	-0.006581002319240678	0.2507617318497495
0.3497157214203404	-0.006586691798778729	0.2507460478432575
0.34971122333338694	-0.006417642252150649	0.25078871352980336
0.34973407839514653	-0.006197076139088778	0.2508478163133054
0.3497130394118115	-0.005091163551558073	0.2509204961623873
0.3497507741793212	-0.0043040238044691065	0.2510268894372625
0.3497646977707014	-0.003752438997542587	0.25110431383760035
0.3497390925986753	-0.0028437860395881115	0.2512665552529263
0.34965227758058026	-0.0018575333321716597	0.2514307079537097
0.3496177619830762	-0.0009457988204682327	0.2515690408937229
0.34953775307898854	0.0006616248265324115	0.25195030161805443
0.34947384837939627	0.0018590350465364086	0.25214132810784606
0.34937181762059166	0.0036105144518261273	0.25254398978236237
0.349273898574161	0.005279787666691196	0.2529295425344202
0.34919582318957987	0.006640846442656931	0.25317880213386806
0.34905343873410977	0.008095258630244004	0.2535395610342185
0.34898717990501227	0.009574297918675215	0.25386968702896545
0.3488508722267343	0.011135846713758515	0.25414927353854877
0.3489065530033878	0.013054848742785244	0.2542905081457243
0.34886536844013655	0.014904339162079852	0.25442827227614223
0.34889892229031727	0.0168483601632015	0.25454880854696615
0.34895468075037944	0.019799267481888524	0.25462404403495287
0.3489125652587229	0.02183399253947181	0.25472973882542715
0.34897354393912794	0.02316362879167401	0.2547736815324986
0.34890529083766547	0.025725598008138797	0.25501098152011137
0.3489498663604225	0.027934701584177282	0.2550285265929685
0.3489516077650875	0.030205710891993934	0.2551531610999528
0.3488656759321235	0.03240275026806154	0.2553657484541596
0.34892420197864926	0.035026521700685306	0.25550722456303226
0.3489192591213078	0.03654067323086789	0.2555219811806486
0.34888757960896866	0.04042687272134278	0.25574858322672733
0.3489124895918574	0.04259448035539086	0.25583369395720423
0.3489027370164662	0.043833112421509876	0.2557938386655102
0.34888025178699744	0.04713126107175507	0.25597047766638703
0.3489321739096253	0.049566702935133114	0.25603023880470166
0.3489025548557105	0.05115766999309117	0.2560853931012332
0.3489383649057749	0.05394506608875628	0.2561554183026532
0.34890877193148784	0.05613098693998976	0.2561697014841696
0.3489156865202554	0.0586558601381761	0.2562304057414446
0.34895115519588094	0.06152731762215326	0.2562316641041102
0.3488697354716066	0.0636799352287216	0.25623803308271603
0.34895821535360005	0.06589077660438274	0.2561829206389743
0.3488568999945558	0.06790949149569007	0.2562013593977569
0.3489522757908139	0.06981623891122991	0.25615559939743227
0.3488965453404107	0.07299895411358327	0.2560647859510629
0.34898654968484083	0.07511791463047256	0.2559085151813235
0.3489142013999831	0.07635324944683967	0.255870236365857
0.34894774881621066	0.07826608379195162	0.25571010832418617
0.34896423530129467	0.08011968161127596	0.255666612878661
0.34895198416121775	0.0820148765440472	0.25543198082939195
0.3489911841952265	0.08502844587202975	0.255206885875229
0.34894679324426303	0.0868736349609109	0.2548871618449329
0.34898757100325706	0.08929227113264045	0.25464079884503216
0.34896934283344755	0.09116128694727697	0.25430120429133174
0.3489653980111786	0.09273030339818082	0.2540016369228756
0.3489815634661455	0.09428438989214587	0.2537420960880161
0.3489932456540925	0.09596411739820225	0.25329653589068024
0.3489180958784477	0.09730752693939788	0.2530046935774286
0.3489506848784379	0.09882265852910453	0.25252531679576545
0.3489337535751087	0.10007177253184028	0.2521406914277877
0.34896393022268113	0.1008263491322909	0.25184320905334445
0.3489677710406029	0.1021842384160332	0.2514176307361744
0.3490483067813974	0.10438360740763765	0.2505470194937639
0.34904289970227337	0.10506423323252727	0.25017396187817725
0.34914562418403094	0.10622186269450727	0.24953404897264114
0.3491821866305583	0.10711149224322607	0.2489742173149422
0.34927820911758173	0.10851843460847278	0.24807476773744225
0.34938172321964045	0.10965458683410832	0.24738495291390886
0.34950618798947436	0.11083993471054863	0.24656907045574708
0.3495987845334424	0.1119074067961343	0.2458231603725572
0.34976693050968616	0.11311651565379353	0.2449289544759563
0.34986082935963214	0.11482743094696997	0.24369777121600839
0.34994432620644284	0.11620278561012039	0.24270441847569632
0.34995747040550096	0.11693845582800406	0.24212173492622674
0.34997120377603175	0.118374868969934	0.2410680715254055
0.349983561796501	0.11918505056771155	0.24044139680948598
0.3502452665802396	0.12098076644914126	0.23900382202032605
0.3504304154590667	0.12290804899755499	0.23740944403164274
0.35051222076607463	0.12406705782246936	0.23643506168705428
0.35063454679006933	0.12483996165598431	0.23579606495924904
0.35079345974166565	0.12631884130259258	0.2345305058139658
0.35093074170126365	0.1277278411595585	0.2333211137035856
0.3510180168687406	0.12875529279935116	0.23254631565581133
0.3510830673129216	0.12962815129380492	0.23185503460425905
0.3510544880575406	0.13065505356280657	0.23108813080483315
0.35103848910992136	0.13160688828476197	0.23062042432927227
0.35082947169705986	0.13199479062788805	0.2304856240828393
0.3507187743322277	0.13221393962993294	0.23049054678279596
0.3501537866471892	0.13248808551529287	0.23041855720301363
0.349737042089219	0.13264855404376344	0.23059716455893192
0.34868984755008336	0.13228530506203953	0.2310478192309846
0.3478852657863722	0.13192159971755318	0.23154853511762905
0.34695718084568633	0.13149759564009222	0.23195249125286335
0.34614029238540206	0.13106978078174147	0.23237606838972813
0.3454357429038913	0.13074874671248185	0.23280875300727957
0.3442425627981926	0.1302535360377321	0.23329579271944484
0.34307408245447124	0.1297682407734595	0.2338532037904251
0.3421420975498056	0.12936192665902985	0.23428326970325677
0.3410673037358295	0.12895641423273113	0.2345757984822528
0.3400177238496918	0.12854253684643357	0.234942665969198
0.3388216307666407	0.12808213445271024	0.2352901610625826
0.3373850813071751	0.12753171083051767	0.23556889132567843
0.3352037460915473	0.12671201746956184	0.23595977159113138
0.3336524641448417	0.1261480456849523	0.2361619980170102
0.33202214622785436	0.12559105139793458	0.23627607778152696
0.32984958774205925	0.1248327646344204	0.23629927308513582
0.3277478149143496	0.12410092559925658	0.2363504302987783
0.32544866950297024	0.12328267587526562	0.23641733853830688
0.3221916006868173	0.12212311429091899	0.23656650961207812
0.31999053255589976	0.1213575104468201	0.2365772178241723
0.3182310285797638	0.12074291003545756	0.23656945840198965
0.3145008700725217	0.11957336015871489	0.23650006791376638
0.31256745799786456	0.11897622543739617	0.23649637396959838
0.30921815134162817	0.1180230229354217	0.23637178687432103
0.3063331299652985	0.11723864049804025	0.23622499384592863
0.30537487954219467	0.11699325017080363	0.23614012676557228
0.3034562162213826	0.11659525069732946	0.23591810256960652
0.30215352817370683	0.116404749919963	0.23568828961734706
0.3016388710332146	0.11638566496893372	0.23553497739703128
0.3019102271932635	0.11681023831721939	0.23506133316685254
0.30210870430692927	0.11696694538306805	0.23493034398529802
0.3027533813481681	0.11747784031866179	0.2345027228157733
0.3032330048760264	0.11775591187253279	0.23421712920163784
0.30384654974017944	0.11810205820090128	0.23384058756880344
0.30425702660049897	0.11838167024968989	0.23356857925923769
0.30478342674738557	0.11878967175474171	0.2331651125026251
0.30507565785589424	0.11905111193944558	0.23289840292941572
0.3052258235587191	0.11928579695162997	0.23261188166291347
0.30553965887545936	0.11963013297622402	0.2322974157473516
0.30601175990834917	0.1200796466486239	0.23196455357077322
0.3064351619542226	0.12051739117295183	0.2316315396925005
0.3069123141943135	0.12109773689546717	0.23116200393459999
0.30731339881182385	0.12154596189378028	0.23083503327556354
0.3075980491948041	0.12189225265223175	0.23057077809597998
0.3080287482603074	0.12237014039296769	0.23023802119991105
0.30829951637211284	0.12275461843147341	0.22993339967112952
0.308813952726971	0.12341968672199397	0.22944193832099702
0.3089933176584363	0.12365277426186592	0.2292712204328627
0.30933808503860594	0.12409299106040522	0.22895884059200677
0.30964855693993815	0.12444884439219377	0.22872780727346878
0.31016602555459294	0.12524158816458925	0.22813336844532783
0.31037782679994497	0.12551489217496678	0.22794698528473756
0.3107691217277779	0.12604093150457094	0.22758366024064644
0.3110958765362602	0.12646858705000213	0.22729297475538446
0.3115198608845773	0.12702165421536765	0.22693008117015434
0.3117961021339291	0.12747387635355084	0.2265986766147016
0.3120276194142186	0.12786776915806858	0.22631281053105815
0.3123498263359967	0.128295363210718	0.22603890538273722
0.3126694972022776	0.128719972653696	0.22576072455048352
0.3130301910177182	0.12919298474728622	0.2254588123564029
0.3133028024465071	0.1295915407106063	0.22519520513965074
0.31359803479058174	0.13011518778644998	0.22482225276681483
0.3137412018689084	0.1303461656036412	0.22466244468760682
0.3140229997568008	0.13076831467485095	0.22438529868746698
0.3143747091448008	0.13128299694922202	0.22405482129334084
0.3146705621766903	0.13172301001668746	0.22376982916484517
0.31503674302303797	0.13223173409278777	0.223453465717419
0.3151922128143007	0.1324605062781597	0.22330943527687072
0.31549773184853686	0.133026426347524	0.22291183334495152
0.3156377349291884	0.13325631588041498	0.22276021287194517
0.3160896416016994	0.13397005184572253	0.2223063043659818
0.3163026644894407	0.1343222795133836	0.2220781325148088
0.31644742210064275	0.13453548506861138	0.2219478619194888
0.316699606420717	0.13488986550098103	0.22173888353260143
0.31708575511280457	0.13539149290708252	0.22141277753047506
0.31733725070645236	0.13551906355256288	0.22116594373045162
0.3176690958105033	0.13555609737862756	0.22097597080533782
0.3179821073704	0.13560876175877606	0.22094423359962942
0.3184923354227286	0.13570182963470379	0.2208932326651154
0.3189151708051832	0.1356900352696883	0.2208364089127718
0.31976792861191966	0.13571474052072252	0.22067884441887528
0.3200261671488584	0.1356947724245823	0.22063684453629678
0.3205741314288933	0.13574843525829738	0.22052669389505994
0.3209385600721423	0.13584456383464372	0.22043897584387612
0.3213270642230352	0.13595375155926764	0.2203441964402789
0.3218365994805452	0.13612361828045855	0.22021251453412952
0.32227638522491914	0.13610996446691193	0.22013378963632016
0.32288228659353235	0.13612475790351086	0.22001946261040659
0.32325272447691705	0.13612998744372518	0.2199478023299269
0.3234821520166436	0.13620003459160973	0.21988768428669714
0.32431547760539237	0.13649409041179025	0.21966100744168193
0.32477024706456087	0.13655375956708293	0.21956233884043913
0.32508372606052843	0.13655541229004392	0.21950386752815904
0.3256674387701035	0.13656489132059194	0.21939392633714927
0.32615176901539117	0.13662221332291058	0.21929065365255584
0.32677065344129363	0.1368776661212964	0.2191142171785483
0.3270455221826338	0.13697753898529186	0.2190383640649132
0.32771716378426946	0.13713321885699925	0.21887838625815115
0.32817213402393663	0.13715994119540748	0.21878915454711625
0.3285865122898493	0.13714858178756367	0.21866946327140901
0.3288067934611815	0.1371191221104261	0.21860360027089368
0.32931021042266345	0.13727428187332472	0.2184563917069813
0.32970824656381653	0.13744037101683287	0.21834233362981836
0.33022980593076284	0.13749632900804226	0.21823451241302644
0.3307083876338006	0.13755106263017186	0.2181349601296774
0.33097480723898964	0.13756621504293728	0.21808362652352722
0.33166527993998784	0.13766967437463806	0.21793336760440019
0.3318276914108759	0.13774746013721706	0.21783064673499056
0.3320676344175991	0.13785996153624253	0.2177168961496057
0.33262187370034163	0.13794267691593187	0.21759525613781364
0.33308358760297785	0.1379959860960547	0.21750018541611726
0.33331597772754207	0.13800261745370368	0.21745729162409552
0.33385742769603377	0.1380053325383736	0.21735880785970887
0.3342109781041314	0.13809375020598347	0.21727372206859466
0.334722196150355	0.13836213154150273	0.21711547470594114
0.33510515417383935	0.13854269168395128	0.2170036494801414
0.3353277223441363	0.13856630903528955	0.21695866045611126
0.3358228235898853	0.13862149670940538	0.21685131287083576
0.33610380975941634	0.13856261895257616	0.2167429107197938
0.33643254451717025	0.13859807257194734	0.21666567870232847
0.3368580037062963	0.138640657583676	0.21657733378438926
0.3371964449582609	0.13865051794913036	0.21651323996104901
0.33750110320189397	0.13882873630086526	0.2164135825017416
0.33779736152110273	0.13898262738483413	0.21632100716085312
0.3382213113868461	0.13934085157849987	0.21616767749265783
0.33852640459868616	0.13963157371096607	0.2160527577887814
0.33878858667839284	0.1398847981077283	0.21595284033508977
0.33894788795028974	0.1400380523745089	0.21589270819183537
0.33926620510126465	0.14034874835453226	0.21577187337902126
0.3396092602589755	0.14068187545791527	0.21564271505301094
0.3398863199236177	0.1409555620968502	0.21553624441029107
0.34026891726139746	0.14133358913701696	0.21539061500739676
0.34053015719252006	0.1415912265327685	0.2152919900344592
0.34082554291230427	0.14188530118569595	0.21517927044740426
0.34105533596456106	0.14211897579761515	0.21509098644545716
0.3413856440457848	0.14253913239281923	0.2149520734948409
0.34164373500383965	0.1428798861834082	0.21484137256809205
0.34188792013656194	0.14320166369680337	0.2147365275115489
0.3421315324684656	0.14351458455457622	0.2146319781681056
0.3423749800783249	0.14379401932947555	0.21453406725729146
0.34261780592094	0.14404250465235513	0.2144402616998012
0.34280613553360134	0.14427279268100235	0.21436095164749752
0.3431452237498158	0.14471694321193634	0.21421448464714696
0.3433464435247762	0.14498910481400656	0.21412587069066044
0.3435710732339419	0.14529075558428695	0.21402669022869786
0.34372304667745024	0.14548667884493294	0.21396146849331896
0.34407915897864366	0.14586595998113447	0.21382109626491785
0.34429884426943086	0.14613628554542518	0.2137282411944538
0.344425198772306	0.1463081726354396	0.21367203579348196
0.3446975906011436	0.14668772662191448	0.2135488549604879
0.3448487991329537	0.14690379981862883	0.21347927063556937
0.3450497485224119	0.1471752610202401	0.2133895267524375
0.3453387969900228	0.14748434099012125	0.21327519650533588
0.34553729952526574	0.14769921995168564	0.213196280738685
0.3456486797419504	0.14785697552059363	0.21314439402964497
0.3458917801217493	0.14820725137518947	0.21303127102136765
0.3460175597993167	0.1483891484777082	0.21297256380698873
0.3463041689552224	0.14878934888589818	0.2128415298757369
0.34643936517933294	0.14893606467384873	0.21278695103260273
0.3464518559299742	0.1489480455480264	0.21278238472415067
0.3464465946448684	0.14898419521706663	0.2127768302925775
0.3464364223290609	0.14902641678489625	0.21277008370210446
0.34642404930590803	0.1490741699593104	0.21276313174842898
0.3464227784338742	0.14908025399265762	0.21276267923196313
0.3464214713678551	0.14908000639361424	0.21276295338404308
0.3464207498323489	0.14908033053708997	0.2127630061425011
0.3464195962872763	0.14907843222057157	0.21276351944265634
0.34641876171331004	0.14907658628946147	0.21276403474828268
0.3464181954529612	0.14907506157439437	0.21276453648945476
0.34641851128579226	0.14907348851064095	0.2127654024319185
0.3464167367109102	0.14907259720720978	0.2127651106224825
0.3464165216596645	0.14907104179987704	0.21276555999417232
0.34641645126871007	0.14906969862772368	0.21276643941648202
0.34641670720767054	0.14906781632276972	0.21276696537284917
0.346416064265831	0.14906837816541452	0.21276686090607033
0.3464134252825231	0.14906596273714084	0.21276702073855794
0.34641455395171317	0.14906589703668116	0.21276762992101794
0.3464139439397505	0.14906484810924614	0.21276785859268363
0.34641409124815836	0.14906543887804224	0.21276780878015594
0.34641395821522897	0.14906412301175637	0.21276808817312043
0.34641337614249723	0.14906230847129298	0.21276847979268637
0.3464142191977726	0.14906328894795567	0.21276819911082115
0.3464133205180242	0.14906348253887042	0.21276835689980167
0.34641389445562903	0.14906308219594677	0.2127687604074859
0.34641290899993415	0.14906273998872518	0.21276853324908082
0.3464129509246535	0.14906261104952861	0.21276855366149827
0.34641281766279586	0.14906108221216893	0.2127692604607069
0.3464124766358386	0.14906167267571924	0.2127688457098708
0.346412669270912	0.14906213309036237	0.21276879435328383
0.34641227821454307	0.1490604940458124	0.2127691106655519
0.3464125077288459	0.14906153834224362	0.21276886599072461
0.346411816396667	0.14906079366216587	0.21276903934854616
0.3464119542681103	0.14906092296951118	0.21276836956568893
0.34641258442839173	0.14906094532837985	0.21276939949894677
0.3464129380218076	0.14906261461041487	0.21276855217889604
0.3464126748438709	0.14906140580122498	0.21276922659215328
0.34641258379244766	0.1490607922527469	0.21276909232464974
0.3464124766358386	0.14906167267571924	0.2127688457098708
0.3464123814967865	0.14906152862958444	0.2127693264208095
0.34641284509226566	0.1490606782696745	0.2127689888130963
0.34641238149678655	0.14906152862958433	0.21276932642080942
0.34641224712247054	0.14906062837871126	0.21276909038494257
0.3464128139414109	0.1490619896250028	0.21276915482518372
0.34641258442839173	0.14906094532837985	0.21276939949894677
0.34641187113681066	0.14906163359694918	0.21276894508115343
0.3464123326012217	0.149061969215311	0.21276879241345256
0.3464130924081302	0.14906141631522085	0.21276925786601583
0.34641341942272014	0.14906145799824083	0.21276872829654797
0.3464130162375611	0.14906125324833996	0.21276892072763967
0.3464125065128768	0.14906151129086997	0.2127688465614559
0.34641267956789185	0.1490610893736729	0.21276891878784454
0.34641268225848615	0.14906068679629525	0.21276942339099292
0.3464120425321494	0.1490612188468555	0.21276901622455274
0.34641301687354764	0.14906140632313625	0.21276922790288216
0.34641244761548873	0.14906179805356293	0.21276882678095269
0.3464128722034168	0.14906154978806058	0.21276886743066126
0.346414398597334	0.14906252349544838	0.2127693451868195
0.34641220253558425	0.1490620922162459	0.2127691864888387
0.34641278492055877	0.14906211500368002	0.21276913589595914
0.3464125065128768	0.14906151129086997	0.2127688465614559
0.34641203825164035	0.14906150105766747	0.21276930568183197
0.3464133245223834	0.1490616955771204	0.2127692109137085
0.34641187113681066	0.14906163359694907	0.21276894508115335
0.34641199472147177	0.14906168912399897	0.21276927728866962
0.3464126505476683	0.14906121475151318	0.21276889985871023
0.34641298721707375	0.14906137862672403	0.21276890179834274
0.3464123524766808	0.14906165400772686	0.21276930749202932
0.34641265591292864	0.14906096223444337	0.21276940547436926
0.34641184231713973	0.14906206424470275	0.2127692351248044
0.34641319440464835	0.14906332358841534	0.212768825105955
0.3464122181029935	0.14906075375601674	0.21276907145625262
0.346413425025777	0.14906158710681555	0.21276923581700652
0.34641218228624865	0.1490612045182049	0.21276935897899238
0.3464126070169537	0.14906140281815283	0.21276887146478934
0.34641227850234885	0.1490621732677042	0.2127687631216961
0.3464130198579343	0.14906172976315585	0.21276921054406434
0.346412308946143	0.1490618420748196	0.21276927909863924
0.3464127413889014	0.149062303071575	0.21276910750190267
0.3464128338743847	0.1490604973967375	0.21276948361280415
0.34641186034873556	0.14906078887140858	0.21276904125365365
0.3464122347060727	0.14906240924806463	0.21276873586096529
0.3464125712004044	0.14906185358136026	0.21276915898921445
0.34641264024981977	0.14906225846846793	0.212768775423928
0.3464127849205588	0.14906211500368	0.21276913589595906
0.3464120151713455	0.14906133705740454	0.21276899837805624
0.34641288151948985	0.14906268208723583	0.21276864240999652
0.3464120382516403	0.14906150105766752	0.212769305681832
0.34641313188752937	0.14906123516245873	0.21276926227095244
0.34641187113681066	0.14906163359694918	0.21276894508115343
0.3464126736279311	0.1490613787514437	0.21276920716319508
0.3464124629814443	0.14906169935708666	0.21276881816712234
0.3464127413889014	0.149062303071575	0.21276910750190267
0.3464127413889013	0.14906230307157492	0.21276910750190267
0.3464134564438336	0.14906380987055248	0.21276877836924651
0.3464127413889014	0.149062303071575	0.21276910750190267
0.34641307611616245	0.1490626074481003	0.21276889385154013
0.34641214875691156	0.14906154640597538	0.212768816357695
