0.3383164666453739	-0.14191537921499825	0.21770592215150142
0.3383164666453739	-0.14191537921499825	0.21770592215150142
0.3385150904755173	-0.142138628496327	0.21731992860464552
0.3386265397240557	-0.1422529886418987	0.21713466518341762
0.33895630709032043	-0.14263794471551605	0.21648529704405836
0.339222493787952	-0.14291607232443698	0.21611602265084734
0.33943659922591707	-0.1431951346046667	0.21570793778717254
0.33963450993756394	-0.14343073659658326	0.2153721809407485
0.33977401252755773	-0.14360475421129193	0.2151035915799318
0.3399558846888586	-0.14388063223084324	0.21466419045352067
0.34040380472081566	-0.14439736333027334	0.21394270258257458
0.34067940352147774	-0.14473026605041428	0.2134961711842702
0.3408443741976727	-0.14498292523010337	0.2130817172976842
0.3410692194985523	-0.14526440418161718	0.21271047490774703
0.3413026257407621	-0.14557502970020736	0.21228095402618236
0.3414082196844887	-0.1457389996339127	0.2120250177901215
0.34188085340290086	-0.14634740268505303	0.21114774427116795
0.342140163217084	-0.14667042295623073	0.2107326405742606
0.34235808355488784	-0.14700023564227274	0.21026940154034918
0.34258691445070144	-0.14730811077015538	0.2098442242512441
0.34273473649297287	-0.147504479661066	0.20956575083105106
0.34317291677322753	-0.14806718291209586	0.20884534663216778
0.3433524076964884	-0.1483646865137806	0.20841125963313162
0.3435635416318657	-0.14866279889650102	0.2079780939681566
0.34370519414498824	-0.14884667978179525	0.2077212772457982
0.3441189886405686	-0.14939820049406194	0.20699816106312263
0.3443793575504825	-0.14975054339532984	0.20655961135021983
0.34454970551677017	-0.15006829667277038	0.2061024981496835
0.34468214902917016	-0.15025562947276444	0.2058334771435113
0.34497801470658257	-0.15064356622867645	0.20530559089494424
0.3452510530914192	-0.15096945790256044	0.20491236662220974
0.3453800281727544	-0.15117505097066242	0.20461875943118646
0.34568597255634276	-0.15163729234542872	0.20399524681214035
0.3458341963908237	-0.15187169964509725	0.20365166835585624
0.34602595170856554	-0.15227589662953545	0.2032402102616776
0.346182331172312	-0.1526150718341574	0.20294734096505299
0.346349898614766	-0.15290395199175466	0.20261546176391934
0.3465330063041418	-0.15327206977507044	0.2021376612251089
0.34660535530277986	-0.1534273804533005	0.201943382956771
0.3467128372858319	-0.15394182840946552	0.20146655197857866
0.346819251005105	-0.15425963805190163	0.20120960761088663
0.34687726708407857	-0.15450035416766578	0.2010128727783769
0.3469612283131461	-0.1548049755167854	0.20077703689639378
0.3470004630939283	-0.15502604994974267	0.20061109936970922
0.3469837521292735	-0.1551101861701106	0.20058145792471394
0.3469457314980998	-0.15518762708692832	0.20055746301768002
0.34691940031608953	-0.15523628098476536	0.2005422468907271
0.3469081304678738	-0.15524874987314707	0.2005382562463477
0.3469054273659773	-0.15524819425920322	0.20053877109049756
0.3469005343008674	-0.15524485253930476	0.20053999990411814
0.34689732054775885	-0.15524196751261032	0.2005413229709523
0.3468912243052891	-0.15523715622266832	0.20054341176760507
0.34688838489195783	-0.1552314165611065	0.20054585443015888
0.3468829790255263	-0.15522563383872984	0.20054793125306256
0.34688049437024665	-0.15522258503021216	0.2005492366971685
0.3468761931584052	-0.15521440604968811	0.2005525957687643
0.34687557213744585	-0.155211111526776	0.2005547481784566
0.3468750627630388	-0.1552090331046767	0.20055589878425173
0.3468766914376737	-0.15520776283959642	0.20055663315908595
0.3468771103776803	-0.15520809419799148	0.2005570794690553
0.3468768706844616	-0.15520735649086206	0.20055735513890272
0.3468782686951727	-0.1552071877178129	0.20055836420499223
0.3468785245526764	-0.1552065966718253	0.20055882411928028
0.3468796625215194	-0.15520746516467737	0.20055863454798986
0.34687927504485205	-0.15520741802155463	0.20055863460991352
0.3468806023098878	-0.1552076808491517	0.20055937347368463
0.3468804489953524	-0.15520722481160587	0.2005594262584894
0.3468806023098878	-0.15520768084915187	0.20055937347368474
0.34688075789612505	-0.15520739009883014	0.20055942619352626
0.3468811097900508	-0.1552079523924349	0.2005593733683677
0.3468824140064972	-0.15520807731292044	0.20056031972539745
0.34688311048497517	-0.15520848297954187	0.20056008151045904
0.34688152061418703	-0.15520781309543383	0.20056026717584874
0.34688298147310015	-0.1552085691158645	0.2005603851890248
0.34688319810317736	-0.15520796621090327	0.20056044900490244
0.34688408563705414	-0.15520877215743367	0.2005607610445641
0.34688259555941675	-0.15520857644375768	0.20056033253472927
0.34688445135367035	-0.15520922743493326	0.20056057164636365
0.34688429576591906	-0.15520951818425316	0.20056051892546384
0.3468837882877984	-0.15520924663715144	0.20056051902645505
0.3468842308517701	-0.15520850079127052	0.20056081025154424
0.34688445135367035	-0.15520922743493326	0.2005605716463637
0.3468844513536704	-0.15520922743493337	0.20056057164636354
0.34688429576591906	-0.15520951818425316	0.20056051892546384
0.34688460720248687	-0.15520873415020636	0.20056099690921977
0.34688451857242897	-0.15520967132420227	0.2005602741219672
0.3468853128845208	-0.15521009635631053	0.2005602739649524
0.3468849805394798	-0.15521004487644463	0.2005602428687163
0.3468851903563865	-0.15521037098312684	0.2005601900923849
0.34688504873908094	-0.15520994613330097	0.2005602393560565
0.34688526604403275	-0.15521055787759852	0.20056051338433162
0.3468862759762143	-0.1552112703427252	0.20055975227447526
0.3468860741807241	-0.155210875895388	0.20056037665191317
0.3468852798711204	-0.15521045085863022	0.20056037680832034
0.34688560180220446	-0.1552110102885061	0.20056030225088245
0.34688573483368484	-0.1552108401081535	0.20056034076191903
0.34688634858525746	-0.1552111346605418	0.2005597768779443
0.3468858439244393	-0.15521138822097008	0.20055970312441607
0.34688634858525746	-0.1552111346605418	0.2005597768779443
0.34688606055752436	-0.15521078531234042	0.20055976693775524
0.34688593662897876	-0.15521123455453142	0.20055971638452808
0.34688592265226215	-0.1552119501526356	0.20055961440022096
0.34688607824365436	-0.1552116594052654	0.20055966712112838
0.3468856358187314	-0.15521179666588675	0.200559614456846
0.3468862948770093	-0.15521105649636663	0.20055973093419627
0.34688659635599917	-0.15521170903793421	0.2005600430803339
0.34688600804347725	-0.15521090300995213	0.2005597309908731
0.346886362036863	-0.15521143785232888	0.20056007908314227
0.3468857914102617	-0.15521150591859073	0.20055966717775336
0.34688579141026166	-0.15521150591859068	0.20055966717775356
0.3468863998759478	-0.15521139081237983	0.20055952806344962
0.34688618324215575	-0.15521199372169253	0.20055946425083762
0.3468864407646703	-0.1552119997852887	0.200559990359153
0.34688629679957256	-0.15521156386173085	0.20055951128991945
0.34688681298915064	-0.15521110612915623	0.20056010689366596
0.34688659635599917	-0.15521170903793421	0.2005600430803339
0.34688654509489397	-0.15521111944849658	0.20055957727051832
0.3468869705033931	-0.15521132274585137	0.20055993997064447
0.3468862357571843	-0.15521187602360645	0.2005595001980248
0.34688633101803446	-0.15521170511280658	0.20055952562983317
0.34688618324215575	-0.15521199372169253	0.20055946425083762
0.34688636203686307	-0.15521143785232872	0.20056007908314233
0.3468865982784264	-0.15521221640238891	0.20055982343689788
0.34688607824365436	-0.1552116594052654	0.20055966712112838
0.3468860455567833	-0.15521225100739217	0.20055941759762907
0.34688618324215575	-0.15521199372169264	0.20055946425083765
0.34688618324215575	-0.15521199372169264	0.20055946425083765
0.34688668670919703	-0.15521154429932277	0.20055952800684262
0.34688632285372756	-0.15521156343599712	0.20055947534037571
0.34688618324215575	-0.15521199372169264	0.20055946425083765
0.3468860276500813	-0.15521228446874186	0.20055941153017448
0.34688662433234846	-0.1552122159798897	0.20055978748739656
0.34688662433234835	-0.15521221597988974	0.20055978748739653
0.3468863144833293	-0.15521243795601908	0.20055941147361916
0.34688672053809355	-0.15521205446924086	0.20055980314378524
0.34688662433234846	-0.1552122159798897	0.20055978748739656
0.34688639305246755	-0.15521231983324799	0.200559411471272
0.34688662433234846	-0.1552122159798897	0.20055978748739656
0.34688639305246755	-0.15521231983324799	0.200559411471272
0.3468864190594303	-0.1552114019240832	0.20055949099690712
0.346886419724585	-0.1552126165786002	0.20055970121472122
0.3468868465740127	-0.15521177199057903	0.20055988941707667
0.34688662433234846	-0.1552122159798897	0.20055978748739656
0.34688632404959674	-0.1552117593002686	0.2005594853387075
0.34688567576826757	-0.15521172216726897	0.20055946435226704
0.3468864680733616	-0.15521129207255288	0.20055952454783554
0.34688668790389293	-0.1552117401630796	0.20055953800431742
0.34688595062693234	-0.1552124570919015	0.20055935880700354
0.34688639305246743	-0.15521231983324785	0.200559411471272
0.34688598016169325	-0.15521239825884975	0.20055937219500333
0.346886545762836	-0.15521233410142676	0.2005597874893385
0.3468862024256035	-0.1552120048334716	0.20055942718429998
0.3468861062197439	-0.15521216634532287	0.20055941152808587
0.34688647007526563	-0.15521214720889598	0.2005594641942824
0.34688618324215575	-0.15521199372169264	0.20055946425083765
0.34688610621974386	-0.15521216634532273	0.20055941152808585
0.34688639305246743	-0.15521231983324785	0.200559411471272
0.34688653111755935	-0.15521183504650427	0.20055947528561988
0.34688595062693234	-0.15521245709190157	0.20055935880700354
0.34688631448332935	-0.15521243795601908	0.20055941147361916
0.34688662433234846	-0.1552122159798897	0.20055978748739656
0.3468861062197439	-0.15521216634532287	0.20055941152808587
0.3468867056832324	-0.15521264412718985	0.20055919368209138
0.34688618324215575	-0.15521199372169264	0.20055946425083765
0.34688595062693234	-0.15521245709190157	0.20055935880700354
0.34688595062693234	-0.15521245709190157	0.20055935880700354
0.34688645737053053	-0.1552121404104695	0.20055946419677556
0.346886057205253	-0.15521227619658184	0.2005593779771134
0.3468864687396004	-0.15521250672645293	0.20055973476604086
0.34688647007526563	-0.15521214720889598	0.2005594641942824
0.3468861062197439	-0.15521216634532287	0.20055941152808587
0.34688618324215575	-0.15521199372169264	0.20055946425083765
0.34688610621974386	-0.15521216634532273	0.20055941152808585
0.34688618324215575	-0.15521199372169253	0.20055946425083762
0.34688705638477646	-0.15521209810440828	0.20055983663834132
0.3468855195077937	-0.15521079826192005	0.20055920141408468
0.3468867549060955	-0.15521144556014882	0.20055952449097014
0.34688671632317375	-0.15521242220424636	0.20055956974285605
0.34688676955220205	-0.1552119446165146	0.2005598366945893
0.346886911165052	-0.1552123694678523	0.20055978743114838
0.34688699251596516	-0.15521279761509787	0.20055919362562932
0.3468862514396567	-0.15521189498193305	0.2005594607350234
0.34688720482166513	-0.1552115939321816	0.20055990396711007
0.3468860276500812	-0.1552122844687418	0.2005594115301745
0.34688618324215575	-0.15521199372169253	0.20055946425083762
0.34688610621974386	-0.15521216634532273	0.20055941152808585
0.34688618461609233	-0.15521199173241862	0.20055946417999515
0.3468860276500813	-0.15521228446874186	0.20055941153017448
0.3468863801384413	-0.15521293732301839	0.20055974559318948
0.34688618324215575	-0.15521199372169264	0.20055946425083765
0.34688618324215575	-0.15521199372169253	0.20055946425083762
0.3468868465740127	-0.15521177199057903	0.20055988941707667
0.3468863144833293	-0.15521243795601908	0.20055941147361916
0.34688590161197236	-0.15521256694286129	0.20055932525576453
0.34688647007526563	-0.15521214720889598	0.2005594641942824
0.34688668670919703	-0.15521154429932288	0.20055952800684268
0.34688751062907236	-0.1552128472479285	0.20055956958669605
0.3468864700752656	-0.15521214720889587	0.20055946419428236
0.346886237459794	-0.15521261057990063	0.20055935875018965
0.34688729199272716	-0.1552125950233217	0.2005595661255769
0.34688610621974386	-0.15521216634532273	0.20055941152808585
0.34688618324215575	-0.15521199372169253	0.20055946425083762
0.3468865500904323	-0.15521293487390994	0.20055914096175398
0.3468869223177933	-0.15521204121697807	0.2005592574940265
0.34688618324215575	-0.15521199372169264	0.20055946425083765
0.34688662865915615	-0.1552128167517302	0.20055914095831376
0.3468864540942155	-0.1552120076703728	0.2005594225618682
0.34688662433234846	-0.1552122159798897	0.20055978748739656
0.3468860276500812	-0.1552122844687418	0.2005594115301745
0.34688665824552206	-0.15521203242533632	0.2005594601056434
0.34688660968659046	-0.15521171692366195	0.2005594752835101
0.3468868325960641	-0.15521248758874157	0.2005597874333491
0.34688647007526563	-0.15521214720889598	0.2005594641942824
0.34688639305246755	-0.15521231983324799	0.200559411471272
0.346886237459794	-0.15521261057990066	0.2005593587501897
0.34688668670919703	-0.15521154429932288	0.20055952800684268
0.3468860276500813	-0.15521228446874186	0.20055941153017448
0.34688654509489397	-0.15521111944849658	0.20055957727051832
0.3468867013548471	-0.15521204335439315	0.20055984021027506
0.346886237459794	-0.15521261057990066	0.2005593587501897
0.3468869223177933	-0.15521204121697807	0.2005592574940265
0.34688595062693234	-0.15521245709190157	0.20055935880700354
0.34688688509357213	-0.15521236695954377	0.20055977633869623
0.34688662433234835	-0.15521221597988974	0.20055978748739653
0.3468864730656191	-0.15521310749797967	0.20055908823755736
0.34688618324215575	-0.15521199372169253	0.20055946425083762
0.3468856840891608	-0.15521248687543915	0.20055881727767405
0.3468862514396567	-0.15521189498193305	0.2005594607350234
0.34688765023921125	-0.15521241696469246	0.2005595806743588
0.34688647007526563	-0.15521214720889598	0.2005594641942824
0.3468867555724421	-0.15521266021448948	0.20055973470979288
0.3468861062197439	-0.15521216634532287	0.20055941152808587
0.346886988187937	-0.15521219684163406	0.20055984015428552
0.3468867056832324	-0.15521264412718985	0.20055919368209138
0.34688668670919703	-0.15521154429932288	0.2005595280068426
0.34688631448332935	-0.15521243795601908	0.20055941147361916
0.34688727734657643	-0.15521209596666902	0.20055925392031043
0.34688729199272716	-0.1552125950233217	0.2005595661255769
0.3468865500904323	-0.1552129348739098	0.20055914096175403
0.3468863284613805	-0.1552117223578638	0.20055951345738407
0.34688618324215575	-0.15521199372169253	0.20055946425083762
0.34688566512873437	-0.15521194408902594	0.2005590882924015
0.34688610621974386	-0.15521216634532273	0.20055941152808585
0.34688640107097657	-0.15521158667597973	0.20055953806087257
0.3468867056832324	-0.15521264412718985	0.20055919368209138
0.34688685090313426	-0.15521237276366825	0.20055924288833382
0.34688632404959674	-0.1552117593002686	0.2005594853387076
0.34688729199272716	-0.1552125950233217	0.2005595661255769
0.34688660968659035	-0.15521171692366187	0.2005594752835103
0.34688632285372756	-0.15521156343599712	0.20055947534037571
0.34688670568323227	-0.15521264412718988	0.20055919368209146
0.3468864540942155	-0.15521200767037285	0.2005594225618683
0.3468864700752655	-0.15521214720889587	0.2005594641942825
0.34688736901620204	-0.15521242239647587	0.20055961884908996
0.34688589240181333	-0.1552111192584166	0.2005595281649704
0.3468864680733616	-0.15521129207255288	0.20055952454783554
0.34688668970067016	-0.15521250458781313	0.20055915204861088
0.3468861062197439	-0.15521216634532287	0.20055941152808587
0.34688618324215575	-0.15521199372169248	0.20055946425083754
0.34688670135484706	-0.1552120433543932	0.20055984021027498
0.3468871334069735	-0.15521192547775078	0.20055988936108726
0.34688623533396024	-0.15521225830779029	0.20055937978416027
0.346888210307606	-0.15520784377801972	0.20056028472261977
0.34699972138926494	-0.15489783507629984	0.20059262552693755
0.3471344013967513	-0.1545211283429341	0.20063333159749008
0.3472658221056777	-0.15415370760653563	0.20067315367098215
0.3474262050074268	-0.15370359986872056	0.20072245785136522
0.34758867784778663	-0.15320549058008692	0.200771476361447
0.34769583268944476	-0.1528285194968943	0.2008092379513777
0.3478550576920211	-0.1523078214022519	0.20087237908548117
0.3479931965939343	-0.15184436601700596	0.2009277107983354
0.3482412256493538	-0.15104051019703751	0.2010278168379655
0.3484450360906594	-0.15039610237873624	0.20111152157316517
0.34858792709255965	-0.14994340531191996	0.20117300645813008
0.3488752678778103	-0.1490381974998239	0.20129565168573554
0.3490534880523437	-0.14847343574252458	0.20137384023128957
0.34922738903358197	-0.14677467191620847	0.2015727212313539
0.3491158399036719	-0.14608039256386846	0.20163985743651494
0.3488754502157495	-0.14439037549482459	0.20188830606514196
0.3488487253991706	-0.14310468451175812	0.20224626060426454
0.34882880186439047	-0.14223250318220054	0.20253420112960926
0.34872526939180865	-0.14036083340396438	0.20327267733326043
0.3486087745387964	-0.1385918145529409	0.20402650800026628
0.34856058227945064	-0.1371837758413953	0.20459509002757378
0.3486755609635688	-0.1353217905584806	0.2054845343816556
0.34873844163065865	-0.13382078235046718	0.2062228181459386
0.348806057071539	-0.1321110283051916	0.20707835266722702
0.3488582667560656	-0.1304672140982353	0.20792490200713065
0.34896620864698236	-0.12884599154301563	0.20889312180007635
0.3490818991137019	-0.12707348878928137	0.2099113626147146
0.34925110306887774	-0.1250445982175546	0.21100694367199557
0.34930485100542535	-0.12211387557704871	0.2124712855669418
0.34950936397049015	-0.12022257272777916	0.2135436038935536
0.3499008258997153	-0.11852343630627322	0.2146007160635529
0.3506252761565965	-0.11693569679824888	0.21571913969864742
0.35149167093302314	-0.11538132593109536	0.2168504246139142
0.3529266198861639	-0.1134332405174215	0.21816852815282084
0.35399262602241094	-0.11243395203911798	0.21877546785986832
0.35528231118276443	-0.11152812344936815	0.21935963863362012
0.356928094146145	-0.11082476582199059	0.2197135321954809
0.35868854486277646	-0.11043595955180414	0.2198424512556705
0.36050904775073067	-0.11028860604454245	0.21972692146104963
0.36356770582178116	-0.11046136981941655	0.21907373822132684
0.3656097179729383	-0.11070368878954796	0.21844401369109576
0.3668343160992012	-0.11085696413169004	0.2179390189912862
0.3692377632900487	-0.11112635891847118	0.21677846814427318
0.3716095950834284	-0.1111980384046329	0.2152690633183784
0.37247909829208214	-0.11117642410765903	0.21446398000176312
0.374259811008926	-0.1111620288874081	0.21282503100325703
0.3751546933701857	-0.1110786006821672	0.21198742796633407
0.37615498536500536	-0.11097737821830649	0.21082618455975388
0.37743545669060513	-0.1107153526739897	0.2093214765027218
0.37803725052059495	-0.11052362382112398	0.2085101414905818
0.379219795732252	-0.10963569736976196	0.20637288308611612
0.37967479584515124	-0.10909138192964367	0.20540096362053772
0.3800796298298405	-0.10832564510117225	0.2042827611713498
0.38041084156585864	-0.10752442773248817	0.20333746860237845
0.38059389985087283	-0.1065729006044608	0.20246004789336008
0.38072389268113277	-0.10518913456719779	0.20151656075472327
0.3807511987940652	-0.10452580589009937	0.2011776546985408
0.3807117231136685	-0.10324589369055283	0.20072168287198297
0.3805573887746666	-0.10159232388780799	0.20040735029359003
0.3803688827508155	-0.10019248603283519	0.20045405865492733
0.3800786075181653	-0.09850215525249038	0.2008078812355233
0.37986534158908275	-0.09729208686800393	0.20129316964818908
0.37963712894448254	-0.09609889802482789	0.20203112954893152
0.379268889222017	-0.09467257488867788	0.20308129255625662
0.3789181106625478	-0.093216510753843	0.20437620129764114
0.37857864690322623	-0.09209321457598603	0.20530695225576845
0.37842638065133455	-0.09153930769228923	0.20580343019347017
0.3780907893498042	-0.0904460850521616	0.2067989522863951
0.3776471840424648	-0.08927715189292111	0.2077999272921487
0.37740287362891367	-0.08870031608864686	0.2083650034051933
0.3771512466013943	-0.08824357607935747	0.20885162429265644
0.3770270059066179	-0.08803279737979013	0.2090745783683985
0.3766272149149065	-0.08744057121531244	0.20961006742210203
0.3761871795699434	-0.08709124571502395	0.2098914488954079
0.3760565853571411	-0.08706471134482656	0.20990441845830907
0.3759186799279848	-0.08685978955298158	0.21022855050154668
0.3757160715718224	-0.0864962190281003	0.21061565784436917
0.375575713547822	-0.08626278422773669	0.21074847453017442
0.37523862072294434	-0.08571866755669465	0.21098046372750098
0.3746797461019305	-0.08464174766427367	0.2114265973232467
0.3744929026451788	-0.08431715541337294	0.21162807390793184
0.3742899907854068	-0.0840717638162461	0.2118956815494033
0.37393410339226235	-0.08366628798023655	0.21226102853527498
0.37378020776434917	-0.0834996871707734	0.21237714174817265
0.3735661489778049	-0.08323189699835819	0.21259135687734607
0.3732527884102755	-0.08279599187977384	0.21297450157648976
0.37288217828223347	-0.08235414153812899	0.2133829556357142
0.37273251715016115	-0.08217034501886784	0.21352941043286755
0.3724738988315272	-0.0818147189984	0.21384650450061457
0.3721299217564926	-0.08137443955260758	0.21420109775520643
0.37193398729641153	-0.08116439773247318	0.21439519362524795
0.37181574675691453	-0.08103377725729609	0.21452417039559973
0.37145386700800076	-0.0805298503236374	0.21498558524561137
0.37125686468008795	-0.08025841279024236	0.21524031127241647
0.3709123643726356	-0.07983883740830613	0.21551500408582813
0.37068969890124737	-0.0795810216244079	0.21580301866772747
0.370570320973645	-0.07943192058084093	0.21598128418131593
0.37036082812225085	-0.07915401379193125	0.21622437677657497
0.37010983121947216	-0.07885054449866487	0.21647214854849234
0.3697683485489844	-0.0784101330157402	0.2168756995889799
0.36962539254583443	-0.07822157360162428	0.21704180648732166
0.36937338847110257	-0.07791802432699228	0.2173849684127544
0.3692097123790983	-0.0776994808965751	0.21756945646737572
0.36908544277488514	-0.07755256175170687	0.2177140925826453
0.3687551691425114	-0.07680916329688571	0.21828557586028316
0.3686064539860685	-0.07643308655370794	0.21855305650076218
0.36841040569984246	-0.07618634044079849	0.21885274296602839
0.3682502794315726	-0.07599239943868631	0.21910597711589985
0.3681277995065847	-0.07582687325418706	0.21931145933439997
0.3677944614985196	-0.07530053137344657	0.21982559155310338
0.3676763303786325	-0.07488784057651991	0.22015229388265
0.3675707926336993	-0.07464270811733863	0.2203779482378316
0.3672910023621105	-0.07430337146055731	0.22083474490795457
0.3671958667798966	-0.07418727056602802	0.22100927086250421
0.36697164594374326	-0.07394179685680284	0.22135859422002652
0.36671441848752995	-0.07334212474922643	0.2219242892319494
0.36658450048335317	-0.0729810907111214	0.2222651197347026
0.3665096183561952	-0.07289163880194045	0.2223988327036048
0.366350738414427	-0.07271426757932302	0.2226671040702233
0.36610417086113145	-0.07241870295789544	0.22312651749762058
0.36591783503934733	-0.07212359170384404	0.22353522971419632
0.3658306927875749	-0.07178383293501754	0.22382676587098807
0.3657485718966996	-0.0712876548706939	0.2243519825870809
0.3656178296628571	-0.07079304654806491	0.2248136945445633
0.365479994729561	-0.07025051294301109	0.22523870234839335
0.365248325404337	-0.06918919782102538	0.2257416431217429
0.3651569413006301	-0.06873177137979126	0.22601552852224024
0.3649364750972067	-0.06763495669025947	0.22652100455515367
0.36479454604924055	-0.06708078978148398	0.2267683506827795
0.3643987002581845	-0.0651984019739459	0.22767374520667347
0.36425418444376284	-0.0644938156486853	0.22802215599164463
0.3638996461519004	-0.06300569353350695	0.22862489059913382
0.36369158495986603	-0.06192951351681124	0.22911890594327344
0.3633184283573453	-0.06024670020710739	0.22979342003182512
0.36301686564359453	-0.05899223271801517	0.2303059225388366
0.3627436640652976	-0.05772323215287374	0.2307885645581832
0.3623588671128869	-0.0562645430526353	0.23138143549912243
0.3621307114751951	-0.055197361974626616	0.23178370199167966
0.36176523774522806	-0.053753432477265814	0.23231404282798968
0.36141611544920393	-0.05244493466660079	0.23285012164122193
0.3611933429757865	-0.05144653401972675	0.23315886649116907
0.3606660311007336	-0.049314234696891376	0.23395164962000498
0.36023994831736966	-0.04720473215504452	0.23475712713862956
0.3599526238247397	-0.04569057256048577	0.23527863577191033
0.3597707678562163	-0.044715962604184825	0.23564658739602073
0.35940908651239417	-0.042811714983996066	0.23631035397021996
0.35883075076726184	-0.039758498302771936	0.23737106716270798
0.35848559563453036	-0.03807809107418615	0.23794848172441732
0.3581770751634699	-0.036374784613107405	0.23850975394740534
0.35779166069975643	-0.03449882892203017	0.23919826685051937
0.3576190008232094	-0.033414393309597765	0.2394948751940634
0.35703052888671993	-0.030363589714382702	0.24051173440968157
0.35672867594867425	-0.02883259734555614	0.24108201952444644
0.35637972968805065	-0.027088410054268805	0.2416372321234927
0.35609701899808666	-0.02546583748096047	0.24211861805944687
0.3557062675234926	-0.023560485867630057	0.2428355294247394
0.35525286987341	-0.021209299558709968	0.2435507164281458
0.35503054075385343	-0.020074524800669943	0.2438833460000769
0.3547227395649049	-0.018438891796987336	0.24440374014207794
0.35429660485812364	-0.016127319267290954	0.24510369951265537
0.3539985066177298	-0.014667396930052798	0.24560983930914793
0.35350670582565097	-0.01224553302597127	0.2463631591111531
0.3533667720462932	-0.011320452095726172	0.24660655659297315
0.3530114509464604	-0.00954370418454574	0.24716511028531765
0.3527581852181249	-0.008116508126519331	0.24755486966955617
0.35246738187735666	-0.006606050221413515	0.24805834309093752
0.35220562629980123	-0.005304684200015161	0.24843108335109385
0.35201206308827837	-0.004059633526996134	0.24876409190586599
0.35169388079681324	-0.0027188128342073986	0.24921962659582295
0.35156166860797405	-0.0017064307846256926	0.24946345417716956
0.3512616240813166	-0.0002879887384775043	0.24989669010071697
0.3511234602152415	0.0003426647678902578	0.25009578485161554
0.3509063222202483	0.001638360535800007	0.2503938978260968
0.3508183647680213	0.002171861603729272	0.2505150735324214
0.3505872691422588	0.0032528494806101232	0.2508951584830307
0.3503879923060742	0.004113761307963912	0.2511162146708086
0.35034016875707585	0.004321642093563657	0.25113219132592146
0.3502565453738866	0.004648805464139608	0.25104604950551995
0.35028583291420395	0.004706802709783284	0.2508774456000413
0.3502831842196485	0.0047119427976750755	0.2508611462830733
0.350280265574853	0.004709263955464352	0.25086167871818177
0.3502790667169496	0.004707735779559172	0.25086228912315844
0.3502752627509683	0.004702292541162931	0.2508635906147979
0.35027227627840984	0.004698094726575133	0.25086316537095
0.3502712706744945	0.004694294768290572	0.25086320669131956
0.35026860908265633	0.004686545407418016	0.25086300630141656
0.35026729738801266	0.004681669863492874	0.25086499966543396
0.3502670961419561	0.004678349372437843	0.25086594773733073
0.35026734114705044	0.0046770633748942775	0.2508652496988356
0.3502673363728307	0.004674758985678998	0.2508650721252427
0.3502679024193684	0.004673602530887042	0.2508647521849282
0.3502695489667716	0.004671653683370872	0.2508641695063001
0.350269759202703	0.004671738057715355	0.2508640749627523
0.3502704793419836	0.004670799108556903	0.2508630413358719
0.3502727139731586	0.0046692470869992425	0.2508622857602683
0.35027347842665346	0.0046682854042438965	0.2508613308848642
0.35027396511179715	0.004668084244757079	0.2508612139488047
0.3502751961277024	0.0046673515917859815	0.25086026538705
0.35027537671482784	0.004667399784406542	0.25086029936769527
0.350276779187834	0.004666108104006819	0.2508594041625781
0.35027656941434493	0.004666835460669358	0.25086032346375126
0.3502768368169443	0.0046660395995223175	0.2508590595669564
0.3502780165861195	0.004666108709712305	0.25085878695498454
0.3502777574989409	0.00466594509022257	0.2508581462030752
0.3502781888239741	0.004665443064897787	0.2508581791525365
0.3502791987764968	0.004664800843341685	0.2508577687083837
0.35027852060105497	0.004665235864270992	0.2508571145723735
0.350279577397893	0.004664990517817977	0.25085692363138146
0.35027880711555864	0.004665562415720928	0.2508568297762214
0.35027986094403124	0.004665380738311145	0.2508566841838578
0.35027986920658205	0.00466538975490581	0.250856682595838
0.350279544995511	0.004665444665032006	0.25085662433549094
0.35027990625511585	0.004665898545114747	0.2508569889079325
0.3502799465646759	0.0046655392788260835	0.2508564477845641
0.35027964352436275	0.004665884926848954	0.2508565645596468
0.35027995822797636	0.0046658044554876155	0.25085664479703573
0.3502794113655805	0.004665778094128728	0.25085494715892154
0.3502799691811378	0.0046656176785844355	0.25085484011796855
0.3502809436102233	0.004666092229830179	0.25085628513544905
0.3502809670650821	0.0046656194376377275	0.2508556784056157
0.35028050116021286	0.00466654103393753	0.25085620575063927
0.35028100527615175	0.004665629584396105	0.2508556266899135
0.3502809650757661	0.00466629122428798	0.25085640271042753
0.35028030622581585	0.004666699370780611	0.2508564608932712
0.35028074235859946	0.00466621308280156	0.25085573982659604
0.3502858751892627	0.004661844957342162	0.25085685606511443
0.35030810421736197	0.004642019688776075	0.25085796914596525
0.3503281013475143	0.004620827745457454	0.250858310333851
0.3503282177415012	0.004619654463965492	0.25085758730756047
0.35032619774841967	0.0046214301109633454	0.2508572243844131
0.35032253751927783	0.004623113984907681	0.2508564980837213
0.3503208985329925	0.0046245060268708255	0.25085505675134623
0.35031815004066613	0.004628103643527184	0.2508551428089525
0.35031002387424875	0.004635094301902218	0.2508544705433441
0.3503074858336871	0.004637697551089295	0.25085403428424013
0.35030159716538695	0.004643006680894443	0.2508533025899884
0.3502955423877082	0.00464919030833548	0.25085271876624066
0.35028985211852737	0.004654659194283442	0.25085075068232826
0.3502844146053098	0.004660001491287355	0.2508506902826192
0.3502820721387859	0.004662414665473333	0.2508502902602302
0.350281469705261	0.004663062124574055	0.25085037533032345
0.3502805566514126	0.004663059871988992	0.25084906436366927
0.35027978146147193	0.004664078484438353	0.2508503663448416
0.35022014831970555	0.004713210413449256	0.2508586694727791
0.3501489724831644	0.004775977310824256	0.2508449353709119
0.3501620705015499	0.004771003961201517	0.2508486550560046
0.35017043520223073	0.004766551114036607	0.25084968850633593
0.3502184820314845	0.00473441869721293	0.2508583790156999
0.35025653972524756	0.004706737982205986	0.2508648131527834
0.35027069059867766	0.004692545191329903	0.25086784115961624
0.3502758649587934	0.0046857108633026195	0.2508673271020285
0.3502777236630083	0.004683494478605235	0.25086769644575335
0.3502803946527567	0.004679416389471766	0.25086622347505827
0.3502830071506596	0.004675580263518289	0.2508663818633871
0.35028302211233653	0.004673966168673535	0.2508652318531924
0.3502833727935388	0.004672570174895155	0.2508647315203373
0.3502829738621819	0.004672040277498332	0.2508646278586675
0.35028289984148686	0.004670556650688065	0.25086463057205166
0.35028260627954977	0.004669651093187219	0.2508635438156701
0.35028256059003315	0.004668609760852163	0.2508628631196407
0.35028280075959956	0.004668085886966891	0.25086206135766415
0.3502821220075358	0.004667879005848738	0.2508614861280878
0.35028116323537606	0.004667630207198445	0.25086086446070005
0.35028153830981307	0.00466637778181174	0.2508604461438334
0.3502804321112465	0.004667790541320951	0.25086054725062623
0.35028145136980254	0.00466574969781107	0.25085948691353943
0.35028162847171357	0.0046651653511113195	0.25085898479741964
0.3502812742157935	0.004665908651373632	0.2508587745014858
0.3502810984801301	0.004665859059463415	0.25085793423433345
0.35028094660249925	0.004664993205104176	0.2508579251578361
0.35028106702079065	0.004665331208396392	0.2508576142189115
0.3502807864471135	0.004665253410118184	0.25085727363011956
0.3502811014225177	0.004665803656123721	0.25085789865217134
0.3502807652763822	0.0046649626727151144	0.2508570985947779
0.3502807864471135	0.004665253410118184	0.25085727363011956
0.3502773026373238	0.0046663897862466025	0.25087388692894474
0.35026134425336614	0.0046659811136379875	0.2509623870270794
0.3502431895522453	0.0046138562322520366	0.251188192883337
0.35040354340324353	0.003889928403965362	0.25131127398362263
0.3504168727617672	0.0029810826168617105	0.25144139571539736
0.3504460695402237	0.0024693284893553408	0.251532792584753
0.3505116258679049	0.0013318390107598804	0.2517764697469964
0.35051777507135223	0.000495568206884886	0.2519743000191536
0.3504941996829793	-2.4684582057052373e-05	0.2520925146803271
0.3505396486753803	-0.0014842355630478171	0.2524779865170049
0.35054644895970555	-0.0022025035226333894	0.25264556447447045
0.3505226468799715	-0.0043978885870947365	0.2532325678750942
0.3505122249150012	-0.005633122395117998	0.25357575591885767
0.35047151538759197	-0.006471671686189354	0.25382451044436477
0.3504712464754599	-0.008418924641392975	0.25437832764498614
0.3504301833060266	-0.009251454939581363	0.2545989337212379
0.35039052989272507	-0.01179619589607657	0.2553509983347305
0.3503224662716945	-0.01278587647855288	0.2556615868482049
0.3502967680274303	-0.014314932269588396	0.2561128253325372
0.3501784435900275	-0.016548447939820313	0.2568253851596801
0.3501470795838619	-0.01743854631171908	0.25709692050082766
0.3499999483163716	-0.019915583274604978	0.25791737051542496
0.34983075430995114	-0.022247420642526453	0.2586996028892851
0.34979552500516364	-0.02327073750049692	0.25899152172219564
0.34975055676889044	-0.026053104367579363	0.25957135142363885
0.34974707053808546	-0.028029255008005724	0.25983769865867473
0.349800621010153	-0.030051985238258624	0.2601196023905963
0.34975893927854496	-0.0319737786775177	0.2603827195905374
0.34975829552885435	-0.03410113131816998	0.26070029352445173
0.3497281515123749	-0.03622865551615097	0.2610582465855819
0.34970687459063826	-0.03821044346047371	0.26126857540570764
0.34970953599797805	-0.041357663917488366	0.26155638066920434
0.3496748443573957	-0.04330209734645758	0.26179880560974045
0.3496678448320599	-0.04632061189503624	0.2620289313106371
0.3496319779742448	-0.04927218360150125	0.2622747487660306
0.3496086361748952	-0.05156090458637687	0.26238949602307016
0.3496510046539146	-0.052846095880268076	0.26235721732943446
0.3495996517484459	-0.055096920995004975	0.2624511180253798
0.34960762716888844	-0.057998823732374874	0.2624474471805916
0.349588748255048	-0.060274288052073646	0.26244619936972
0.3495470693219215	-0.06345126990184734	0.2623388070959689
0.34955450726280674	-0.0659521807398978	0.2621546191723158
0.34952468281484095	-0.06808424967852238	0.26200257631024215
0.3495355588356097	-0.06933039184285687	0.2618781321502604
0.3495114458027674	-0.07154341048972009	0.2616395260121832
0.34947455241058495	-0.07449061276184608	0.26121289257896974
0.3494788476766116	-0.07741827608748243	0.2606910096217223
0.34947900810771665	-0.07950297966297463	0.26022909401068584
0.3494382141214786	-0.08136578421621656	0.25982968522151817
0.3494335253491092	-0.08286263610070925	0.25944472879932706
0.3494203678506112	-0.08475971348583104	0.2588849353546415
0.3494053522670036	-0.08836643427955691	0.2576768103602164
0.3493824657023723	-0.09031446941666933	0.2568627304393414
0.34938045148322955	-0.09210333829483723	0.25612238583574953
0.34938709483579655	-0.09312983036645951	0.25565658755217163
0.3493498931415707	-0.09650162419273291	0.2538911050321383
0.3493738778519585	-0.09816168082411046	0.2528536142200073
0.34936518501183467	-0.09981474545367537	0.2517712183883885
0.3493098687973426	-0.10088332361976489	0.2510359383541116
0.3494076627355253	-0.1031032238599655	0.24928907816974397
0.34984112258776545	-0.10495780215293186	0.2479682774522481
0.3504129467427946	-0.10666907836198929	0.2466716708196748
0.35167018647324993	-0.10925401605689992	0.24435981941213644
0.35232577571243207	-0.11041278293062244	0.24337038763445792
0.3538456452130078	-0.1127579455483506	0.24130894871205746
0.35530460272527686	-0.11482104536572472	0.23946241048090366
0.35617158425163786	-0.11590717021955278	0.23842949508677563
0.3587554205196253	-0.11885176533445214	0.23573836450882937
0.36094575479268975	-0.12111671791239344	0.2336768807939389
0.3637088828862667	-0.12387527561234705	0.23103477803945643
0.3659900388198443	-0.12593496762334838	0.2291075829384908
0.3684834441194701	-0.12817849941838472	0.22691787365411453
0.3700446061052722	-0.12946638045757697	0.22568468907294006
0.3747899662456721	-0.13334265038260001	0.22186812026797859
0.37773686650877	-0.1355936507161385	0.21958237359389085
0.379640844813908	-0.13705916126967133	0.21812124599682678
0.3831744082517654	-0.13952761955323284	0.21568972040577522
0.3867440726922838	-0.14193073085220503	0.2133042879539196
0.3900058263239233	-0.14407316220601601	0.21138957538512623
0.39456695737274294	-0.1468191511142467	0.20893010612565766
0.39746280056944744	-0.14844037929214876	0.20743215151230776
0.4005238011312392	-0.15015226603372878	0.20571404661546872
0.4034585418026161	-0.15172455223871834	0.20425337845661012
0.4066495895464681	-0.1533994917649249	0.20281540971751683
0.408822956428291	-0.15450627559166874	0.20195793384552296
0.4113168230877678	-0.15558981736606947	0.20100911412712952
0.41543531965738617	-0.15732095930562628	0.19890981652818662
0.41798317903761534	-0.15839593357367898	0.1974403853161312
0.42005919511799433	-0.15918061796020233	0.1963321023530808
0.42186705867597224	-0.1597104131600688	0.19522208083373244
0.42367055887250676	-0.16014609928603657	0.1940698204920008
0.4253809342771985	-0.16039012546962167	0.192793705295464
0.4271257949804296	-0.16051931316928075	0.19122422471240277
0.4279344902050761	-0.16050527240393908	0.19046098926450528
0.4291435959167234	-0.16054595488995815	0.18912463032593602
0.4308429413271202	-0.16048490218474626	0.18676320869447965
0.4323589338777978	-0.16008929101989194	0.18458060198262477
0.43321374237886767	-0.1598942506335369	0.1832863673290937
0.4340324806722152	-0.15994192309792865	0.18175455473426844
0.43524259875153637	-0.160032977572323	0.1788480443105317
0.43580736958675753	-0.15982884051658552	0.17757092864611174
0.43707617013573247	-0.15924167181287974	0.17464685018503906
0.4377849831672747	-0.15870518724087834	0.17265876974967065
0.4384551294358462	-0.15820488696855756	0.1707607209987532
0.4388816335960127	-0.15781657052305575	0.16947809546545625
0.44006894535406105	-0.15665246424672075	0.16601843927530532
0.44075471932228727	-0.15595968335920446	0.1640827265511569
0.4414695663621672	-0.1554264884708374	0.16232974345625273
0.44231359563374645	-0.15480872403879736	0.16019917935987826
0.4430536364006736	-0.15429524779518544	0.15822528239840045
0.4439173099405882	-0.15351024827485987	0.15532083193704183
0.4443330853526197	-0.15311643591084756	0.1533222986151057
0.4447673557195108	-0.15280577205737667	0.15120580454971433
0.4449770268616594	-0.15268840227128266	0.1499791970103917
0.44549613016383294	-0.1524075285889685	0.14595494030778838
0.4455165131573603	-0.15209872391753432	0.1437517030695864
0.4454955867643704	-0.15186062750309326	0.14161775653383435
0.44569415167873905	-0.15189033302298838	0.13953641374559184
0.44614476759802624	-0.15211509483507335	0.13739247286951672
0.44642034063352687	-0.15235439207758572	0.13600630993749346
0.4467260397294635	-0.1525721586392404	0.13404383060826608
0.4475879576747094	-0.15354469904187545	0.12962971614465074
0.44800975170211327	-0.15401883283779033	0.12751636070112232
0.4483025886471898	-0.15427042729984042	0.1261571275414054
0.44886306360531236	-0.15485601764507723	0.12295324464798207
0.4493402290601559	-0.15537411364361609	0.12029055112391085
0.4498480064017537	-0.15596043746341015	0.1174526850188139
0.45022090793734565	-0.15640331506784955	0.11503344892019501
0.45059656587316643	-0.15688455021172865	0.11261297010801269
0.45095503967412576	-0.15726547016691306	0.11054335393512127
0.45148123362852666	-0.15793616451085574	0.10713778288061138
0.45174554106998244	-0.15839794685436864	0.10469061264036972
0.45202378631103723	-0.15868411897568374	0.10315485609793018
0.45232189212303053	-0.15919322125274976	0.10073002655884972
0.4528101640813762	-0.15971341982922738	0.09781403468853184
0.45317923807721844	-0.16007740507002977	0.09544366051385444
0.4535689987749334	-0.16045811088011686	0.0931547227547691
0.45402822808152044	-0.1611258280652535	0.08995495396494546
0.4543463293172505	-0.16152823741997702	0.08778600107754891
0.454501893030586	-0.16179244703676132	0.08634906626966171
0.4548996094807288	-0.16213524759656378	0.08409582884161265
0.455318490093388	-0.16249666959589348	0.08179847080170749
0.455725953138406	-0.16300131054887168	0.07894256119321319
0.45605219940657943	-0.16341677904591165	0.07701005664701999
0.4564019829840973	-0.1639636958189331	0.0740804336212868
0.45657538716126544	-0.1642414362143646	0.0726628928560592
0.45706076678440755	-0.16469374710027662	0.07000239074244446
0.45729346991315084	-0.16488866513239409	0.06889557282686826
0.45759399706371323	-0.16516329163090177	0.0671140834083026
0.45810518400341815	-0.16587500515689646	0.06343740201605763
0.45841053759084255	-0.16626556092566241	0.061461254312450864
0.45858124278283957	-0.16653341295702273	0.06026957359335505
0.45896084691180217	-0.16689658241639016	0.05883016476947306
0.45964725761636704	-0.1675048525955004	0.05647936939803616
0.46012928462099467	-0.16799097803309998	0.05475645011062902
0.4603164616568839	-0.16817095008196292	0.05387395191832367
0.46092020150750057	-0.1688463161420517	0.05117276494927908
0.4611025874777056	-0.1690869165521256	0.05022323737699791
0.461441564465459	-0.16950204418035253	0.04831920707259213
0.46170361492876294	-0.16993312687142914	0.04649373510398497
0.46195519164464177	-0.17033834175934576	0.04452936317768624
0.4620536419499782	-0.17059148746357833	0.04321551641440641
0.46211973629980035	-0.1708157998221964	0.04228162911669903
0.46220805943540266	-0.1711680814622384	0.04041040206549745
0.4622620759441148	-0.17151608310805105	0.038685052011325216
0.46234009589193237	-0.1718171769725641	0.0372330660279086
0.4624814445994598	-0.1720337323185211	0.03660730077933366
0.4629709200059824	-0.1724551855139449	0.0353226059532189
0.4633841769580494	-0.17294653708970503	0.034043088632545404
0.4637348333632481	-0.1731851181903427	0.03323056577670552
0.46407056927437873	-0.173466211458998	0.032398488840230444
0.4643560826729009	-0.17361843748043548	0.031706950716446136
0.4647726679342894	-0.1738762884452077	0.031140812620825298
0.4650399911670086	-0.17405461474217515	0.03074957919411131
0.4655401189339071	-0.17425581465267959	0.030106190659777654
0.46595864209822935	-0.17465330851305844	0.02941400985941328
0.4661504068121732	-0.17479216472019293	0.02920273430568837
0.4664835809941929	-0.17498090180958986	0.029004349977564847
0.46679742880128877	-0.1752558480824819	0.02875785185633506
0.46713610922295934	-0.17555214156545068	0.02850039037604024
0.4674731101318379	-0.17583633629695272	0.02834555565348168
0.4678430390479171	-0.17606760466843985	0.028186668890470945
0.46817616727027517	-0.1763248065245296	0.02788400123687107
0.4685485515004976	-0.1765814298426137	0.027743718946115048
0.46882176442631823	-0.17682465321214835	0.027574162184347217
0.4691130967135539	-0.17704401849808327	0.027435221296126466
0.46938314687373084	-0.17729458792254615	0.02719355482438257
0.4697519757396447	-0.1775448787282174	0.027035575036817416
0.4699380358231035	-0.17766536679674416	0.026933768306273087
0.47032000131166857	-0.17795024073626603	0.026708542329260065
0.47045861877742623	-0.17802964159005152	0.026577814947190026
0.4708862687988071	-0.17838339407029702	0.026372020217234227
0.47125898561817675	-0.17867486902074042	0.026193367246670374
0.47138501401998	-0.17876562648009808	0.02611218199509102
0.4717327870562826	-0.1790092792134646	0.025866122975963857
0.4722295660218985	-0.17915910170014565	0.025689354606022063
0.47246263551195355	-0.17931438872659544	0.025608657635724452
0.47269049906399363	-0.17949669897456844	0.025473044051703364
0.4729012535481876	-0.17956634569960833	0.025343973902708095
0.47309525559399324	-0.17971241054295173	0.0251291414047215
0.4734538734748155	-0.17991675734770513	0.024971703885769803
0.47391895280183777	-0.18013126290648807	0.024824740422417724
0.4742282286267461	-0.18023525491796955	0.024699506552258
0.47441183111969426	-0.18038290048979366	0.024586899569920218
0.47453293263865703	-0.1804217685440377	0.02445152951673546
0.47471565188350173	-0.18049036230706017	0.024277884735054323
0.475241960479417	-0.18076373990103922	0.024096480270874743
0.4754370530625084	-0.18083229682277435	0.024014952049819627
0.47606720273386255	-0.18098767955019746	0.023994188193033117
0.47628891663229506	-0.18105363278727155	0.024015915702534585
0.47675166550415016	-0.18116008473350365	0.024060572649948708
0.47702152134940745	-0.18127501911651656	0.024063967446858847
0.47723737766576724	-0.18136507642771982	0.02409357665021228
0.47787173105236175	-0.18147126285098147	0.02417776834111951
0.4784925931671985	-0.1814943746549993	0.02428625159442055
0.47874817548553444	-0.18149124928268756	0.024349102419974955
0.4790650409634596	-0.18160346766312369	0.02435338494835304
0.479353816913087	-0.18172348379383563	0.024337492423261387
0.4796721710737395	-0.18182417870108525	0.02434758186983027
0.480172351681887	-0.1818979346343625	0.02442145157066611
0.4807734397284596	-0.18192850248482317	0.024521520034921307
0.48111744340212403	-0.18194706815048878	0.024545467010469835
0.4813107699253018	-0.182058101000946	0.02453781338195804
0.48179335047772476	-0.1822574409486014	0.02450938297829164
0.48199651571317564	-0.18229517170486786	0.024508135492049943
0.4826067059317977	-0.1823580388852199	0.024612965082568716
0.4828481588856867	-0.1823797334177783	0.02463258548987929
0.48319219848726946	-0.18237606052606992	0.024647243457190493
0.48335078726010683	-0.18243031063372178	0.02446784362919391
0.4833445795964172	-0.18244272422785401	0.024326729725133778
0.48342406119440995	-0.1823930628017187	0.024152428896496714
0.48339600653148274	-0.1827933981643216	0.02388443507163357
0.4834640616363694	-0.18324175124521536	0.02370589702290471
0.4835215471339342	-0.18355846953136612	0.023596783294942025
0.4838280675819193	-0.18418569024020437	0.023615694211120086
0.4838157958426732	-0.18442361546584352	0.023506004142462955
0.483742015911856	-0.18504843415582628	0.023181697918336075
0.4837272741201663	-0.18545479246186813	0.023005978549223982
0.48388764795936884	-0.18585408311939977	0.0229915057195208
0.4840162220729115	-0.18604008888336937	0.023041415723213277
0.48439890097377303	-0.18629715930251384	0.02339093570648032
0.4846970337795025	-0.1863457260017622	0.02398946003250385
0.4847625256864759	-0.18634958325979983	0.024487206302359843
0.48476742003218254	-0.18638661749341523	0.025863018538086202
0.484728350550764	-0.18653744247146636	0.02763119965388905
0.48484473688689317	-0.18668780468534035	0.029430563276611033
0.48497399792815865	-0.1867211463847357	0.030515077407558433
0.48513204395278325	-0.18693312320149846	0.03347569480409979
0.4852542386285775	-0.18696144029110873	0.034890933762654563
0.48543971388475937	-0.18718271593056646	0.038564560489542765
0.48560238786516086	-0.18731545901739666	0.041249844193842755
0.48562198494218034	-0.18734505804306872	0.04291983373630309
0.4857851837755346	-0.18749070481540853	0.047420516853120376
0.4858468946071618	-0.18756836721610087	0.04919195999490339
0.4860001201814529	-0.18772969728957667	0.05558059892628314
0.4860693201965445	-0.18780303905461027	0.058927429487848015
0.48612418971971266	-0.18787018251558152	0.06106947622316511
0.48621008566483714	-0.1879777409088077	0.06601208719678514
0.4862935107261759	-0.18805395251639606	0.07021188798735606
0.48633053830895995	-0.1881237980941633	0.07536028405900103
0.48642639779379965	-0.1882423426257201	0.07938020708154236
0.48650276731516484	-0.1883385644796709	0.08187366425021281
0.48654530652083405	-0.18835845561153797	0.08757583843083733
0.48656251531600925	-0.1883826521234344	0.0895895703611928
0.486635691897493	-0.1884862417466988	0.09579582473664366
0.4866971014583461	-0.18860064603398535	0.10194556044571484
0.48674454621843705	-0.1885804066838762	0.10477993319266693
0.4867655106613954	-0.1886718941515227	0.11113119785312436
0.4868374543610599	-0.18872981538962774	0.11510531882253977
0.4868815544066379	-0.18880756837399226	0.11994499224715477
0.48691510342020317	-0.1888275397411015	0.12579926195475094
0.48701026401716513	-0.18893494793780874	0.13030627726045435
0.4870412602623851	-0.18898970151744598	0.13437540128632586
0.4870591019989567	-0.18898499586734252	0.13717260771465717
0.48712249923243256	-0.1890634325117449	0.14299039703381028
0.4871427471196793	-0.18900786929988983	0.14552020319941184
0.4872246157504517	-0.18917883667815005	0.15221895210683478
0.4873177987730325	-0.18919990202555492	0.1570747617397667
0.4873336430611435	-0.1892406544868493	0.1609270658119748
0.4874420094620592	-0.18930279759111235	0.16590274889519252
0.48747178109093064	-0.18935363011293005	0.17010385928455526
0.48756933781911654	-0.18939497429000973	0.1719952921602313
0.4876005509537406	-0.18939196856691337	0.17531254910264604
0.48769545878927006	-0.1894990237555051	0.17915966524748336
0.4877240002802909	-0.18948531104674848	0.1816801956336938
0.4879118418925953	-0.18963413877595947	0.18749300637323474
0.48797089108604935	-0.18968267302026154	0.19048979178708306
0.48803520367641096	-0.18971385380693917	0.1923553708719577
0.4881819952277001	-0.1898405979083997	0.19549801077111817
0.48827385554700403	-0.18984561200216754	0.19757311395823718
0.48840010385126265	-0.18984693913922845	0.19961842102233088
0.48858291082019556	-0.18995348458740668	0.20144258262094258
0.48880700343304584	-0.1902610855187471	0.20389963871736697
0.48881061918582513	-0.19040538179420075	0.20513345430938845
0.4888938431443786	-0.19052153036791203	0.2061267249274079
0.4890085410631434	-0.19050358381344867	0.20695624198855375
0.4890316795909942	-0.19045664024693637	0.20753763035837589
0.4891774135803859	-0.19049242537811745	0.20800058157008017
0.48943421531111103	-0.19064476918170004	0.2081761163748323
0.48939344920075767	-0.1906643983434534	0.208056990140538
0.4892443396070471	-0.19070267120255258	0.20793816193120762
0.4887295401497195	-0.19075468583929234	0.20772736824260385
0.487608098884895	-0.1904075008139916	0.20759224087965153
0.486721903897007	-0.19019559899852906	0.20747590140562855
0.4855153021094509	-0.18989812480152862	0.20735030972715718
0.48419809401586333	-0.1894840529152737	0.2072907309374035
0.48226972986114885	-0.1888324504990106	0.20726237247601517
0.4811818946582192	-0.1883866607923178	0.20731978638719437
0.4788650517439532	-0.18765553702293336	0.2072839265479796
0.476630199239553	-0.18698536985157505	0.20714733103892627
0.4753726691284411	-0.18659416980261423	0.2071049803382784
0.472514143348306	-0.18581441328020382	0.20700108021298572
0.4689725934682128	-0.1847762828992488	0.2069528701815294
0.46631570261732924	-0.1840131640358723	0.2068482008903472
0.4635927571776671	-0.1831808792277907	0.2067909715911593
0.46079083460983816	-0.18236650651161584	0.20678307361704737
0.4579895361746987	-0.18149139133740588	0.20672039324957503
0.4550561105991271	-0.18060125900758017	0.20665672340608157
0.45320589360887803	-0.1800366131354123	0.20659940794858817
0.4489654999473283	-0.17867477759591777	0.2066116360432953
0.4448610857367959	-0.17735514559631116	0.20651781565945032
0.4403956589828956	-0.17584666777928476	0.20647446424153462
0.438187041754001	-0.17510052318530356	0.20646812969096387
0.4349779181580458	-0.1740641430561934	0.20642607038545724
0.4315867764994999	-0.17300831529360355	0.20636607689975278
0.4268462186503079	-0.17145735305704163	0.20634766846131194
0.4220357135796911	-0.16992471682874394	0.20630090875090817
0.419839760535648	-0.16920598803671577	0.20628843251508444
0.41516985571833276	-0.1676921376569217	0.2062612604541681
0.41185242045636067	-0.1666257902570512	0.20622378585332932
0.40991074893403007	-0.1659840645730684	0.2062172019370585
0.40443822358605425	-0.16422828518629423	0.20616390648064264
0.39998291069529823	-0.1627465099141221	0.2061728168907462
0.3964187179334713	-0.16161436976868043	0.20610396849277618
0.39454223895459906	-0.16102332522031843	0.20610936430501856
0.3900834598822806	-0.15956932321208084	0.20606199715802037
0.3870469260506739	-0.15859891928378328	0.20607055374719246
0.3835695554087699	-0.15746811688656887	0.20603233197054674
0.38012574652416053	-0.1563335100996312	0.20603184813609313
0.37631622830617306	-0.15510884267091996	0.20600569755606798
0.37327369707939473	-0.15412196946000062	0.2059695451000127
0.3714397922193834	-0.15354188941232388	0.20595566377132607
0.3665658132666028	-0.15193641896195464	0.20592290727768991
0.36390046506427914	-0.15111076605750412	0.2058813056078997
0.36137826804869216	-0.15026343815644266	0.20587425431203105
0.35951112346030406	-0.1496727900716459	0.205846882524771
