0.3496815039383712	-0.15182362588503573	0.19753995419618056
0.3496815039383712	-0.15182362588503573	0.19753995419618056
0.34968213995221975	-0.15182411374440374	0.1975399580615601
0.349681820335139	-0.15182501850866376	0.1975398528136227
0.3496817203612479	-0.15182400366548926	0.19753974925917883
0.3496823813524759	-0.151824523654851	0.19753973849186998
0.3496823813524759	-0.151824523654851	0.19753973849186998
0.34968244916249824	-0.15182441460301915	0.19753978992383966
0.3496822077615133	-0.1518240046927523	0.1975400094930656
0.34968213995221975	-0.15182411374440374	0.1975399580615601
0.3496817903411953	-0.15182417747699783	0.1975397013286046
0.34968156049292476	-0.15182460281106375	0.19753962285971374
0.34968213995221975	-0.15182411374440374	0.1975399580615601
0.3496827057607362	-0.15182432473551583	0.19754012783670574
0.349681497124817	-0.15182419104853445	0.1975400364541808
0.3496827301766418	-0.15182398549524934	0.19753980954623962
0.349682162840077	-0.15182437655554332	0.19753958119328027
0.3496819596087835	-0.1518237966287757	0.19754028451677658
0.3496818536300126	-0.15182407569626544	0.19753974933135898
0.34968213995221975	-0.15182411374440374	0.1975399580615601
0.3496821234326335	-0.1518238440094975	0.19754016310728179
0.3496825614703201	-0.15182473771520894	0.19753953001462451
0.34968191010466365	-0.1518245390788851	0.1975398795928289
0.34968231806294797	-0.1518246254364085	0.19753969048860487
0.3496818536300126	-0.15182407569626544	0.19753974933135898
0.34968215150404	-0.15182494898892657	0.1975396600235158
0.3496824513314573	-0.1518246974676567	0.19753969056086118
0.3496815039383712	-0.15182362588503573	0.19753995419618056
0.3496820228969152	-0.15182369484720742	0.19754033251918407
0.34968192143927324	-0.1518239666453175	0.1975398007627814
0.3496813419007317	-0.15182394216978373	0.19753992715862856
0.34968207666337175	-0.15182421552579273	0.19753991005872823
0.3496822282987204	-0.15182455763769226	0.1975395298335943
0.34968177683582796	-0.1518244670480492	0.19753987952050428
0.34968191010466365	-0.1518245390788851	0.1975398795928289
0.34968194339473024	-0.1518241434947889	0.19753990998649257
0.3496817902604181	-0.1518236639331202	0.19754016292598991
0.34968164557643866	-0.15182422128851716	0.19753987979238033
0.34968137066948335	-0.15182355385448743	0.19753995412401948
0.3496820950300878	-0.15182448560667178	0.19753952976139355
0.34968306334838206	-0.1518241655725055	0.19753980972756796
0.3496815717468378	-0.15182351683446732	0.1975400056270808
0.3496817272340149	-0.15182449105341056	0.19753916455574044
0.3496820066834642	-0.1518240417136109	0.1975399579892354
0.3496813073815213	-0.15182365563465455	0.19753990612184152
0.34968156041360837	-0.15182408926794005	0.1975400844569069
0.34968251462109945	-0.15182459568588813	0.19753973856421528
0.34968189366476965	-0.15182478288860557	0.1975396230404703
0.34968077302735523	-0.15182398463583685	0.1975395104512741
0.349682165009109	-0.15182465941880424	0.19753948183031778
0.3496819569545566	-0.1518246811077858	0.1975396710438287
0.3496820744926356	-0.1518239326621857	0.19754000942064556
0.34968213995221975	-0.15182411374440374	0.1975399580615601
0.3496817903411953	-0.15182417747699783	0.1975397013286046
0.3496821868019425	-0.1518242557731712	0.19753974951233785
0.3496818536300126	-0.15182407569626544	0.19753974933135898
0.34968160726396985	-0.15182423129632422	0.19753987590825045
0.3496820691850761	-0.1518234655062431	0.19753982031376377
0.34968235550717985	-0.15182350355444962	0.19754002904409423
0.3496820066834642	-0.1518240417136109	0.1975399579892354
0.3496817902604181	-0.1518236639331202	0.19754016292598991
0.34968200581483494	-0.15182305374380517	0.19754023390899977
0.3496818536300126	-0.15182407569626544	0.19753974933135898
0.3496813073815213	-0.15182365563465455	0.19753990612184152
0.34968185806891744	-0.15182355488184823	0.19754021435697322
0.3496812740915317	-0.15182405121988024	0.19753987572731935
0.3496823180629478	-0.15182462543640846	0.19753969048860492
0.3496817903411953	-0.15182417747699783	0.1975397013286046
0.34968191010466365	-0.1518245390788851	0.1975398795928289
0.3496817902604181	-0.1518236639331202	0.19754016292598991
0.34968172036124784	-0.15182400366548926	0.19753974925917883
0.3496815039383712	-0.15182362588503573	0.19753995419618056
0.3496817203612479	-0.15182400366548926	0.19753974925917883
0.3496826436776036	-0.1518242044823958	0.19753948374985242
0.34968213995221975	-0.15182411374440374	0.1975399580615601
0.34968191010466365	-0.1518245390788851	0.1975398795928289
0.34968177683582796	-0.1518244670480492	0.19753987952050428
0.34968212351284017	-0.1518243575544314	0.197539701509361
0.34968222148241684	-0.15182512280133525	0.19753961209212548
0.34968213995221975	-0.15182411374440374	0.1975399580615601
0.34968159370354657	-0.15182369368337906	0.1975401148514288
0.3496820228969152	-0.15182369484720742	0.19754033251918407
0.34968192143927324	-0.1518239666453175	0.1975398007627814
0.3496818536300126	-0.15182407569626544	0.19753974933135898
0.3496820066834642	-0.1518240417136109	0.1975399579892354
0.3496821171663902	-0.15182400315129785	0.1975399843581705
0.349682165009109	-0.15182465941880424	0.19753948183031778
0.34968192143927324	-0.1518239666453175	0.1975398007627814
0.34968103294810554	-0.15182491387662256	0.19753927880682984
0.34968162378242656	-0.15182450103077177	0.1975396708628497
0.3496818468151311	-0.15182464085983388	0.1975398315896154
0.34968192365879935	-0.15182562392052218	0.1975397745275407
0.3496820691850761	-0.1518234655062431	0.19753982031376377
0.34968194618304366	-0.15182459974341755	0.1975400011105316
0.3496823813524759	-0.151824523654851	0.19753973849186998
0.3496820094724871	-0.15182449796214648	0.19754004911371914
0.34968251462109945	-0.15182459568588813	0.19753973856421528
0.3496815039383712	-0.15182362588503573	0.19753995419618056
0.34968213995221975	-0.15182411374440374	0.1975399580615601
0.3496812740915317	-0.15182405121988024	0.19753987572731935
0.3496816569915393	-0.15182359190255534	0.19754016285368425
0.3496815533068827	-0.15182371409251222	0.19753993560150113
0.3496816569915393	-0.15182359190255534	0.19754016285368425
0.3496814406502952	-0.1518237276654138	0.1975399061939136
0.34968192143927324	-0.1518239666453175	0.1975398007627814
0.34968162244852874	-0.15182429096902866	0.19753933623174572
0.3496820022219015	-0.1518240145531642	0.19753982382234375
0.3496819569545566	-0.1518246811077858	0.1975396710438287
0.349682582431244	-0.15182448663383008	0.1975397899962802
0.34968213995221975	-0.15182411374440374	0.1975399580615601
0.34968191010466365	-0.1518245390788851	0.1975398795928289
0.3496820317405905	-0.15182458738757265	0.197539481758206
0.3496822077615133	-0.1518240046927523	0.1975400094930656
0.34968191010466365	-0.1518245390788851	0.1975398795928289
0.3496817203612479	-0.15182400366548926	0.19753974925917883
0.34968179305012975	-0.15182412018200714	0.19754025404992082
0.34968185806891755	-0.1518235548818483	0.19754021435697316
0.34968228477274355	-0.15182502102000694	0.19753966009586113
0.34968213995221975	-0.15182411374440374	0.1975399580615601
0.3496825614703201	-0.15182473771520894	0.19753953001462451
0.3496827472578665	-0.1518246266000659	0.19753990815806882
0.3496819596087835	-0.1518237966287757	0.19754028451677658
0.34968191648556163	-0.15182453254559947	0.1975398765930398
0.34968165707254467	-0.1518241054460106	0.1975397012565135
0.34968207666337175	-0.15182421552579273	0.19753991005872823
0.3496818536300126	-0.15182407569626544	0.19753974933135898
0.3496822922184559	-0.15182360533582062	0.19753998104106069
0.3496819660276854	-0.15182414006915773	0.19753991552217032
0.34968165707254467	-0.1518241054460106	0.1975397012565135
0.3496821307654681	-0.1518241113342752	0.19753995348991893
0.34968251462109945	-0.15182459568588813	0.19753973856421528
0.3496817269723113	-0.15182376571415496	0.19754011492364543
0.3496821725102211	-0.15182407091754674	0.19753974202535052
0.34968207666337175	-0.15182421552579273	0.19753991005872823
0.3496818536300126	-0.15182407569626544	0.19753974933135898
0.34968244916249824	-0.15182441460301915	0.19753978992383966
0.34968236705995476	-0.15182433879849372	0.19753973100474528
0.34968207666337175	-0.15182421552579273	0.19753991005872823
0.34968228477274355	-0.15182502102000694	0.19753966009586113
0.34968213995221975	-0.15182411374440374	0.1975399580615601
0.3496820066834642	-0.1518240417136109	0.1975399579892354
0.3496818536300126	-0.15182407569626544	0.19753974933135898
0.34968213995221975	-0.15182411374440374	0.1975399580615601
0.3496823813524759	-0.151824523654851	0.19753973849186998
0.34968213995221975	-0.15182411374440374	0.1975399580615601
0.3496826839681994	-0.15182472838236805	0.19753986015465178
0.3496817203612479	-0.15182400366548926	0.19753974925917883
0.3496815039383712	-0.15182362588503573	0.19753995419618056
0.34968247312412704	-0.1518242938213511	0.19753995824289994
0.3496822432767711	-0.15182471915594076	0.19753987977416881
0.3496821295448481	-0.15182531936808674	0.19753968467630034
0.3496814562788841	-0.15182407407400714	0.1975394013187743
0.34968163669458224	-0.1518245055771656	0.1975396752171814
0.349682582431244	-0.15182448663383008	0.1975397899962802
0.34968212351284017	-0.1518243575544314	0.197539701509361
0.34968291560312653	-0.1518246667108229	0.1975397901779097
0.34968213995221975	-0.15182411374440374	0.1975399580615601
0.3496822282987204	-0.15182455763769226	0.1975395298335943
0.34968251462109945	-0.15182459568588813	0.19753973856421528
0.34968213995221975	-0.15182411374440374	0.1975399580615601
0.3496815740464607	-0.15182568765331483	0.19753951779433307
0.34968156049292476	-0.15182460281106375	0.19753962285971374
0.34968177683582796	-0.1518244670480492	0.19753987952050428
0.3496814406502952	-0.1518237276654138	0.1975399061939136
0.3496818536300126	-0.15182407569626544	0.19753974933135898
0.34968207666337175	-0.15182421552579273	0.19753991005872823
0.3496815739688579	-0.1518251741080593	0.19753997939086526
0.3496821290054634	-0.15182414768355595	0.19753994089235838
0.34968156041360837	-0.15182408926794005	0.1975400844569069
0.3496817902604181	-0.1518236639331202	0.19754016292598991
0.34968191010466365	-0.1518245390788851	0.1975398795928289
0.3496814905135818	-0.15182442899995224	0.19753967079066942
0.3496817269723113	-0.15182376571415496	0.19754011492364543
0.349681865181622	-0.15182491094077216	0.19753945129326125
0.34968213995221975	-0.15182411374440374	0.1975399580615601
0.34968237258884727	-0.15182414465853472	0.1975401276550726
0.3496815039383712	-0.15182362588503573	0.19753995419618056
0.34968251462109945	-0.15182459568588813	0.19753973856421528
0.34968251462109945	-0.15182459568588813	0.19753973856421528
0.3496822282987204	-0.15182455763769226	0.1975395298335943
0.349682016177734	-0.15182404684519496	0.19753995799438384
0.3496818603687977	-0.1518257257020253	0.19753972652440385
0.3496818536300126	-0.15182407569626544	0.19753974933135898
0.3496822432767711	-0.15182471915594076	0.19753987977416881
0.3496818536300126	-0.15182407569626544	0.19753974933135898
0.3496820662611796	-0.15182487392095317	0.19753950279785315
0.3496818536300126	-0.15182407569626544	0.19753974933135898
0.34968191010466365	-0.1518245390788851	0.1975398795928289
0.3496820950300878	-0.15182448560667178	0.19753952976139355
0.3496815039383713	-0.15182362588503562	0.1975399541961806
0.34968155832345377	-0.1518243199497023	0.19753972222240548
0.34968180375761815	-0.15182413094371078	0.19754023623364722
0.3496822222383591	-0.15182343152377764	0.19754002897179468
0.3496817902604181	-0.1518236639331202	0.19754016292598991
0.34968213995221975	-0.15182411374440374	0.1975399580615601
0.3496815039383712	-0.15182362588503573	0.19753995419618056
0.3496820950300878	-0.15182448560667178	0.19753952976139355
0.3496817135464095	-0.15182456882878675	0.19753983151737975
0.34968213995221975	-0.15182411374440374	0.1975399580615601
0.3496818536300126	-0.15182407569626544	0.19753974933135898
0.34968235550717985	-0.15182350355444962	0.19754002904409423
0.34968192143927324	-0.1518239666453175	0.1975398007627814
0.3496812740915317	-0.15182405121988024	0.19753987572731935
0.3496812740915317	-0.15182405121988024	0.19753987572731935
0.3496812740915317	-0.15182405121988024	0.19753987572731935
0.3496821234326335	-0.1518238440094975	0.19754016310728179
0.34968213995221975	-0.15182411374440374	0.1975399580615601
0.3496823316221346	-0.1518251630494608	0.1975394515464925
0.3496815039383712	-0.15182362588503573	0.19753995419618056
0.3496819569545566	-0.1518246811077858	0.1975396710438287
0.3496820950300878	-0.15182448560667178	0.19753952976139355
0.349681820335139	-0.15182501850866376	0.1975398528136227
0.34968237258884727	-0.15182414465853472	0.1975401276550726
0.3496816569915393	-0.15182359190255534	0.19754016285368425
0.34968178817038637	-0.15182389461476753	0.197539800690506
0.3496817094130116	-0.1518240250354278	0.1975397474323528
0.34968222148241684	-0.15182512280133525	0.19753961209212548
0.34968191010466365	-0.1518245390788851	0.1975398795928289
0.3496818536300126	-0.15182407569626544	0.19753974933135898
0.34968223932009906	-0.15182407262772846	0.19754012758263065
0.3496818536300126	-0.15182407569626544	0.19753974933135898
0.3496818536300126	-0.15182407569626544	0.19753974933135898
0.3496820228969152	-0.15182369484720742	0.19754033251918407
0.34968213995221975	-0.15182411374440374	0.1975399580615601
0.3496818536300126	-0.15182407569626544	0.19753974933135898
0.34968273099768116	-0.15182460686137383	0.19753991112880664
0.34968197791469074	-0.15182443002770557	0.19753993102474332
0.3496818536300126	-0.15182407569626544	0.19753974933135898
0.3496822077615133	-0.1518240046927523	0.1975400094930656
0.34968197791469074	-0.15182443002770557	0.19753993102474332
0.34968213995221975	-0.15182411374440374	0.1975399580615601
0.3496828477926765	-0.15182477576344638	0.19753973874560637
0.34968247312412704	-0.1518242938213511	0.19753995824289994
0.34968213995221975	-0.15182411374440374	0.1975399580615601
0.34968194339473024	-0.1518241434947889	0.19753990998649257
0.3496822282987204	-0.15182455763769226	0.1975395298335943
0.3496816284609379	-0.15182447750611988	0.1975396846910884
0.3496818536300126	-0.15182407569626544	0.19753974933135898
0.3496820228969152	-0.15182369484720742	0.19754033251918407
0.34968191010466365	-0.1518245390788851	0.1975398795928289
0.34968230929997424	-0.15182424644045722	0.19754007965217776
0.34968162378242656	-0.15182450103077177	0.1975396708628497
0.3496820066834642	-0.1518240417136109	0.1975399579892354
0.3496821868019425	-0.1518242557731712	0.19753974951233785
0.3497418954202094	-0.15171433228131975	0.19756029349467322
0.3497988200795284	-0.151608790038624	0.19757949453341955
0.34982142817483186	-0.15156635966285154	0.19758777778688497
0.34982337779858724	-0.15156398780437325	0.19758780536299025
0.3498226563313842	-0.15156351907470034	0.19758809179334297
0.34982300915107273	-0.1515646257586683	0.1975880022915727
0.3498220505478104	-0.15156464008363674	0.1975878826375214
0.34982189303012157	-0.15156610796111175	0.19758747900586704
0.34982086242687005	-0.15156652018431038	0.19758751836923694
0.3498199602550194	-0.15156796380309712	0.19758757091873197
0.3498204136642525	-0.15156901904229209	0.19758728670229442
0.34981849423081984	-0.15156912936218214	0.19758678833537538
0.3498197770705335	-0.1515705914194984	0.19758685859310463
0.3498186088137154	-0.15156991110394158	0.19758702044964296
0.34981823966708075	-0.15157084355715245	0.19758704898265628
0.34981772358178037	-0.1515712307085258	0.19758676081068377
0.3498182137956759	-0.15157198937363014	0.19758671412922948
0.3498180607125693	-0.15157202331586678	0.19758650533985833
0.34981812767937787	-0.15157246726493984	0.1975866384983789
0.34981717322772243	-0.15157267183916096	0.19758600645282068
0.3498178976807925	-0.1515728785535831	0.19758653304334572
0.3498190510483635	-0.15157159520829838	0.19758691325792566
0.34983538172094164	-0.15151852600499377	0.19760892431112886
0.3496641746186568	-0.1513323862337672	0.19764137299994072
0.34948518789775695	-0.15112562221784898	0.19768065303240917
0.34950362312982797	-0.15105544205950877	0.19770855540870144
0.3495386120589209	-0.15095791557822996	0.19775289167722648
0.3494052538138334	-0.15053998119737705	0.197887638757186
0.34943168488132337	-0.14974724350764557	0.19824590276712253
0.34953957340805625	-0.14876275757189134	0.19879871603284938
0.34954107136326773	-0.14804437802075493	0.19920617147953665
0.34952603228844586	-0.14680518258143882	0.19988905689714656
0.34951209619906176	-0.14628595245670606	0.20018493510687613
0.34963479712481216	-0.1451992268535639	0.20082819342057565
0.3497119459208417	-0.1445739854028542	0.20122277841776012
0.3497248887720168	-0.14330369183408898	0.20192478107119272
0.3497956651109863	-0.14189041186604645	0.20272124306259282
0.34979223753427247	-0.13991519298928767	0.20376667075483632
0.34981748659409606	-0.1387629999146563	0.20439753778541805
0.3497605046630626	-0.13654004296635341	0.20559493908798268
0.3498413855113984	-0.13542132563983117	0.2062329608218682
0.349983837868877	-0.13318682390355385	0.20751966667629812
0.3501407681067138	-0.13065555596096795	0.20902310455962667
0.3502137752034849	-0.12965024756406524	0.2096431370377796
0.3503267866572097	-0.12744156426679965	0.2109822429212847
0.35045236838909083	-0.1257892541316123	0.2120703588025459
0.35050249792676047	-0.12435073181169569	0.2130118288270067
0.350661010608297	-0.12233917183570821	0.2142592368485204
0.35081578466790597	-0.12044732168004275	0.2153708365832286
0.35109768948015735	-0.11857658427417554	0.21646156421765678
0.3520269872108315	-0.11552420539235443	0.2184864606613272
0.3524947447700234	-0.11469679293977957	0.21910164654528014
0.35383456727662144	-0.11289699549615227	0.22045403623289933
0.3545186612872865	-0.11211517504722256	0.22093826095871658
0.3561654224019769	-0.1106931757770107	0.2216830202645137
0.35827345495551977	-0.10956782969314773	0.22215285047799205
0.35915367889009575	-0.10924184433100513	0.2222467581722354
0.36166056969299004	-0.1087996468041902	0.2220881107762289
0.3635464410781815	-0.1087588785937532	0.22169725140389154
0.36555775917850225	-0.10890423050619179	0.22097289724178015
0.36753450067830035	-0.10906079591589081	0.22016055138355756
0.36932083951809347	-0.1092677019420593	0.21929548651079644
0.3716122463236078	-0.1093928945988382	0.21792845215309456
0.3727336878782159	-0.10935843865856924	0.2170662046508682
0.37436226477279644	-0.10920352549416677	0.21527967721115795
0.3751001898816605	-0.10903396014786183	0.2143847939705085
0.3765598689381359	-0.10863098709803044	0.2125218350396542
0.3778673975687984	-0.10815082735735802	0.21072277282439328
0.3785849390019184	-0.10759166785490464	0.20943442549852337
0.379056026618028	-0.10722973633678425	0.20860410433148036
0.379504417083733	-0.10660888224956482	0.20754932423280628
0.3800871351096681	-0.10552158477800304	0.20597737821178352
0.3803342845433814	-0.10470150138953514	0.20509237766985738
0.3805474377553018	-0.10369565464769782	0.20418193980015203
0.3806220090773085	-0.10221094996375933	0.20316729635550274
0.3806444808456705	-0.10108431445535244	0.20260639011868495
0.38052799955284183	-0.09982436401536661	0.20228084728867568
0.38043138528220666	-0.09860255505789191	0.20204519101949145
0.3801942093798291	-0.09688352859729295	0.20210620896211373
0.3800629664424111	-0.0960916339759778	0.20220466540770188
0.3798372251221279	-0.09474058803686554	0.20262665884796807
0.37935052043773115	-0.0924524146716872	0.20391116436868015
0.37919619572164026	-0.0916907993900256	0.20452914395965074
0.37893882926769484	-0.09065201966144613	0.2053743745888557
0.3786484314447711	-0.08953570276324331	0.20623232709694062
0.3783725294099028	-0.08855472712570565	0.2069619083527731
0.37788601507868663	-0.08705903220722926	0.2082362522985609
0.3775591363228675	-0.08622416859894515	0.20891534987076274
0.3773946707638337	-0.0858585579315382	0.209217628699458
0.377022386932411	-0.08514618829918168	0.2099256556024522
0.376752454119817	-0.08475772856454038	0.21030144680006807
0.37642468530685724	-0.08444788896100351	0.21038902976901702
0.37620799576116587	-0.0843804626217796	0.21040707983926132
0.3760149681010941	-0.08414642767590262	0.21076609217917538
0.37594065650781505	-0.08400710697114065	0.2109815856211394
0.3756835033978478	-0.08357406501476118	0.21132039715229195
0.3752191210831372	-0.08282873239513626	0.2116660195381234
0.37498655739526426	-0.0824731858425863	0.21184326918349866
0.3746989187169984	-0.08216233580804926	0.2120202552956855
0.3742395549611026	-0.08165896104216978	0.2125282234139969
0.37398180782384344	-0.08136365811131234	0.21275049631140222
0.37374439312691243	-0.08111483362166531	0.2129395427727091
0.3736038317203305	-0.08097230626710748	0.21301416450771524
0.37322286010590583	-0.0805438220555945	0.2134445229271551
0.3730043083533267	-0.08029714251206603	0.2136891759105714
0.37277004909557243	-0.08002878782180205	0.2138797294954649
0.3725311478095202	-0.07977165334818433	0.21405570345989072
0.3721251086975835	-0.07926886103068091	0.214508988696802
0.3718875648344798	-0.07899388127220848	0.21479911097314336
0.3716706957533497	-0.07875175880846995	0.2149611423563946
0.3714212482265178	-0.07849539732489823	0.21518585140972935
0.3712541986735582	-0.07829872264898187	0.2153633321537049
0.37100745639050225	-0.07802549285949965	0.21559435781273575
0.37076758783341723	-0.07773823292579411	0.21589262524244923
0.3704705948582027	-0.07737720644436309	0.21617771774544509
0.37024442312373557	-0.07711346518154456	0.2164322174843854
0.3699841700438312	-0.07681914632094543	0.216692532841819
0.36977839131418605	-0.07659382472649386	0.21688248603246166
0.3695514790201406	-0.07633406977898173	0.21714625491237616
0.3693865177171919	-0.07614666756418205	0.2173322515980949
0.3690978876227179	-0.07582541613530332	0.21763420383539978
0.36895099798410774	-0.07565481342143875	0.2177842775423795
0.3687172248169634	-0.07537915808540936	0.217986155632376
0.36844222396758547	-0.07507766102693854	0.21832986869439935
0.36827132484984243	-0.07469053883238715	0.21863378013225043
0.3681010998057271	-0.07419244270845494	0.21893107276450902
0.36792892988818776	-0.07388151329796515	0.21917844853035848
0.36780707770439586	-0.07376207435785666	0.21934365838000955
0.3675425486986023	-0.0734479180629629	0.2197126284688915
0.3674065863772085	-0.07330020166147937	0.21989672736711308
0.3672321662379951	-0.0731135049038082	0.2201544540054062
0.36702324484688575	-0.07258436680840123	0.22054542307262273
0.3668473484426504	-0.07219033667738765	0.22090467094224495
0.3665959111692995	-0.0719225745216721	0.22128974902248214
0.3664498239272933	-0.07177239165769904	0.22148133623671526
0.36626899346279107	-0.07157498267767921	0.2217447460725507
0.36617130336097137	-0.07132008674440661	0.22201560704031423
0.3659962245672601	-0.07074613917981491	0.22253077821580988
0.36582554704621845	-0.070466828241816	0.22280704701081638
0.3656660522722078	-0.07032778839002234	0.22302823214940068
0.3654753418772071	-0.07010149358977046	0.22342105884998137
0.36532098474965324	-0.0696661670282812	0.22381980225662246
0.36512362196268616	-0.06886447535677424	0.2244133792249265
0.36500611679063333	-0.06824549054698449	0.22495313964305405
0.3648262648694005	-0.06749540575052991	0.22540275846590171
0.36465923291805974	-0.06676880891089908	0.22567785158420256
0.36446042387336447	-0.06586829654493172	0.22615651759954283
0.3642680094214415	-0.06484355333731122	0.22664812344418472
0.36395715063406386	-0.06340095992618976	0.22735264936794794
0.36369957267052044	-0.062367672255918036	0.22778106718194105
0.3635001380978407	-0.06125637846287467	0.2283234084744931
0.3632245041307552	-0.06010942579863242	0.22880316814421164
0.3630561834591918	-0.05937481919955047	0.22912071426524672
0.3627296498357858	-0.05790671519272454	0.2297352266113356
0.3623911284039771	-0.056439189422022376	0.23033318548056064
0.3619814957425775	-0.054659248938370555	0.23102179584230348
0.3616080792604473	-0.053267113331152985	0.2316346750589377
0.36136578391360463	-0.05223838411527858	0.23201676741009367
0.36099208210852796	-0.05067349886528018	0.2326002241395751
0.3606464632266927	-0.04939901930143824	0.2331643519433287
0.36032237205186574	-0.04811736188679429	0.23355850291208063
0.3597739314379475	-0.04580217445326455	0.23442237774078892
0.3594425432151612	-0.04405854452325071	0.2351010882432479
0.3592476628570541	-0.04302302178390484	0.23547854682020686
0.35879838483719795	-0.04072682434101625	0.2362681296986972
0.3586392400586678	-0.039808991378764855	0.236652397028479
0.3581411097482113	-0.03738284717535466	0.23752917779601065
0.357828088696723	-0.03567279896916466	0.23812071548272104
0.357382430510112	-0.033327545383451215	0.23893264645763068
0.35699266591066264	-0.03153381353488795	0.23957507620233737
0.356831929856971	-0.03048037822189857	0.23989135819848206
0.35644676438153866	-0.028623295909538257	0.2405728799238876
0.35601132271681113	-0.0265004166891024	0.24132478806963317
0.3557450930623434	-0.024944221199311348	0.2417810701653596
0.3552802825903214	-0.022612946150079458	0.24259250561555337
0.3549332839663242	-0.020813066108333902	0.24322070819184516
0.3545968319025516	-0.019101530222003518	0.2437481001686318
0.3542772914477251	-0.017452698747052367	0.24431951101123986
0.353967581441438	-0.015819727115347917	0.2448417435563325
0.35369589153596126	-0.014333136276861738	0.2453069498774986
0.3533967643977317	-0.012897468091396039	0.24580235351291158
0.3531251481004821	-0.011461855791530848	0.24622554118854903
0.35281356327763985	-0.009983360303331038	0.24671055633002936
0.352515430467133	-0.008245321071784315	0.2472299770686851
0.35224775946535286	-0.006907677281550159	0.24766029791176997
0.3519264619477144	-0.0051558935847557524	0.2481660016484287
0.35170634556233654	-0.003963730790272471	0.24856690906485607
0.351432703276067	-0.002833930272050908	0.24892849407792897
0.35130140711035107	-0.0017846447584472097	0.24919373894574853
0.35109423249245897	-0.0007924679737591894	0.2494973013066041
0.35084515751661	0.00024705294416664525	0.2498616466300159
0.3507032783221783	0.0013580787535953237	0.25012547877275637
0.3505380383484708	0.002189349687647793	0.2503244308651444
0.3503789369812491	0.002928290647460405	0.2506238223984488
0.35023980011737166	0.0035517072251417953	0.25079377425183935
0.3501269014180704	0.003921735476276819	0.25084534411575965
0.3500678869800515	0.004256822799938317	0.2506932762115913
0.3501008713727006	0.004331388307276432	0.25050788922385947
0.35011296133307435	0.004334152395380389	0.2504360038940324
0.3501112870948633	0.004334189184716911	0.2504351560186048
0.35011156050834646	0.004330292166326563	0.2504331423735725
0.3501101900937704	0.004325265291712052	0.25043357337066174
0.3501096969509624	0.004322123382720325	0.25043397417572505
0.35010784145696006	0.0043154798974438385	0.25043257312496336
0.3501075089241719	0.004309968888108487	0.2504317902118143
0.35010692556457923	0.004306127904808679	0.250431396423787
0.3501069047062091	0.00430329323642363	0.2504313988585938
0.35010724126668324	0.00429787521219778	0.2504326728221116
0.35010760900505755	0.004296355664434551	0.25043228978026166
0.35010831518735336	0.004294361806614924	0.25043259545721774
0.35010995195880507	0.004291711634404269	0.25043019104857295
0.35011020902442347	0.004291425740114166	0.25042953131902623
0.35011173214141555	0.0042900390618815926	0.2504278560584616
0.35011207996393157	0.004289452632367699	0.25042728175783646
0.35011364741746065	0.004288472435347565	0.25042671033563224
0.3501140843926132	0.004287878118179336	0.2504256629871155
0.35011489660089196	0.004287650012895425	0.2504249291573217
0.35011566233617275	0.004286388339012584	0.2504237898402022
0.35011671504642083	0.004285691405807104	0.25042298488614123
0.350116644675368	0.004285532498367092	0.25042231400243287
0.3501171092730012	0.004285606883511414	0.2504226950816234
0.3501181020741737	0.004284990305636435	0.250422288387167
0.3501180036309715	0.004284884905446276	0.25042144580398984
0.35011829930526134	0.00428483582025195	0.25042195260464695
0.35011879972336163	0.00428467692757252	0.25042141308766397
0.3501189404424425	0.0042854403603165975	0.25042139810783426
0.3501187858405352	0.00428528198424484	0.2504212006506745
0.3501190885746304	0.004284935755256972	0.25042108375447153
0.3501189189227548	0.004285149326075474	0.25042122346072365
0.3501193673820647	0.004285005435235648	0.250421473558079
0.3501200482028339	0.004284356405670223	0.2504209358756188
0.3501190216085364	0.004284769595677709	0.2504212411590521
0.3501190431284078	0.004285060629954887	0.2504214158058709
0.350120048202834	0.004284356405670278	0.25042093587561876
0.350124981637426	0.004284041051742668	0.2504218026717784
0.35025710246705044	0.004229695827861493	0.2504244407563006
0.3502005285302868	0.004241143968021124	0.2504143629130716
0.3501763436405483	0.004247171486561216	0.2504094387479674
0.35015764864467913	0.0042533384132980995	0.25040192243081527
0.35015338803337553	0.004255527003321449	0.2504006771083293
0.35014919922080273	0.004258457372109267	0.25040090901786183
0.35014916320014833	0.004257388701853784	0.2504018482991061
0.3501574792059172	0.004249769687903762	0.2504022546108483
0.3501455192981553	0.004251114073513432	0.2504051095105717
0.3501270026241249	0.004259992478762284	0.2504065288128281
0.35012619350081353	0.004260897369843683	0.2504041655580288
0.35012489587991613	0.00426294280702301	0.2504034710223995
0.35012392833386774	0.004267054471769019	0.2504010674025459
0.35011766174191805	0.004274427286049584	0.2504055824272623
0.350112003564382	0.004279372401265205	0.2504086634255394
0.35011251409789645	0.0042796135572602395	0.25041055944760815
0.3501137522870803	0.004280006540561529	0.25041041850337403
0.35011441806011556	0.004280015369075227	0.2504104112185409
0.35011514152926715	0.004281260536315876	0.25040994457118615
0.35011288488135783	0.004285131490174662	0.2504113614249134
0.35011216720729404	0.00428647540339798	0.2504129363978076
0.35011248529447486	0.004288728263930466	0.2504150124681235
0.3501135606602435	0.004288477677667699	0.2504153741913399
0.35011397773910236	0.004289095282072566	0.2504164923219012
0.3501141919490629	0.004288917590377542	0.25041845717132133
0.350114569008717	0.004289495418068709	0.25041916742760795
0.3501143181019423	0.0042896419361812405	0.25041973670536655
0.3500120350672524	0.004372660493828909	0.25044339994043896
0.35000328147498544	0.004386795992249351	0.25047043631635835
0.3500133518641533	0.004381247734265362	0.2504713955110426
0.3500278273619445	0.004372091669394965	0.25047054279243774
0.3500384080671279	0.004364904592316934	0.25046820570425365
0.35008227200142983	0.004332858355855437	0.2504703108627169
0.35010942693345876	0.004317279645910235	0.2504705530177364
0.3501159409292754	0.004310749607353767	0.2504645794586676
0.3501180352886337	0.004306887754999669	0.25046043067040885
0.350121843409128	0.0043012519740890515	0.2504484094687016
0.350121791864471	0.004299039087627396	0.2504457851754798
0.3501209631074721	0.004297111809979451	0.25044145226033265
0.3501206512582713	0.004294780771930198	0.250436006572783
0.3501199855569703	0.004293427661562446	0.25043497297006906
0.35011892613964024	0.004292046356809451	0.2504310751023874
0.35011830336843697	0.004290797520485348	0.2504277344361328
0.3501169279119707	0.0042897040382638	0.250426412692903
0.3501176569053808	0.004288273341376034	0.25042489383874256
0.35011811558038336	0.0042873068512483264	0.2504233612552505
0.35011898623873766	0.004286435185139645	0.25042195175862036
0.35011927024042405	0.004286856939367603	0.2504225907395915
0.3501197052701176	0.004285502379474795	0.2504216100854427
0.3501193005261481	0.004285227788845228	0.2504206897214426
0.3501203572134606	0.004284594791583121	0.2504207680329698
0.3501198815176156	0.004284867131324546	0.2504200255465118
0.3501194043808465	0.004285480176216924	0.25042108795975565
0.35011948861236397	0.004285479643585291	0.25042061453081865
0.3501202811671882	0.004284698323474709	0.25042109404875557
0.35012105118887177	0.004284462855232665	0.25042138006923853
0.35012060542054735	0.004284643127493312	0.2504211518014291
0.3501198395061349	0.004285148248152668	0.25042101599656363
0.35012029999716526	0.004284952979138099	0.2504212468650555
0.3501184256680129	0.004285103768171553	0.2504308435977137
0.3500846784981092	0.004283460540736347	0.25061910117644426
0.3500952777592617	0.004137812074119854	0.25076135327379495
0.35028133162976516	0.0030804769556550954	0.25090553316939407
0.350296002489296	0.002390103622834941	0.2510294219813811
0.35033425625979214	0.0018837432262740622	0.25114193150120173
0.3503596600379502	0.0010315318502507748	0.2513265373789443
0.3503620094404744	7.591198841162827e-05	0.2515619366921384
0.3503821367586141	-0.0007851207965489243	0.25177699640245177
0.3504007824210555	-0.0022987886432774968	0.25217006782897533
0.3503759097045374	-0.0034412720264824087	0.2524752254943199
0.3504026299083187	-0.005119069379334665	0.25294002526995224
0.350349849885088	-0.0065862160135455455	0.253374548984029
0.35036886851860544	-0.007898411705649491	0.25372496271008804
0.35032049395410514	-0.009269220910212608	0.25414532890425484
0.35030069210663256	-0.010663583745372365	0.254573696901487
0.3502327486861512	-0.012748406432811762	0.25519098332248313
0.35021352685076207	-0.01382635512161283	0.2555025603295532
0.35011231404124743	-0.016313318131300422	0.2562973868327194
0.3500133912674905	-0.018112266695429938	0.25686667645050876
0.3499481055308528	-0.019707867501286072	0.25739755748236715
0.3498249121975159	-0.02148828806997756	0.2579857046393536
0.3497683468528952	-0.022622360379809567	0.25839542571733165
0.34962518785107766	-0.024941293037126208	0.259060161430963
0.3496575381215525	-0.02696620024241704	0.2594308767533971
0.3496679945650333	-0.029111100346315852	0.2597318603476728
0.3496405543233496	-0.03134031265906516	0.260054860952968
0.3496617802300725	-0.033736614942974544	0.2604042334984264
0.3496123758839915	-0.035122039818884024	0.260625809406721
0.34959549509353494	-0.037794382915229754	0.2610053172048089
0.34962544276723384	-0.03985746591129029	0.2611761825360853
0.3496162128508349	-0.04221331654417419	0.2614581546398912
0.34955978424303763	-0.045339509404682884	0.26178233555031183
0.3495881672672809	-0.047710967484114034	0.26189873938066244
0.3495465881641917	-0.04927371524901682	0.2620652279938122
0.34951706501004665	-0.05200312144843548	0.2621942510370658
0.34953221387391237	-0.05420831817941053	0.2622252390422992
0.34949875331335933	-0.05674108365684079	0.2622970378555085
0.3494971638570606	-0.059600565123685376	0.26226272889238483
0.34948092750146653	-0.06186983355050911	0.2621980418013853
0.3494699959564535	-0.0640319431377648	0.262140341259167
0.34945000606329824	-0.06620193840109233	0.2619569789674472
0.349431990502979	-0.06806469122088062	0.2618344680908857
0.34941582251192	-0.07142600284875321	0.2615235008681395
0.34942123021630883	-0.07358448938748464	0.26116837878868504
0.34936131198503406	-0.07492641017667838	0.26101076693905306
0.34939529602555036	-0.07697378065118575	0.26061026771628143
0.3493626498064947	-0.07891514134016155	0.26021610571054554
0.34933147476343657	-0.0810575935498692	0.25976021588599985
0.34929557584052884	-0.08420776787210753	0.2589280997684854
0.3493031544085535	-0.08629291025126383	0.25828344156585425
0.34925926702545457	-0.0889613555752939	0.2573577792190348
0.3492534047958032	-0.09108303555541762	0.25647685204490567
0.34923086183444935	-0.09296833302667944	0.2556973487399733
0.3491999563978622	-0.09470653886312173	0.254805097511836
0.3491907226660822	-0.09664752463143243	0.25380548606759074
0.3491920316275071	-0.0983741238651852	0.2527493548675212
0.34916016628042074	-0.10017134305545723	0.25156864233147114
0.34914502663138675	-0.10175851355679176	0.25045237375803875
0.3491632515860261	-0.10275410574826745	0.24971686998320422
0.34942911119377307	-0.10457100821277031	0.24830341534256237
0.3505220602418522	-0.10790653622295089	0.24571766334983935
0.35114205291401523	-0.10922204974211443	0.2445730200276348
0.35212615890104526	-0.11100540641791011	0.2430460851396236
0.3532066313313579	-0.11265239861601885	0.24158311954863035
0.3549269062067541	-0.1150999505693547	0.23937980184235874
0.35659942331404443	-0.11713741184352068	0.23755768646300834
0.35855289852133104	-0.11932403494202119	0.2354819966192894
0.3606452824420364	-0.1214876966605163	0.2335388343030454
0.3628364516201834	-0.1236698134233198	0.2314617186210842
0.36616012093265526	-0.12670509758248738	0.22849888463412332
0.36870788413748085	-0.1289113283051342	0.2263506811757541
0.3702423843375119	-0.1302034691105477	0.22506713353039906
0.37361944542751824	-0.1329430762875255	0.22234522036814564
0.3755380831136274	-0.13441992925522134	0.22085785661957416
0.3794352110084236	-0.1374214172905211	0.21791045691405522
0.3841329930687452	-0.14064041425465745	0.2147393238164017
0.38736041049181935	-0.14280311172047966	0.21279005728413114
0.3892139894934746	-0.1439650441992174	0.21173676015327797
0.39300137965976556	-0.14632194065756493	0.209604639184159
0.39681624782088076	-0.14847826185081459	0.20757429473247005
0.3996136215176596	-0.1500288036899537	0.20604236918262286
0.40243060130334685	-0.15154818171559548	0.2046345970293995
0.40602279385196394	-0.15341134751263158	0.2030364245419493
0.4100100057718873	-0.15542649789989454	0.2014981232106812
0.41257354506455823	-0.15654959329976376	0.200318232337575
0.4140221184759509	-0.1571647324450638	0.1995233202235667
0.4168279601738192	-0.15839060248882764	0.19797391142907567
0.41919341762868534	-0.15924532692171878	0.1967190630778045
0.42211200921513964	-0.1600128954337628	0.1949658065907399
0.42380013947181655	-0.16033512893363466	0.1938588830082681
0.4252568273298237	-0.16052457347203108	0.1926951144652928
0.4265132171385562	-0.16059937791057266	0.1915593910819078
0.4277294707017517	-0.16069042585394344	0.19038543552331783
0.42931091850049546	-0.16073266357439264	0.18852604795317163
0.43066144231624603	-0.16065094318842443	0.18659011184208563
0.43185070862877933	-0.16042831180887773	0.18497898222541642
0.43286846468759255	-0.1601824406407309	0.1834856708870083
0.4337857722849304	-0.16016837615774338	0.18173602791118457
0.43463793375681825	-0.16032383566714103	0.17969616727800572
0.435528063359586	-0.1601782004800903	0.1776625241285267
0.4367832968320848	-0.15950073469367804	0.1747219607534619
0.4375020165925624	-0.15900390430904665	0.1728504628858814
0.43815119228545846	-0.15853474751640395	0.17104432269200637
0.4389121459314544	-0.15788843987170792	0.1689483660125513
0.4395647669495571	-0.15721525136782527	0.1670076940024564
0.44027096776376906	-0.15651507503087309	0.1648888630983399
0.4414089478323267	-0.15562484199670118	0.1620099171394745
0.4421361929487911	-0.15514302785070405	0.16022288397619472
0.4426500062070062	-0.1547147166989884	0.15890864336739519
0.4434144850869789	-0.15394019876152842	0.15613651322921335
0.44378826916787445	-0.15358677575138796	0.15462538819224075
0.4443955351280911	-0.1530718176956246	0.15182643194516737
0.4448887646920586	-0.1528122921765105	0.14888080753658445
0.44510202075407895	-0.15276346954727155	0.1476265555092829
0.4453576526477284	-0.15267502258775356	0.14503931335563186
0.4453095524599669	-0.15233512419299755	0.14262306753905352
0.44536598126243643	-0.15227335104156053	0.14112271283161903
0.4460267105364279	-0.15255483486286264	0.1371168016729607
0.4462537881057198	-0.1527664653684389	0.13607705793590769
0.44676111519793016	-0.15326506822426567	0.13279158648526884
0.4472171065435888	-0.15378230253237796	0.13059876906096407
0.44789338114396027	-0.15453450823224935	0.12717350199995786
0.44823487175027726	-0.15484504969175183	0.12561212049669557
0.44873044885154434	-0.15538237930786375	0.12259974430332321
0.4491525995475536	-0.1558541783210446	0.12019226503053088
0.4495566443522801	-0.15632170311725424	0.11787297886783471
0.4499358852256558	-0.15676285247436278	0.11556565594146384
0.4503136269881481	-0.15725690529285324	0.11305255599299135
0.45071598976754185	-0.1576903518438199	0.11066885967016965
0.451145098872211	-0.15831398728921248	0.10752824162653535
0.4514516663311848	-0.15875471734526408	0.10522026283332786
0.4517263944291013	-0.15913327004707972	0.103348887365669
0.4521105349204839	-0.15962428472594464	0.10066885097763761
0.452548822319835	-0.1599385718036962	0.09843950278132407
0.4530658985015751	-0.16050646193078177	0.09506909790307155
0.4532760986725035	-0.16072453780538848	0.09384699179932038
0.45364251213263407	-0.161192250700662	0.09143552601956884
0.453861903005842	-0.16157725592070082	0.08965057763222956
0.4544051956462154	-0.1623339879680588	0.08548270118879353
0.45463393824340653	-0.16256639203930418	0.08407746780978276
0.4551312535271681	-0.1629641519325813	0.08142125136530254
0.45546836399977303	-0.1633145623711083	0.07929889252733019
0.4556653163356078	-0.16357226279528436	0.07802631978523811
0.45619000155755657	-0.16429789345171053	0.07425717227424306
0.4564575630025393	-0.16470404650991077	0.07223832569937766
0.45679191563714666	-0.16499901421730256	0.07026292213322216
0.4572126201530487	-0.16532103341514076	0.06824757814711047
0.4575211507759699	-0.16576754064428362	0.06602932231658942
0.45780259272342166	-0.1661341572634512	0.06413565798294713
0.4581556270200789	-0.1666317295316193	0.06161538619623652
0.4582909525065378	-0.166839908267643	0.060578225088900706
0.4586573427464306	-0.16726816987621895	0.058776889001293076
0.45927297270183964	-0.1677679783251645	0.05677453579965297
0.45980142574758853	-0.16820909549794633	0.055007030005730206
0.4603230219031682	-0.16870397478115529	0.05283069692348635
0.46053608229945164	-0.16894799881794276	0.052015149390943094
0.46098994350483097	-0.1694533806517594	0.04976033969866839
0.46115321299669554	-0.1695821261674484	0.04892576099194934
0.46159129445221037	-0.1702527380582186	0.0461235627677648
0.4617914032799001	-0.17052820796763862	0.04467981100153773
0.46186746422971336	-0.17071400580788493	0.04385238200779035
0.46198268859477704	-0.17095819009840107	0.04250267379030165
0.46210518659997935	-0.1713730956625228	0.040455536179406726
0.46218338786037094	-0.17159331315587062	0.03913255014061112
0.46220615105987206	-0.17195989007715562	0.03733250416049411
0.46232826602748933	-0.17213497639623893	0.03670119486114337
0.46267362041589694	-0.17246157412092356	0.035679118424926326
0.4630372087702615	-0.17275761869863376	0.0348072569571104
0.4636655743060783	-0.1732778033986475	0.03326786894909767
0.46387612172367626	-0.173459059080383	0.03278044438427796
0.4642804717020259	-0.1736927178624354	0.03180102519921357
0.4646859820841911	-0.17391534795172453	0.031236198366542012
0.46509704654199974	-0.17415547353219207	0.030682813467909187
0.46549248648537345	-0.17431013104673537	0.030165457645048743
0.46576929702593706	-0.17456052292433422	0.02969751543720528
0.46615990066061447	-0.17491896184425326	0.029223504717776183
0.46647072670112927	-0.17509057721750665	0.029034383611955594
0.4666300840783271	-0.17521762259488782	0.028910325474013343
0.4672076931100398	-0.17570917040476658	0.028529220124416443
0.467518120592557	-0.1759809696128356	0.028366133681082928
0.46774146793438215	-0.17611193936726605	0.02826668888413225
0.46807807194676776	-0.17636548918420958	0.028008175093566567
0.46854708375948306	-0.17668337996025435	0.027789601801681607
0.468848040742701	-0.17694709066149839	0.027609907467094963
0.4690356131830758	-0.17708841086180416	0.027516749803062013
0.46937947428674154	-0.1773992095824815	0.027232710802552462
0.4697012076696762	-0.17761686567057905	0.027097718399298587
0.4700402348388498	-0.1778458514127953	0.02691206995460893
0.4702358826643718	-0.17799918400508402	0.02679766748689849
0.4705213751770303	-0.17818092707766697	0.026565404250232516
0.470851591462069	-0.1784397015185034	0.026430329159838284
0.4712330091610333	-0.17876001229933386	0.02623045413925673
0.47147566972213484	-0.17894787535827072	0.026068239037077112
0.47161371360090165	-0.17906977988553258	0.025952962027559145
0.4721158775718474	-0.17919473122635737	0.025751676944125612
0.4724700770917818	-0.1793977257232398	0.02563428728395495
0.47273829353722246	-0.1796135073779495	0.025495219716088702
0.4729474722320298	-0.1796974586594023	0.02526871544210263
0.4731423274952328	-0.17978643707485453	0.02512235362734544
0.4733443589164776	-0.17984897194760852	0.02505826632871705
0.47388393968489934	-0.18008407382657798	0.024895575998639174
0.47413287231188006	-0.18025787021322937	0.02476882486112969
0.47442329755439616	-0.18049634437684686	0.024551133266772163
0.47451606021460474	-0.1804987637587358	0.024401112608853193
0.47463535792445144	-0.18050616494396432	0.024334183072000692
0.4751138446138511	-0.1807003995309765	0.024194028161194203
0.47573744167215265	-0.18090011003419326	0.024128335925273414
0.4760869133719733	-0.1810559298494363	0.02416134366336159
0.4764653237010203	-0.18117869162955913	0.024202791260848122
0.47680324468491986	-0.18124315054042517	0.024247442415649856
0.4772110599075794	-0.18132460728804684	0.024287717685894328
0.47791091862258334	-0.18145215957609612	0.024397045381746918
0.478252795139144	-0.1816115824763967	0.024402546491092192
0.4786025631932319	-0.18170189805879028	0.024471194248849193
0.47901374179674855	-0.18173729417663548	0.024542364940406458
0.47926008846094226	-0.1817639668572142	0.024549374843090055
0.479920938055408	-0.18193110086353553	0.024595482331993768
0.48017577164013636	-0.18204448964185388	0.02461636735507472
0.4805114016533522	-0.182165912792785	0.024665922352573533
0.4810478266068706	-0.18221591013424238	0.02473333198737726
0.4814830613746884	-0.18227629358832464	0.024780842965585526
0.48189789241534364	-0.18235934862229553	0.024806040029029253
0.48213245378072805	-0.18247459570438346	0.02476804908822633
0.4825688333598907	-0.18261973015275862	0.0248193250970139
0.48295164828537446	-0.18268878357426133	0.02484890698347203
0.4833630524513849	-0.18273188827896447	0.02487589864086115
0.48377762327531293	-0.18277080803497175	0.024914778593130016
0.48407862090888043	-0.18284985410833154	0.02490365981742071
0.48431424392177236	-0.1829749139972121	0.02487008251761358
0.48449269350966745	-0.18304723906627707	0.024845647836741647
0.48469596251802227	-0.18300971883531814	0.024635621753547665
0.484691656505863	-0.18324240909676737	0.02443876963811259
0.4846446606333583	-0.18360520193538776	0.024210910352559067
0.4846199938220432	-0.18379323404229353	0.024094424046502416
0.48489089326729023	-0.1844150943515751	0.02407323370479897
0.48518063266207084	-0.18487928529395814	0.02414959599486577
0.48531792929497186	-0.18516070353462583	0.02415838870429393
0.4856223117962089	-0.18562647043293928	0.024254335321708675
0.4859642862750044	-0.18582027782406474	0.024539924147740477
0.48618167195565937	-0.18612246921786502	0.024885891328131682
0.48644323732153877	-0.1859593450262052	0.0259520909359634
0.4864137721798314	-0.18608358112657047	0.02694602368065946
0.4863455907649955	-0.186110476548278	0.027649480579300112
0.4863938624091491	-0.1862293929629653	0.02939139903099619
0.48651357245576765	-0.18632685682273892	0.030514490209282263
0.4867316083841749	-0.18653988462498194	0.034106905303609825
0.48687735962557843	-0.18674051390908675	0.036144366567072705
0.48691421118749145	-0.18676132419940733	0.037656797804422715
0.487085834369935	-0.18692757085541456	0.041097239666629704
0.487093141470542	-0.18701478272796274	0.04303194700616958
0.4872347856600291	-0.1871283900995191	0.04579612717142434
0.4873177310159236	-0.18722066051094904	0.049333221849243436
0.48743628090834007	-0.18733702836132926	0.05362828588868729
0.4874973848795934	-0.18745851982081302	0.057995326743948805
0.4875760795346802	-0.18752787185195724	0.06166739068931293
0.487624297299071	-0.18765828065768514	0.06433375547123116
0.4876821952309434	-0.18769249948778782	0.06918207866771331
0.48774228888609	-0.18781292349768852	0.07334993733741635
0.4878114491012372	-0.18795031891149833	0.07921828767024042
0.48781796793143434	-0.18798592290440852	0.08320607288326248
0.4878885295029479	-0.18806525257500933	0.0869614819295575
0.4878927816500421	-0.1881313793262771	0.09128679666219469
0.48792845037243254	-0.18819904317796438	0.09385881344052899
0.4879706935530257	-0.18826718131634101	0.10012828709402294
0.4880327131391115	-0.18832101555289787	0.10479871687223724
0.48803758193074737	-0.18835885623999105	0.11114704167333772
0.4880970036030857	-0.1884990092599036	0.115675684334753
0.4880911520372389	-0.18855122109277722	0.11905165294830461
0.4881352422595294	-0.18854772339652293	0.12468815970401043
0.48816965635437704	-0.18861505935140144	0.12878778905978555
0.48822570105935786	-0.1887303287868929	0.1330803050708525
0.4882390954567158	-0.18876769322209236	0.1376657672556681
0.4882463088312569	-0.18878397278157133	0.141679423593577
0.488314563611344	-0.18881170424413746	0.148114972854184
0.4883944324737174	-0.18890207236523626	0.150648887249201
0.4884442823852841	-0.18892161083850395	0.156066811451276
0.4884539024537866	-0.18893629164006703	0.1582854662922919
0.48848550130661783	-0.18901432553387798	0.16344786315883242
0.4885390892428143	-0.18903565026141161	0.16732929907700644
0.48863278635296226	-0.189111431858621	0.17293474702822076
0.488696601977131	-0.18918940443899857	0.1751849106813525
0.4887623521950402	-0.18922436176744717	0.18004614473120997
0.48885634264190264	-0.18932024140703674	0.18332896422874406
0.48891167441981775	-0.1893143761286869	0.18599956626006442
0.48898889292545233	-0.18941274446302125	0.18936890935267103
0.48906309635113193	-0.18949969120991733	0.19192355000821937
0.4891313572724023	-0.18950119388447495	0.19459192136628747
0.48922415679366454	-0.18958231416640142	0.19765680389804605
0.48938862361465224	-0.18964372087078796	0.20007195935307925
0.48949891195300543	-0.18972177224650144	0.20197187207270775
0.4896318953888425	-0.18986199549445598	0.20307822535297904
0.4897252721691335	-0.1901259209703025	0.2049872163383027
0.4897487938593478	-0.190272549223379	0.20612583121677502
0.48990565318824114	-0.1903655933134878	0.20756999565325518
0.4899045197455105	-0.19031338780408857	0.20819158191938897
0.48990959711282084	-0.1902106814025526	0.20857316361650663
0.4900869227720644	-0.19022042568133035	0.20888162334480098
0.4902533779449886	-0.1903434017727843	0.2089603016252821
0.4901291556949145	-0.190356106955562	0.20884915241570526
0.4896485473688416	-0.19048145926289778	0.20850783946203297
0.4887897577123196	-0.1902632898508816	0.20839369407834724
0.4881313941115743	-0.19008086347382724	0.2082921917508731
0.48675639805001475	-0.18974686810951213	0.20812587022428014
0.48606333269574276	-0.18952887699485543	0.20809411657447283
0.4842817777694181	-0.18899241875949807	0.20799433090412078
0.4823648653778582	-0.18832411163646662	0.20799270777644954
0.48174135330432266	-0.18806114500241777	0.20800499214715237
0.47863882283856574	-0.18705227485624853	0.20800111537073776
0.4766028312094702	-0.18645737086482034	0.20786463758443297
0.47355935536426913	-0.18557657304288727	0.20772272058604996
0.4710828616920669	-0.18489648258323854	0.2076489378327121
0.46943917955627595	-0.18440131988392816	0.2076285762411065
0.4661546217425539	-0.1834670782606208	0.20753288724328306
0.4643320199496329	-0.18292952976414018	0.207472947042738
0.459708795395548	-0.18154300360412462	0.20740288740431487
0.45672643678337727	-0.18061762060223335	0.2073588795264554
0.45490943833266584	-0.18004121657302252	0.20731903177117034
0.45155837531556214	-0.17901887132249134	0.20721825353396392
0.4470759190781561	-0.17758391305334115	0.20720904776258384
0.444786493928188	-0.17684104658145233	0.20716078246781466
0.4399304481272027	-0.17521291035217096	0.20705537635224452
0.4366056175318538	-0.17411819305331816	0.20706996035554334
0.4317838261900958	-0.17260382056918666	0.20695579685857035
0.42835822469010887	-0.17150819547713536	0.20695041212417092
0.4252293602167923	-0.17047743875405508	0.20693389406055362
0.4227870509771833	-0.16970531771634295	0.20688306772309303
0.4189414713959121	-0.16845891997897394	0.20688089202618756
0.41573926658433913	-0.16742571797503142	0.20682921504498789
0.4094905934717431	-0.16543620878823956	0.20676447418172927
0.4062815593555091	-0.1643909051247579	0.20675099067572988
0.40255206749800665	-0.16321089877927664	0.20670398215027422
0.4005005525028992	-0.16251572171949957	0.2066902683729764
0.39582910856214987	-0.16102991688575424	0.20666198152959964
0.39231688241553553	-0.1598697273336913	0.20666062064520202
0.3879683137636945	-0.1584688913391365	0.20659108438393203
0.3856347119639116	-0.1577382446513378	0.2065962397170843
0.38155343458344204	-0.15642193835443635	0.20654700196157005
0.3798685106310875	-0.1558588630674984	0.20656164197049626
0.3758233429856973	-0.15455264096234989	0.20651111088345203
0.37133430750013713	-0.15313669982428296	0.20643761695562338
0.368584273892337	-0.15221059364744383	0.20644538068945836
0.3662871110234947	-0.15150158259695945	0.20638528854225247
0.36309818880297673	-0.15047011616847067	0.20637173716086146
0.3612094020048908	-0.14982872624761517	0.20635064373990863
0.3584443026498746	-0.1489856691504733	0.20630054357145935
