0.34999999999995546	0.14999999999994276	0.20000000000004448
0.34999999999995546	0.14999999999994276	0.20000000000004448
0.3499999999999573	0.14999999999994634	0.20000000000004234
0.34999999999995857	0.14999999999994773	0.20000000000004128
0.34999999999995884	0.14999999999994929	0.2000000000000402
0.34999999999996	0.14999999999995134	0.20000000000003898
0.34999999999996095	0.14999999999995295	0.20000000000003784
0.34999999999996173	0.1499999999999544	0.20000000000003643
0.34999999999996223	0.14999999999995622	0.20000000000003532
0.3499999999999639	0.14999999999995883	0.2000000000000336
0.34999999999996506	0.14999999999995994	0.2000000000000325
0.3499999999999655	0.1499999999999615	0.2000000000000314
0.3499999999999661	0.14999999999996322	0.20000000000003038
0.3499999999999673	0.14999999999996494	0.20000000000002924
0.3499999999999682	0.14999999999996688	0.20000000000002816
0.3499999999999686	0.14999999999996905	0.20000000000002643
0.34999999999996934	0.1499999999999696	0.20000000000002596
0.34999999999997095	0.14999999999997177	0.2000000000000244
0.34999999999997133	0.1499999999999726	0.20000000000002371
0.3499999999999721	0.14999999999997515	0.200000000000022
0.34999999999997317	0.14999999999997704	0.2000000000000208
0.3499999999999743	0.14999999999997904	0.20000000000001933
0.349999999999975	0.14999999999998076	0.2000000000000179
0.34999999999997583	0.14999999999998287	0.20000000000001664
0.3499999999999768	0.1499999999999842	0.20000000000001578
0.34999999999997805	0.1499999999999856	0.20000000000001447
0.34999999999997833	0.14999999999998642	0.20000000000001378
0.34999999999997944	0.14999999999998864	0.2000000000000124
0.3499999999999802	0.14999999999999108	0.2000000000000107
0.34999999999998105	0.14999999999999242	0.2000000000000095
0.3499999999999824	0.1499999999999937	0.20000000000000848
0.34999999999998277	0.1499999999999947	0.20000000000000787
0.3499999999999831	0.1499999999999963	0.20000000000000656
0.34999999999998466	0.14999999999999897	0.2000000000000047
0.34999999999998516	0.15000000000000036	0.20000000000000373
0.3499999999999855	0.15000000000000213	0.2000000000000028
0.34999999999998604	0.15000000000000296	0.20000000000000187
0.3499999999999879	0.15000000000000607	0.1999999999999998
0.34999999999998826	0.1500000000000073	0.1999999999999989
0.34999999999998943	0.1500000000000088	0.19999999999999785
0.3499999999999897	0.15000000000000951	0.19999999999999726
0.3499999999999899	0.15000000000001207	0.19999999999999535
0.3499999999999903	0.15000000000001235	0.1999999999999947
0.3499999999999905	0.1500000000000124	0.19999999999999452
0.34999999999999076	0.15000000000001257	0.19999999999999452
0.3499999999999909	0.15000000000001257	0.19999999999999452
0.34999999999999076	0.15000000000001257	0.19999999999999452
0.3499999999999908	0.1500000000000125	0.19999999999999454
0.3499999999999908	0.1500000000000125	0.19999999999999454
0.3499999999999908	0.1500000000000125	0.19999999999999454
0.3499999999999908	0.1500000000000125	0.19999999999999454
0.3499999999999908	0.1500000000000125	0.19999999999999454
0.3499999999999908	0.1500000000000125	0.19999999999999454
0.34999999999999115	0.150000000000012	0.19999999999999452
0.34999999999999126	0.15000000000001118	0.1999999999999947
0.3499999999999912	0.15000000000001046	0.19999999999999485
0.34999999999999154	0.1500000000000099	0.1999999999999949
0.34999999999999176	0.1500000000000089	0.19999999999999502
0.3499999999999918	0.1500000000000088	0.19999999999999493
0.3499999999999917	0.15000000000000896	0.19999999999999488
0.3499999999999917	0.15000000000000896	0.19999999999999488
0.3499999999999917	0.15000000000000896	0.19999999999999488
0.3499999999999917	0.15000000000000896	0.19999999999999488
0.3499999999999917	0.15000000000000896	0.19999999999999488
0.3499999999999917	0.15000000000000896	0.19999999999999488
0.3499999999999917	0.15000000000000896	0.19999999999999488
0.3499999999999917	0.15000000000000896	0.19999999999999488
0.3499999999999917	0.15000000000000896	0.19999999999999488
0.3499999999999917	0.15000000000000896	0.19999999999999488
0.3499999999999917	0.15000000000000896	0.19999999999999488
0.3499999999999917	0.15000000000000896	0.19999999999999488
0.3499999999999917	0.15000000000000896	0.19999999999999488
0.3499999999999917	0.15000000000000896	0.19999999999999488
0.3499999999999917	0.15000000000000896	0.19999999999999488
0.3499999999999917	0.15000000000000896	0.19999999999999488
0.3499999999999917	0.15000000000000896	0.19999999999999488
0.3499999999999917	0.15000000000000896	0.19999999999999488
0.3499999999999917	0.15000000000000896	0.19999999999999488
0.3499999999999917	0.15000000000000896	0.19999999999999488
0.3499999999999917	0.15000000000000896	0.19999999999999488
0.3499999999999917	0.15000000000000896	0.19999999999999488
0.3499999999999917	0.15000000000000896	0.19999999999999488
0.3499999999999917	0.15000000000000896	0.19999999999999488
0.3499999999999917	0.15000000000000896	0.19999999999999488
0.3499999999999917	0.15000000000000896	0.19999999999999488
0.3499999999999917	0.15000000000000896	0.19999999999999488
0.3499999999999917	0.15000000000000896	0.19999999999999488
0.3499999999999917	0.15000000000000896	0.19999999999999488
0.3499999999999917	0.15000000000000896	0.19999999999999488
0.3499999999999917	0.15000000000000896	0.19999999999999488
0.3499999999999917	0.15000000000000896	0.19999999999999488
0.3499999999999917	0.15000000000000896	0.19999999999999488
0.3499999999999917	0.15000000000000896	0.19999999999999488
0.3499999999999917	0.15000000000000896	0.19999999999999488
0.3499999999999917	0.15000000000000896	0.19999999999999488
0.3499999999999917	0.15000000000000896	0.19999999999999488
0.3499999999999917	0.15000000000000896	0.19999999999999488
0.3499999999999917	0.15000000000000896	0.19999999999999488
0.3499999999999917	0.15000000000000896	0.19999999999999488
0.3499999999999917	0.15000000000000896	0.19999999999999488
0.3499999999999917	0.15000000000000896	0.19999999999999488
0.3499999999999917	0.15000000000000896	0.19999999999999488
0.3499999999999917	0.15000000000000896	0.19999999999999488
0.3499999999999917	0.15000000000000896	0.19999999999999488
0.3499999999999917	0.15000000000000896	0.19999999999999488
0.3499999999999917	0.15000000000000896	0.19999999999999488
0.3499999999999917	0.15000000000000896	0.19999999999999488
0.3499999999999917	0.15000000000000896	0.19999999999999488
0.3499999999999917	0.15000000000000896	0.19999999999999488
0.3499999999999917	0.15000000000000896	0.19999999999999488
0.3499999999999917	0.15000000000000896	0.19999999999999488
0.3499999999999917	0.15000000000000896	0.19999999999999488
0.3499999999999917	0.15000000000000896	0.19999999999999488
0.3499999999999917	0.15000000000000896	0.19999999999999488
0.3499999999999917	0.15000000000000896	0.19999999999999488
0.3499999999999917	0.15000000000000896	0.19999999999999488
0.3499999999999917	0.15000000000000896	0.19999999999999488
0.3499999999999917	0.15000000000000896	0.19999999999999488
0.3499999999999917	0.15000000000000896	0.19999999999999488
0.3499999999999917	0.15000000000000896	0.19999999999999488
0.3499999999999917	0.15000000000000896	0.19999999999999488
0.3499999999999917	0.15000000000000896	0.19999999999999488
0.3499999999999917	0.15000000000000896	0.19999999999999488
0.3499999999999917	0.15000000000000896	0.19999999999999488
0.3499999999999917	0.15000000000000896	0.19999999999999488
0.3499999999999917	0.15000000000000896	0.19999999999999488
0.3499999999999917	0.15000000000000896	0.19999999999999488
0.3499999999999917	0.15000000000000896	0.19999999999999488
0.3499999999999917	0.15000000000000896	0.19999999999999488
0.3499999999999917	0.15000000000000896	0.19999999999999488
0.3499999999999917	0.15000000000000896	0.19999999999999488
0.3499999999999917	0.15000000000000896	0.19999999999999488
0.3499999999999917	0.15000000000000896	0.19999999999999488
0.3499999999999917	0.15000000000000896	0.19999999999999488
0.3499999999999917	0.15000000000000896	0.19999999999999488
0.3499999999999917	0.15000000000000896	0.19999999999999488
0.3499999999999917	0.15000000000000896	0.19999999999999488
0.3499999999999917	0.15000000000000896	0.19999999999999488
0.3499999999999917	0.15000000000000896	0.19999999999999488
0.3499999999999917	0.15000000000000896	0.19999999999999488
0.3499999999999917	0.15000000000000896	0.19999999999999488
0.3499999999999917	0.15000000000000896	0.19999999999999488
0.3499999999999917	0.15000000000000896	0.19999999999999488
0.3499999999999917	0.15000000000000896	0.19999999999999488
0.3499999999999917	0.15000000000000896	0.19999999999999488
0.3499999999999917	0.15000000000000896	0.19999999999999488
0.3499999999999917	0.15000000000000896	0.19999999999999488
0.3499999999999917	0.15000000000000896	0.19999999999999488
0.3499999999999917	0.15000000000000896	0.19999999999999488
0.3499999999999917	0.15000000000000896	0.19999999999999488
0.3499999999999917	0.15000000000000896	0.19999999999999488
0.3499999999999917	0.15000000000000896	0.19999999999999488
0.3499999999999917	0.15000000000000896	0.19999999999999488
0.3499999999999917	0.15000000000000896	0.19999999999999488
0.3499999999999917	0.15000000000000896	0.19999999999999488
0.3499999999999917	0.15000000000000896	0.19999999999999488
0.3499999999999917	0.15000000000000896	0.19999999999999488
0.3499999999999917	0.15000000000000896	0.19999999999999488
0.3499999999999917	0.15000000000000896	0.19999999999999488
0.3499999999999917	0.15000000000000896	0.19999999999999488
0.3499999999999917	0.15000000000000896	0.19999999999999488
0.3499999999999917	0.15000000000000896	0.19999999999999488
0.3499999999999917	0.15000000000000896	0.19999999999999488
0.3499999999999917	0.15000000000000896	0.19999999999999488
0.3499999999999917	0.15000000000000896	0.19999999999999488
0.3499999999999917	0.15000000000000896	0.19999999999999488
0.3499999999999917	0.15000000000000896	0.19999999999999488
0.3499999999999917	0.15000000000000896	0.19999999999999488
0.3499999999999917	0.15000000000000896	0.19999999999999488
0.3499999999999917	0.15000000000000896	0.19999999999999488
0.3499999999999917	0.15000000000000896	0.19999999999999488
0.3499999999999917	0.15000000000000896	0.19999999999999488
0.3499999999999917	0.15000000000000896	0.19999999999999488
0.3499999999999917	0.15000000000000896	0.19999999999999488
0.3499999999999917	0.15000000000000896	0.19999999999999488
0.3499999999999917	0.15000000000000896	0.19999999999999488
0.3499999999999917	0.15000000000000896	0.19999999999999488
0.3499999999999917	0.15000000000000896	0.19999999999999488
0.3499999999999917	0.15000000000000896	0.19999999999999488
0.3499999999999917	0.15000000000000896	0.19999999999999488
0.3499999999999917	0.15000000000000896	0.19999999999999488
0.3499999999999919	0.15000000000000846	0.19999999999999496
0.3499999999999922	0.15000000000000785	0.19999999999999504
0.34999999999999254	0.15000000000000646	0.19999999999999513
0.34999999999999276	0.15000000000000613	0.19999999999999524
0.34999999999999276	0.15000000000000585	0.1999999999999952
0.34999999999999304	0.15000000000000524	0.19999999999999515
0.3499999999999932	0.15000000000000474	0.1999999999999953
0.349999999999993	0.15000000000000457	0.19999999999999538
0.3499999999999932	0.15000000000000357	0.19999999999999543
0.3499999999999935	0.15000000000000285	0.19999999999999551
0.34999999999999365	0.15000000000000246	0.19999999999999551
0.3499999999999937	0.15000000000000208	0.19999999999999557
0.3499999999999939	0.15000000000000135	0.1999999999999956
0.3499999999999939	0.15000000000000085	0.19999999999999554
0.349999999999994	0.15000000000000058	0.19999999999999563
0.3499999999999944	0.14999999999999947	0.19999999999999574
0.34999999999999476	0.14999999999999875	0.19999999999999574
0.3499999999999945	0.14999999999999863	0.19999999999999588
0.34999999999999476	0.14999999999999797	0.19999999999999596
0.3499999999999951	0.14999999999999702	0.19999999999999601
0.3499999999999948	0.1499999999999972	0.1999999999999959
0.349999999999995	0.1499999999999967	0.19999999999999582
0.34999999999999515	0.14999999999999603	0.199999999999996
0.3499999999999954	0.14999999999999547	0.19999999999999613
0.3499999999999954	0.14999999999999508	0.19999999999999624
0.3499999999999954	0.14999999999999508	0.19999999999999624
0.3499999999999954	0.14999999999999508	0.19999999999999624
0.3499999999999954	0.14999999999999508	0.19999999999999624
0.3499999999999954	0.14999999999999508	0.19999999999999624
0.3499999999999954	0.14999999999999508	0.19999999999999624
0.3499999999999954	0.14999999999999514	0.19999999999999624
0.3499999999999954	0.14999999999999508	0.19999999999999624
0.3499999999999954	0.14999999999999508	0.19999999999999624
0.3499999999999954	0.14999999999999508	0.19999999999999624
0.3499999999999954	0.14999999999999508	0.19999999999999624
0.3499999999999954	0.14999999999999508	0.19999999999999624
0.3499999999999954	0.14999999999999508	0.19999999999999624
0.3499999999999954	0.14999999999999508	0.19999999999999624
0.3499999999999954	0.14999999999999508	0.19999999999999624
0.3499999999999954	0.14999999999999508	0.19999999999999624
0.3499999999999954	0.14999999999999508	0.19999999999999624
0.3499999999999954	0.14999999999999508	0.19999999999999624
0.3499999999999954	0.14999999999999508	0.19999999999999624
0.3499999999999954	0.14999999999999508	0.19999999999999624
0.3499999999999954	0.14999999999999508	0.19999999999999624
0.3499999999999954	0.14999999999999508	0.19999999999999624
0.3499999999999954	0.14999999999999508	0.19999999999999624
0.3499999999999954	0.14999999999999508	0.19999999999999624
0.3499999999999954	0.14999999999999508	0.19999999999999624
0.3499999999999954	0.14999999999999508	0.19999999999999624
0.3499999999999954	0.14999999999999508	0.19999999999999624
0.3499999999999954	0.14999999999999508	0.19999999999999624
0.3500000025261594	0.15000000276050757	0.19999594436965606
0.35000002153991666	0.1500000258158432	0.1999618373888286
0.35000004802638623	0.15000006366454233	0.1999050602223494
0.350000074792028	0.15000010488437598	0.19984242173543715
0.3500000963186156	0.15000015067714184	0.19977134122090096
0.35000012468987957	0.1500001991858816	0.19969582364567848
0.35000015048237304	0.15000026155788593	0.1995960649702448
0.35000017224789765	0.15000035022436503	0.19944929827150473
0.3500001966044854	0.15000041717945256	0.19933781915393556
0.35000021065175413	0.15000045620383456	0.19927195496648692
0.35000024651572614	0.15000055670672985	0.19909915564008246
0.3500002670903318	0.15000065346362512	0.19892470419804192
0.350000286666027	0.15000072009656273	0.19880279024330516
0.35000027695826064	0.1500007803303977	0.19867995960137022
0.35000031637731904	0.1500008775724908	0.19849731850296087
0.350000318494041	0.15000091137833788	0.19842622501588472
0.35000031533477716	0.1500009857760124	0.19825995273304897
0.3500003146774276	0.15000101935400806	0.19818194058669505
0.3500003348589621	0.15000110709798542	0.1979791615937581
0.3500003517560179	0.15000115376295825	0.1978659020019791
0.35000036582880373	0.15000118715181632	0.1977797548933792
0.3500003824223805	0.15000121761477997	0.19769803830911714
0.3500003993178119	0.1500012427655012	0.19762378464900643
0.35000042753470717	0.15000127026723636	0.19754157928036914
0.35000044121031937	0.15000128004672136	0.19749635543145683
0.35000044640672756	0.15000128188606365	0.19747632020173717
0.3500004514713541	0.1500012766672798	0.19745282823019544
0.35000044446562406	0.15000126181673118	0.19745489310400444
0.35000041725240594	0.1500012303274711	0.1974841750732254
0.35000038020555535	0.1500011977570983	0.19752513507674485
0.35000032007453546	0.1500011482353391	0.1975917044950394
0.35000018503704833	0.15000106679036235	0.19771592533580298
0.3500000588794638	0.15000099381282367	0.1978277548611167
0.34999989166177076	0.1500009044588293	0.1979646193580265
0.34999975582750875	0.1500008419408806	0.19806255068116774
0.3499992440449785	0.15000061854939029	0.19840378781497717
0.34999885023439953	0.15000046434289804	0.198633902406297
0.34999863401457026	0.15000037343748396	0.19876610493575358
0.34999792155064025	0.15000009374822793	0.19916023597246751
0.34999693623227357	0.1499997439446294	0.1996283773668311
0.34999645709413063	0.14999957395115898	0.199848906075349
0.3499945605839981	0.14992741300098367	0.20042004926047313
0.349992620301369	0.14973322410199902	0.20083604672880048
0.3499904457871287	0.14918073932652715	0.20159610708050824
0.34999052918341145	0.14887109685993571	0.20193967920795922
0.34999153181920745	0.1482907995058687	0.20251534739687072
0.349999093962147	0.1472723740303909	0.2034075930000354
0.35001678579582224	0.1458678811745997	0.20452312851531676
0.35003172214006195	0.1448775835658127	0.20525072282799095
0.3500496179854091	0.14395833699261512	0.20589898521529637
0.35009900947545	0.14189825535708073	0.20731464352834064
0.35012644811579186	0.1411128732957927	0.20785497874661468
0.3501965752883685	0.1389827842734669	0.2092488968034481
0.3502492788067911	0.13739503852774493	0.21024707911310336
0.35034538156337286	0.1348975317405357	0.2118019852204016
0.35037847272491796	0.13390767133076786	0.21239295777156647
0.3504767208895675	0.13144641295562698	0.21386484384892374
0.3505246413822932	0.13038675900194402	0.21449423133793644
0.35067049417710594	0.1276178393625565	0.21613657726414612
0.35077278963998654	0.12536182798266515	0.2174213441585371
0.35094705542753335	0.12279249397338428	0.218919014680806
0.3511193060226964	0.1197732340361574	0.22061169936842168
0.351246206947255	0.11756630401590255	0.22182632718724993
0.35139880492842934	0.1154186295989698	0.2230286565466651
0.3514543784972392	0.11428008448699982	0.2236259555079334
0.3516679951508663	0.11084961601993125	0.22546443335851254
0.3518564879354875	0.10777747383655155	0.22708217257355356
0.35198278592596166	0.10565509870700555	0.22818219299937476
0.35212240338249673	0.10333341278881049	0.22937129885269658
0.35216619411182665	0.10206048742464487	0.22999202592582402
0.35243036932058147	0.0979435592682364	0.23207233394851906
0.3525624506764846	0.09570622326881921	0.2331815775290122
0.3526252392715783	0.09445600136357608	0.23378675389412068
0.35278102863449545	0.09159588202219214	0.23517530701587522
0.3528731014037146	0.08940829904484042	0.23620988284844674
0.3530488040857762	0.08624578695873404	0.23772396976110377
0.3531101254872936	0.0842000539996625	0.2386601088032853
0.35321746903888773	0.08211972059119317	0.23963900760882417
0.35330478741648785	0.0799750220715967	0.24062647730974274
0.3533929013662261	0.07805382304683627	0.24151330737024787
0.35351086354415695	0.07515375836900871	0.24283761465550618
0.3535459022392504	0.0738900628063673	0.2434067648695811
0.35360621270111314	0.07209656992910866	0.24421198536771666
0.35366097587644213	0.07018656155264742	0.24506591456100946
0.35371744696682583	0.0669877410400996	0.2464664681688647
0.3537422096190272	0.06531613150096229	0.24719816228226593
0.3537614095093104	0.0637907746418017	0.24785760045063127
0.35378109175238465	0.06172248520970648	0.2487485510585274
0.3537861407705607	0.060813230715175845	0.24913654158486662
0.3537895311534318	0.058873982785925025	0.24996074228895493
0.3537839211845561	0.05763549889983911	0.25047868281639085
0.35377440992969006	0.05644827711351531	0.2509659080665364
0.35376265738055607	0.055395296186074486	0.25139749559904667
0.35373674041132896	0.05412389188697296	0.2519045874827889
0.3537246938860853	0.05365838090813564	0.25208791198196917
0.3536923482617246	0.05270130584063244	0.25245785916684166
0.3536627154648386	0.052117019665540734	0.25267329499896185
0.35364095693473824	0.05176858372359426	0.2527987232825659
0.3536020586023045	0.051318557989583	0.2529496700741095
0.3535597133710577	0.05109333914792984	0.25300240545086217
0.35353973264011473	0.05105904218979275	0.2529969722374606
0.35350717163152057	0.05104954596898985	0.25296857577420373
0.35345547298150026	0.05103476114538423	0.25292342038180604
0.353418171826098	0.051023882017802044	0.2528911797296268
0.35339897425410444	0.05101826109253378	0.2528745979283745
0.35335685137502865	0.05100585338682344	0.2528383480605033
0.3533205980714282	0.0509951139317676	0.2528072573336664
0.35328334075747686	0.05098409119823806	0.25277519053266617
0.35325177692008053	0.050974708500511154	0.2527481389698767
0.3532205417074878	0.0509653959497106	0.25272144481503545
0.3531844902938517	0.05095463291114978	0.252690668132029
0.3531514117625932	0.05094473916359292	0.25266249561757814
0.3531223720693158	0.05093606088695145	0.2526376977358846
0.3530799848378078	0.05092337617529806	0.25260158272535327
0.3530540693118485	0.05091562010858823	0.2525794895319928
0.35302714078562336	0.050907559159091356	0.2525565312261467
0.3529944750020434	0.050897777822098436	0.25252868815453583
0.35295846380895546	0.050886989515752226	0.25249801967392427
0.35294301541170303	0.05088236099534714	0.25248486226277866
0.35290663192051336	0.050871450795042614	0.2524539789703681
0.35287754211878297	0.05086272986006872	0.25242924259648303
0.35283948835263995	0.0508513167821424	0.25239694591516537
0.35281351736263733	0.050843527812598086	0.2523748831933308
0.35278870797318757	0.05083608705099764	0.2523538002968521
0.35276305732969754	0.05082839226863069	0.252332036377092
0.35273766207410295	0.05082077313324203	0.252310504730116
0.35270922558629547	0.05081224116724488	0.2522863946231294
0.35268535052494066	0.05080507764463897	0.2522661360422843
0.35265741408837475	0.05079669496758778	0.25224244047335376
0.35262129752790866	0.050785856944390154	0.2522118060458451
0.3525971560676253	0.050778612002259096	0.252191339144037
0.35257533139581293	0.0507720621529902	0.25217284870911033
0.3525495817010835	0.05076433401161749	0.252151034484679
0.35251900454106866	0.05075515657620515	0.2521251295786982
0.3524968819684505	0.05074851716469554	0.25210641291088265
0.3524738957244509	0.0507416176462097	0.25208694756193784
0.35245108970636435	0.050734771663803205	0.25206762841251673
0.3524207049032593	0.05072565073068498	0.25204190015494454
0.3523984423990805	0.05071896838599023	0.2520230630962125
0.35236797159404865	0.05070982132174366	0.2519972731086574
0.3523516523043633	0.05070492287908461	0.2519834690507402
0.35232349586109135	0.050696471462899254	0.25195965706190065
0.3523113972973422	0.05069283990618491	0.2519494257556954
0.35228182964208127	0.05068396359680634	0.25192441252251296
0.3522499371079835	0.05067438960587188	0.2518974401144721
0.3522381928176732	0.050670863750118686	0.2518875063396655
0.35221760698645066	0.05066468448214918	0.2518701030342089
0.3521892897003919	0.05065618470322346	0.2518461678809083
0.3521627753316095	0.05064822529903286	0.2518237535741322
0.3521422646389658	0.05064206833475492	0.251806417015752
0.35212268470037195	0.05060780882839257	0.25178985277558663
0.35211061412743627	0.05056515547483885	0.2517796342893049
0.3520784138997794	0.0503513917782422	0.2517524010063252
0.3520410919769703	0.04998738317419306	0.25172104346934815
0.35202586286640225	0.049806088260182776	0.2517082797304868
0.3519863163449118	0.04927147544219325	0.2516754172118787
0.35195748999631093	0.04883232135495073	0.2516516097452108
0.3519105295829034	0.048052657719603195	0.25161347977165155
0.3518753765024522	0.04741149886614761	0.2515848359009056
0.3518588790802613	0.04710020244048378	0.2515714428061228
0.3518062381140868	0.04607124122007407	0.25152951298126736
0.3517545455969828	0.04500822010170584	0.25148882937309336
0.35173122810018376	0.044512657250812646	0.2514706569530097
0.3516938059536973	0.0437013489683465	0.25144185307130185
0.35164152309931035	0.04253550425165227	0.2514017607975426
0.3515803912298273	0.041129414652479726	0.25135544272915367
0.35155468328659006	0.040524927079882825	0.2513360614096741
0.35151009144709644	0.03946230508069819	0.25130257159148395
0.35147234882565276	0.03855442893748394	0.2512748878810378
0.3513918949478816	0.036565701036252216	0.2512148103487656
0.35134694217648116	0.035435572732748374	0.25118191592268196
0.3513041167466818	0.034329710736604416	0.25114864324394176
0.3512545599966964	0.033051395948978754	0.2511122757805656
0.3512085767689372	0.03185796241610127	0.2510792450691136
0.3511390598839771	0.03000438702485385	0.25102632630005645
0.3510971584403777	0.028880650128907268	0.25099505213011297
0.35106871009202495	0.02812469518999182	0.25097546751866395
0.35101899305642537	0.026764930030209647	0.25093765011850216
0.3509787212695721	0.025673033090029343	0.2509091658432976
0.3508921522338696	0.02331114006557776	0.250849313944165
0.35084659392420015	0.022044958890495278	0.2508165861652056
0.35080149680165607	0.02078132698529593	0.25078384268279835
0.35075681282612753	0.019524556089468056	0.2507518041143728
0.35071445302189236	0.01832143195960305	0.25072083140469836
0.3506534533940398	0.016588559331751948	0.25067770077456636
0.3506233020484192	0.01572940539053848	0.25065665821676
0.3505859698779536	0.01466366931852052	0.25063090766762813
0.3505088566272222	0.012417221451832813	0.25057412615372177
0.3504845083381809	0.011699889142106332	0.2505556848748854
0.3504315484211433	0.010138999275571006	0.25051652766727706
0.35039388171628255	0.009011003500970519	0.25048709405574054
0.3503549027293467	0.007860674706100343	0.25045953695214596
0.35030350324502024	0.006320092561331966	0.25042119254113343
0.35027235170703963	0.0053769814651334485	0.2503972858028433
0.350237852699537	0.004332284462972166	0.2503713758951178
0.35020803607401696	0.0034155250281403676	0.25034762068408756
0.350176843493051	0.002453611681539472	0.2503229009289003
0.350138760147066	0.0012717287077055467	0.2502923910197278
0.35012010711199787	0.0006919576308604819	0.25027769360813074
0.35008644802423244	-0.000365141884068651	0.250250205614382
0.3500557467724874	-0.0013349270039940547	0.25022513815204517
0.35004489325078714	-0.0016827775935889383	0.25021568517947973
0.35002451220165803	-0.0023364513986591645	0.2501983135729824
0.35000044565948857	-0.003114948449524521	0.2501774800398129
0.3499787132730036	-0.003830183564207737	0.25015741161630195
0.3499674189585101	-0.00420693566421558	0.2501465417295521
0.34996098258718716	-0.004423207859170206	0.2501403143595574
0.3499535598852774	-0.004676510323651614	0.2501327413307002
0.34994459037810943	-0.004991337692137679	0.2501227392783554
0.34994030474363325	-0.005155241182563788	0.2501167509488132
0.34994045802488494	-0.005168722399266232	0.2501150552363175
0.349940971610273	-0.0051672231995505	0.25011396312642886
0.34994169239874434	-0.005165107333937227	0.2501124040331625
0.34994200642102136	-0.005164187745050605	0.2501117299495464
0.3499425065714091	-0.005162726577538565	0.2501106644317614
0.3499432732891939	-0.005160502847321766	0.25010906800611077
0.34994378653706376	-0.005159016621078719	0.25010800486550944
0.34994431577104834	-0.005157472811725419	0.25010688333483133
0.3499450374310238	-0.005155383335033778	0.2501053894925117
0.3499454700114239	-0.005154128352926654	0.2501044886081192
0.349945985009813	-0.005152636775497446	0.2501034218713172
0.34994670099030023	-0.0051505684785237565	0.25010195106210653
0.34994719010257497	-0.005149155409773884	0.25010094618418455
0.3499476698201082	-0.005147778509938486	0.2500999806841222
0.3499479598207115	-0.00514694708859921	0.2500993991530815
0.3499487726603562	-0.005144612455511968	0.2500977600663094
0.34994926500950385	-0.0051431987363419335	0.25009676826252025
0.3499497462318675	-0.005141817458585454	0.2500958000864159
0.34995002503009454	-0.005141019151736995	0.2500952434483259
0.34995083885921413	-0.005138685322977052	0.25009361114676976
0.34995129976219014	-0.0051373687018237	0.2500926979264353
0.34995176269925415	-0.005136048268678764	0.25009178508640506
0.3499521830406408	-0.005134844883016784	0.2500909467019218
0.3499526378118345	-0.005133548886032971	0.25009005255941613
0.34995303227118574	-0.005132424736811372	0.25008927699447736
0.34995366408131273	-0.005130622096240975	0.2500880304199239
0.34995408678300893	-0.00512941726450282	0.25008719903585674
0.34995448765712694	-0.005128277934204714	0.250086417656599
0.34995492107331294	-0.005127043830605346	0.250085568033124
0.3499553326677085	-0.005125870243075911	0.2500847577990042
0.34995598116296955	-0.005130056390542689	0.2500834892671778
0.34995640773933673	-0.005148009948057378	0.25008266315261407
0.34995700848720485	-0.005179478335382834	0.2500815046439766
0.34995833949420563	-0.00527817434048318	0.2500789485089668
0.3499594692032062	-0.005372297029518233	0.2500767906587226
0.34996133303408444	-0.0055435280423426075	0.2500732265678772
0.349962678771116	-0.005673997958291002	0.2500706645600812
0.34996404749160276	-0.005811446027786729	0.2500680551406782
0.34996499089389266	-0.005907979078820444	0.25006627100314793
0.34996810372426895	-0.006237019331113994	0.2500603336859014
0.3499696238105725	-0.006401953729885848	0.250057442438117
0.34997142386391406	-0.00660012509355172	0.2500540122208317
0.349973268534885	-0.0068059524066283045	0.250050488118996
0.3499753029742244	-0.007035177448521321	0.2500465920544075
0.34997799760533116	-0.007344023809892866	0.2500414901906437
0.349979802504349	-0.0075527894301024995	0.250038056196476
0.34998167553777204	-0.0077708902560083976	0.2500344982471179
0.3499830468996121	-0.007931316179348544	0.25003189020905037
0.3499861974172809	-0.00830350457503641	0.2500259378491231
0.3499879425754244	-0.008509306758076388	0.25002258988973597
0.3499891933049603	-0.008658016329482973	0.2500202149530504
0.3499905497007695	-0.00881939115808665	0.25001763237437935
0.3499927752587772	-0.009085569507738353	0.2500134187201703
0.3499948649534043	-0.009335206159610546	0.2500094305677726
0.3499961851595154	-0.009493443300698859	0.25000692638078825
0.3499972336084507	-0.009619060943921329	0.2500049316083972
0.3499978667039729	-0.009694869551737637	0.2500037245852083
0.3499992084246366	-0.009855471656355072	0.2500011622099402
0.34999988031113355	-0.009935889402044193	0.24999987259843892
0.350000448361229	-0.0100038077165676	0.24999878685422564
0.3500007132418561	-0.010035692476319982	0.2499982734794164
0.35000081029906377	-0.010047620532291565	0.24999808184721548
0.350000798850297	-0.010047056042809602	0.24999809220053865
0.35000078641082344	-0.010046416051120985	0.2499981077175224
0.35000077832597837	-0.01004600582177205	0.24999811673571565
0.35000077355194303	-0.010045764911962698	0.2499981218084056
0.3500007618898788	-0.010045160239074771	0.24999813695477316
0.3500007544328393	-0.010044762390106668	0.24999814854812788
0.3500007423410614	-0.01004413475402395	0.24999816427362398
0.3500007380086048	-0.010043904315268734	0.2499981708585325
0.3500007290030691	-0.010043429031748055	0.2499981838904684
0.3500007209765451	-0.01004299446160016	0.24999819737753481
0.3500007124882798	-0.010042545821231444	0.24999820975102294
0.3500007031190393	-0.010042035350725051	0.2499982260176258
0.3500006955508307	-0.01004163041145402	0.24999823788236616
0.350000688784811	-0.010041263090993222	0.24999824939301776
0.3500006814983456	-0.01004086608561057	0.24999826202954528
0.3500006743487454	-0.010040473140553133	0.2499982750039375
0.3500006653076143	-0.010039971528478978	0.24999829220453237
0.3500006590053443	-0.010039619477676578	0.24999830459598393
0.35000065240648104	-0.010039254186643962	0.249998317004417
0.3500006489423441	-0.010039064590614308	0.24999832315188372
0.35000063735634973	-0.010038410650182558	0.2499983470510479
0.35000063128947523	-0.010038071801546491	0.24999835896076905
0.3500006250438635	-0.010037720928055702	0.24999837156120527
0.35000062161002965	-0.010037524510975546	0.2499983790759368
0.35000061289442114	-0.010037029748600365	0.24999839751363448
0.35000060422964163	-0.010036540778743316	0.2499984153537413
0.3500005985829797	-0.010036218810823491	0.24999842752970913
0.3500005945036013	-0.0100359863315468	0.24999843630518334
0.3500005839154397	-0.010035382876337248	0.24999845908445298
0.3500005759287286	-0.01002410345540343	0.24999848031409205
0.35000054743644876	-0.009942204454994871	0.24999857197882935
0.3500004619524417	-0.00976598600600033	0.2499988155804312
0.3500001952325982	-0.009318096396157674	0.2499995522421478
0.34999997733289456	-0.009050044373920582	0.250000111607091
0.3499993670723135	-0.008382234787211104	0.2500016596335776
0.349998667370216	-0.007782950300277022	0.25000337272821094
0.3499973006686816	-0.006820608719930718	0.25000665368760433
0.3499961949007363	-0.006046818877966001	0.2500093484679755
0.34999511802851235	-0.0051885573417025516	0.25001206430152617
0.34999379456001606	-0.004263830719884135	0.2500153643704072
0.3499912032899019	-0.0027087581842363123	0.25002176161643896
0.349989549632847	-0.0014985920583597129	0.25002600797638475
0.3499874481459675	-0.0002775393636326867	0.2500312945049934
0.3499859852347867	0.00044447368314483315	0.250034936349078
0.3499804053374606	0.003035323439862833	0.2500488901165677
0.3499773578533047	0.00448743792037988	0.25005665713398295
0.34997392793810517	0.005926445265089272	0.2500653774049693
0.34996986338238256	0.007711085092064321	0.25007586106228985
0.34996592947791916	0.00983524228160916	0.2500862857393308
0.3499629094642346	0.010938778979697847	0.25009415457218886
0.3499566966802668	0.013198779465323898	0.2501104893752776
0.3499511627793834	0.015068718308839116	0.2501251607788949
0.34994412422691323	0.017879866108720485	0.2501442192199158
0.3499391982205123	0.01986747887057523	0.2501577608916233
0.3499364110395135	0.020875031283780668	0.2501654464928524
0.349930699060189	0.02362155183981378	0.2501815190657901
0.34992558807598567	0.02554458901253516	0.2501959786631733
0.3499178745709664	0.02866087907703925	0.250218130180011
0.34991360125986615	0.030562600179576974	0.25023060261172936
0.3499077017462192	0.03267692729955311	0.25024786373824504
0.3499026163791303	0.034715578732056676	0.25026294233135227
0.34989432832021494	0.03791130847535491	0.2502878639213055
0.349888447879615	0.03999548921959832	0.2503057415436017
0.3498832297496256	0.04219546664247627	0.25032182201138
0.34987878281324036	0.04430826355151911	0.2503357419990934
0.3498714966712299	0.047591984863203804	0.25035881289338724
0.34986797756774535	0.04904379384589834	0.25037009544593386
0.3498598724833635	0.052252549172340304	0.25039632720408656
0.3498572122719404	0.053420248115431904	0.250405031067876
0.3498512617376557	0.0565356467628091	0.25042473383237507
0.3498465855563743	0.059062581686871216	0.2504404847261539
0.3498424011265685	0.061195185216641565	0.2504547419074521
0.34983710448594657	0.06419020602265531	0.2504730173665418
0.34983268344789575	0.06640162650963254	0.25048845842415585
0.34982539164037385	0.06941896134013399	0.2505143001532888
0.3498205576310951	0.07173155789743989	0.2505316417100993
0.349818466906786	0.07295215002095183	0.2505392469897984
0.3498132275740891	0.07592948978342849	0.2505585129792523
0.34981100389674774	0.07740004450429509	0.2505668186844379
0.34980572872822413	0.08102174119966406	0.2505868537653699
0.3498019158173534	0.0830706046478278	0.2506015773709812
0.34980015193053793	0.08498911030938115	0.25060851971220977
0.3497976722945877	0.08688235416832103	0.2506184375244376
0.34979325187251026	0.08983312626443736	0.25063644839608934
0.3497914976089643	0.09163375194122521	0.25064383123477796
0.3497905841451991	0.09260134375682048	0.2506477547017717
0.34978774867467305	0.09526371867607607	0.2506601956212833
0.3497861732678736	0.09762573233516743	0.2506676096806394
0.34978536632114765	0.09937776424653992	0.25067176713050154
0.3497844363984376	0.10087223144939773	0.25067659540845255
0.34990489205395486	0.1025076845113898	0.25060105341577876
0.3503955287503197	0.10491999278325002	0.2502965397158149
0.35077689264994333	0.10604530437880409	0.25005273626001273
0.35182213735156864	0.10842214203316787	0.24939636912751711
0.3528081987781231	0.11022610436392159	0.24878058097363465
0.3545028135315576	0.11286839237629485	0.24773485024493913
0.35598334242699126	0.11483756819818013	0.2468288541544653
0.35747913082804994	0.11666722424558128	0.2459253005258077
0.3599707725027564	0.1194008287118568	0.24438275011342817
0.3611314570625827	0.12057386535405688	0.24365139651834805
0.3632027470610323	0.12257722603415776	0.24236659206647565
0.3652028938078341	0.12442416011148187	0.24113424932359306
0.3676368687255826	0.1265543946566311	0.23963226521499403
0.3723531407185146	0.1304320105471663	0.23668647466107717
0.3738596068424784	0.13161391428287694	0.23572944501356488
0.3765997074130531	0.13371444833102136	0.23396351269262655
0.38047587088025925	0.1365651769248139	0.23150454938406517
0.38470343564559967	0.13954157468996992	0.2287440918782287
0.3880347456287918	0.1418251510963609	0.22657469190050317
0.3911148842820872	0.14389953333683486	0.22461718900458594
0.394802752104309	0.14630628672215862	0.22214059583995543
0.39801260606383354	0.14836285451442083	0.2199751169660232
0.4000799282180551	0.14967221498421024	0.218582553405645
0.40381056455516046	0.15199207005135335	0.21608471816002484
0.4100792157132113	0.15580918153364637	0.21188050898173463
0.4136332001044326	0.15792340452425468	0.20944537775800962
0.417179023820625	0.15999168382840084	0.2069294687763183
0.4192018319202941	0.1611604070765562	0.2054987686495972
0.4257882847779953	0.16491053815092377	0.2008439005106489
0.4292603109022781	0.16684286575061308	0.19836188845331487
0.43162449384750207	0.16814599876638237	0.19666249220659057
0.4364556237084194	0.17076158254640278	0.19307238917859246
0.44177511805367264	0.17359595021557678	0.1891638252948101
0.4449841433864347	0.1752651996817513	0.1866751945154604
0.44847187296452695	0.1770611615251279	0.18395356514658476
0.45222815322519	0.17897596789464854	0.18101073814993887
0.4556545983000621	0.18069978025302486	0.17832508069886194
0.46043462775120914	0.18305410261963007	0.1743613992718087
0.46392517667873145	0.18474577561178523	0.17142090267673504
0.46668482020943075	0.18606357455448969	0.16905703045784573
0.46989273125666786	0.18758371369436155	0.1662012540038731
0.47303001990401483	0.18904082517698373	0.16338184018421797
0.47594217045117093	0.1903778089009141	0.1607072811190538
0.4801614061731439	0.19228774499663204	0.1566129768989749
0.4816733482097472	0.19296043119914585	0.15511606729625316
0.48517269548010294	0.1945190483438698	0.15140347124552106
0.4865505510324988	0.1951222211081125	0.14992219954889618
0.48991194106396496	0.19659412460751075	0.14604325430579596
0.49294584848166706	0.19791535541276223	0.1422060243228006
0.4941905610719178	0.19845261645521328	0.1405375864379983
0.4965893529204837	0.19947196389615518	0.1371524560054017
0.4982469854507966	0.20017081878130877	0.13457799285882105
0.49973375252045554	0.20079340383189254	0.13204861349537184
0.5009278260087027	0.20130182753300147	0.12966753502653378
0.5024728304010261	0.20194692556623428	0.126076384332323
0.5030169527517877	0.20217033978739868	0.1245754438497238
0.5035346131601675	0.20238243064094513	0.12284812153507896
0.5039789771928447	0.20256137216581865	0.12070932321403477
0.5043346444363864	0.2026935843653887	0.11782721106325755
0.5043172450909713	0.202663455382383	0.11499327340378446
0.5042529395157997	0.20261781129546552	0.11283388308734954
0.5041970300442136	0.20257813705794947	0.11090255258895193
0.5041468148871805	0.20254249337682773	0.10912805005125975
0.5040872257308615	0.20250190820775626	0.1067890816839942
0.5040313172732843	0.20246334699272955	0.1046054240646207
0.5039525379476449	0.2024065366411632	0.1017477343011558
0.5039233672458594	0.20238668816230293	0.10053952879066147
0.5038218562987258	0.20231506867301807	0.09659271612237058
0.5037666339107857	0.20227622655958483	0.09441323765672555
0.5037131900021398	0.20223847610691725	0.09231505002473706
0.5036677836802912	0.2022073968665946	0.09040096923398427
0.5035848139623615	0.2021489860899074	0.08712858507488902
0.5035541592678834	0.20212772838767956	0.08587409180901329
0.5034849791140615	0.20208102625009705	0.08287676255583604
0.503410640279049	0.2020305594863236	0.07971417794581959
0.5033530318584548	0.20199047169949552	0.07745097888274144
0.503305424699906	0.20195895719842683	0.07532397417285491
0.5032720900915649	0.20193676543538375	0.07387438376389177
0.5031790358403743	0.20187447357792093	0.06992149643375561
0.5031301124820186	0.201842196108456	0.06781041125971249
0.5030935016020734	0.20181787458278994	0.06627957432708431
0.5030221271425533	0.2017701170947898	0.0634219025312886
0.5029623400226068	0.20173017857753406	0.061066603361346894
0.5029008464713232	0.2016902959215785	0.058463979258620236
0.5028415038021637	0.20165218883534164	0.05593295699068351
0.5028164768130213	0.20163705466346954	0.05465299721875089
0.5027535056859864	0.2015976652266766	0.05183747588686061
0.5027091125206702	0.20157038402959232	0.04977814255784768
0.5026673979348613	0.20154369310653414	0.04817391163067514
0.5025822281083573	0.20149100432803707	0.0445149083242376
0.5025528300958915	0.20147279707254157	0.04331536314572909
0.5025110007475962	0.20144771908875253	0.04138040171704993
0.5024482440327851	0.20140996432837976	0.03865831996473129
0.5024107744443489	0.20138777218884824	0.036967191113912834
0.5023614659869294	0.20135809849846442	0.034983810289406614
0.5023065374201013	0.2013259969092716	0.03253167044266453
0.5022855755904623	0.20131374390996187	0.03163076948347343
0.5022321127548376	0.20128293999835978	0.0292245776960402
0.5021955446136469	0.20126201539764993	0.027606616426926966
0.5021399877409018	0.20123015412258427	0.025294853646483317
0.5021038803771837	0.20120949148033918	0.023854098635790466
0.502077975148205	0.20119494490843187	0.022718653344165007
0.5020390147403776	0.20117324225135763	0.02101579650924601
0.501993570535555	0.201147954080446	0.01913296859173058
0.50196002840437	0.2011293278373163	0.01782171229108026
0.5019346716686952	0.20111549949278384	0.01670302050142025
0.5019102644437828	0.20110220423052	0.015682225974912645
0.5018801052432386	0.201085735361396	0.014574038597402805
0.5018502755347215	0.20106952187719973	0.013524266526945494
0.5018128144421096	0.2010493202428693	0.012212732068151266
0.5017873271544364	0.2010356814097925	0.011366228385828792
0.5017668130238471	0.20102471381525222	0.010704201952169423
0.5017414402611511	0.20101120758146696	0.009930237634920014
0.501717667118582	0.20099857358139306	0.00927132379462775
0.5017061272692847	0.2009925511851673	0.008987151521315073
0.5016870399957122	0.2009825298542085	0.008565521868290515
0.501662635570479	0.2009695968813595	0.00812594637195968
0.5016367691148226	0.20095624482395413	0.0078251774763749
0.501620829225024	0.20094802798943995	0.007749539501060387
0.5016134410498317	0.20094416716486058	0.0077372708414696345
0.5015898845746484	0.2009323315015094	0.007698565276702707
0.5015710950787384	0.20092249271899992	0.007667451804894199
0.501558526455594	0.20091585937497342	0.007646609139775995
0.5015381124148872	0.20090485781311834	0.007612612022509846
0.5015234120003997	0.20089721755984846	0.007588318469492206
0.5015145732347966	0.2008925523637045	0.007573666150255343
0.5014883414566486	0.2008787491728119	0.007530214236659394
0.5014741434000364	0.20087121347184878	0.0075066561592447845
0.501461306246732	0.20086441663296828	0.007485369065776071
0.5014482182448677	0.2008571185523087	0.007463421387503721
0.5014333563499945	0.20084901235796715	0.007438621849112037
0.501413490840351	0.20083800509515864	0.007405359576530157
0.5014007482917919	0.2008309813351773	0.007384049978543583
0.5013875202194601	0.20082371960581835	0.007361949587300798
0.5013698536521543	0.20081422020344047	0.007332571213722883
0.5013585382530764	0.20080789559821277	0.0073135913447003875
0.5013424761371641	0.20079889719621163	0.007286636626253951
0.5013304032091533	0.20079214149957597	0.007266382744845812
0.5013178953536551	0.20078513675762916	0.007245395940482735
0.5013002218912891	0.20077513306242573	0.007215669735391339
0.5012874646401129	0.20076796825663812	0.0071942523012870074
0.501275970801765	0.20076139145977062	0.007174871726960408
0.5012640771514479	0.20075456270353914	0.007154801226977259
0.5012471664696346	0.20074488918627514	0.007126290375714606
0.5012359645037869	0.20073853704347483	0.0071074440855113385
0.5012243858619136	0.20073193402424228	0.007087938241152114
0.501213870334656	0.2007259738532015	0.007070249767086645
0.5011974619974441	0.2007165941181267	0.007042593138392839
0.5011859042235879	0.20070994971503825	0.007023086125294953
0.5011748350220843	0.20070355959036745	0.007004385042183758
0.5011648385967542	0.2006977615496845	0.006987477167820333
0.5011530429536688	0.2006909206344233	0.006967526872793783
0.5011427960098	0.20068493698710554	0.006950166689108861
0.50112804080623	0.20067632627904258	0.006925173017124697
0.501114535012678	0.2006684263556196	0.0069022827517053464
0.5011071804209247	0.20066412056007393	0.006889815107681496
0.5010933379552985	0.2006560131652333	0.0068663470518692815
0.5010840292804711	0.2006505844035818	0.006850582653088688
0.5010730661971821	0.20064417184334465	0.006832002769064371
0.5010589613721932	0.20063591349017085	0.006808092765202056
0.5010489306448304	0.20063001647395962	0.0067910714204301725
0.5010400456732863	0.20062477807480272	0.006775983357608595
0.5010307880369219	0.20061934153107142	0.006760278621299853
0.5010208423910204	0.20061345022699262	0.0067433689751889014
0.5010080799919947	0.20060592974230357	0.006721699928208091
0.5010027885410397	0.20060280038301015	0.0067127072465992255
0.5009894668295152	0.20059492756754527	0.006690071749165749
0.5009751601034272	0.20058644780787538	0.006665744052171352
0.5009704359304009	0.20058364749151542	0.006657710728960209
0.500959112939271	0.20057693278531008	0.006638454226098156
0.5009498432944052	0.20057143212814932	0.006622687066582533
0.5009372435815986	0.20056395073312078	0.006601252214176456
0.500928563135263	0.2005587924475642	0.0065864818323715935
0.5009199797840208	0.20055367960992765	0.006571867267374687
0.5009129340500506	0.2005494899985027	0.0065598764359082185
0.5009021209136004	0.20054306086133938	0.0065414746104900945
0.5008906784366571	0.2005362452753724	0.006521992355308148
0.5008828005100836	0.2005315457553798	0.006508573644475657
0.500875696380776	0.2005273078622003	0.006496473013093529
0.5008666775714292	0.20052190085041183	0.006545322297541234
0.5008557576405333	0.20051519503342374	0.007117325282725406
0.500850775529239	0.2005122082575287	0.007564792989684099
0.5008401236785225	0.20050580687338498	0.008798754477540471
0.5008304143874361	0.20050044286948604	0.009973338808098586
0.5008199152926984	0.20049471121380874	0.011384702911634903
0.5007990473174069	0.2004839283599693	0.0139538208004793
0.5007826514934193	0.20047559055088615	0.01594270986881635
0.5007665987525094	0.20046728567238664	0.018036591695654358
0.5007491224733048	0.20045825968202086	0.020301287178630167
0.50073645284556	0.20045192276807328	0.021714728263522776
0.5006975119155787	0.20043250493339726	0.02593415899707069
0.5006620182360417	0.20041421745036941	0.030044117557709027
0.5006350608051366	0.20040044102547805	0.032895413647637484
0.5005992589160766	0.20038239685202724	0.03616621265189207
0.5005461298872873	0.200355107308111	0.0410558516895414
0.5004944533670461	0.20032894850591187	0.04481895962188348
0.5004697349752989	0.2003160777530429	0.04690160665300569
0.5004252178479024	0.20029218967132983	0.05100406449489886
0.5003617700831475	0.20025798641242426	0.05625164344830863
0.5002813770671668	0.20021430407226098	0.062026300052636374
0.500242397552422	0.20019168711487956	0.06616735525557171
0.5001973233136865	0.20016524213661252	0.0703845047321886
0.5001500980787259	0.20013720026821502	0.07465295312383374
0.5000940948296868	0.20010368802463507	0.07913777367997343
0.5000280924966499	0.200062616082623	0.08506957572218427
0.49996946985954405	0.20002610587746972	0.08929166296329522
0.49993901535431395	0.20000663531621377	0.0917991965736284
0.4998510382582314	0.19994748082218433	0.10015575925171755
0.4998119268088961	0.19991995497075482	0.104244948661945
0.4997722865086671	0.19989276882853896	0.10697286255768895
0.49971017904644216	0.19984745829969508	0.11319098190523202
0.4996525795666291	0.1998055789149471	0.11725898215228209
0.4995841910774247	0.19975422714587043	0.12245640706524841
0.4995316068269705	0.19971112120697943	0.12854812886138312
0.49950140764934253	0.19968661433507923	0.13100101227216238
0.49944673147869717	0.19964032078784433	0.13640523861195786
0.49938598439568793	0.19958501949157048	0.14341896332040788
0.49934941973672153	0.19955043560251273	0.14743344728327878
0.4993308304381959	0.1995318846413348	0.14988388924209772
0.4993128471168829	0.19951188130866748	0.15348503607220176
0.4992659628132889	0.19946009515891588	0.1603864353490917
0.4992359757979087	0.19942799820089357	0.16304129479347734
0.4992007954927551	0.1993859005306275	0.1680019797920235
0.4991767229085295	0.19935561639395744	0.1712786484775115
0.4991528980398404	0.19932406406429526	0.17470258610956804
0.4991356343274362	0.19929540473758123	0.17924386958574498
0.4991276133178348	0.19927990295922848	0.18188973305858358
0.49912074527556904	0.19926791445548286	0.18333756164280232
0.49911332329497665	0.199247732111832	0.18725719701569596
0.4991060942097899	0.1992309049843239	0.1894377605543962
0.49910367704244485	0.199217588237596	0.19215545345118545
0.4991045109841867	0.19920895171211256	0.1943799604618548
0.4991059401450135	0.19920227959447595	0.19605752523859601
0.4991071017245396	0.19919465993978352	0.19755245320285844
0.4991128739657241	0.19919179092778472	0.19918186222799122
0.4991183396752025	0.19919140628441034	0.20018476299108617
0.49912216983424995	0.19919251573922786	0.2006305263243568
