0.3499999933668411	0.14999999625507793	0.20000000465203815
0.3499999933668411	0.14999999625507793	0.20000000465203815
0.34999999350495403	0.14999999633304795	0.20000000455528835
0.34999999363562256	0.14999999640681505	0.20000000446375266
0.34999999382945085	0.1499999965162384	0.20000000432797105
0.3499999939746052	0.1499999965981837	0.20000000422628605
0.34999999410381244	0.14999999667112585	0.20000000413577212
0.34999999419139555	0.14999999672056963	0.20000000407441676
0.3499999943505383	0.14999999681041143	0.20000000396293077
0.3499999945648981	0.14999999693142518	0.20000000381276134
0.3499999947899181	0.14999999705845762	0.2000000036551226
0.3499999949378883	0.1499999971419924	0.2000000035514607
0.3499999951074415	0.14999999723771135	0.2000000034326776
0.3499999952510407	0.14999999731877817	0.20000000333207665
0.34999999541008525	0.14999999740708975	0.20000000322128103
0.34999999563151585	0.14999999753357085	0.20000000306552462
0.34999999579163216	0.14999999762396238	0.20000000295334916
0.3499999959032867	0.149999997686996	0.2000000028751248
0.34999999616865207	0.14999999783680512	0.20000000268921014
0.3499999963290543	0.1499999979273584	0.2000000025768316
0.3499999964958957	0.14999999802154684	0.20000000245994073
0.34999999664822	0.14999999810754028	0.20000000235321946
0.34999999675872484	0.14999999816992476	0.20000000227579712
0.34999999704610313	0.14999999833216127	0.2000000020744515
0.3499999971272835	0.14999999837799072	0.20000000201757334
0.34999999734177145	0.14999999849907764	0.20000000186729333
0.34999999748744975	0.14999999858131896	0.20000000176522326
0.3499999977019894	0.1499999987024357	0.2000000016149028
0.34999999783587366	0.149999998778019	0.20000000152109315
0.3499999979736085	0.14999999885577647	0.20000000142458416
0.3499999980658758	0.14999999890786542	0.200000001359933
0.34999999819935473	0.14999999898321947	0.2000000012664046
0.34999999844589624	0.14999999912240358	0.20000000109364915
0.3499999985811041	0.14999999919873452	0.20000000099890458
0.3499999987073165	0.14999999926998703	0.20000000091046266
0.34999999881914434	0.14999999933311892	0.20000000083209837
0.34999999899138984	0.1499999994303599	0.20000000071139226
0.3499999991075333	0.14999999949592907	0.20000000062999906
0.34999999922338626	0.14999999956133342	0.2000000005488078
0.3499999993196585	0.14999999961568433	0.20000000048133576
0.3499999994597021	0.14999999969474614	0.200000000383183
0.3499999995402271	0.149999999740207	0.20000000032674248
0.3499999995907362	0.14999999976872208	0.20000000029133908
0.349999999695905	0.14999999982809537	0.2000000002176188
0.34999999979471763	0.14999999988388096	0.20000000014834723
0.3499999998500266	0.14999999991510637	0.20000000010956892
0.34999999990487934	0.14999999994607488	0.20000000007110616
0.34999999994986847	0.14999999997147462	0.20000000003955476
0.3500000000039822	0.1500000000020265	0.2000000000015942
0.3500000000347588	0.15000000001940306	0.19999999997999637
0.3500000000574334	0.1500000000322057	0.1999999999640737
0.3500000000712729	0.1500000000400204	0.19999999995433987
0.3500000000786795	0.15000000004420427	0.1999999999490933
0.3500000000782777	0.1500000000439785	0.1999999999493525
0.35000000007758814	0.15000000004359126	0.199999999949798
0.35000000007681226	0.1500000000431554	0.19999999995029938
0.35000000007555504	0.1500000000424494	0.19999999995111245
0.3500000000751306	0.1500000000422108	0.19999999995138704
0.3500000000741707	0.1500000000416717	0.19999999995200757
0.35000000007348914	0.150000000041289	0.1999999999524485
0.35000000007313564	0.15000000004109065	0.19999999995267692
0.3500000000718828	0.15000000004038677	0.19999999995348683
0.3500000000715075	0.15000000004017577	0.19999999995372955
0.35000000007062093	0.150000000039678	0.1999999999543027
0.3500000000699981	0.150000000039328	0.19999999995470513
0.3500000000690755	0.1500000000388096	0.19999999995530157
0.3500000000686876	0.15000000003859193	0.1999999999555519
0.3500000000678373	0.15000000003811476	0.1999999999561021
0.3500000000669706	0.15000000003762798	0.19999999995666284
0.35000000006635373	0.1500000000372818	0.1999999999570616
0.35000000006579496	0.15000000003696828	0.19999999995742251
0.35000000006518944	0.15000000003662828	0.19999999995781365
0.35000000006461535	0.15000000003630604	0.19999999995818454
0.3500000000639949	0.15000000003595731	0.19999999995858592
0.3500000000631777	0.15000000003549813	0.19999999995911455
0.35000000006262083	0.15000000003518488	0.19999999995947498
0.35000000006206883	0.1500000000348749	0.19999999995983186
0.3500000000612512	0.15000000003441577	0.199999999960361
0.35000000006068793	0.1500000000340989	0.19999999996072562
0.3500000000601051	0.15000000003377117	0.19999999996110263
0.3500000000595292	0.15000000003344754	0.19999999996147516
0.3500000000587451	0.15000000003300706	0.19999999996198273
0.3500000000582041	0.15000000003270314	0.1999999999623327
0.35000000005787707	0.15000000003251962	0.19999999996254378
0.35000000005709275	0.1500000000320792	0.19999999996305168
0.3500000000565676	0.1500000000317835	0.19999999996339105
0.35000000005579945	0.15000000003135205	0.1999999999638881
0.3500000000553077	0.15000000003107555	0.19999999996420617
0.3500000000547757	0.1500000000307768	0.1999999999645503
0.3500000000542936	0.1500000000305058	0.19999999996486176
0.3500000000535989	0.1500000000301156	0.19999999996531043
0.350000000053105	0.15000000002983793	0.19999999996562973
0.35000000005261556	0.15000000002956287	0.1999999999659462
0.3500000000521324	0.15000000002929148	0.19999999996625895
0.35000000005156867	0.1500000000289743	0.19999999996662343
0.3500000000511143	0.150000000028719	0.19999999996691717
0.3500000000505829	0.15000000002842012	0.1999999999672608
0.350000000050178	0.15000000002819286	0.19999999996752246
0.35000000004953585	0.15000000002783248	0.19999999996793733
0.3500000000490994	0.15000000002758745	0.1999999999682192
0.3500000000484123	0.15000000002720082	0.19999999996866366
0.3500000000481793	0.15000000002707048	0.19999999996881443
0.35000000004752607	0.15000000002670316	0.19999999996923618
0.3500000000470882	0.1500000000264573	0.19999999996951928
0.35000000004665416	0.1500000000262131	0.19999999996980028
0.3500000000462627	0.15000000002599295	0.19999999997005355
0.35000000004563464	0.15000000002564057	0.19999999997045975
0.3500000000452325	0.1500000000254142	0.19999999997071993
0.3500000000448517	0.15000000002520003	0.19999999997096624
0.35000000004443854	0.15000000002496755	0.1999999999712334
0.35000000004381737	0.15000000002461872	0.19999999997163478
0.3500000000434318	0.15000000002440234	0.19999999997188414
0.3500000000430666	0.15000000002419744	0.19999999997211987
0.3500000000426692	0.15000000002397468	0.19999999997237677
0.3500000000422255	0.1500000000237256	0.19999999997266382
0.3500000000418037	0.15000000002348907	0.19999999997293663
0.3500000000413192	0.15000000002321623	0.19999999997325016
0.35000000004107074	0.15000000002307673	0.199999999973411
0.35000000004059384	0.15000000002280922	0.19999999997371892
0.3500000000402038	0.15000000002259006	0.19999999997397105
0.3500000000396732	0.15000000002229225	0.19999999997431384
0.3500000000393395	0.15000000002210512	0.19999999997452933
0.3500000000389927	0.1500000000219105	0.19999999997475393
0.35000000003846327	0.15000000002161273	0.1999999999750964
0.3500000000381396	0.15000000002143138	0.1999999999753055
0.35000000003778803	0.1500000000212337	0.19999999997553267
0.3500000000375909	0.15000000002112301	0.19999999997566054
0.3500000000369165	0.1500000000207442	0.19999999997609658
0.35000000003660525	0.15000000002056962	0.19999999997629725
0.3500000000362836	0.15000000002038932	0.19999999997650542
0.35000000003593484	0.1500000000201932	0.19999999997673096
0.35000000003546133	0.15000000001992758	0.19999999997703768
0.35000000003527637	0.15000000001982394	0.19999999997715745
0.350000000034966	0.15000000001964964	0.1999999999773587
0.3500000000343666	0.15000000001931268	0.1999999999777468
0.3500000000340507	0.15000000001913555	0.19999999997795093
0.3500000000337506	0.1500000000189673	0.19999999997814485
0.3500000000333052	0.15000000001871722	0.19999999997843332
0.35000000003298465	0.15000000001853708	0.1999999999786405
0.3500000000326676	0.15000000001835917	0.19999999997884563
0.35000000003249715	0.15000000001826336	0.19999999997895604
0.35000000003209436	0.1500000000180376	0.19999999997921616
0.3500000000317734	0.1500000000178579	0.1999999999794235
0.35000000003137943	0.15000000001763653	0.1999999999796784
0.35000000003121584	0.15000000001754454	0.19999999997978382
0.3500000000306924	0.15000000001725022	0.19999999998012225
0.35000000003042236	0.1500000000170985	0.19999999998029708
0.35000000003025167	0.15000000001700264	0.19999999998040768
0.35000000002987697	0.15000000001679215	0.19999999998064988
0.3500000000294586	0.1500000000165574	0.19999999998092
0.3500000000293166	0.150000000016478	0.19999999998101162
0.35000000002894216	0.1500000000162674	0.19999999998125423
0.3500000000286759	0.1500000000161179	0.19999999998142637
0.3500000000283097	0.15000000001591218	0.19999999998166273
0.3500000000280495	0.15000000001576574	0.19999999998183138
0.350000000027802	0.1500000000156262	0.19999999998199144
0.35000000002754617	0.1500000000154822	0.19999999998215728
0.3500000000271828	0.15000000001527825	0.1999999999823922
0.35000000002693304	0.15000000001513702	0.19999999998255447
0.3500000000267921	0.1500000000150582	0.19999999998264498
0.3500000000264602	0.15000000001487102	0.19999999998286003
0.3500000000261856	0.15000000001471636	0.19999999998303813
0.35000000002589277	0.15000000001455133	0.19999999998322823
0.35000000002563414	0.1500000000144059	0.19999999998339596
0.35000000002551074	0.15000000001433678	0.19999999998347578
0.3500000000251642	0.15000000001414238	0.1999999999836998
0.35000000002483206	0.15000000001395586	0.1999999999839146
0.350000000024623	0.15000000001383823	0.1999999999840497
0.3500000000244061	0.15000000001371644	0.19999999998419016
0.35000000002417153	0.1500000000135847	0.19999999998434198
0.3500000000238723	0.15000000001341623	0.19999999998453613
0.35000000002370973	0.15000000001332486	0.19999999998464135
0.35000000002350984	0.15000000001321256	0.19999999998477042
0.35000000002318793	0.15000000001303193	0.19999999998497847
0.3500000000229584	0.15000000001290303	0.19999999998512727
0.350000000022568	0.15000000001268377	0.19999999998537993
0.35000000002228404	0.150000000012524	0.19999999998556395
0.3500000000219805	0.15000000001235342	0.19999999998576032
0.3500000000216881	0.15000000001218883	0.1999999999859498
0.3500000000211915	0.15000000001190972	0.19999999998627124
0.3500000000208694	0.15000000001172858	0.1999999999864798
0.3500000000205354	0.1500000000115409	0.19999999998669576
0.3500000000200908	0.1500000000112915	0.19999999998698353
0.35000000001952286	0.1500000000109724	0.1999999999873512
0.3500000000190953	0.15000000001073205	0.19999999998762785
0.350000000018676	0.15000000001049685	0.19999999998789902
0.35000000001828413	0.15000000001027686	0.19999999998815263
0.35000000001786546	0.15000000001004116	0.19999999998842427
0.3500000000172048	0.1500000000096703	0.19999999998885173
0.35000000001694737	0.15000000000952562	0.19999999998901866
0.3500000000163249	0.15000000000917568	0.19999999998942147
0.35000000001589576	0.15000000000893488	0.19999999998969908
0.35000000001527704	0.15000000000858754	0.19999999999009938
0.35000000001473375	0.15000000000828267	0.19999999999045098
0.3500000000142493	0.1500000000080104	0.19999999999076454
0.3500000000135715	0.15000000000762914	0.19999999999120335
0.3500000000131025	0.1500000000073658	0.19999999999150697
0.3500000000126109	0.15000000000708946	0.19999999999182522
0.35000000001233295	0.1500000000069332	0.1999999999920053
0.35000000001134945	0.15000000000638042	0.199999999992642
0.3500000000108801	0.15000000000611668	0.1999999999929461
0.3500000000103903	0.15000000000584163	0.19999999999326273
0.3500000000098821	0.15000000000555602	0.19999999999359175
0.3500000000096087	0.15000000000540237	0.19999999999376872
0.3500000000089404	0.15000000000502628	0.1999999999942018
0.350000000008402	0.15000000000472347	0.19999999999454993
0.3500000000077503	0.1500000000043572	0.199999999994972
0.3500000000073102	0.15000000000411	0.19999999999525708
0.3500000000068357	0.1500000000038435	0.19999999999556423
0.3500000000063883	0.15000000000359182	0.1999999999958536
0.3500000000059699	0.15000000000335667	0.19999999999612433
0.3500000000053928	0.15000000000303237	0.19999999999649795
0.3500000000049045	0.15000000000275815	0.19999999999681375
0.3500000000045014	0.15000000000253183	0.1999999999970742
0.35000000000414294	0.1500000000023302	0.19999999999730675
0.35000000000360176	0.15000000000202562	0.1999999999976575
0.3500000000033808	0.1500000000019014	0.19999999999780038
0.35000000000301246	0.15000000000169444	0.19999999999803897
0.35000000000254416	0.15000000000143165	0.19999999999834184
0.35000000000228176	0.15000000000128416	0.19999999999851187
0.35000000000181053	0.15000000000101932	0.19999999999881712
0.35000000000166254	0.15000000000093588	0.1999999999989132
0.35000000000140374	0.1500000000007905	0.19999999999908108
0.35000000000116205	0.15000000000065483	0.1999999999992378
0.35000000000073206	0.15000000000041286	0.19999999999951595
0.3500000000005436	0.1500000000003065	0.1999999999996387
0.3500000000003638	0.15000000000020508	0.19999999999975482
0.3500000000002157	0.15000000000012187	0.1999999999998508
0.35000000000002907	0.15000000000001712	0.19999999999997137
0.3499999999999631	0.1499999999999801	0.2000000000000141
0.34999999999987713	0.14999999999993202	0.20000000000006957
0.34999999999979764	0.14999999999988678	0.2000000000001209
0.3499999999997719	0.14999999999987224	0.20000000000013768
0.3499999999997486	0.14999999999985908	0.2000000000001526
0.3499999999997459	0.14999999999985736	0.20000000000015464
0.3499999999997441	0.14999999999985608	0.2000000000001556
0.3499999999997441	0.14999999999985547	0.2000000000001562
0.34999999999974524	0.14999999999985603	0.2000000000001553
0.34999999999974646	0.1499999999998572	0.20000000000015472
0.34999999999974923	0.14999999999985902	0.20000000000015306
0.3499999999997608	0.14999999999981994	0.20000000000015772
0.34999999999975956	0.14999999999986435	0.2000000000001477
0.34999999999976444	0.14999999999986663	0.2000000000001448
0.3499999999997704	0.14999999999986963	0.2000000000001414
0.34999999999977616	0.14999999999987285	0.20000000000013776
0.3499999999997803	0.14999999999987468	0.20000000000013518
0.34999999999979264	0.14999999999988178	0.20000000000012735
0.3499999999998	0.149999999999886	0.20000000000012222
0.34999999999980824	0.14999999999989116	0.20000000000011717
0.3499999999998159	0.14999999999989566	0.20000000000011214
0.34999999999982084	0.14999999999989816	0.200000000000109
0.3499999999998372	0.14999999999990782	0.200000000000099
0.3499999999998421	0.14999999999991054	0.20000000000009654
0.3499999999998547	0.1499999999999176	0.2000000000000888
0.3499999999998639	0.14999999999992247	0.20000000000008322
0.34999999999987824	0.14999999999993058	0.20000000000007465
0.3499999999998837	0.14999999999993374	0.20000000000007112
0.3499999999998966	0.14999999999994146	0.200000000000063
0.3499999999999025	0.14999999999994523	0.20000000000005935
0.34999999999991416	0.1499999999999514	0.20000000000005191
0.34999999999992343	0.14999999999995717	0.20000000000004622
0.3499999999999318	0.1499999999999621	0.20000000000004065
0.349999999999937	0.14999999999996477	0.20000000000003768
0.34999999999995063	0.14999999999997254	0.20000000000002918
0.34999999999995823	0.14999999999997687	0.20000000000002427
0.3499999999999653	0.14999999999998104	0.20000000000002013
0.3499999999999695	0.1499999999999842	0.2000000000000175
0.34999999999997866	0.14999999999998875	0.20000000000001156
0.3499999999999825	0.14999999999999075	0.2000000000000094
0.3499999999999877	0.1499999999999933	0.2000000000000065
0.349999999999991	0.14999999999999525	0.20000000000000434
0.3499999999999926	0.14999999999999675	0.20000000000000254
0.34999999999999504	0.1499999999999989	0.20000000000000068
0.3499999999999964	0.14999999999999958	0.1999999999999999
0.3499998659106444	0.14998271457496526	0.20000846323553814
0.3499983076633297	0.14972545568678136	0.20013597451916826
0.34999750887516035	0.1494022667209441	0.2002995851588077
0.34999760319317746	0.1491846546624569	0.20041124400565105
0.34999883520176533	0.14826840011324122	0.20088388629531329
0.3500036651449649	0.14759447018775934	0.20123927300136615
0.350017250064778	0.1462628503023356	0.20194910163254637
0.3500323040614156	0.1453115143325655	0.20246981556377608
0.3500416072613994	0.14468159972048672	0.20281033442650565
0.3500638124022591	0.14348288107487445	0.20346681102130135
0.35011220660262593	0.14152402160506183	0.20455604400072863
0.3501762411816794	0.13929118925292572	0.20579999647793376
0.35022141607624596	0.1381395762064062	0.20646482389629248
0.3503146838819456	0.135916049162504	0.2077362053622286
0.3503943209263435	0.13418693803288623	0.20873154042475833
0.35048335070632586	0.1323032851741312	0.20981343476017647
0.3505258234038288	0.1311705953088661	0.21043984612270136
0.3506830872285372	0.1277560319965284	0.21236919506701593
0.3507695090535583	0.12628605283526984	0.21322330352900018
0.35090328732306486	0.1238111757019036	0.21463289340828695
0.35100309284989806	0.12164850817462718	0.2158355238127188
0.351141848469815	0.119545168886464	0.2170466616183415
0.3513242795021476	0.11637617404947555	0.21882735977728077
0.3514170564260525	0.11506526870287019	0.21957608532278017
0.3516075670206636	0.11222418661534837	0.22119319974666468
0.35175075135400047	0.10985335390324437	0.22251418570805753
0.351933184328788	0.10684171579001832	0.22418635785774246
0.35208810813597413	0.1045343039991672	0.22547794832727885
0.35219709810781125	0.1033937586858021	0.22614008714892703
0.35236215135981175	0.10028918183590267	0.22782315792192107
0.3525196833046197	0.09768753644347193	0.2292442335315233
0.3527064164450247	0.09472365771026696	0.2308630252107192
0.3527914091335323	0.09329561114962807	0.23163730792850543
0.35296382369797047	0.09065862413721819	0.23307294213215637
0.3530582002442176	0.08838953222296299	0.23426648841492215
0.3532310266160043	0.0854439542377698	0.23584514058610226
0.35333158713731705	0.08353097569406755	0.23686458128477433
0.35343202531486123	0.08136991809246184	0.2380067909655614
0.35358944064672443	0.07830468797892971	0.23963414923991713
0.35364675884232694	0.0763202049932145	0.24065388489620515
0.35370331812196476	0.07446199245682213	0.24161556355450292
0.3537350748704313	0.07338483386499732	0.2421718749342222
0.3538586026159095	0.07012168379384666	0.24387713913907505
0.3538928092761513	0.06835282745164191	0.24477918977527877
0.3539079365554638	0.06745771155582646	0.24523396111318857
0.3539465774365752	0.06522179643786356	0.24637238741361372
0.35399466284020875	0.06286151213478271	0.24757854264442625
0.3540143767610515	0.06195774407538328	0.24804358660806186
0.3540304201657148	0.060048817597606205	0.24901080760595734
0.3540367783953557	0.05883777361361785	0.24962352824983977
0.35403626674775684	0.057513203980106356	0.25028188617818214
0.35401617022494164	0.05597076307669073	0.25103473178104474
0.35400175580329013	0.054935642704105045	0.25153665006116865
0.3539820494225803	0.054091065173427696	0.251941268262793
0.35394561205380254	0.053019890203960376	0.25243877525884134
0.35392911192058746	0.05262595775607916	0.25262065808561585
0.3538891841221168	0.05191171212849134	0.25293935901468684
0.35387077514758175	0.05168602745669361	0.2530341926186245
0.35382526516068746	0.05128991403562237	0.25318714638009
0.35377196440306574	0.05119448531055874	0.2531808986695018
0.3537373122427771	0.05118393459971633	0.253150784284907
0.35370295190855344	0.051173356705381964	0.2531212044058913
0.35365566121504244	0.0511587488245837	0.2530805300539449
0.35362200960698276	0.0511482867220011	0.25305164988224754
0.3536030818560495	0.0511424206039303	0.2530353066549748
0.35355417571852993	0.05112707878935528	0.2529935666582792
0.3535256505077305	0.05111813905638553	0.2529691283988405
0.35347912941866677	0.051103496517291416	0.25292942561016873
0.35344706847619706	0.051093381893715664	0.2529021051882536
0.35342769964702175	0.05108726467299164	0.2528856141609209
0.3533851598039419	0.05107382587990204	0.2528493721971493
0.3533506646026298	0.0510629068482434	0.2528200783776271
0.35330846398269294	0.051049538207327175	0.25278426822683453
0.353289867512697	0.05104364782384495	0.25276846952596105
0.35324908391961546	0.051030722254564884	0.25273385841298124
0.35320362917918197	0.05101631149280274	0.25269529099232574
0.3531767061600848	0.051007770842473835	0.2526724903134739
0.35314624060302646	0.05099810352349966	0.2526467159844994
0.3531285602987515	0.05099249411558911	0.25263173300570013
0.35307654180487297	0.050975986673822485	0.2525876879933795
0.35304783779691123	0.05096687568357765	0.25256340409927763
0.35302221953456997	0.05095874342555402	0.2525417381597829
0.35299437610798845	0.05094990440920104	0.2525181792282024
0.352955326371211	0.05093750639499818	0.2524851663717317
0.35293007030798185	0.050929487232304435	0.2524638225467214
0.3529148011800693	0.05092463883596347	0.25245092210463604
0.3528787095030597	0.05091317822921716	0.2524204340453086
0.35283968602562404	0.05090078620684789	0.252387498008481
0.35281351217337337	0.0508924735560287	0.2523653827141038
0.3527876390998181	0.050884256838246	0.252343547488252
0.35276975588908815	0.050878577049523685	0.25232844870660054
0.3527365386851419	0.05086802690872512	0.25230041014991067
0.3526971503530245	0.05085551542429938	0.2522671539967679
0.35267231856366144	0.05084762816829354	0.2522462037725287
0.35264767011614756	0.05083979810988774	0.2522253987256442
0.35262228605216983	0.050831736266460883	0.25220400108260044
0.35260026702242264	0.050824742906542666	0.2521854404996926
0.35256492883961005	0.05081351739298941	0.2521556374297991
0.35254337737218183	0.050806672170892506	0.25213747236873574
0.35252807862965246	0.050801812541637806	0.25212457540046374
0.35249772814027686	0.050792170998435984	0.25209898671036945
0.35246378803495326	0.05078138958338611	0.25207037972236296
0.3524420531574705	0.05077448476291606	0.2520520591395734
0.3524205375174052	0.05076765037394505	0.25203393016441183
0.3523973152127227	0.050760274833086164	0.252014370881565
0.3523742884381741	0.05075296068542935	0.2519949736197825
0.3523430307238547	0.05074303344461088	0.25196865198382995
0.3523233533105501	0.05073678408235589	0.2519520833673011
0.3523019342652877	0.050729980010436285	0.2519340418548071
0.35227091914859204	0.050696847581192264	0.251907907213396
0.35225683706340466	0.050644634621644743	0.2518960288412503
0.35223456750963805	0.050517551080236464	0.25187725858430665
0.35219635981735725	0.050186263390230704	0.2518451622286052
0.35216561128978946	0.049856162988105815	0.25181961894506744
0.3521242767226504	0.04933310821871344	0.25178541294579404
0.352090572546605	0.04885140164408981	0.25175781936293395
0.3520641273305454	0.0484448861361652	0.25173637288909934
0.3520211392860252	0.047734294234051275	0.25170149211928544
0.35197968396608703	0.04701564251387001	0.25166855933262167
0.3519415394021049	0.046314611502043315	0.25163803297242937
0.351885014539829	0.04524169445730396	0.2515939301101937
0.3518458534286223	0.04446479043656855	0.25156356578012173
0.3518223241014205	0.043986902097630884	0.25154522836726356
0.35176101820625805	0.0427089689417451	0.25149793663905706
0.3517076372076403	0.04156128798361179	0.2514567948849848
0.351670662442855	0.04075220238785922	0.25142872077785494
0.351607128237086	0.03932917360655881	0.25138048132816265
0.3515626720508841	0.038319949393633604	0.25134741241565556
0.3515155813158194	0.03723399689504199	0.25131245753822257
0.3514889690483386	0.03660708139109643	0.2512918707303827
0.35141153907933304	0.03478319906865966	0.25123559147188446
0.3513459886243987	0.03320731587604951	0.2511876667969076
0.35130125179930066	0.03212052106388004	0.25115525877954936
0.351230280338914	0.030387280684723975	0.25110533857973305
0.35120255724364546	0.029694016957201044	0.25108467558351205
0.351133530693892	0.027975706384583646	0.25103608828072527
0.35108623972218367	0.026783399388377246	0.2510023866507558
0.3510159282803022	0.024980665639797797	0.25095073071022556
0.3509692955897497	0.02377477513740446	0.25091648362108276
0.35092117747956797	0.02251131645508371	0.25087988876278206
0.3508728408726551	0.02124944006802852	0.25084505616660663
0.35080599352400654	0.019497089927700065	0.25079783827818214
0.3507731790973951	0.018624891009292474	0.2507739039611012
0.3507302046112764	0.017485792314023627	0.2507434954973462
0.35068602639081625	0.01630174229111432	0.25071137119904613
0.3506324089166327	0.014862416048325708	0.25067313199613467
0.35059118595587485	0.013755180917668267	0.25064449868702354
0.3505058442603718	0.011446951559305266	0.2505852492366136
0.3504610247281127	0.01022123911442134	0.25055348646250725
0.35042243749337554	0.009143121575439325	0.2505238039197263
0.35038598090705064	0.00813033663503425	0.2504970669806328
0.35034221822483697	0.006907181452784392	0.25046463283437614
0.3502862018266898	0.005326783024124579	0.2504223848774545
0.3502678661593127	0.004803058495905413	0.25040793446422976
0.35022064182712653	0.0034522946268196603	0.2503712235006376
0.35018868895036537	0.002528857060890413	0.2503456267214075
0.35016853895378697	0.0019450326961685388	0.25032952092972804
0.3501193234422894	0.0005127874865311494	0.2502903946249788
0.35008862390819034	-0.0003910636798595407	0.2502651646262962
0.35006601672245885	-0.0010584518352692723	0.2502467693513566
0.35004439442802343	-0.0017042647271443973	0.2502283606676543
0.35001542399868923	-0.002578359469790417	0.2502030015987732
0.34999601782164297	-0.0031688485242600123	0.2501857707437295
0.3499799711938964	-0.0036598707885659026	0.25017154658700835
0.3499666538795626	-0.004073813289467917	0.2501590352593017
0.3499549396468008	-0.004441318026721666	0.25014783925948236
0.3499421196175876	-0.004851741906442428	0.2501349012934675
0.3499362187041234	-0.005047306716751507	0.2501283249652082
0.34993199963912613	-0.005194073356753773	0.2501229485880635
0.3499309503520047	-0.005242695514842563	0.25012037246981916
0.34993153877242067	-0.005243897725919891	0.2501188976879629
0.34993242556235443	-0.005240669671044265	0.25011723154394716
0.34993308759126374	-0.00523824005999439	0.2501159507452164
0.3499336649719035	-0.005236121915162276	0.25011483553933306
0.34993421363759264	-0.0052341287546784215	0.250113812757858
0.34993483560692	-0.005231873127696088	0.25011266060893167
0.3499356808116588	-0.00522880250243217	0.2501110851924395
0.3499360369982699	-0.005227517427637288	0.2501104378745159
0.349936667330991	-0.0052252337282115285	0.2501092749762327
0.34993741464907435	-0.005222515175424644	0.25010787634367837
0.34993802373763927	-0.005220302436624566	0.2501067421193124
0.349938823290199	-0.005217404457361727	0.2501052657653718
0.3499393915624986	-0.005215345576102745	0.2501042181793449
0.34993972722118644	-0.005214130798118152	0.2501036018953213
0.34994048795089566	-0.005211381362925718	0.25010221209624994
0.34994121651846005	-0.0052087566748813124	0.2501008965126897
0.34994156569438717	-0.005207494691385525	0.250100258860707
0.34994209695322054	-0.005205570779524257	0.25009928196292486
0.3499428289328933	-0.005202931468159269	0.25009795662029166
0.34994334956727696	-0.005201055574356753	0.25009701652767896
0.34994404414792335	-0.005198556375188193	0.25009576857823734
0.3499445542154075	-0.0051967230156690775	0.2500948556743168
0.34994486251556883	-0.005195616599055167	0.25009430693885026
0.3499457684536033	-0.005192371512754909	0.2500927053305368
0.3499462723917226	-0.0051905629107485834	0.25009180846087953
0.3499467415905569	-0.005188878379456821	0.2500909724498146
0.3499469958385181	-0.0051879665959038285	0.25009052123654746
0.34994750082493314	-0.0051861562845242765	0.2500896262642378
0.34994833206096787	-0.005183179407065211	0.2500881583971085
0.3499488655704805	-0.0051812687060624335	0.2500872162911884
0.3499494913588571	-0.00519722399778598	0.2500861209472651
0.34995028098841374	-0.005234502907318209	0.25008475297890476
0.3499513200025084	-0.005296002622828824	0.2500829572541001
0.34995308914203055	-0.005421228875825065	0.25007990253150736
0.3499538101996031	-0.005476026213847476	0.25007866580537724
0.34995598288095264	-0.005650298495734271	0.25007493860215263
0.3499577308810121	-0.005798066114444819	0.2500719378220945
0.34996042310979486	-0.006035192854930385	0.25006730878209765
0.3499621703265066	-0.006192946433993721	0.2500643122280224
0.3499641618004135	-0.00637647199787543	0.2500609088177547
0.3499662091493433	-0.006568194398388308	0.25005741719422214
0.3499681299332576	-0.006750675871769626	0.2500541365752309
0.3499700987399291	-0.0069395642982796185	0.25005074045963693
0.34997302884901726	-0.007225006990809982	0.2500457347063901
0.34997435630713963	-0.0073555744564531705	0.25004347320763953
0.34997777001730884	-0.007693602291289528	0.25003762391494133
0.3499805740093652	-0.007974012294019187	0.250032831410941
0.34998258862461135	-0.008176935135260147	0.2500293955463592
0.34998472980142314	-0.008392948031884354	0.2500257151420574
0.349986719427577	-0.008594913938701612	0.2500223154061825
0.34998932427492624	-0.00886063708513074	0.25001787719414775
0.3499912212544512	-0.009054776905607673	0.25001464597834056
0.34999217928037135	-0.009152876276451213	0.250013009072874
0.34999431157699756	-0.009371284566191504	0.25000935456218437
0.3499964042858166	-0.009585808962256845	0.25000574841392964
0.3499976513978158	-0.00971393305098904	0.2500036198851861
0.3499983257098798	-0.00978317431064367	0.25000245949392536
0.34999946303779667	-0.009899971702440405	0.2500004986652431
0.34999998682943007	-0.009953860880766649	0.24999958920959992
0.3500004311472042	-0.009999641583479948	0.24999881785798111
0.3500006072278707	-0.010018138540027685	0.24999850880611607
0.35000060079025586	-0.010017980721416755	0.24999851360447828
0.3500005941176755	-0.01001781378083473	0.24999851910670384
0.3500005875375221	-0.010017648367063273	0.2499985247462839
0.3500005781350523	-0.01001741337726482	0.24999853220905424
0.35000057155979514	-0.010017244814170337	0.24999853890890136
0.3500005660867665	-0.010017099193441445	0.24999854638237404
0.3500005600370722	-0.010016940759083534	0.24999855370160065
0.3500005538571749	-0.010016783210075778	0.24999855960679618
0.35000054535248204	-0.010016560312473402	0.24999856990389238
0.3500005419929957	-0.010016473166107556	0.24999857364063113
0.3500005321085596	-0.010016202902646112	0.2499985895996582
0.3500005261068723	-0.01001604003555269	0.24999859883454545
0.3500005204713987	-0.01001589107570465	0.24999860607831462
0.35000051759624606	-0.010015814019011735	0.2499986101520007
0.3500005119898089	-0.010015661292359215	0.2499986189784923
0.3500005023468703	-0.01001539752755283	0.24999863454179147
0.350000497196611	-0.010015255095081735	0.24999864340657688
0.35000049224498475	-0.010015119802923009	0.24999865134241334
0.3500004867170133	-0.01001496231531053	0.2499986624923507
0.35000048003727974	-0.010014772536704117	0.24999867577544693
0.35000047505565934	-0.010014633797726616	0.2499986846889178
0.3500004701634564	-0.010014498143692471	0.24999869323258944
0.35000046543258306	-0.010014364129946537	0.24999870249717895
0.35000046282031017	-0.010014289072707336	0.2499987079866332
0.3500004562350643	-0.0100141006262051	0.24999872155320257
0.35000045170732824	-0.01001396999118205	0.24999873125535124
0.35000044587694557	-0.010013801970992733	0.24999874367629937
0.35000044135999214	-0.010013669371680564	0.2499987541509788
0.3500004389414083	-0.010013598109191987	0.24999875985040204
0.3500004273493697	-0.009994490649710266	0.24999879272483838
0.3500004046200867	-0.009926107759591199	0.2499988678626509
0.3500002880452838	-0.009679964190755994	0.24999920295106737
0.3499999773429899	-0.009236691376985753	0.25000001130057736
0.3499996520821029	-0.008796102797081276	0.25000087649359737
0.3499991654625605	-0.00826936294760329	0.2500021154996036
0.3499985848822489	-0.007691931698723606	0.25000358715078175
0.3499977306063025	-0.006968658159869814	0.2500057101490463
0.3499971287070018	-0.006541893466068302	0.2500071723025215
0.34999464390588203	-0.004894497971958664	0.2500132393221756
0.34999368597425123	-0.004355596736404357	0.2500155567233771
0.34999164498697743	-0.0029522481902945624	0.2500206825699782
0.34998967889359356	-0.001784785452282736	0.2500255843340857
0.3499864570209167	-6.461137875353462e-05	0.2500336111779776
0.3499838853664496	0.0011622422907805324	0.2500400172831573
0.3499807102491773	0.0024512732976122026	0.25004788630063024
0.349977664018705	0.003920429740594769	0.25005561674014753
0.3499739621981874	0.005524393002648717	0.2500650414160207
0.34996928652943926	0.007531701972377777	0.2500770640263244
0.3499651188414678	0.009073505194052353	0.25008778904655427
0.34996059583082245	0.01072654230102367	0.2500995397144351
0.3499571619455932	0.011830041026849383	0.2501084741031108
0.3499480870874632	0.015193457211770636	0.2501325802350074
0.349945238303782	0.01622199222863667	0.25014023985078726
0.3499392799756467	0.018810081342386972	0.2501565908884673
0.3499372664117744	0.01979808771373974	0.25016220490721525
0.3499299304111559	0.022660038739139923	0.2501826262354361
0.349922024584921	0.02577128553764778	0.25020500725532735
0.3499176841982481	0.027714193555054265	0.2502174899831025
0.349913428993485	0.029773614486675884	0.250229937677725
0.34990930392085495	0.031403455086386325	0.25024201792542977
0.3499029390517946	0.03386941456625274	0.2502608710705499
0.34989497068738484	0.037024244700748124	0.2502847335201865
0.3498893668284923	0.0392789118072404	0.25030179019880033
0.3498836463318522	0.04145388623249842	0.25031939500015
0.3498801462356061	0.042593934284585064	0.25033021754593965
0.34987089887651696	0.045842685982903766	0.25035917885651005
0.3498633017543024	0.04896606077986794	0.2503834587822835
0.3498574821460183	0.051139589078767325	0.2504022538544808
0.34985530431731043	0.05239502667393957	0.25040940307847814
0.34985069044759864	0.054522802135896456	0.25042463989588937
0.34984148752061567	0.05877376741353603	0.25045553533626874
0.34983801067944037	0.06079737795148078	0.25046740729960826
0.3498343381933628	0.06233892364058251	0.2504800411082987
0.3498285970438183	0.0651180670446589	0.25050001751183043
0.3498214263377225	0.06835658308303576	0.2505253195206268
0.34981674472058477	0.070436086799723	0.2505421175462389
0.34981334340762416	0.07258876950646938	0.25055448885678516
0.34980932544548105	0.0745419785387428	0.2505692768220721
0.34980266991583503	0.07757773188645263	0.25059407420039287
0.34979910136184034	0.07966040078820048	0.2506076241692264
0.3497979923376084	0.08082092599728156	0.25061188925890937
0.3497954354185262	0.08381164185843488	0.25062190701991405
0.34979258268611946	0.08574868784134539	0.2506332605499053
0.3497897360670306	0.08801218620336453	0.25064478737798523
0.3497876466307168	0.09041506183480104	0.25065353343540786
0.3497860476423819	0.0921179914812134	0.25066038735625734
0.34978285966478323	0.094810119617823	0.25067427785783203
0.3497819999562397	0.09663836937400634	0.250678440082429
0.3497808237699105	0.09827518794787939	0.250684132410258
0.3497791850386742	0.09994545450913032	0.2506920800273218
0.34987926668676994	0.10242326547179396	0.25063292909559676
0.35013869541248893	0.1039458396803558	0.25046931970749026
0.35061809981638925	0.1057235961551695	0.2501727119201856
0.3510223380685079	0.10685469710878796	0.2499231916805743
0.35222694894309153	0.10933207522845904	0.24916321838980954
0.3529005555562698	0.11051571539494988	0.24875564794476174
0.3552206050279463	0.11390790464061175	0.2473379550506119
0.3561889197184894	0.11514367654777828	0.24674681723555564
0.35758394758946704	0.11680786020748411	0.24588051695404778
0.3606498287157413	0.12012451722888802	0.2440134395084857
0.3629427718431776	0.1223757303449562	0.2426252362075811
0.3650281284031513	0.1243078437043874	0.2413518658843699
0.36724783943460426	0.126260811464266	0.23996663689111614
0.3696871472055269	0.1283251893742492	0.23842774656095397
0.37237793298038613	0.13049251707994936	0.23676706129572225
0.3753019152582053	0.13276702344776148	0.2349057734232794
0.3791125104555144	0.13561354184508773	0.2325342928499077
0.3821948383861906	0.13782703325764006	0.23056074368499854
0.3849762853448259	0.13977881664058855	0.2287631799190083
0.38839359954400815	0.14212557851443913	0.2265619100931306
0.39201370843095545	0.14454014339324783	0.22419624881693112
0.39486238997844214	0.14639746357545014	0.2222782383196028
0.39937136116917993	0.14927864099132182	0.21925964610988102
0.4044072356842334	0.15240541842062955	0.21580675100865684
0.4077698232316073	0.15446531554067322	0.21356952729118886
0.41113827318176777	0.15648944085683336	0.21125402159368042
0.4147075185265811	0.1586102228197815	0.20883295573023236
0.41984968767042546	0.16160422959194876	0.20525781268406987
0.4234843584772811	0.1636849421894097	0.2027407432964718
0.42726216078767537	0.1658051544803124	0.20004673683822782
0.4308514760564231	0.1677759020509751	0.19738897035491235
0.4360217065284912	0.17059572858752875	0.19357782933035636
0.4395835542460559	0.17250899706834288	0.1909436516134754
0.4416231553379463	0.17359103338978105	0.18945803498386438
0.44529203544119034	0.17550885305802072	0.18662801080838842
0.45030458376479915	0.17809629217091882	0.18276479637151224
0.4538504272957776	0.1798882409883958	0.17989320290993743
0.4585981058099504	0.18224960306288157	0.1761038094788501
0.4619952837969188	0.1839114034035566	0.1733085995525969
0.46518599187186804	0.18544619916267874	0.1705554333218611
0.4673611679539687	0.18648369374914225	0.16864496166695853
0.4726443849530718	0.18896840973778878	0.163914258975068
0.4744359324641064	0.18979668573810865	0.16227610939362097
0.4770176366444992	0.1909832796067083	0.15978008685527129
0.4807100782103864	0.19265375983209898	0.1561626904824841
0.4836085321811961	0.19395446568620633	0.15313403887481586
0.48688626267559815	0.19540747642972883	0.14952990029866958
0.4882900657733828	0.1960234889207494	0.14792267298758127
0.4912512068134297	0.19730733839043102	0.14441890417658054
0.49231348180410295	0.19776784309717393	0.14306804652003402
0.49569971072019614	0.19920787323409872	0.13855011825936075
0.4968893068641494	0.19971170476545108	0.13681313424585845
0.49908153526476706	0.20063803740555453	0.13328677390095045
0.49985531811081924	0.20096201841557781	0.13192306543011734
0.5010859598966291	0.20147672715050363	0.12954564138986524
0.5029160869100873	0.2022362744208372	0.12523635347500123
0.5036900379108257	0.20255213580685316	0.12281830906901198
0.504203426698029	0.20275648533412005	0.1205728511624975
0.504460905039599	0.20285485971328038	0.11858909279001717
0.5045369274574768	0.2028791896834155	0.11752814012769897
0.5045046397908935	0.20284053934282575	0.1145292438938329
0.5044481246318478	0.2027997791214068	0.11271532362820158
0.5043666170008975	0.20274282434941648	0.10982381169805294
0.5043086189035005	0.2027008292138318	0.10786361665455407
0.5042445767814688	0.2026540147438795	0.1056974555012215
0.5041648659974374	0.2025964870808729	0.10286244762929447
0.5041100019824492	0.20255738047662136	0.10082547286159971
0.5040599136420664	0.20252075415097182	0.09905236564469061
0.5039734184781232	0.20245927574963535	0.09575370084989243
0.5039428535372195	0.202437283246439	0.094613768797005
0.503887065219748	0.2023972297696937	0.09251778197506533
0.5038314556029173	0.20235744055232668	0.09041226587187218
0.5037157545860912	0.20227582728031207	0.08588545159318284
0.5036684488054338	0.2022437459143948	0.08385563480475394
0.5036410155123016	0.20222569519434624	0.08259921807809673
0.5035737506972151	0.20218036043342558	0.07969706315297481
0.5034860919124376	0.20212007854270253	0.07613173226382103
0.5034397128828176	0.20208877569331413	0.07417618480626159
0.5033762015587746	0.20204568080086333	0.07156802890069597
0.5033201780693792	0.20200738384093508	0.06935319957877467
0.5032689758073967	0.20197348352411032	0.06715037022390086
0.503221969056938	0.2019428909718553	0.06505582034198892
0.5031621163178742	0.20190313001857635	0.06259302336083211
0.5030860300433572	0.20185290227289704	0.059484149299232736
0.5030331072186861	0.20181814921063523	0.057340378725569685
0.5030007446236345	0.20179693177284908	0.05604422963895844
0.5029317830788064	0.20175232498523926	0.053204023565827874
0.5028696461041989	0.2017136701626302	0.050346577835161
0.5028207532974959	0.20168279678284207	0.048282399703188705
0.502770331099697	0.20165109988731855	0.046177279549282746
0.5027218683764488	0.20162042967560295	0.04427167226103801
0.5026573801813385	0.20158103682788714	0.041399134940544535
0.5026171717842414	0.20155676582185927	0.03958104842806298
0.5025727657083465	0.20152951369900035	0.037788265969643964
0.5025297353276157	0.20150331514549608	0.036028741817835996
0.5024621799096932	0.20146246594723038	0.03330710420684063
0.5024175050955604	0.20143552704927986	0.03156704400417221
0.5023777394794667	0.20141187499296026	0.029948350540015434
0.5023530240008957	0.2013972665706974	0.028940973649298873
0.5023009766294807	0.20136678602239744	0.026774054570334216
0.502241994302632	0.20133246901123553	0.02437000741094003
0.5022237496305264	0.2013219714195736	0.023600019893419255
0.5021725355100427	0.20129239383278447	0.02161010460482371
0.5021400859227223	0.2012739233363265	0.020259465897363604
0.502092252540399	0.20124670624197988	0.01840338774418976
0.5020703536202293	0.2012342655216341	0.017600925830336178
0.502030434863104	0.20121177451320715	0.016078939394255976
0.5020142174623528	0.20120268811797365	0.015458825198314208
0.5019637116118444	0.2011745042964579	0.013560926038428678
0.5019463146272446	0.20116484328626577	0.012977828177595518
0.5019116185265782	0.20114560835448125	0.011783390814606276
0.501895460079953	0.20113669996951433	0.011264741507064358
0.5018613711466369	0.201118027088866	0.010264605634489998
0.5018275637866473	0.20109955256437495	0.009357194926097101
0.5018068347123606	0.20108833525999176	0.008864978093199749
0.5017947644897052	0.20108188511030056	0.008606345047128927
0.501767313391795	0.20106709108909138	0.008097125954944773
0.5017418542304887	0.20105331256895942	0.0077703606807443815
0.5017229909662172	0.20104319153992223	0.007624093989593905
0.5017065158690738	0.20103450851527582	0.007580434351342202
0.5016949677254362	0.2010286478448705	0.00756351862562421
0.5016719364981306	0.20101609740210802	0.007529457013409069
0.5016566570848432	0.20100790629860377	0.007506937890725096
0.5016408972955292	0.20099933056894737	0.007483644458874172
0.5016253500580545	0.20099074680405177	0.0074606003368137275
0.5016025429836265	0.20097826976348687	0.007426863181274501
0.5015879237862672	0.20097029836234998	0.0074052551832659574
0.5015736359325356	0.20096218476159172	0.007383959342641577
0.5015510744451221	0.20094949094816533	0.007350400542260549
0.5015433739258007	0.20094521009156818	0.007338976280751808
0.5015293821549347	0.2009373797371442	0.0073181903684476635
0.5015082621131287	0.20092548927940163	0.007286777487256368
0.5014889402959315	0.2009144268748705	0.0072579370085390504
0.5014773715658928	0.2009077676207347	0.007240649760945739
0.501462779738358	0.20089950784471694	0.007218925630831541
0.5014431813298906	0.20088824949960016	0.007189655345754942
0.501428895885243	0.2008799945887748	0.007168293345639287
0.5014160647786954	0.20087253642215336	0.00714908169711409
0.5014034066935739	0.20086509214814002	0.007130079659127542
0.5013846180911758	0.2008540443342054	0.007101876675635055
0.5013716578340415	0.2008464314788036	0.007082427635301258
0.5013582777877587	0.20083854424008263	0.007062332985367292
0.5013450109539631	0.20083073424590953	0.007042415160404825
0.5013324085155818	0.20082331949260446	0.007023497702790371
0.5013157827528735	0.2008134970628162	0.00699851777197108
0.5013028013117318	0.20080580052850638	0.006978998013006776
0.5012900797934998	0.2007982681431284	0.006959875497598134
0.5012790437989794	0.20079173368504627	0.006943286960985728
0.5012614652995282	0.20078121159239726	0.006916797218696202
0.5012532562059451	0.20077631473350233	0.0069044369824648455
0.5012375325375299	0.20076689403129822	0.006880738020248356
0.5012290273916584	0.20076175815512853	0.006867895118307932
0.5012141348196805	0.2007527846141714	0.006845419106831174
0.5012033156665441	0.20074627204357598	0.006829094969186489
0.5011906672415802	0.2007386498642264	0.0068100059673066315
0.5011752615019334	0.20072935194573643	0.0067867474893384405
0.5011690736790623	0.20072560540147688	0.006777398441016547
0.5011544216594898	0.20071675343212964	0.006755273100748416
0.5011436797204232	0.20071024835818568	0.006739043085755125
0.5011330283059064	0.20070380174234365	0.006722952268181592
0.5011189078518732	0.20069517903314044	0.00670157427149376
0.5011085179800602	0.2006888532164659	0.006685856011624525
0.5010986579022885	0.20068285602845198	0.006670943156259601
0.5010857984307114	0.20067502567660767	0.006651488633352853
0.5010783616207447	0.20067046961334228	0.006640220790029294
0.5010644865032275	0.20066197553050152	0.006619202086610487
0.5010541875220722	0.20065567359979058	0.006603602679745524
0.5010393108289075	0.20064659053575573	0.006581082319434384
0.5010297125134672	0.200640681789504	0.006566522173341749
0.5010205767261601	0.2006350809105148	0.006552678300891068
0.5010107451523255	0.2006290231964276	0.006537761073667825
0.5010013988035213	0.20062327037911865	0.006523583913170927
0.5009873139876255	0.2006146138956575	0.006502227491310686
0.5009777881786693	0.20060874549655477	0.006487775068743484
0.5009695416337562	0.20060365572234373	0.0064752575523694955
0.5009644614884496	0.20060052509089377	0.0064675494731475935
0.5009555111586534	0.20059502307054783	0.006453977964806623
0.5009417396717036	0.20058651442500752	0.006433068660461783
0.500931144273087	0.2005799764964939	0.006416987136721175
0.5009228940421625	0.2005748880397769	0.006404466691178001
0.5009150969620976	0.2005699817784255	0.006561702948421455
0.5009034444548107	0.20056262156777183	0.0072445330516297535
0.50089487859887	0.2005573007597477	0.008081011580333086
0.5008870541141819	0.20055243868639167	0.009060712046780273
0.500877269323398	0.20054664916380294	0.010324128520459275
0.5008601577693506	0.2005371018020124	0.012549179657685983
0.5008448273466685	0.20052866083999427	0.014626408894265475
0.5008264504242544	0.20051944141960948	0.01654289345493032
0.5008086050085439	0.20051004872688866	0.018799461056284883
0.5007880436656859	0.20049950692038754	0.02113198445880221
0.5007621557486345	0.20048642880205586	0.023842844940259122
0.5007293004212708	0.20046934122727395	0.02765809797306179
0.500715666774858	0.2004620960470903	0.029347926452273798
0.5006864417050917	0.20044706270650348	0.03230286731540433
0.5006160987568369	0.20041153279735413	0.03830751921541575
0.5005959390417922	0.2004007847034328	0.04041673594283529
0.5005484368904503	0.20037646775953027	0.043963451350578164
0.5004743673044338	0.20033683281252251	0.050576434182746655
0.5004211030849572	0.2003081636085421	0.05484581042213532
0.5003731812038604	0.20028191630245346	0.05865256059879348
0.5003325125877697	0.20025905732287358	0.062188910145197396
0.5002889020653544	0.20023409321461494	0.06596580426686383
0.5002284351355922	0.20019926335887578	0.07071416405974212
0.5001728339891829	0.20016526074940472	0.07649919623914508
0.5001322515059999	0.20013988946393824	0.08066074594620593
0.5000943421510927	0.20011558301896465	0.08466145758935112
0.49997028081198414	0.20003968788053683	0.09156461232192542
0.4999325478096472	0.20001531723003463	0.09447024507603857
0.499861545349088	0.19996799226562179	0.10029860642682403
0.49980093572893847	0.19992644473850124	0.10516778129512994
0.4997214087852631	0.19986984900676236	0.11178385738539204
0.49969344093960366	0.19984901932912086	0.11449923754134045
0.499636589440352	0.19980491022925195	0.12067536341395063
0.49958915072661814	0.19976763411382203	0.12489003113187341
0.49956071043881095	0.19974498892701797	0.12736376380477427
0.4994808028839954	0.19967776498452183	0.13561533075244292
0.4994522876321181	0.1996514974802565	0.13947612605841747
0.499418979764219	0.19962024784111343	0.14363997926507743
0.4993753686615652	0.19957982334017077	0.14756560490043297
0.49933470387529094	0.19954013580687163	0.1518941547169675
0.4992820370688526	0.19948671632973786	0.15718747662654708
0.49926401792880126	0.19946477395305384	0.16109356276594744
0.4992438151358769	0.19944014952242817	0.1645790642133781
0.499221906535024	0.1994123230187484	0.16840956613376865
0.4991935757008911	0.19937607990619716	0.17238562941956753
0.4991821158295213	0.19935872357750262	0.1750466808344232
0.4991566049123516	0.19932075712029312	0.17946186094326397
0.4991429290404728	0.19929794133443285	0.1823385333722427
0.4991328060095727	0.1992755338706545	0.1860014847526047
0.49912673081907893	0.19926036002440273	0.1883912279277678
0.49912393701098273	0.1992515190477619	0.18989647035351054
0.4991217902443083	0.19923802906879795	0.19264838588186883
0.4991218295003602	0.1992263281134643	0.19518632773633476
0.4991260050533011	0.19922392863475974	0.1968309201673524
0.4991297452365637	0.1992200453764123	0.19828084949823865
0.4991319381005231	0.1992180124597575	0.19898317407265065
0.49913888377246274	0.1992184690507398	0.20015338362789228
0.4991428742462889	0.19922058275982574	0.20054088881631266
