0.34999773412886087	-0.1499988399940867	0.20159962451052651
0.34999773412886087	-0.1499988399940867	0.20159962451052651
0.3499973025701481	-0.14999863893091941	0.20184804648187732
0.3499966961651334	-0.1499983738136242	0.2021595966796457
0.34999586913919317	-0.14999797866278652	0.2026345446910494
0.3499952735656257	-0.14999769987058176	0.20295620530999925
0.3499946071095294	-0.14999739876878315	0.20328740424748815
0.34999421322641794	-0.14999720757864565	0.20350412609919086
0.34999291014072936	-0.14999658107022118	0.20418277643119892
0.34999201261048496	-0.14999617733029763	0.20457854486729413
0.34999114502368894	-0.1499957792359073	0.204958780246988
0.3499902243923525	-0.1499953493580511	0.2053580073353116
0.34998954822649025	-0.14999500056059506	0.20570873874458667
0.3499888973967261	-0.14999463470302316	0.2060927240008363
0.3499878138960464	-0.14999404647657683	0.2066568278542829
0.3499871062757063	-0.14999365525097558	0.20701770853182588
0.3499862714855803	-0.14999319791646154	0.20740643958771954
0.34998553006710403	-0.14999277803285135	0.20775663985631165
0.3499844646205364	-0.14999213074345819	0.2083109599054246
0.34998397859529184	-0.14999179038237648	0.20864973195115757
0.34998349184354155	-0.14999143579128793	0.20898922576931714
0.34998306406524987	-0.14999110863493437	0.2093010963746029
0.34998261421139104	-0.14999076250066662	0.2095999410844515
0.3499821342772169	-0.1499903888361227	0.20989358272549324
0.34998189440650546	-0.14999014740607558	0.21015145516584693
0.3499815396982197	-0.1499897754101877	0.21049835838017475
0.34998145791568047	-0.14998966698253413	0.2106169523009501
0.34998128380423554	-0.1499894050715468	0.21087727756361827
0.34998121176515135	-0.14998925134039603	0.21103831708427193
0.3499812392416261	-0.14998913228596922	0.21122321335164884
0.3499813219201334	-0.14998911654610347	0.2113063426431421
0.349981427102791	-0.14998913048287502	0.21135823191808162
0.3499815768127895	-0.14998919737000188	0.2113779961155797
0.34998174224589107	-0.14998931244707475	0.211358584633271
0.3499819089533685	-0.1499894583417542	0.21131180638153882
0.34998210361984716	-0.1499896864853021	0.21121505193449913
0.3499823042253833	-0.14998995785204752	0.21106171679542798
0.3499824257749665	-0.14999028785349966	0.21087262219856473
0.34998251446873013	-0.14999077046137327	0.21056592408052566
0.34998253396228934	-0.14999114964052118	0.21029181789427404
0.3499823722952601	-0.149991768131305	0.20983178701537725
0.3499820303045401	-0.1499922802520709	0.2094435999295043
0.34998192116276844	-0.14999255366858627	0.20919623868026702
0.3499814023550249	-0.14999320672557642	0.20858604392627783
0.3499807764834966	-0.149993805639094	0.2079753373274568
0.3499799881655438	-0.14999440085501703	0.20732455007221925
0.3499777363248335	-0.14999523245201613	0.20634927142470716
0.3499754730880405	-0.14999581771949633	0.20558361760982494
0.349973874454728	-0.14999630789756319	0.20484710416739613
0.34997129432283747	-0.14999677955094193	0.20402345699990107
0.3499675254440529	-0.14999746697224853	0.2026251609633527
0.34996476269316273	-0.1499978283288021	0.2016928317156379
0.34996076142934235	-0.14999811043712824	0.20061229222476415
0.3499582530609061	-0.15000943379299386	0.19951606112360196
0.3499794393625187	-0.1501467330098895	0.19868383698124123
0.3501681368448555	-0.15129346829079687	0.1964151522792499
0.3503711372213774	-0.15250488501023657	0.19498460588287253
0.3506304627988137	-0.15405995761995495	0.19347558418255073
0.3509382643744947	-0.15591800247374105	0.19189832882378166
0.35152259037787364	-0.15943292065008918	0.1893419905031974
0.3519933632717174	-0.16224634380929823	0.18749893118137495
0.352447419625271	-0.16499479783118165	0.18581979935467424
0.35304310936619476	-0.1685907377249497	0.1837466952749365
0.35367862624819857	-0.17250541680379938	0.18160088114819184
0.3545941431159211	-0.17805167714821302	0.17871497231737501
0.3553192732963026	-0.18258636228993552	0.17643996275764792
0.3557131037521414	-0.18506820555660486	0.17522183287722143
0.3567163815083941	-0.1911377049000016	0.1723213243154435
0.3575140564149992	-0.19600929271085754	0.1700463664047839
0.3583391301543907	-0.20107946648025693	0.167723021617266
0.35917097891424055	-0.20610825582193437	0.1654534904751322
0.35999804211904957	-0.21127732434673624	0.16315316423447912
0.3611647721252142	-0.21881988629190657	0.1598509068211273
0.3625561068629413	-0.2276420102061676	0.1560363841835355
0.3633782560940683	-0.232813097614812	0.15381980651955257
0.364346354663136	-0.2388840017778353	0.15123361362166904
0.3653907717377987	-0.24558959008116865	0.1483944675360131
0.36662270696206234	-0.2534776631558855	0.14506598517213842
0.3678101507974868	-0.26091786886245166	0.14192999794216632
0.3687855040418876	-0.2670280438872696	0.13935659675881895
0.3696873189838998	-0.2729156316872128	0.13688189590552075
0.37081854616898147	-0.27994002638928145	0.133918092622951
0.3717846725240162	-0.2858441283925468	0.1314195682420789
0.3731348519763634	-0.29459759864644525	0.12770971594463787
0.3746703067271493	-0.30422887112703284	0.12359657778943173
0.37562520740518035	-0.31031688242331007	0.12097747058395047
0.37660166672715206	-0.316433474905467	0.11832763857796874
0.3776252309448149	-0.3230633292393622	0.11543302152943213
0.3786061431825809	-0.3290581352710431	0.1127882076569286
0.37968670565266754	-0.3357932179534488	0.10978680049870188
0.3809723350778979	-0.34400952550984565	0.10607263417369533
0.3818262942671019	-0.3494692295568769	0.10356766813046586
0.3827495373160194	-0.3550671895594061	0.10096559052699666
0.38416384256592695	-0.36398494764326556	0.0967252420839555
0.3850033325206342	-0.3692538366092648	0.09415691369545293
0.3858854264578033	-0.3748523467894847	0.09137504438662036
0.38669928264364767	-0.3797907301520323	0.08886140251133545
0.38760324538594254	-0.3854061399975843	0.08593288246388164
0.38834219529827185	-0.39004073362950314	0.08344550588736549
0.3890628990695396	-0.39442993754300815	0.0810171605482164
0.39006114438046463	-0.4004714993637422	0.0775436683676673
0.3907556945303248	-0.4045136651599309	0.07510787124940072
0.39166654914609733	-0.41012452472933214	0.0715117662019617
0.3920509863860636	-0.41250256109065175	0.06990650558930495
0.39277188107919786	-0.41680720869350085	0.06680541982482485
0.39303172766718897	-0.41833836680137565	0.0656305592140109
0.3938378000327184	-0.4230726693861996	0.06162954100850959
0.3941960545721564	-0.4251218339484627	0.05961396194211671
0.3945279723405518	-0.42697858124583105	0.05756377909148275
0.3947835716215864	-0.4284020495299653	0.05573979008046004
0.3950970989227206	-0.4300607515242791	0.05290953127157355
0.39518695789565395	-0.4304986441012018	0.05186681846039137
0.3953164552484259	-0.43097172542913115	0.049347394526689736
0.3953480791473616	-0.4309618954871805	0.047654215524152
0.39537682783706185	-0.4309364327024042	0.045970355610296776
0.39540825051206197	-0.4309072811380706	0.0440796316705751
0.3954463176162135	-0.43087367390705683	0.04182203910806814
0.3954627492608513	-0.43086056922332344	0.04088340269016638
0.395491402989763	-0.4308398101994191	0.039301237057169425
0.3955453126539106	-0.43079693992495766	0.0361919717076587
0.39557525571480145	-0.4307708619739449	0.034386401332380634
0.3955993254353353	-0.4307491234287655	0.03290667292079158
0.39562741751983554	-0.4307302478802363	0.03137091819455429
0.39564931150932653	-0.43071387771214076	0.030120958152598465
0.39569235231762645	-0.4306789329147294	0.02757311466831569
0.3957164655581841	-0.4306547947408232	0.026002129343496605
0.3957391199236322	-0.4306339449825169	0.0245811062774135
0.3957669508838131	-0.43060758813662814	0.022810433442083222
0.39579002860066725	-0.4305868898322413	0.021378112546717176
0.39581458519184176	-0.4305653078525355	0.019868179027442534
0.39585027681376395	-0.4305357072661619	0.017731579892735272
0.39587529271491306	-0.43051793380013403	0.01632966172966621
0.39591202662026065	-0.43049116436795315	0.014256279480604594
0.39592815709611917	-0.4304807090571412	0.01338945850481671
0.39596130905548366	-0.43045526783220156	0.011490698081607964
0.39598409567830684	-0.4304388582859329	0.010225734810157094
0.39602588265740946	-0.4304166157140352	0.008165992842654235
0.3960499974266773	-0.4304007381784233	0.006891297141994823
0.3960738337285994	-0.4303868558040297	0.005696579568714832
0.39610068384882274	-0.43037288325456435	0.0044109450509108306
0.3961250804471606	-0.43035472659162083	0.0030862915924207424
0.3961619221486551	-0.43033784086896976	0.0014289494522178314
0.39618514225993895	-0.43032307839135925	0.00027404265746361345
0.3962188391366244	-0.43030216988363873	-0.001366128131268074
0.39624364228447395	-0.4302864822646872	-0.0025625365392191735
0.39625878149770144	-0.4302782678315663	-0.00324569287261689
0.39629087505162797	-0.43025903136493476	-0.004726642561887984
0.39631778896749337	-0.430248603276823	-0.005780555622510397
0.39635213056302676	-0.4302330441176536	-0.0071628000179176365
0.39637394098740397	-0.4302229930874925	-0.008027460084526317
0.39639770083072173	-0.43021533632734915	-0.00886037700187603
0.39642977910879973	-0.43020380644345174	-0.009992596840876389
0.3964584939844533	-0.43019242881346514	-0.011008168839562349
0.39649245836993036	-0.4301823717994461	-0.012080349722572381
0.39651819076499417	-0.4301719478725431	-0.012936893443444508
0.3965443449808453	-0.43016400664775356	-0.013716653621869968
0.39658088600928276	-0.4301535033255079	-0.014743811406352614
0.3965955738268458	-0.430149303340712	-0.015143382828047225
0.3966201593705026	-0.43014216985669185	-0.01579554678097167
0.396669390584382	-0.43013038888122984	-0.016963684305460414
0.39669164316445205	-0.43012608491536325	-0.017437321166924702
0.39672403113436905	-0.43011975826140425	-0.018089571216566736
0.39673855013335496	-0.4301178437254918	-0.018344776563998466
0.3967879474585634	-0.4301091522671519	-0.01919398249308929
0.39680192801402625	-0.43010712440072874	-0.019406318751163998
0.39683822429872906	-0.43010251063646016	-0.01989181182303673
0.3968649460868057	-0.43009928944304865	-0.020210688408714705
0.3969035881798971	-0.4300955280643264	-0.020586404784332712
0.3969282802219468	-0.43009357418704114	-0.020778824232058735
0.39694472236983447	-0.4300924075670427	-0.020888577399082564
0.39698221890034396	-0.4300901274300124	-0.021082023552101814
0.39701265604638947	-0.43008871983031804	-0.02117685423297505
0.397049959701112	-0.4300874152160189	-0.021232295265567303
0.3970774582139208	-0.4300864782995869	-0.021264242376670406
0.3971121516726376	-0.43008531761604457	-0.021298853825296726
0.39716145961152405	-0.43008367907807366	-0.021336166304368576
0.397183468550414	-0.43008297010174407	-0.02135005601069112
0.3972375035383573	-0.43008124952925975	-0.02137795325944286
0.3972696441348442	-0.4300802307602728	-0.021390597419717716
0.3973387505389888	-0.43007804297822044	-0.021409813840157554
0.397389380383385	-0.43007644512475357	-0.021417984793839828
0.39742222922701587	-0.43007541572618335	-0.021421433149086955
0.3974878523165819	-0.43007336781003713	-0.021424274785628805
0.39753631073757423	-0.4300718476664902	-0.021422670805681165
0.3976132860985254	-0.4300694732199562	-0.02141594551814724
0.397662122402221	-0.4300679802530054	-0.02140910379831973
0.3976930104375452	-0.4300670340074256	-0.021403538717157722
0.39777050320058477	-0.4300646617853146	-0.021386576111971922
0.3978340759948579	-0.43006273051693156	-0.02137014808563731
0.39790993025542387	-0.430060431827258	-0.021347567640812193
0.3979687870650555	-0.43005863761176566	-0.021327550750056268
0.3980282877224562	-0.43005684596303234	-0.021305821881673515
0.3980830518344362	-0.4300552050728434	-0.021284594837393256
0.39817547969935696	-0.43005242477902583	-0.02124551469009811
0.3982073705817091	-0.43005146825485285	-0.021231315629675507
0.39829005257433764	-0.4300490005721523	-0.021193086470226552
0.3983275636354344	-0.43004788412995876	-0.021174968522043147
0.39844588157205835	-0.4300443374185453	-0.021114351373356877
0.39851051422565564	-0.4300424176729793	-0.02107965444823995
0.398572318001408	-0.4300405746689759	-0.02104531178874508
0.39863399188569265	-0.4300387405507275	-0.021010040433835364
0.39871874014054154	-0.43003624040793037	-0.020960404060258286
0.39878037611117084	-0.4300344145085483	-0.020922981185121536
0.398814593149896	-0.43003339939287216	-0.02090183151565811
0.39886961018844125	-0.4300317755849781	-0.020867344054239678
0.39895505229891254	-0.4300292552374135	-0.02081257565536171
0.3990389053542637	-0.43002677809161255	-0.020757238166029424
0.39909660424661775	-0.430025087318948	-0.02071848764724149
0.3991531647005866	-0.4300234212193039	-0.020679810157623102
0.3992111274535146	-0.43002171819481927	-0.02063949468656101
0.39928393929077566	-0.4300195821794258	-0.02058804691637678
0.39932544800042713	-0.4300183666556335	-0.02055829005587706
0.39939297811496	-0.43001638274381676	-0.020509147898596203
0.39944315185317636	-0.43001491520108726	-0.020472203659878896
0.39949393131253236	-0.4300134327886244	-0.02043435283261419
0.399522587339347	-0.4300125953419295	-0.020412741828111702
0.39960649822597977	-0.43001015128049697	-0.02034876624162668
0.3996500696271176	-0.43000888353513445	-0.020315040602610357
0.39967155665707405	-0.43000825812877685	-0.020298272636630255
0.3997266606917777	-0.43000665902070817	-0.020254938662704003
0.3997747084092252	-0.43000526718345866	-0.020216687039752768
0.39981024535835885	-0.4300042361997488	-0.020188074607306317
0.3998313382444164	-0.43000362707941914	-0.020170975070710195
0.3998718435798441	-0.43000245969367806	-0.020137871538958074
0.3998987683201798	-0.4300016857361482	-0.020115624942970256
0.39993680515585966	-0.4300005993198836	-0.02008392751694854
0.3999489433189849	-0.4300002536226667	-0.02007372088305559
0.39996849979524823	-0.42999969658744797	-0.020057136923671726
0.39999005933718274	-0.42999908791204333	-0.02003868939750314
0.4000028843714766	-0.4299987299213002	-0.02002756608124784
0.40001475469677006	-0.42999840689935975	-0.020017078206406802
0.4000198743039551	-0.42999827406958147	-0.020012430864089437
0.40002182757076343	-0.42999822745081534	-0.020010596489364763
0.4000376566396515	-0.42999942645229916	-0.019550843006739538
0.4000608656116622	-0.4300001241073915	-0.01878045106149151
0.40008213653864366	-0.4299999911946984	-0.018044232114340475
0.40013649204983415	-0.4299977223642939	-0.016075130559798145
0.4001924295701089	-0.42998898361228555	-0.01381537249245779
0.40025956946273067	-0.4299651467615367	-0.010620786277167449
0.40035641816286915	-0.4299313007765211	-0.005901849801853376
0.40039610106495493	-0.4299124665040157	-0.0037500609273149466
0.4004845485466593	-0.42985165108178347	0.0017824111214562732
0.40057197481038803	-0.4297683374567907	0.008221848082239025
0.40062813188844015	-0.4297352624017188	0.011740962583346448
0.40070280774663036	-0.42964253169909367	0.01832454245725007
0.40072798302337287	-0.4295899563955245	0.021390321260283007
0.4008213271080506	-0.4294985915625522	0.029092133284776056
0.400890066383938	-0.4294212825136605	0.03536224372598318
0.4009583805748964	-0.4293299586907664	0.04238106406905351
0.40099769784521655	-0.4292445859106086	0.04794126778659186
0.40109431944977153	-0.4291598318199857	0.05684966490898158
0.4011174424657138	-0.4289755865989924	0.06655887508654607
0.40113655070408094	-0.42891279986067815	0.07074514191234899
0.40116900701105623	-0.42878157999156113	0.0795456913650785
0.40118184968604353	-0.42866822061318666	0.08658442696686763
0.40117425719118216	-0.42853459799298327	0.09365578304445876
0.40117553133430983	-0.42838871242327864	0.10353374571950325
0.4011503665810609	-0.4282545799589507	0.1109263121277893
0.40112305986866664	-0.4281140018987804	0.12133048848059497
0.4011011269422281	-0.4280427097832471	0.1276864615814684
0.40107547544347716	-0.4279869912042344	0.13188509591581193
0.40098527294237635	-0.42783603965882694	0.1407578443867764
0.40091961314237745	-0.42776701736733785	0.14739754398978777
0.4007688379935339	-0.4276090406797905	0.15697277101890345
0.400646587354664	-0.42751236301242374	0.1632194576960882
0.4005256133013547	-0.42746169188848365	0.16897323331527805
0.4003826366960434	-0.42740239445563993	0.1745362682894637
0.40019076210015553	-0.4273451547180074	0.18081389187966623
0.3999265062397083	-0.4273021335157623	0.18781145548309305
0.399801658579136	-0.42727967811210116	0.19060396263377277
0.39945485294680194	-0.42723657120303954	0.19699098029375295
0.39905772793062744	-0.42721663803827653	0.2026937294620348
0.39873724401058513	-0.42719948496314025	0.20638176287025928
0.3983863976588295	-0.4271919840262079	0.20966302009012733
0.39799530096035673	-0.4269955443505909	0.21258406807304844
0.3973227914181919	-0.42585895835640136	0.21681958107857668
0.39700089113460785	-0.4249975886238025	0.2185485653787532
0.39627580360042614	-0.4225176165000896	0.2219558928093383
0.39571402474144307	-0.4202790266871089	0.2242731825981683
0.39480172980068334	-0.41609727281821124	0.22754639642983693
0.39414697678101246	-0.4128004708419274	0.22961405648787264
0.39346330124086515	-0.40920500569714185	0.23161268083606873
0.392745966296527	-0.4052606564398501	0.2335294401059575
0.3916091724768059	-0.3985373936205366	0.23618327825191526
0.3911081776817638	-0.39549790429182363	0.23726318939917787
0.3900324608477214	-0.38883011617027086	0.23943386222742705
0.38874006740211464	-0.38047363016371993	0.24173334542436545
0.38782787160982285	-0.3745359538440131	0.2432596134527049
0.38733461564601224	-0.37125937338563963	0.2440236732500808
0.38603525314369036	-0.3624172411882854	0.2458898458193446
0.3846187914303495	-0.3524253234301278	0.24764659101167408
0.38364915377101355	-0.345526602068322	0.2487798507515607
0.38262344021538514	-0.33811981049191686	0.24988600129942515
0.38157407709841307	-0.3305194515409469	0.2509538846410273
0.38052361999803697	-0.32275047886962005	0.25192475844892226
0.37898141430581744	-0.3113009431677981	0.25322733470080744
0.3779417018674387	-0.3035221905423368	0.25404454413048677
0.37690961099105824	-0.2955744354202771	0.2547365709802064
0.37577883466599166	-0.2868107411327492	0.25543790172225656
0.3745908108938459	-0.27761192350087127	0.2561672419665741
0.3732103974180033	-0.26680022995918773	0.2569153615885247
0.3721246161426841	-0.25817981096005826	0.2574443590554315
0.3711356904551568	-0.250289915783051	0.2578864093059766
0.3693964597018437	-0.2363228235956405	0.25859692998550365
0.36841869494727786	-0.22837259505687113	0.2589315519639461
0.3673950669373503	-0.22006031679847265	0.25929043178112265
0.3663921115735055	-0.211773504432877	0.259556554304314
0.3648161688193807	-0.19870020525529108	0.25992487814080156
0.36383750086789274	-0.1905594036524717	0.26014122526649774
0.36292961134670354	-0.18285942214897963	0.26022819759353544
0.36194530823381615	-0.17455598186627558	0.2603528669590646
0.36048671606174987	-0.1621364498911152	0.2604461922565202
0.35951084134511796	-0.15379472964711574	0.2604797705382729
0.3589431121386183	-0.14897534534781037	0.26054078766359634
0.35765315218412624	-0.13791204147110864	0.26056767895733635
0.35679325508681003	-0.1304492194099951	0.26049355938167995
0.3559903844293828	-0.12352277696704254	0.26042961643810814
0.35474428627026866	-0.11266036130342501	0.2602438301255918
0.3543110297381179	-0.10887347195599269	0.2601631945609703
0.3533308779125711	-0.10038484073557104	0.26002664051750835
0.35266885752125904	-0.09455248713143509	0.25986069624132746
0.35173874980548214	-0.08631573549234499	0.2595805818561335
0.35115538008692315	-0.0811705607523565	0.25939948276588015
0.3506183650075859	-0.07637250541811612	0.2591943139187324
0.35009865088169995	-0.07171035489974474	0.2589798962726641
0.3495566176883926	-0.06683619184016333	0.2587383609031071
0.34900146663266246	-0.06182822330764999	0.258474630033926
0.34868741648890017	-0.058883004436646916	0.2582723422710183
0.34850716933159165	-0.05719622969424061	0.25815617882756325
0.3480347082307664	-0.05271159106766758	0.2578189272029228
0.34784711968051485	-0.05085573430713576	0.25765059080157093
0.34772176342571365	-0.04956024919586195	0.25751362606597317
0.3476521100215705	-0.048750756426408734	0.2573982650155321
0.34764404687243505	-0.048580836772407945	0.25735183243058213
0.3476764162341413	-0.04853110744680246	0.2572204022712802
0.3476970090376061	-0.048544631185536105	0.25715643981881664
0.34771641162753464	-0.0485572241705894	0.2570960935296548
0.3477474614147981	-0.048577256220600065	0.25699950793761706
0.3477610396357688	-0.04858597871230315	0.2569572754032779
0.347787009873641	-0.0486025880558104	0.25687647738694597
0.3477994564401775	-0.04861052883723162	0.25683775354963084
0.3478380985448641	-0.04863510830846325	0.2567175121183725
0.3478485174656045	-0.04864172011402483	0.2566850877854939
0.3478751448001071	-0.0486585878964574	0.25660221786476334
0.3478955855100346	-0.048671525891531245	0.2565385933191964
0.34792246036600605	-0.048688511246374896	0.2564549496056949
0.3479399371677218	-0.04869955024272106	0.2564005487387404
0.3479580538987576	-0.04871098594154018	0.2563441634858995
0.3479849129088225	-0.04872793121006168	0.2562605741338328
0.34800261455080217	-0.0487390950544493	0.2562054867280494
0.3480130082361768	-0.048745649121418363	0.2561731400608994
0.34803760915372145	-0.048761160235452086	0.25609656992176266
0.3480564158856734	-0.04877301500445179	0.2560380438089568
0.34807353170323735	-0.04878380342901502	0.25598477049039237
0.34809046526880294	-0.04879447540170158	0.2559320747331659
0.348115589860349	-0.04881030838679702	0.25585389019640303
0.3481426343844835	-0.04882735034537854	0.25576972985950935
0.3481596759126905	-0.04883808814429964	0.255716709249587
0.3481780645539605	-0.04884967508974229	0.25565948623656765
0.34819338007620526	-0.048859325652700916	0.2556118241760718
0.34821071320019026	-0.048870247340333475	0.2555578882060763
0.34822859570786363	-0.048881515233046166	0.25550224299847857
0.34824981777064085	-0.04889488747037206	0.2554362081822399
0.34826382954693597	-0.04890371656083105	0.25539260863747604
0.3482804634149286	-0.048914197688114044	0.2553408600802236
0.3483037630333028	-0.04892887928293631	0.2552683739279237
0.348320051495205	-0.048939143477032196	0.2552176926625832
0.3483368177777226	-0.048949708651841575	0.2551655349406697
0.34834482544631495	-0.048954754873611186	0.25514061956471923
0.3483613670710466	-0.048965178970583265	0.255089156634453
0.34838096013456055	-0.048977525946679215	0.25502821171707113
0.3484022569234657	-0.0489909470393617	0.25496196531930704
0.34841122781161765	-0.04899660071601465	0.2549340557305523
0.3484308760972129	-0.04900898348772294	0.2548729375913461
0.34845199661482595	-0.04902229451602001	0.2548072403021509
0.3484626734914501	-0.04902902360175994	0.2547740318221349
0.34847984068834137	-0.04903984337468907	0.25472063868559663
0.3484950317365971	-0.04904941809054768	0.25467338690463837
0.3485088785327832	-0.04905814576711422	0.2546303161888256
0.3485219957638836	-0.04906641369523408	0.254589517476471
0.3485430328123556	-0.04907967389980829	0.25452408743851257
0.348550776542659	-0.04908455492293991	0.25450000761503305
0.34856928037362633	-0.0490962188467481	0.2544424591737625
0.3485814423546871	-0.04909586918412613	0.2544046368250925
0.34860246334034495	-0.048998105874731954	0.254339298590772
0.34861946946423333	-0.04882448910690988	0.25428646274069866
0.3486358675461518	-0.04860524846556351	0.2542355101066163
0.3486479386811544	-0.048420293684971874	0.25419798775088775
0.3486740070186147	-0.04792418366715735	0.25411698160309487
0.34869444813326306	-0.04748594089444701	0.2540533839763657
0.34871591311554584	-0.04697836023151873	0.2539866176614426
0.34874595828363514	-0.04619811423980906	0.2538931013671149
0.3487662886845347	-0.04563718095371473	0.25382976909518795
0.34878917054165676	-0.044974364518952634	0.25375843895349726
0.3488126671551455	-0.044260283334121284	0.25368511677898403
0.3488378801076762	-0.043463186602732365	0.2536064300122216
0.3488752803523326	-0.04223025785311006	0.2534896621244107
0.34890127781652225	-0.04133816288973087	0.2534084375099971
0.3489158733333934	-0.040824205293130064	0.25336277378980154
0.34895226554454967	-0.039514372273512524	0.2532488583432736
0.3489903804602681	-0.038091263556611396	0.2531293250915335
0.34901502672720186	-0.0371533448701646	0.2530520455536608
0.34904107078569657	-0.03614263069516692	0.2529703087104838
0.34906651078238043	-0.03515058483695345	0.25289066778311997
0.3490954148544427	-0.033996734982275637	0.2527999190783944
0.34913910647745044	-0.03220923982543249	0.25266244191126996
0.3491667198622533	-0.031061830400487697	0.2525755544935655
0.34918546203388406	-0.030293391242401838	0.25251689768454216
0.3492223284529244	-0.028742827495119652	0.25240102879876514
0.3492654363991091	-0.026905398387996896	0.2522655335006867
0.34929325828230673	-0.025682913107737446	0.25217766804029
0.349318626850678	-0.02456399639657729	0.2520975887074879
0.34934515846000636	-0.023386101348882818	0.2520138513022566
0.3493729722074509	-0.022151924243938567	0.2519262177791898
0.3494119939999651	-0.020381497735546164	0.25180280348890877
0.3494420692043807	-0.019044809952348127	0.2517083462932814
0.34946819666482204	-0.01787420695825996	0.25162622417049274
0.3494842584054877	-0.017130986764721842	0.25157539683452235
0.34953135759480036	-0.014940704215100478	0.2514263559805918
0.3495585525500649	-0.01368207325749339	0.251340550470011
0.3495739714169364	-0.012965222368014825	0.2512918871308049
0.34959672511103534	-0.011901696453910968	0.25122004027293443
0.34962145206546547	-0.01075667544041968	0.25114221386782243
0.34965610205792563	-0.009152142188032411	0.25103328249553175
0.34968021769971896	-0.008010577732325927	0.25095714000762026
0.34971210165532884	-0.006491499489341648	0.2508564461053624
0.34972347201433596	-0.005954227293049716	0.25082063878520533
0.3497616766409145	-0.004139816565622997	0.25070030588281017
0.3497807027996231	-0.003235158623679804	0.2506404406217543
0.34979991016386636	-0.002329024134927346	0.2505801724529999
0.3498174713380757	-0.001496595882783322	0.25052505721769885
0.3498432353009382	-0.00028237912327401526	0.2504444019258444
0.3498606689016606	0.0005384979499351711	0.2503899045227783
0.34987513703627815	0.001206246451218737	0.25034491924119373
0.3498832041143574	0.001582328345551512	0.25031980734750175
0.3499000996123443	0.002372625474963405	0.2502672276795559
0.34991800592511196	0.0031987192841398254	0.25021174677409586
0.34992835511760606	0.0036736930740334656	0.2501797707740545
0.34993447822339485	0.003953306045941754	0.25016089305024647
0.34994528940091235	0.004442891139258956	0.25012767560686344
0.34995465612055177	0.0048583052992852566	0.2500990880064807
0.34995924747526935	0.005055139788470095	0.25008522688466683
0.3499618803674431	0.005159886997614729	0.25007744816850497
0.3499630062376372	0.005194038150998073	0.2500743428309319
0.3499632292469378	0.005192946782685878	0.25007388680075343
0.349963695571411	0.005190482157431162	0.25007293594095464
0.34996388338565426	0.0051894895849756845	0.2500725531863467
0.34996447972095923	0.0051863374530616985	0.2500713373761615
0.34996482271944485	0.00518452490175926	0.2500706385105147
0.3499651304809108	0.00518290021428601	0.2500700129180793
0.34996544962926623	0.005181213925268394	0.2500693628630291
0.349965628662443	0.005180269091658377	0.2500689991975294
0.3499660652687603	0.005177967838824141	0.2500681148946834
0.3499665102569768	0.005175620182538157	0.25006721165980306
0.34996679020538946	0.005174145327069599	0.25006664525187705
0.34996708136387317	0.005172609826255489	0.2500660547770837
0.3499675258911315	0.005170268903300704	0.25006515623356496
0.3499678234788524	0.005168701164472114	0.2500645541720822
0.3499681185208176	0.005167146611505288	0.2500639570647639
0.3499682843135331	0.005166272410501202	0.2500636209697719
0.34996881341054453	0.005163486232731704	0.25006255155006757
0.3499690002668776	0.005162502524779108	0.25006217409676573
0.3499692475328561	0.005161201474269753	0.2500616751996411
0.3499696393649265	0.005159139439467428	0.25006088434532253
0.34997003765779666	0.005157045475723918	0.2500600822043395
0.3499703006631723	0.005155662145291881	0.2500595519950395
0.34997049032899963	0.005154665051187793	0.2500591700482905
0.3499708430796853	0.005152810116092879	0.250058459268758
0.3499711224108841	0.005151341215662644	0.25005789638764
0.34997152699572787	0.005149215093349077	0.2500570823052168
0.349971808377606	0.005147736311283749	0.25005651603408696
0.34997197741742914	0.005146847978556593	0.25005617588087575
0.34997231194048617	0.005145090967427032	0.2500555035214347
0.3499725548429476	0.0051438151532143955	0.25005501528742674
0.34997304371959875	0.005163892626052866	0.2500540270230279
0.34997341031016566	0.005196707698024786	0.2500532825652666
0.34997400975494647	0.005265725988821621	0.25005206204088526
0.3499746307845047	0.005345335625994027	0.25005079963342625
0.34997569672709167	0.005497438754726289	0.25004863188773635
0.3499764895000241	0.005620083763939951	0.25004701524389844
0.34997739190423605	0.005765523862508323	0.2500451715795935
0.34997813841055947	0.0058895949216605376	0.25004364630571785
0.34997908001649264	0.006050281018861223	0.2500417267846986
0.34998007000572695	0.006222998973303348	0.2500397061221512
0.34998156945643866	0.006490389967428747	0.25003664397438974
0.3499833472292122	0.006813125256525346	0.2500330062666027
0.3499844201350559	0.007011926157993328	0.25003081359836343
0.34998552785807074	0.007217612805791709	0.25002854462571333
0.34998666778925414	0.007435289605518716	0.25002622190915297
0.3499882766555686	0.007739617721339825	0.2500229255979075
0.34998891590897474	0.00786302231466103	0.2500216206428445
0.3499904627751559	0.008163789290566159	0.25001846476871975
0.3499912286044443	0.008310468516001618	0.2500168935881719
0.34999275291348536	0.0086050456981321	0.2500137709475538
0.34999367889172917	0.008785277482659823	0.25001187621497073
0.3499951311556077	0.009067499636033594	0.25000890158597977
0.34999597502351315	0.009231553346140384	0.25000717323963206
0.34999651454078123	0.009337015997103348	0.25000607024967764
0.34999782906086885	0.009593530930727442	0.2500033833416011
0.3499984832093872	0.009720105711466781	0.25000204462424047
0.3499990378458512	0.009827234392651304	0.2500009110783693
0.34999935229151335	0.009887926146310566	0.2500002698662559
0.34999976271911454	0.009966382561934217	0.24999943325793417
0.3500000168209234	0.010014800233337201	0.24999892273537477
0.3500000469135691	0.010020399869348773	0.24999887074733568
0.3500000466264188	0.01002029472686733	0.2499988767434733
0.3500000458481378	0.01002004300882317	0.24999889019967564
0.3500000453695241	0.010019874745803889	0.2499988993593048
0.3500000445540451	0.010019596940832806	0.24999891440618544
0.3500000440357254	0.01001942404380661	0.24999892374013122
0.350000043540424	0.010019252892061917	0.24999893304784634
0.35000004303283333	0.010019075577167524	0.2499989427141719
0.3500000423106852	0.010018816665201005	0.24999895689970122
0.3500000418560615	0.010018651067184928	0.24999896599952934
0.35000004139755825	0.010018479678999256	0.24999897545995411
0.35000004090341197	0.010018302023367662	0.24999898520079722
0.3500000404316778	0.010018126378035286	0.24999899488947108
0.35000003986363226	0.010017916191917428	0.24999900647041068
0.3500000393995871	0.010017744024723843	0.24999901595997986
0.35000003898610355	0.01001758778448733	0.2499990245970138
0.35000003836030563	0.010017349050417804	0.24999903781290245
0.3500000380690082	0.010017237790037117	0.24999904397229522
0.35000003766875043	0.010017079486595151	0.24999905278321408
0.3500000372857919	0.010016929260861077	0.24999906113259443
0.35000003671905766	0.010016712499005487	0.24999907312971223
0.3500000362093714	0.010016511369180095	0.24999908431371554
0.350000035749505	0.010016331036559425	0.24999909432943856
0.35000003548915787	0.010016229012386219	0.249999099994383
0.3500000350129381	0.010016040749302416	0.24999911045998854
0.350000034644294	0.010015893120015246	0.24999911868105207
0.3500000341126937	0.010015677555541128	0.24999913070469493
0.3500000338940501	0.010015589520865995	0.24999913560898182
0.3500000334217741	0.010015396625427053	0.249999146375334
0.35000003308694216	0.010015260947783516	0.24999915393778305
0.3500000327680959	0.010015132387407505	0.24999916109707337
0.3500000039978969	0.009910748245636189	0.2499992715105109
0.349999967152159	0.00981803025783086	0.24999938825799484
0.34999970643206957	0.00938493285047054	0.25000012098351776
0.3499994293441191	0.008978811916799612	0.25000088007563526
0.3499986181252899	0.008158416615129394	0.2500029596668785
0.34999811547917004	0.007770242783607065	0.2500042048743045
0.3499969481792642	0.006820820354301857	0.25000712031453287
0.3499964053205608	0.006345569320907643	0.25000849060080166
0.34999357120660685	0.004652465081618748	0.2500153865202501
0.3499926054086525	0.0040644030672079695	0.2500177433852624
0.3499899525285733	0.0024910687434450823	0.2500242257353666
0.34998771799310713	0.0012706157920980704	0.2500296690544637
0.3499835758293225	-0.0007271912794239305	0.25003971530598124
0.34998032722886224	-0.002070656559161013	0.2500475605284317
0.34997755950901455	-0.0034899065091221065	0.25005434152191436
0.34997349887492446	-0.004969743491253634	0.25006417232081746
0.349968994152832	-0.006715827569039448	0.25007514686952914
0.34996226378732453	-0.00928441809508991	0.2500916294167152
0.34995772513574164	-0.011042349625505418	0.2501028248286177
0.34995512123019	-0.012057679230075405	0.2501092719196746
0.34994928536967357	-0.01463673878377035	0.25012383766456014
0.3499439548317957	-0.016711552672949034	0.250137192320176
0.3499382019066515	-0.019446102352620856	0.25015174682642316
0.34993253894913834	-0.02146095154935619	0.2501660877237943
0.34992644128858413	-0.023420336837162117	0.2501816005778922
0.34992023947141615	-0.02568726787657251	0.2501974780076365
0.3499130392891159	-0.02865370236837085	0.250216070452828
0.3499082446714467	-0.03004656476364477	0.25022852255464567
0.3499009115035264	-0.0330785006109338	0.2502476862885725
0.34989638689943076	-0.03451243164774913	0.25025959767823674
0.34988864409646236	-0.03721237405629281	0.2502800818780083
0.3498804791911447	-0.039996976852845936	0.2503018225900093
0.3498721143931039	-0.04316853310797729	0.2503243253288019
0.3498651922317374	-0.04553170157398277	0.25034311755477945
0.34986083007163565	-0.04769892169375754	0.25035494532517133
0.34985476481343686	-0.04947885609686821	0.250371646844124
0.3498467289709859	-0.05224326026584676	0.250393842944319
0.3498395217729682	-0.05559009753127296	0.25041379255575674
0.34983439408343364	-0.057942015374512365	0.25042812084391236
0.34983104128725445	-0.05921222152207227	0.2504375797984756
0.3498236302987802	-0.06231826415556861	0.2504585292517313
0.34981788526549457	-0.06452894573195204	0.25047494875809917
0.3498109407543848	-0.06748573164469769	0.2504948631292241
0.3498064025337406	-0.06946140776827524	0.2505079624551594
0.34980365958903065	-0.07094927084435713	0.25051585748593147
0.3497978716651677	-0.07410732612252512	0.2505326203064011
0.34979144475832746	-0.07693997048510239	0.250551550360122
0.3497877898083858	-0.07904330993487725	0.2505622943876076
0.3497859585190084	-0.08008039941082896	0.25056770472195
0.34978096784613105	-0.0827094421629282	0.25058259566806007
0.34977803202271307	-0.0847641706847151	0.25059130768918225
0.34977372054020767	-0.08716329736035634	0.2506043898207353
0.34977159210083797	-0.0888590127125271	0.25061079459878766
0.34976913153825256	-0.09137367372156426	0.25061819828694465
0.34976764544436934	-0.09286980539270571	0.2506227575582725
0.3497655483726458	-0.09445412197545273	0.25062936693114
0.3497644690579587	-0.09590091250773629	0.25063275434815735
0.34976372677070744	-0.0973432816168237	0.2506351308881122
0.3497630909669542	-0.09871851812215689	0.2506372560759119
0.3497623701639244	-0.10040767837753682	0.2506398394719934
0.34976266992384974	-0.10222099063950217	0.25058169665522323
0.34976307527808354	-0.10349347105434416	0.25046071773109624
0.3497639037430402	-0.10460239452036067	0.25029803716687554
0.3497653662851584	-0.1058138635637448	0.2500496040561895
0.3497677481835859	-0.10712567172558497	0.2497051528262453
0.34977206145237216	-0.10888443845093117	0.24914220910709567
0.34977580468696096	-0.11005472624114578	0.2487045244035727
0.3497787921001816	-0.11083465677017494	0.2483795415684914
0.3497857785703042	-0.11244265014730646	0.24763201266279666
0.34979224907078604	-0.11363851000715043	0.24702185840985433
0.3497991310376022	-0.11477369533536692	0.24639593601080426
0.34981109244355807	-0.1165191662724011	0.24534220738795445
0.34981963120211296	-0.11764530535234093	0.24461747438324336
0.34982745034275337	-0.11841187185409667	0.24410532309554067
0.3498402498239912	-0.11981555322405708	0.24309093899596004
0.3498616066497535	-0.12153435193623734	0.24181516024771535
0.34987613478114643	-0.12243026708052025	0.24111202347158722
0.34989579246172847	-0.12376230597873768	0.24002348028710044
0.3499048889469677	-0.12436296872260556	0.23953316567790345
0.34994480713281156	-0.12654707832623674	0.23763486306577053
0.3499655876897772	-0.12769370042473932	0.23659252413794138
0.34997928900938724	-0.12826553549333164	0.23606941142579574
0.3500100093140353	-0.12977856921872777	0.2345807968972675
0.3500380297309574	-0.13083047297382527	0.2335443472559238
0.3500791302957252	-0.1322958027104162	0.23203197759479577
0.35011398124724585	-0.1332590264301251	0.23102606914618046
0.3501560016722915	-0.13430484492088968	0.2299364132718783
0.3501914723421844	-0.13527427446849144	0.2288721149697932
0.3502454176308778	-0.13623691965106316	0.22781684206057337
0.35028249785534726	-0.13719403944979758	0.22670559010571725
0.35035732283644083	-0.1383673394510732	0.22532733411338332
0.3503898358476854	-0.13890502429625678	0.22468505006114614
0.3504847951233914	-0.14022053097835863	0.22310187030387835
0.3505587538721163	-0.1410666849966794	0.22208271515472322
0.3506559150979231	-0.14225038490079395	0.2205583247593139
0.3507423695188118	-0.14310346644836347	0.219471643231779
0.350819679691626	-0.14376491319422535	0.2186156708902786
0.3509217348459691	-0.1444968207323456	0.2176355039603567
0.3510408841952636	-0.14548908425838664	0.21626880737495466
0.35115438144100436	-0.14618508801446883	0.21532783186754828
0.35121893233108503	-0.14666463417936415	0.2146454564240033
0.3513381917051549	-0.14743740545543388	0.21357855166141274
0.3514184757297797	-0.1480715287547928	0.21263956836542583
0.3514875443637825	-0.1486618877103817	0.2117570600614973
0.35155283285976807	-0.149153810025338	0.2110201962880947
0.3516187220828249	-0.1497363431337786	0.2101012964899397
0.35169053283836965	-0.15042297089597156	0.2089773902954303
0.35176529641496057	-0.1508985602291732	0.20821705275277536
0.35180811453506694	-0.1513027481434291	0.20752823941028756
0.35184097725855523	-0.15154541829185503	0.20711998855204536
0.35188337697643207	-0.15194894561456107	0.20639962808426277
0.3519095403395027	-0.15236521719890828	0.2056017113948367
0.3519279739705405	-0.152643920783345	0.20505760677671842
0.35192819777603235	-0.15275104788207255	0.20482846561274654
0.35192624655265303	-0.1530008560741585	0.20427260946312883
0.35192126030603155	-0.1530835611092587	0.20406835047888383
0.35190066450046886	-0.15326524053074148	0.20356624776346482
0.3518845766617472	-0.15332394266196417	0.20335270217049772
0.3518673708789082	-0.1533311809357107	0.20324429962871304
0.35185534673685265	-0.15331753326293426	0.20320618315480604
0.3518354909905093	-0.1532805217475477	0.2031716483704535
0.35180964738226544	-0.15323301535973477	0.20312705188657634
0.35179264750965755	-0.15320186894612603	0.20309766514611294
0.35177688046651406	-0.15317314799803577	0.2030704288747698
0.3517584103756134	-0.15313971901814605	0.20303856788978972
0.3517429168615415	-0.15311177315066643	0.2030118585672962
0.351725473471957	-0.15308038912816568	0.20298178765418845
0.35170482644479956	-0.15304334764139138	0.20294620201892294
0.35168912690227255	-0.15301521145962776	0.20291914514412576
0.35167423081064386	-0.1529885387191196	0.20289347425220208
0.3516514953334909	-0.15294787594748122	0.20285429244716807
0.35163561498686713	-0.15291949465647853	0.20282692655295612
0.3516218362543077	-0.15289488109072052	0.20280318294636646
0.3516062874850865	-0.15286711682089477	0.20277638342073714
0.35159150589270755	-0.1528407302427056	0.2027509077156424
0.35157368577680814	-0.15280892766332832	0.2027201952262603
0.3515554799939521	-0.15277644209368652	0.2026888130687813
0.3515399166963355	-0.15274867743028886	0.20266198864979157
0.35153126224266634	-0.1527332397206177	0.20264707240782515
0.3515104832106025	-0.15269617544467196	0.2026112544221822
0.3515026196673766	-0.1526821494684404	0.20259769854755139
0.3514839982464571	-0.15264893826208398	0.2025655995421441
0.35146328931926996	-0.15261200344138126	0.2025298970954577
0.35145040550944157	-0.15258902624042853	0.20250768572321814
0.3514428334916972	-0.15257552296777477	0.2024946324881733
0.35141923272925363	-0.15253343447833323	0.2024539441750033
0.3514101216750035	-0.15251718658694347	0.20243823635051691
0.35139380949153093	-0.15248809397794588	0.20241010825704603
0.35138098182576644	-0.15246521708337546	0.20238798997389407
0.3513682652475551	-0.15244253844937095	0.20236606308866686
0.35135022819990985	-0.15241037076845465	0.2023349607274702
0.35133886871183406	-0.1523901119474228	0.20231537254208404
0.3513313436783417	-0.15237669170046592	0.20230239653226156
0.35130927515562466	-0.15233733092222318	0.20226433558672113
0.35130173471564535	-0.15232388253987666	0.2022513316454057
0.3512850866780722	-0.1522941901749555	0.20222261991457385
0.3512773465978782	-0.1522803856320632	0.20220927139594475
0.35126101524262393	-0.15225125704717796	0.20218110367400377
0.3512439038698631	-0.15222073619640203	0.20215158847677267
0.35123344391386263	-0.1522020791415407	0.20213354607912112
0.35122209407543875	-0.15218183438296767	0.2021139677808519
0.3512095520407847	-0.15215946206108083	0.20209233066536686
0.3511944327415724	-0.15213249301016768	0.2020662487003209
0.35118392647816493	-0.15211375184730436	0.2020481231472092
0.3511739864764175	-0.15209602050147875	0.20203097388522442
0.35116271356074547	-0.15207591157512268	0.20201152536328484
0.35114690162467926	-0.15204770598960177	0.20198424656922792
0.35113681380779826	-0.1520297102500574	0.20196684067227932
0.3511259072110142	-0.15201025370142612	0.20194802165001804
0.3511155239689328	-0.15199173112249587	0.20193010684899398
0.3511057125850478	-0.1519742278756515	0.20191317643565443
0.35109994855211885	-0.15196394502021598	0.20190323026332962
0.3510802218124792	-0.1519287526757263	0.20186918969285844
0.3510702779172767	-0.15191101251578693	0.20185202963860563
0.35106001232720957	-0.15189269802289762	0.20183431319723766
0.3510540701432587	-0.1518820966664426	0.20182405785928514
0.35104267998624067	-0.15186177578876442	0.2018044009247022
0.3510301901595549	-0.15183949244416695	0.20178284430434895
0.35101743470129776	-0.15181673490157388	0.2017608287190406
0.35100767343714573	-0.15179931914887285	0.201743980203865
0.35099760303144817	-0.15178135165393353	0.20172659768340176
0.35099199941730164	-0.15177135373247858	0.20171692546555767
0.35097971861534577	-0.15174944206903984	0.20169572662536062
0.3509664266603107	-0.15172572592489986	0.20167278134263933
0.3509575324737428	-0.15170985631624095	0.20165742743112738
0.35094910303377674	-0.15169481578171545	0.20164287534584455
0.3509411233400827	-0.15168057760362397	0.201629099445703
0.35093109240479853	-0.1516626792211091	0.20161178201640237
0.35091906375529575	-0.1516412159632196	0.20159101452447353
0.3509113381716516	-0.15162743071099838	0.20157767596741585
0.3509065975586909	-0.15161897164672578	0.20156949051746495
0.3508946552588004	-0.1515976618632497	0.20154887044219505
0.3508824940728601	-0.15157596123994688	0.20152787253429916
0.35087437700058227	-0.151561476810606	0.20151385618086098
0.3508691177888887	-0.15155209199299235	0.20150477474539763
0.3508604268810335	-0.15153658334755649	0.20148976703961424
0.3508494091532025	-0.1515169223414935	0.20147074150851751
0.3508384922476255	-0.15149744099479123	0.20145188914525625
0.3508308360879494	-0.15148377837420807	0.2014386662611981
0.35082386443819114	-0.15147133717413092	0.2014266253651799
0.35081661547041965	-0.15145840096786756	0.20141410551772013
0.35080911880252735	-0.15144502265430054	0.20140115701717365
0.3508010476505136	-0.1514306190029826	0.20138721589251818
0.3507904816022942	-0.15141176268930656	0.2013689661312214
0.35078321804128565	-0.15139879996984157	0.20135641937375653
0.35077601863294694	-0.15138595162175494	0.20134398320363733
0.3507664155552621	-0.1513688134074529	0.20132739461143878
0.35075905023799386	-0.15135566864565353	0.20131467163080952
0.3507523731503191	-0.15134375211804701	0.20130313677369047
0.35074515694161496	-0.1513308733259014	0.20129067021231684
0.350735453661504	-0.15131355562795484	0.20127390683332638
0.35072857497887555	-0.15130127896425638	0.20126202272972274
0.35072217229095753	-0.15128985178798293	0.2012509604272978
0.3507149520982439	-0.15127696539110547	0.20123848577628423
0.35070808953090116	-0.15126471717612988	0.20122662865339447
0.3507011401370697	-0.15125231390181587	0.20121462114094207
0.3506945628200023	-0.1512405746065666	0.20120325625984312
0.3506865173094551	-0.15122621474468273	0.20118935402301025
0.3506801946445748	-0.15121492971158756	0.20117842871846892
0.3506739371367611	-0.15120376094043853	0.20116761550584988
0.35066723111296416	-0.15119179158721913	0.20115602672889232
0.35065893454252217	-0.15117698301883503	0.2011416895127926
0.35065287921013627	-0.15116617487632944	0.2011312245523831
0.3506471385536502	-0.15115592831713554	0.2011213031964719
0.3506409309477235	-0.15114484819091328	0.2011105746392187
0.3506327331128816	-0.15113021540394034	0.20109640634954795
0.35062666651456664	-0.15111938679802367	0.2010859207698823
0.35062090638320637	-0.1511091051371703	0.20107596466240016
0.35061315463960746	-0.15109526820682356	0.20106256633909228
0.3506075669990067	-0.15108529424591743	0.20105290787134675
0.3506014910721622	-0.15107444856042768	0.20104240525943756
0.3505985972538497	-0.1510692829997241	0.20103740298824374
0.35059069238444623	-0.15105517227819654	0.20102373875474122
0.3505829098860762	-0.15104128002349876	0.20101028506724156
0.3505780138068844	-0.15103254016572792	0.2010018208352639
0.35057292205088325	-0.1510234508868723	0.20099301829221727
0.3505694867691289	-0.15101731864294904	0.20098707903691476
0.35056063784923	-0.15100152237544134	0.20097178005267996
0.35055480492743607	-0.15099110978365599	0.2009616953657925
0.35054970711324757	-0.15098200950870422	0.20095288110105974
0.3505448700041747	-0.15097337452057635	0.2009445175195327
0.3505398521043837	-0.15096441666806393	0.20093584129383285
0.35053424732552674	-0.15095441117762365	0.20092614976928824
0.3505274216483207	-0.1509422259945843	0.20091434693549512
0.35052277133262977	-0.15093392411071965	0.20090630566435297
0.3505198402272502	-0.15092869145391147	0.20090123696921736
0.35051207147811464	-0.15091482236634773	0.20088780247530147
0.3505082807584662	-0.15090805494148102	0.20088124703619836
0.3505035865378897	-0.15089967450889774	0.20087312889068862
0.3504985552869948	-0.1508906923740368	0.20086442755095302
0.3504939723276424	-0.150882510516351	0.20085650127758908
0.3504861618667986	-0.15086856651246228	0.20084299262543737
0.35048395326158777	-0.15086462343283696	0.20083917267552603
0.3504779586059229	-0.15085392097514283	0.2008288041846156
0.3504745206697917	-0.15084778315938163	0.20082285750663967
0.3504686419867995	-0.1508372875924559	0.20081268909250566
0.35046219753491076	-0.15082578187396606	0.20080154155145527
0.35045784450623924	-0.15081801001873568	0.20079401156402937
0.3504539941501787	-0.15081113557620723	0.20078735097639017
0.350450007815066	-0.15080401844207625	0.2007804547413997
0.35044748098339706	-0.15079950697099814	0.20077608349257836
0.3504398152211739	-0.1507858202778069	0.2007628216989221
0.3504375247787121	-0.1507817308285318	0.20075885908531463
0.3504333248899926	-0.1507742321090067	0.2007515929183811
0.35042778593558754	-0.1507643424483009	0.20074200980645313
0.35042384781613284	-0.15075731097424283	0.20073519616406238
0.3504182659644012	-0.15074734460609573	0.20072553818627933
0.3504145857734982	-0.15074077359370186	0.20071917036249143
0.3504107685104985	-0.15073395774935772	0.20071256529315853
0.3504066732131231	-0.15072664555754278	0.20070547868912453
0.3504019652899819	-0.15071823936520407	0.20069733191712968
0.350398426988388	-0.1507119215029153	0.20069120900014567
0.3503949193459379	-0.15070565834025068	0.200685139008036
0.35038941036731835	-0.15069582163854106	0.20067560526374134
0.35038582422350545	-0.15068941817366716	0.2006693991026639
0.3503839672934111	-0.15068610240848923	0.20066618543276601
0.35037998121493136	-0.1506789848286556	0.20065928672359476
0.35037573190042937	-0.15067139712502436	0.20065193227863837
0.3503721219952907	-0.15066495106898947	0.20064568441118105
0.35036751669301003	-0.15065672757106902	0.20063771341511097
0.3503651588049487	-0.1506525171279467	0.20063363226905573
0.3503623786622417	-0.15064755264913254	0.2006288201727469
0.3503560296990576	-0.15063621533599542	0.2006178303687026
0.3503541696954986	-0.1506328938568805	0.20061461077516846
0.35034992419123734	-0.1506253125464999	0.20060726164182965
0.35034517254354214	-0.15061682731193254	0.20059903610579202
0.35034296079506366	-0.1506128776821984	0.20059520723519067
0.3503404896234382	-0.15060846476750195	0.20059092918696575
0.3503360054077146	-0.15060045698681257	0.20058316598621426
0.3503314396235867	-0.15059230339776353	0.2005752614196378
0.3503285206130126	-0.15058709060105174	0.2005702076656613
0.35032563118792015	-0.1505819306422892	0.20056520495757996
0.3503225003432897	-0.15057633944818477	0.20055978425304472
0.35031928447732064	-0.1505705965015457	0.2005542159915199
0.35031558778821054	-0.15056399478410187	0.20054781511093805
0.350312685437612	-0.15055881158647733	0.20054278952156682
0.3503096863373772	-0.1505534555804378	0.20053759626478956
0.3503057313045121	-0.1505463923386678	0.20053074752703454
