0.3499977806737342	-0.14999884387268292	0.20154843217456436
0.3499977806737342	-0.14999884387268292	0.20154843217456436
0.34999724534790666	-0.149998592974664	0.2018604987978517
0.3499967160556734	-0.14999834468724732	0.20216384664732912
0.34999587667493404	-0.14999795493598794	0.2026258971098418
0.34999528478241815	-0.1499976605340969	0.20297901033537077
0.34999467686718305	-0.14999737817294145	0.20329632309698686
0.3499941452343586	-0.149997160596459	0.20351280126361843
0.34999339980499505	-0.14999680364758405	0.20390862653912833
0.34999238074980343	-0.14999630636840655	0.20444370944151075
0.3499912382170055	-0.14999575336901777	0.20500468616822026
0.34999070914159836	-0.14999544119571723	0.20537128240602598
0.3499899830213206	-0.14999504481840847	0.20578858055860422
0.3499891464020868	-0.14999464122924006	0.20613911833019388
0.34998821930543433	-0.14999415660468685	0.2065867874712014
0.349987405973425	-0.1499936883116541	0.20704476996403876
0.34998666102772147	-0.14999326911329586	0.20741536596715016
0.3499861282716034	-0.14999296809141047	0.20766907140526986
0.34998517176095506	-0.14999235417128495	0.20825164723371278
0.3499845191607721	-0.1499919432431242	0.20859216197318095
0.3499839327604716	-0.1499915475473962	0.20893395295514475
0.3499835093076854	-0.14999123114403184	0.20923139078790404
0.3499831485572008	-0.14999096880524804	0.20943964818692173
0.34998238410672383	-0.14999035519500614	0.20994736778314232
0.34998224067654893	-0.1499902181974091	0.2100789792454203
0.3499819009786914	-0.14998986826045063	0.21040614530627264
0.34998168558693377	-0.1499896294156608	0.21060831271624253
0.34998152931820364	-0.14998937889424882	0.21086438614280062
0.3499815053101786	-0.14998927593678563	0.2109991630683905
0.3499815271951501	-0.14998920756673162	0.21111180569819743
0.34998157551488623	-0.14998919430812074	0.21117185945001016
0.34998166112127344	-0.14998918783111695	0.21124114632399493
0.3499819024383519	-0.1499892799899399	0.21129191838228548
0.3499820771355396	-0.14998941201447533	0.21126284346543212
0.3499822496140712	-0.1499895789868336	0.21120363409582188
0.34998248953008704	-0.14998989230591425	0.21105149071563112
0.3499826423165698	-0.14999016132502568	0.2108947478341062
0.34998276272905177	-0.14999049285294241	0.21068879751968506
0.34998279767908674	-0.14999090378942442	0.21042691725400967
0.3499827602132992	-0.14999130378421377	0.21014442657402654
0.3499824748761121	-0.1499920000299676	0.2096308557090198
0.3499821408349021	-0.149992470017293	0.2092609633017348
0.34998191542317836	-0.14999278169241115	0.20898676509036174
0.34998106697945386	-0.14999351678550837	0.20832260811364564
0.3499798850795609	-0.1499943257768347	0.20750206511769653
0.3499789774247822	-0.1499948352039117	0.2069151322054028
0.3499774915647383	-0.14999540202310163	0.206223532193244
0.3499760582047179	-0.1499959325749997	0.2054986674807588
0.3499734340499463	-0.14999666706293857	0.20434987715078118
0.34997121506034984	-0.14999715322156937	0.20345769952000206
0.34996816332910813	-0.1499975831420991	0.20249635368699354
0.3499633559632302	-0.14999807025420997	0.20105376439611827
0.349957757366026	-0.14999824036541726	0.19982375787062623
0.3499663248294257	-0.150081347429958	0.19915421968479008
0.3500199822855851	-0.150525931669724	0.1979559181313788
0.35013067808724446	-0.15142717441827475	0.19650998617646837
0.3504197246306571	-0.15380859589040086	0.1939452403423043
0.3505539476978629	-0.15491116430395752	0.1930078556683094
0.3509369618395411	-0.15799761209086133	0.19074617294604918
0.3512627798809016	-0.16062088434507032	0.18903569095628614
0.3517847785948556	-0.16490239446710397	0.18649325405972197
0.3521917070879866	-0.16823471251420435	0.18465821251677408
0.3524365771347431	-0.1702955185543852	0.1835681974154561
0.35305233592315993	-0.17553342718073894	0.1809018278225097
0.35351929615944766	-0.17955645244904223	0.17894438516075123
0.354304327471999	-0.18610361558992278	0.17589019110915238
0.3546551885398719	-0.18902895686568483	0.17456175164709853
0.35544480734120765	-0.19577452405945567	0.1715644841033749
0.3562995794070438	-0.20319076994285107	0.16836848117823006
0.35692533904395846	-0.2087370322083547	0.16602472852239852
0.35751561127745624	-0.21398430365808824	0.1638410080305372
0.3585442473212454	-0.2227635723242361	0.16022878422521225
0.3592007930100614	-0.2286176253145384	0.15785415650947388
0.35961493478358864	-0.2321393274433753	0.15643134735259295
0.36063884302537746	-0.2410078262543437	0.15287885510821914
0.36166586107612475	-0.2503799264198912	0.1491634056718386
0.3623418803696003	-0.2564594771860608	0.14676302848732392
0.3631118435194852	-0.26318851361521023	0.1441079663985706
0.36388305091651135	-0.2699700303876676	0.14143588494372844
0.364998813715922	-0.2799890204596674	0.1374930584683901
0.36590980792113986	-0.2875773395217587	0.13449276302664354
0.3666322495467243	-0.2942060932431108	0.1318760015332623
0.36739197638178367	-0.30113372630760876	0.12913205631135372
0.36785040213314907	-0.3053552402214909	0.12745389168818538
0.36902969098841404	-0.3155488024529974	0.12337304964430101
0.36994833163926377	-0.32359500661552404	0.12012680428029449
0.37095458102917506	-0.3324596422284842	0.11651636954532579
0.3716497549221892	-0.3389037323138239	0.11386377755567278
0.3723910348550294	-0.34585659898061627	0.11097563573688646
0.37312075165941494	-0.35211804907995825	0.10833904215735746
0.3741474158561801	-0.36106151739199105	0.10451787147040176
0.3748443529928783	-0.3673600394449149	0.10178135026944773
0.3755285730737325	-0.3735184639862045	0.09905873950287136
0.3762395647685882	-0.3795244925147659	0.09636451640044041
0.37699307797301396	-0.3863917626594814	0.09321020345913394
0.3776302026185559	-0.39178696559712983	0.09067673117182584
0.3783616350410234	-0.39794423180308347	0.08771364732324433
0.37888983140842947	-0.4025260775595497	0.0854520357092386
0.3796835786198244	-0.4095215743378926	0.08187649309910733
0.380219449933792	-0.414069671089636	0.07946400349948879
0.38099480723878154	-0.4209057231554679	0.07567628610243965
0.38126152754784354	-0.423102820993122	0.07440803059505219
0.3819875137121482	-0.4288671314173614	0.07089718945174078
0.3824162782668261	-0.4324373317099672	0.06856245824398288
0.38279392513743715	-0.4357513588618334	0.06625816901226644
0.3833216914363362	-0.439873659205368	0.06309006086359831
0.3836285727613483	-0.44232110694416404	0.06102479287866197
0.3838944382304216	-0.44446155387469016	0.05900722948205589
0.3841200340073473	-0.44619601751941607	0.05713963088914564
0.3844261842274409	-0.4483989988279656	0.054154431907358636
0.3845723393930257	-0.4493222418210334	0.05229036268104209
0.384675056741295	-0.44988121386007124	0.05056754884373016
0.3847353442842957	-0.45008995235369365	0.048983397394714134
0.3847650829478999	-0.45006930840378834	0.047284737380503594
0.38480361062821694	-0.45003888319675495	0.04538235296465826
0.38484299954782014	-0.45001329634964254	0.043564784104505594
0.38488410235061254	-0.4499789175519021	0.041459708516489946
0.3849062106246653	-0.4499625551759555	0.04037755601351817
0.38496398075039917	-0.4499187845236021	0.03750686799276648
0.3849816643149834	-0.4499036247660753	0.03657889108078538
0.3850270375984985	-0.4498665957476464	0.03423761669760911
0.38505664397349904	-0.449844584217793	0.03276024281835849
0.38508481898151353	-0.44981860067833823	0.03121850110463592
0.3851324753067001	-0.4497844899999866	0.028864241079335273
0.38516025965901446	-0.4497620666986348	0.027421590107691518
0.38519040818009365	-0.4497377154841737	0.025854142947599634
0.3852074444266131	-0.44972419917523954	0.024974387299027512
0.38526719234980317	-0.4496797467143203	0.021967182330913326
0.3852943651108811	-0.4496588742195526	0.020583014486691698
0.3853253868445705	-0.44964055723656526	0.019152500068197853
0.38535653187647745	-0.44961792325548433	0.017604885672411696
0.38539936847137035	-0.44958776258839594	0.01550804328376576
0.38541555795095783	-0.4495753635963576	0.014691007615854235
0.38545641234084194	-0.44954435441045204	0.012644372297872464
0.3854973947069808	-0.4495169121256736	0.010701776534381757
0.38552807941538353	-0.4494992590362382	0.009332570416881458
0.3855569561782718	-0.4494822801106211	0.008041808680928908
0.38559684871503275	-0.44945362270024114	0.006136735593427811
0.3856259754471506	-0.44943355567816484	0.004780878921123943
0.38565475175994973	-0.4494136008083762	0.0034494369871682085
0.38567072795185264	-0.44940346828478145	0.002740391706321066
0.3857247995189865	-0.44937741381791196	0.0005803922714074927
0.3857436455435851	-0.44936636731962126	-0.00021279812319435765
0.3857820495691991	-0.449344719749487	-0.0017879736714419558
0.3857993022467178	-0.4493372320757729	-0.0024300773422428756
0.38585188354248345	-0.4493103600357088	-0.004454314663364878
0.3858796114161052	-0.4492970981832307	-0.005475993630225273
0.3858971763113622	-0.4492887861035715	-0.006110985357418164
0.38593624327180603	-0.4492711653021772	-0.00747977734623767
0.3859795694122371	-0.44925132490348174	-0.00896483973151796
0.3859944815468358	-0.4492448245327454	-0.009457016856753986
0.38603463710031516	-0.4492285228359822	-0.010725945952214155
0.3860646109267081	-0.44921860722384643	-0.011597046223125851
0.3860919981554034	-0.44920995446570566	-0.012360243408052418
0.3861366906741282	-0.4491971045063651	-0.013536039890475027
0.3861638587191222	-0.4491872861435806	-0.014263544877765877
0.38619307057311286	-0.44917835435055614	-0.014988630320477314
0.38621072247159627	-0.44917298132636985	-0.015412837494546139
0.38626500494013394	-0.4491593046820421	-0.01659769172604525
0.3862814345619451	-0.44915493647007765	-0.01694267940936728
0.386321678848952	-0.4491462549839906	-0.017706386652907635
0.3863556240228362	-0.4491397674834656	-0.01829300776708548
0.38639191543105644	-0.4491330766763441	-0.01887291148835263
0.3864245579969644	-0.4491278856462003	-0.019334185137023674
0.3864400087479546	-0.4491253423815743	-0.019540475704126592
0.38649685563914127	-0.44911752978004227	-0.020199962436605823
0.3865275210991883	-0.4491144412872295	-0.020478277305067072
0.3865550926190101	-0.44911186875640474	-0.020697559308131552
0.3865838327492803	-0.4491093968500791	-0.02089286242157834
0.3866276816406214	-0.44910624372787517	-0.021117907326317964
0.38665570650907227	-0.4491047937996124	-0.021204952195316706
0.38667793981243054	-0.44910383339856974	-0.021249749183778144
0.38670546417947266	-0.44910294655918387	-0.021261383743505613
0.38675021890376715	-0.44910175205249914	-0.021244032800041723
0.386799853322745	-0.44910046390477876	-0.0212247497580606
0.3868362796457292	-0.4490994573304415	-0.02121063218850855
0.38687579636752356	-0.44909833841944397	-0.02119533181326022
0.3869181125720855	-0.4490970833940088	-0.021178980346303833
0.38697828102944554	-0.4490952478896777	-0.021155759762069792
0.3870283312756059	-0.44909372032315475	-0.021136443976734864
0.3870732496258792	-0.44909234625277084	-0.021119110093556104
0.38711991999359746	-0.44909090809329016	-0.021101106094980837
0.38718200847084905	-0.4490889854028613	-0.021077159295587844
0.38721506476404477	-0.44908796971168236	-0.021064404227044364
0.38732120419727456	-0.4490846154173464	-0.021023509206212376
0.3873797508995957	-0.449082767114841	-0.02100094946584824
0.3874346078198947	-0.4490810172559898	-0.02097982391446851
0.3874933081110034	-0.449079130886342	-0.020957227846338022
0.3875857319447612	-0.4490761762165959	-0.02092163801777802
0.38762173685822565	-0.44907502670658755	-0.020907771972421607
0.3877089190363281	-0.44907220984709695	-0.020874223252350388
0.3877689182341624	-0.4490702817727633	-0.0208511253953369
0.3878554986317929	-0.4490674959997175	-0.020817797069652033
0.3879315720666328	-0.44906503345013304	-0.020788526277556174
0.38799938228826747	-0.4490628396089903	-0.020762433255590518
0.3880943170710869	-0.4490597656042744	-0.020725904997527245
0.38816006323973223	-0.44905762255662274	-0.02070062303160919
0.38822893530090663	-0.4490553792729453	-0.020674137325155884
0.388267912509182	-0.4490541111040215	-0.020659146559861896
0.38836382079506876	-0.44905098484316724	-0.02062226759451713
0.38847151864275936	-0.4490474708677318	-0.020580861108653814
0.3885400547243373	-0.4490452352965084	-0.02055451119782603
0.38861124231189326	-0.44904291427662374	-0.02052714081533774
0.3886495524554132	-0.4490416628755668	-0.02051241595413239
0.38874317600316055	-0.4490386054560155	-0.020476430819013625
0.3888185235467461	-0.44903614844120826	-0.020447464814232263
0.38890988147150773	-0.449033167906123	-0.020412349980098998
0.38897160153118693	-0.44903115267287375	-0.020388633103322784
0.3890380624421198	-0.449028984220863	-0.02036309271330783
0.3891006876925466	-0.4490269411357116	-0.0203390285895374
0.38919222737011416	-0.44902395410010265	-0.020303862841843323
0.3892401637953827	-0.44902239186413156	-0.02028544427769491
0.3893085568258262	-0.4490201627721564	-0.02025917172024838
0.3893650201385189	-0.449018323024469	-0.02023748575518619
0.38941532487745467	-0.4490166850328038	-0.020218165608883343
0.38944587415503423	-0.4490156909419391	-0.020206432655246298
0.389522228552575	-0.44901320630555464	-0.02017711927268312
0.38957389748452265	-0.4490115266351802	-0.020157285047003703
0.38963947655555203	-0.44900939725642175	-0.02013211441352225
0.3896762794163591	-0.44900820369712874	-0.020117991597883356
0.38974234510595157	-0.44900606485336003	-0.020092641919512322
0.38976312606289937	-0.4490053927757864	-0.02008467043728912
0.3897994579212943	-0.4490042190616545	-0.020070736480331752
0.3898333764389215	-0.4490031253494133	-0.020057731552694746
0.38989366453130003	-0.44900118658200944	-0.02003462930911243
0.38992013492804845	-0.449000338571082	-0.02002449249384547
0.3899453240709208	-0.44899953488247385	-0.02001485027459854
0.38996609865846177	-0.4489988745264604	-0.020006905910126993
0.3899921779342579	-0.4489980517363569	-0.019996945347712902
0.390001407070324	-0.4489977644659579	-0.01999342475276944
0.3900134660597389	-0.44899739287418444	-0.019988833264114547
0.39002455755176235	-0.4489970615419585	-0.01998463523369859
0.39003085223078926	-0.44899689507325996	-0.019982289916411933
0.3900353643891411	-0.44899748912264037	-0.01983243236447002
0.3900539901327613	-0.44899907993928106	-0.019095873019250642
0.3900801464785107	-0.44899947961831643	-0.017983516928517407
0.3901348002446828	-0.44899602115281156	-0.015456504930717319
0.3901797789978896	-0.4489810830847287	-0.012885624482759483
0.3902052613185983	-0.4489709173355196	-0.011344704589771826
0.39026055531908904	-0.448932909286033	-0.0073405545008286555
0.39032022354836154	-0.44890370930226786	-0.003359402231874642
0.3903892399513252	-0.44884170812442964	0.002488935102940404
0.39042983756736105	-0.44878673374036027	0.006783544310985157
0.39049029449836625	-0.44874493478510186	0.011660585070713991
0.39051369018387283	-0.448654995994129	0.016753911337414884
0.39052439846451265	-0.44858374812995294	0.020451849046641823
0.39058048551735075	-0.44842939591573544	0.030584295259413308
0.3906019362704823	-0.44831631944364037	0.0371327039616976
0.3906192331789783	-0.448203233506766	0.04363108772615043
0.3906564841975079	-0.44812177293527483	0.050079808389583036
0.3906624500114293	-0.4480565839850325	0.053792339214982665
0.39066136815496605	-0.4478279597177611	0.06577769426214247
0.39065800819672897	-0.44775409766301116	0.0696291350064861
0.3906541499970221	-0.44758763855130784	0.0789894457917974
0.3906293423457393	-0.44743805560423155	0.08600657555822966
0.39062778942675136	-0.4472844007639708	0.09647347954885915
0.39062314249600305	-0.44721630263535955	0.10110114829938899
0.3905845852873633	-0.44703725005133227	0.11126712094285929
0.39055859652643155	-0.4469521306815071	0.11587264660887342
0.39050709345948853	-0.4467986241098198	0.12531380136724551
0.3904579594345828	-0.4466825536778929	0.13282824620265593
0.3904094012905436	-0.44660046011143084	0.13991228960423202
0.3903366994057477	-0.4464975902981693	0.14746474568061707
0.39023602722780903	-0.4463850317228333	0.15589277955287245
0.3901375136557854	-0.4462970801052	0.16243545934041304
0.39003945061362816	-0.4462481982527099	0.1684776452652177
0.38995325818948845	-0.44620036441507566	0.17281994747017498
0.38972609231664235	-0.4460971821324911	0.18204840158620988
0.38961128511744075	-0.4460645419131294	0.18592925050095935
0.3893915535656997	-0.4460097254304153	0.19220212247802437
0.3891843520956307	-0.4459856533776638	0.1969450565030973
0.3889556330722723	-0.4459686080954178	0.20128984395439983
0.3887102276701308	-0.44595084827665016	0.20516058677356347
0.3883489295071697	-0.445944003729462	0.20976433198614153
0.388049450002918	-0.4458716907238492	0.21274947448164874
0.3877270103944618	-0.44530967005736294	0.21544976725671075
0.38718088163260633	-0.443599688836259	0.2193133567588008
0.38696647511567417	-0.44275530185532885	0.22066862886591115
0.38626952685897004	-0.4392165479453203	0.22438781427779103
0.3858179220047971	-0.4366323967593387	0.22651778111156184
0.38501423259814943	-0.4315399596245039	0.22984075269094223
0.3844791429630286	-0.4279379074933674	0.23180801240657742
0.384142405525237	-0.42553454298251053	0.23294613490855612
0.3835220713610613	-0.4209780255537005	0.23489625709807083
0.38259370699862677	-0.4138585388629607	0.23752032396908102
0.38154852306961556	-0.4054321920172293	0.24010572346339254
0.3809588953129499	-0.4006882854540505	0.24145289918178398
0.37995288182337594	-0.392208911043508	0.24353954666936273
0.37917869919042085	-0.38559688567354095	0.24500871871565721
0.37835066095190706	-0.3783604328325966	0.24644959332319483
0.3778686460123146	-0.3739498877364521	0.24720870066111447
0.37676318160448397	-0.36396490686298794	0.24886209933377718
0.3757683669335437	-0.35494166718370246	0.25023260148523235
0.3747258494795519	-0.3452341846230418	0.2515280372469436
0.3738249817537685	-0.33668436930331946	0.2525303854843435
0.37294229976589033	-0.32834890599548033	0.2534847026319902
0.37170052153283106	-0.31627548948892065	0.2546578424935413
0.371099604109284	-0.3104434528208767	0.25520757592537163
0.36991180776854543	-0.2990021485372119	0.2562347259900325
0.3690165490985043	-0.29008867011584294	0.25690369550376635
0.3677573827200331	-0.2775083341557638	0.2577776292807491
0.3667663371342036	-0.2677270842355115	0.2584607492511367
0.3662898720374424	-0.2630096177319459	0.258789102499718
0.36505757938688754	-0.25029466687983887	0.2594218336394105
0.3641340132625354	-0.2407555770093885	0.2598845465970392
0.36282963012171815	-0.22727176687143347	0.26050112226158806
0.36226027043077635	-0.22134151851084316	0.2607467730802836
0.36121624021600773	-0.21033984159403285	0.2611482381551818
0.36035861915734735	-0.2010658986006627	0.26136183305448274
0.35921226460758016	-0.18866318937708465	0.26163858702062737
0.3584664039263275	-0.1806603006213105	0.26184066612588597
0.3576324074053438	-0.17163815130484036	0.26202681249292525
0.3564469746121061	-0.1587641639793018	0.26225405817508624
0.3557194248331832	-0.150566941434645	0.26222568324294326
0.35502717944968	-0.14285704790393944	0.2622396165199907
0.3546272658799908	-0.13838727392867123	0.2622314287086832
0.3533921513576609	-0.12470850835998669	0.26224089326379874
0.35274810728830547	-0.11740668579381382	0.26213847356290015
0.3524246902506821	-0.11371621325447327	0.262069594749228
0.35161230550352546	-0.10447803941073804	0.2618912097972536
0.3512869252464303	-0.10077109152979478	0.26180651146966166
0.3504090464582831	-0.09089171864005864	0.2616016937328148
0.34971776158299567	-0.08302857005247087	0.26137876824565537
0.3492804372332769	-0.0780468510439556	0.2612200700821117
0.34898938218235664	-0.07470268147203372	0.261096840784788
0.348294126381172	-0.06639322423867668	0.260674035626423
0.34794547771092826	-0.06220069377278632	0.2604419020729437
0.34766819826954143	-0.05881024437149933	0.2602341745812712
0.3475249131187702	-0.05700923382409491	0.260109351730352
0.3472121123444996	-0.052984380851769555	0.2598028409781627
0.3470029194619428	-0.05017888583128706	0.2595566253399977
0.34694304104839513	-0.04930747837638742	0.25946373103213716
0.3468510588003111	-0.047806731960676405	0.2592680125189737
0.34685646925498526	-0.047517731393322785	0.25915699652324614
0.3468981822448425	-0.047551189741247654	0.2590355102220826
0.346926855249059	-0.04757432432569379	0.25895199146160164
0.34695280445184457	-0.04759520375517699	0.25887639726994827
0.34699357553419446	-0.047627834740781305	0.25875754180828003
0.34701003836239264	-0.04764098001847823	0.2587095746038286
0.3470506459229366	-0.04767327474765949	0.2585911386634019
0.3470743302849923	-0.047692082150717616	0.25852205791666083
0.3471001400195341	-0.04771254255231515	0.25844676487123963
0.34713950497505813	-0.047743694363767006	0.25833190862257394
0.3471555606810476	-0.047756388376493805	0.2582850584641712
0.34719081821200354	-0.047784249050776675	0.2581821675580092
0.3472065810875663	-0.047796696142493086	0.2581361685694625
0.3472543761760851	-0.04783441085451447	0.25799670681444975
0.34726978411303033	-0.047846566375347135	0.25795174042552677
0.3473035757683335	-0.04787321684587663	0.25785312883949163
0.34732839355293804	-0.04789278634136861	0.25778069992347824
0.3473635465590903	-0.04792049663711752	0.2576781296307681
0.3473887956591913	-0.04794039571483756	0.2576044680042175
0.3474034445519764	-0.0479519415426931	0.2575617205268025
0.34743558647055595	-0.04797727298686173	0.25746792918971634
0.3474703365370092	-0.048004655596559045	0.2573665470286991
0.34749156789876834	-0.048021385106151795	0.25730460564756275
0.3475146408309273	-0.04803956627663132	0.25723728469791574
0.34753647534351023	-0.04805676966692858	0.2571735917254653
0.34756793760406535	-0.048081560248091806	0.25708180081460236
0.3475805936522476	-0.04809153200865511	0.25704488151178984
0.34761050942509497	-0.04811510274740528	0.25695761500612724
0.347632438104847	-0.0481323793093293	0.25689365868321024
0.3476645536643775	-0.04815768426730811	0.25679997217012196
0.3476860029336866	-0.04817458387799563	0.25673741230153446
0.3477008266470012	-0.04818626403476632	0.256694171721387
0.3477283621797532	-0.04820796029596715	0.25661385412791904
0.3477501816810209	-0.048225153838676024	0.256550202481978
0.34777086738063034	-0.048241453072775484	0.25648986861570205
0.34780202740503174	-0.04826600734995369	0.2563989735602613
0.3478230760291172	-0.04828259168510031	0.25633759547435353
0.34784133418660684	-0.04829697773028356	0.2562843539203614
0.3478611977064554	-0.04831263025119707	0.25622642012596625
0.34788850170056934	-0.0483341451833184	0.2561467959193665
0.3479011864179023	-0.048344140752447876	0.25610980383926596
0.34792634961769714	-0.04836397027817073	0.2560364168099396
0.34793632938610125	-0.04837183474480146	0.2560073122616964
0.3479725116294058	-0.04840034811201098	0.2559017956689752
0.3479903526925456	-0.04841440757552608	0.25584977142047893
0.34800961153337306	-0.048429583671161416	0.25579362083572393
0.3480279138636206	-0.048444006778810875	0.2557402552845147
0.34804524950521765	-0.048457667828244164	0.2556897127924983
0.3480709512685418	-0.04847792141623823	0.2556147846933521
0.34808871277677716	-0.048491919518745055	0.25556299424654505
0.3481056286831297	-0.048501600886896604	0.25551367310338213
0.34812615787902107	-0.04845038974793499	0.2554538335302453
0.34814468604783505	-0.04834494723913692	0.2553998465660872
0.34817645654355545	-0.048050747164179716	0.2553072934143029
0.3482010895314527	-0.04776088707537522	0.2552354947747183
0.34822146648597885	-0.04748673907534244	0.25517610150392417
0.34825208949322123	-0.04701322613289939	0.2550868316144438
0.3482854611028165	-0.04643687112106619	0.2549895029860332
0.3483206461572655	-0.045767521864021124	0.25488688859244907
0.3483542433552291	-0.045088384666108774	0.25478880078834
0.34838524523735026	-0.044423778451242776	0.2546983329557746
0.3484154592752941	-0.04375166071541668	0.25461010612400725
0.34846197642718174	-0.04266454518752551	0.2544741067472752
0.3484808458371445	-0.042208933304450205	0.2544189709085396
0.3485297584328878	-0.040988854506540676	0.25427597357123316
0.3485494663335471	-0.040485880079192696	0.25421838927360085
0.3486007635874802	-0.03913885094981444	0.25406830428847993
0.34865183515752163	-0.037753767653487105	0.25391884908034357
0.34868666055959213	-0.036786024035591766	0.25381682304439374
0.34872350341995545	-0.03574397665827282	0.25370886481357435
0.34874472649176363	-0.0351421676882762	0.25364679974583915
0.34879985261899027	-0.03353398514468171	0.253485088450702
0.3488555746564166	-0.031874977757182996	0.25332158812174327
0.3488901454870449	-0.030829586145040874	0.25322010247890225
0.34892780390963485	-0.029669792819627575	0.2531093504257734
0.3489658625128319	-0.028496623060311213	0.25299763450807755
0.3490185573010445	-0.026839144656492245	0.25284263502967586
0.34905480025346747	-0.025690395648293327	0.25273607439369067
0.3490913076306383	-0.024533079383618053	0.25262891567151025
0.3491456573787265	-0.02279038122586112	0.2524692725994049
0.3491836447398222	-0.021572044362279483	0.2523578950531789
0.3492208604699052	-0.020354829623032714	0.252248448155599
0.3492707643823289	-0.01870058142456342	0.2521015058407594
0.3492972600716391	-0.017822143911956898	0.25202359434012134
0.3493300714896648	-0.016722573492452278	0.25192695302311197
0.3493642223137941	-0.015579458733220461	0.2518264991912813
0.3494053097129688	-0.014189572335027531	0.2517054939844154
0.3494365336025732	-0.013120104359660947	0.25161339095988033
0.34948595256196546	-0.011416517564586351	0.25146758160468696
0.3495200297618708	-0.010237656098778483	0.2513670688686514
0.3495660831514834	-0.008663936291980492	0.25123175041092766
0.3495944116694202	-0.007685093835491499	0.25114839491749213
0.3496285896681971	-0.006502813850893699	0.2510478812269903
0.34965775229304263	-0.005489418299527496	0.2509621205858751
0.34968744904296606	-0.004468713848812658	0.25087505273343536
0.34972519728248996	-0.0031627059012502984	0.25076433767136974
0.3497511039614963	-0.0022698073089644083	0.2506884826430573
0.3497674348107875	-0.0017052477252955528	0.2506406648570866
0.3497992200786249	-0.0005967268557435373	0.25054752845048456
0.3498321943928878	0.0005425455424238751	0.2504511912740053
0.3498510700422638	0.0011996913040025065	0.25039602767005253
0.3498691783699463	0.001824379497207998	0.25034323626137434
0.3498866508162039	0.002424981972521237	0.25029237958485123
0.3499094984066694	0.0032094678722960762	0.25022597353297726
0.3499241910370975	0.0037161818582366474	0.25018331378041897
0.34993594532403594	0.004116638997793534	0.2501492966352821
0.3499464010189533	0.004472173214363953	0.2501190961861847
0.3499512769196119	0.004638031077042706	0.25010504192714267
0.349963916073045	0.005058380197191223	0.2500688273984637
0.34996833188790294	0.005200314214328747	0.25005632658348165
0.34997000733707995	0.005247275160937467	0.25005176373109467
0.34997042193609723	0.005248327739799427	0.2500509145305134
0.34997056283769695	0.0052471375725733765	0.2500506693678823
0.3499709352511996	0.005243974660687503	0.2500500121574416
0.349971339258669	0.005240543833323744	0.25004929948658106
0.3499715874773242	0.0052384425245093486	0.25004886519697145
0.3499718578680442	0.005236155517643851	0.25004839319989103
0.34997210359186903	0.005234074615916365	0.25004796292106013
0.3499723768002018	0.005231767357518027	0.25004748791931763
0.34997265419801826	0.005229422640289708	0.2500470045377107
0.3499729796670316	0.005226668363802298	0.25004643568101775
0.34997321595324554	0.005224669898069315	0.250046023284047
0.3499734608129102	0.005222600369915495	0.2500455966880797
0.3499738293387101	0.005219486574203583	0.2500449551334897
0.3499739856761573	0.005218165899805102	0.25004468311126493
0.3499743162339432	0.00521537535902887	0.2500441089238196
0.34997453087265556	0.0052135645423063565	0.25004373667642066
0.34997476395339333	0.005211598633844475	0.25004333269733925
0.34997501453736907	0.005209482588478073	0.25004289708732075
0.349975333072417	0.005206796082282458	0.25004234505934014
0.3499755590699593	0.00520489055502861	0.25004195366139403
0.34997585308731055	0.00520241259020722	0.25004144499907677
0.3499760815816244	0.005200487496585651	0.25004105001288357
0.3499762151764242	0.005199362461599036	0.2500408193306217
0.3499765081260142	0.005196897258928981	0.2500403143751992
0.34997681589593815	0.0051943056991540365	0.2500397830343469
0.34997702919697393	0.00519250947560386	0.2500394147099627
0.349977139351386	0.005191582177320339	0.2500392246524069
0.3499773581070675	0.0051897408883338075	0.25003884732575216
0.34997771802735855	0.005186712318892214	0.2500382269346685
0.3499779490495804	0.005184768461610853	0.2500378287550284
0.34997822091120057	0.005200686685752312	0.2500373552205265
0.3499785639458784	0.005237919799895144	0.2500367540751026
0.3499790147973074	0.005299360790887095	0.2500359616924746
0.3499797764276628	0.005423608641592206	0.2500346179725468
0.3499800915665174	0.0054792474210848124	0.2500340645079647
0.34998102426820127	0.005653401115971332	0.2500324244062793
0.3499817737528329	0.005801074642467083	0.25003110454440086
0.3499825479266069	0.005959071416582848	0.25002973755905833
0.3499836722512575	0.006195719151936577	0.2500277581298292
0.3499845158503217	0.00637913804912317	0.250026278151423
0.3499853791803403	0.006570750414740048	0.2500247667521033
0.34998618974093615	0.006753129420539447	0.25002334567380713
0.34998687303906095	0.006905692311772391	0.25002213398825635
0.3499882656391622	0.007227203390158879	0.25001969130807356
0.3499888217663912	0.007357699827295103	0.2500187188896217
0.3499901077415673	0.007657962630310308	0.2500164538248768
0.34999144370399626	0.007975809514145296	0.25001411178925625
0.3499922884040849	0.008178624664122336	0.25001263254050493
0.34999319769662907	0.008394525568860917	0.2500110272355875
0.34999403523763245	0.008596385228861345	0.2500095570916101
0.34999449264890353	0.008707365701485281	0.25000875588553334
0.34999592468786644	0.009056004097940759	0.2500062492026771
0.3499963294017347	0.009154051580090528	0.2500055384134572
0.3499972357881545	0.00937234471401202	0.2500039416748382
0.3499978408334468	0.009517200297943396	0.25000287258001813
0.3499986649408679	0.009714810482493091	0.250001420636073
0.34999895557690924	0.009784014170896152	0.2500009075930848
0.3499994485816056	0.009900746934690174	0.2500000376309777
0.34999967863132087	0.009954605418671436	0.24999963121748045
0.3499998748550238	0.010000357954337222	0.24999928787871545
0.34999995560838953	0.010018843424910481	0.24999915491076094
0.3499999559111737	0.010018675434380717	0.24999916227930596
0.34999995618585117	0.010018503483977995	0.24999916968512156
0.3499999564615432	0.010018333093868029	0.24999917704896404
0.34999995684844876	0.010018091170958504	0.24999918750437755
0.3499999571440173	0.010017917397715487	0.24999919508680818
0.34999995742096135	0.010017766965940783	0.24999920173035092
0.34999995771332065	0.01001760346097022	0.24999920892360591
0.34999995798854644	0.010017441139427763	0.24999921601435174
0.3499999584028725	0.01001721113049854	0.24999922615074896
0.34999995856198046	0.010017121262057699	0.24999923010211209
0.34999995894574754	0.010016923017976603	0.24999923893351325
0.3499999592677028	0.010016760770400021	0.24999924618860442
0.34999995971938	0.010016519595348022	0.24999925687902674
0.34999995987093346	0.010016439992863904	0.24999926041574883
0.34999996018038365	0.010016282077838279	0.24999926746164758
0.34999996056830507	0.010016086828338253	0.24999927619024204
0.34999996101397113	0.010015863901306515	0.24999928616330097
0.3499999612956195	0.010015722004393296	0.24999929250304614
0.34999996164029146	0.010015558782142081	0.24999929986450395
0.349999961893081	0.010015440636060982	0.24999930520307526
0.3499999620717242	0.010015353895749007	0.24999930909843668
0.34999996262206284	0.010015086048384345	0.249999321119428
0.3499999629309274	0.010014939279905585	0.2499993277289198
0.3499999630983641	0.010014861458579508	0.24999933124517712
0.34999996346783036	0.010014689196628637	0.2499993390230822
0.34999996377349973	0.010014548202176413	0.24999934539844504
0.34999996418896556	0.010014356412576378	0.24999935406704282
0.3499999644943119	0.01001421878398627	0.24999936030974715
0.34999996465924227	0.010014144805485889	0.24999936366732772
0.3499999650301676	0.010013975065820399	0.2499993713446955
0.3499999402008736	0.009917036755927672	0.2499994680670584
0.34999982133178587	0.00964382228644671	0.2499998332367316
0.34999962769054427	0.009337761665526079	0.2500003704123969
0.34999933514211984	0.008931840188127621	0.2500011607174377
0.34999858059258276	0.008081631863727928	0.25000312827810467
0.3499979241849558	0.007443575077896017	0.2500048042372909
0.34999695371297657	0.006645438017136032	0.2500072326412841
0.3499962692675316	0.006174967068960577	0.25000891402140457
0.3499943155930272	0.004884421533559738	0.25001370480468305
0.34999232509396455	0.00377018358532151	0.25001853239702543
0.34998996162306706	0.0022312194301538774	0.25002435148664365
0.34998768099934746	0.0009530441466796685	0.2500299202854569
0.3499863029989323	0.000175176236480043	0.2500332942580179
0.34998094543135094	-0.0022647734365529165	0.25004628722680555
0.34997725640661054	-0.003668248014831413	0.25005520208684645
0.34997369837647946	-0.005265005179318286	0.25006389319196876
0.34997017927734186	-0.006722933839709858	0.25007250201508746
0.3499639036062242	-0.009177450942432427	0.25008789112552804
0.349959036657197	-0.010842142398773943	0.25009984302407773
0.34995374923317957	-0.012623942300315757	0.25011288724392877
0.3499497386110789	-0.013811538351520256	0.25012279338060983
0.34994183166185855	-0.016503213399170394	0.25014249192939797
0.34993579573202366	-0.018516350508809024	0.2501576345219842
0.34992878960924384	-0.021282460702885878	0.2501753938511296
0.34992642035200056	-0.022334521192878695	0.2501814390340841
0.34991783436334406	-0.025374112337281804	0.2502034024180997
0.34991401701421543	-0.026737329588871525	0.2502132335903141
0.3499035151138263	-0.03071278013975441	0.2502404600736384
0.34989854091582134	-0.03287664718413762	0.25025349773616257
0.3498937417608934	-0.03458498754356627	0.2502661332768571
0.34988634542670977	-0.0371630202999579	0.2502857396925995
0.34987964225709245	-0.039379341634106294	0.25030357917333457
0.3498711496534466	-0.04265413522655788	0.2503263959737614
0.3498640791635047	-0.045025805368511765	0.25034557005718505
0.34986007106745354	-0.04619981740019084	0.2503565028768575
0.3498495137371127	-0.049531478304101526	0.25038547101928244
0.3498441470466017	-0.05168602124271075	0.2504002664419416
0.34983431886906324	-0.05491744837367206	0.2504276611396269
0.3498318672294431	-0.05618431250348872	0.2504344744137037
0.34982670569009394	-0.058324337713873645	0.2504489770832179
0.34981895534105906	-0.061609343124070556	0.25047090697041585
0.3498126903336108	-0.0645741329079602	0.2504887013815446
0.34980869619705995	-0.06609397058522835	0.2505002077550297
0.3498025010267011	-0.06881909004962024	0.2505180691957126
0.34979868845377315	-0.07012456551576841	0.2505292059137965
0.3497899465309473	-0.07396967946263801	0.2505547489998752
0.3497864426034793	-0.07602752448078405	0.25056496259231015
0.34978233247332946	-0.07788283241871617	0.25057715724415663
0.3497772237846794	-0.07988287390446176	0.2505924657446068
0.3497721583473389	-0.0826713695750592	0.25060758459502475
0.3497711440971973	-0.0837382505285955	0.25061051424245595
0.34976891833176477	-0.08645781739476845	0.250616927265526
0.3497673052326903	-0.087551738770817	0.2506218272735967
0.34976400020214077	-0.09016491946986625	0.25063187383675545
0.3497624347186277	-0.09228855265158044	0.2506365681603062
0.34976130934535765	-0.09374472705876342	0.2506400297431488
0.3497594911467568	-0.09529518189163301	0.250645807823215
0.3497589652768457	-0.09688094354738104	0.250647448847726
0.34975836257411597	-0.09880288818551437	0.2506494933043284
0.34975761490684726	-0.10010996658006914	0.25065213322368785
0.34975775577773516	-0.10080691128431031	0.2506517805562303
0.34975779249032235	-0.10208551357982705	0.2506128638836203
0.3497587484814531	-0.1043621103872515	0.25037107024738037
0.34975936178046063	-0.10515328828566763	0.25023698894722163
0.34976208678067944	-0.10683467526848626	0.24983574013574028
0.3497636753751002	-0.10762194512599295	0.2496148445376124
0.3497664892090958	-0.10872153432698835	0.24926560335930192
0.34977269059646854	-0.11055010177028553	0.24855824115668101
0.34977704571692936	-0.11163378937298198	0.24808242390256457
0.3497835241308226	-0.11288340696554015	0.24749348954371608
0.34979255402783266	-0.11438120832738162	0.24670661796138507
0.34980461405240165	-0.11605282522141853	0.2457441807690257
0.3498141758153746	-0.11726787148608024	0.24498342463393208
0.34982378257078095	-0.11844711243600965	0.2442074574463975
0.34983710796412876	-0.11966528680323428	0.24335825433775865
0.34984472171749204	-0.12047220409221805	0.24277054168557732
0.349872104283598	-0.12247860846566873	0.2412465656121212
0.3498890654927974	-0.12366279739179843	0.24028333608914534
0.34990443423920004	-0.12469671483961896	0.23942149686432657
0.3499230803510796	-0.1258356755691874	0.23846581695207636
0.3499489231389572	-0.12716956015885977	0.23726375167433522
0.34996481801647583	-0.12811291621435655	0.23638384829326142
0.34999611566585753	-0.12955422943682043	0.23500645014234897
0.3500193658692575	-0.13056012156715935	0.2340143774429782
0.3500648824275333	-0.13208533421063506	0.23247073962651058
0.3500931473759077	-0.13305942269143312	0.23146610568917003
0.3501356369515987	-0.1340584488519751	0.23042037868669474
0.3501585927673775	-0.13461155474202802	0.22982334171448765
0.35024659976700334	-0.13638059787223292	0.2278900722734004
0.3502943373180843	-0.13738428560058447	0.22676061392236685
0.3503280251245168	-0.13829087360235115	0.2256904303454764
0.3503809002762195	-0.13913204351014652	0.2246757090454095
0.3504521380771974	-0.1400213872473824	0.22357510042358578
0.35053344243545925	-0.14087685846679887	0.22256222222741207
0.3506017081780265	-0.1417235218273205	0.2214744081266032
0.3507295115313153	-0.14285808793228505	0.22001910127707308
0.3508039438425126	-0.14364148604963228	0.21895378481518454
0.3509034634274777	-0.14439017762918238	0.2179840302954553
0.3510456424562301	-0.14541621807499622	0.21660706772007443
0.35111234158246224	-0.1460889942957438	0.2156554466116266
0.3511640945739967	-0.14654404551586342	0.2150047279481376
0.35124028254595097	-0.1470951271235243	0.21420432118057714
0.3513877899140683	-0.14800254857683898	0.21290921764416013
0.35143712726930276	-0.14851465211472087	0.21212016090674263
0.351547170272926	-0.14924906055600484	0.21101479438797732
0.35160116976356853	-0.14972772138564344	0.21025821351866192
0.3516295083246166	-0.15007034584527668	0.20967882736136256
0.35168006602025614	-0.15068078082758662	0.20866244665949518
0.3517480358697276	-0.1512309447814953	0.20774183410483266
0.35175926310206	-0.15141977585208982	0.20740180129224187
0.35181028166817047	-0.15187381483432155	0.20660259897285937
0.3518484464004578	-0.15223752464747892	0.20594046326527107
0.3518680500132704	-0.15260790657846746	0.20520958303307135
0.3518730750414316	-0.152735765384507	0.20494812641993265
0.3518753315372396	-0.15293327319203848	0.20452272403363206
0.35186775029250916	-0.15320404656805342	0.20388224052832649
0.35185637272800097	-0.15332129833122388	0.203562681961034
0.351842407710167	-0.15338473819778753	0.2033470061209066
0.3518266102507033	-0.15340499303482746	0.2032164961609858
0.3518178314874308	-0.15340566754545412	0.20316568337076651
0.3517925123474788	-0.15336609580108226	0.2031023210060366
0.35177752192888473	-0.15333675557623636	0.20307626459214528
0.351754203027808	-0.15329182576100864	0.20303595567317934
0.35173878868349767	-0.15326226717254832	0.20300928470948876
0.35172417246676657	-0.15323436583777855	0.2029840129972581
0.3517007540667735	-0.1531899194609329	0.20294356221162568
0.35168576888763176	-0.15316159424726633	0.20291768991661102
0.35167291272673634	-0.15313732460204482	0.20289549491758888
0.35165751293514264	-0.15310830991469776	0.202868911377436
0.3516415721211076	-0.15307831079693746	0.202841397609151
0.3516270964198464	-0.1530510957199132	0.20281641383158278
0.35161274934459635	-0.15302414376843526	0.20279165292055437
0.351597250736732	-0.15299504716218182	0.20276490392495994
0.3515692560785465	-0.15294252532305258	0.20271658412768792
0.35156109887808706	-0.1529272269725046	0.2027025023001443
0.35154241060926844	-0.15289218612544253	0.2026702424514401
0.3515281992890217	-0.15286554672006664	0.20264571350047034
0.3515078275880278	-0.15282736428837762	0.2026105461226655
0.35149120170245196	-0.1527962078544069	0.20258184575421742
0.35147746520394474	-0.15277046895847718	0.20255813354590158
0.35146387998466144	-0.15274501359074122	0.2025346794365548
0.3514510112992914	-0.1527209013025974	0.2025124608881204
0.35143650094024664	-0.15269371530645104	0.20248740931814696
0.3514174569406708	-0.15265803640089065	0.20245452953380286
0.35140394715115963	-0.15263272648893156	0.20243120412062798
0.351396062048346	-0.1526179543037514	0.20241758979900953
0.35137876946993923	-0.15258555735703772	0.2023877308287481
0.3513666613296751	-0.15256287129835183	0.20236682017651839
0.3513486587417504	-0.15252914328194045	0.20233573199572508
0.35133571116312023	-0.1525048858536731	0.20231337260627283
0.35132393706972287	-0.15248282751974013	0.2022930402539228
0.3513112404592009	-0.15245903914889464	0.2022711118038821
0.35129451128105504	-0.15242769444190118	0.2022422167726961
0.35128310780848976	-0.15240632918829772	0.2022225217029951
0.35127180811313363	-0.1523851579644725	0.20220300503559965
0.35126467450105525	-0.15237179198158918	0.2021906832679452
0.3512427515281516	-0.15233071654054658	0.20215281722164707
0.35123153628861997	-0.15230970254150822	0.20213344429563296
0.3512246246320613	-0.1522967519707627	0.20212150488745562
0.3512094660451636	-0.15226834821302432	0.20209531813235954
0.35120219541998265	-0.1522547246371802	0.20208275782600887
0.3511866786607409	-0.15222564885514406	0.2020559504749332
0.3511711918483796	-0.15219662924320443	0.20202919496892016
0.3511604280925738	-0.15217645886052344	0.20201059713181418
0.35115437925614534	-0.1521651239852761	0.20200014614783113
0.3511393447556926	-0.15213695063049265	0.20197416939674262
0.3511246050469376	-0.15210932905086277	0.20194870061026007
0.35111874944321564	-0.15209835561790475	0.2019385820560525
0.3511035830742314	-0.15206993330473073	0.20191237333966405
0.35109430694627364	-0.15205254952302083	0.20189634356863126
0.351079469892971	-0.1520247436196283	0.20187070228894108
0.35107298231936	-0.1520125853194494	0.2018594905106777
0.3510592568637987	-0.15198686256433008	0.2018357704507745
0.351049084261036	-0.15196779777076053	0.20181818937077037
0.3510394275362192	-0.15194969957493137	0.2018014993541536
0.351029849746183	-0.15193174926574643	0.20178494582218415
0.3510166825050055	-0.15190707121709796	0.20176218711525978
0.3510073301156701	-0.15188954260984833	0.20174602116343562
0.3509972589528649	-0.15187066666747145	0.20172861242189272
0.35098889056317917	-0.15185498181581925	0.20171414593757617
0.35098293049131996	-0.15184381108548523	0.2017038438156769
0.3509653130571611	-0.15181079039622908	0.20167338809382923
0.35095681101725396	-0.1517948546398712	0.2016586899820271
0.3509480081071917	-0.15177835473218088	0.201643471047553
0.35094004683602564	-0.15176343216592553	0.20162970654373946
0.3509347716369622	-0.15175354432529353	0.20162058612113665
0.3509183721276977	-0.15172280476041683	0.20159223218290254
0.35091030096300724	-0.1517076756504082	0.20157827602302714
0.3509022918246109	-0.1516926627193816	0.20156442716109407
0.3508972300068485	-0.15168317440735613	0.20155567450398956
0.3508853993900262	-0.15166099790485338	0.20153521748725314
0.35087442967279003	-0.15164043486572626	0.2015162482804407
0.3508667284539442	-0.15162599855276732	0.20150293059317378
0.3508591115425061	-0.15161172009634033	0.20148975763666419
0.3508477780369589	-0.15159047446429685	0.20147015786802924
0.3508399652507292	-0.15157582856000001	0.20145664634525554
0.350832244564294	-0.1515613551360187	0.2014432928871961
0.35082165780577956	-0.15154150869284178	0.20142498229222822
0.35081405701470314	-0.15152725972846043	0.2014118353237425
0.35081014611372363	-0.1515199280356846	0.2014050705127951
0.3508014016205431	-0.15150353477387418	0.20138994507955926
0.3507885969663164	-0.15147952965200107	0.2013677954470488
0.3507807454021297	-0.15146480998606066	0.2013542134992226
0.3507738268529714	-0.1514518393677945	0.20134224529295047
0.35076920692557345	-0.15144317803627333	0.20133425352593848
0.3507602995429434	-0.15142647860450476	0.20131884374622885
0.3507498678880133	-0.151406921225061	0.20130079680688234
0.35074306247952464	-0.15139416221645913	0.20128902319046174
0.3507391858795898	-0.15138689419492773	0.20128231631182067
0.35072945398029126	-0.1513686483103664	0.20126547811760287
0.35072506600084086	-0.15136042139487466	0.2012578860400897
0.3507152286399301	-0.15134197745491468	0.20124086457435597
0.3507058110663689	-0.1513243203731427	0.20122456873730526
0.35069959577708754	-0.15131266713790942	0.20121381388133275
0.3506925989623239	-0.15129954848829952	0.20120170637210005
0.35068649270691826	-0.15128809945825233	0.20119113985936243
0.35068000724785503	-0.15127593942153322	0.20117991636274965
0.35067148072389814	-0.15125995221066008	0.2011651607196815
0.35066529769000615	-0.15124835894098193	0.2011544602291034
0.3506596961261761	-0.1512378558201109	0.20114476598668707
0.3506510174515818	-0.15122158304957223	0.20112974502919018
0.3506450262810917	-0.15121034925727556	0.20111937556241405
0.35063934254489254	-0.1511996918101488	0.20110953809138865
0.35063600278931617	-0.15119342943911318	0.20110375763606264
0.3506276295653333	-0.1511777288887804	0.20108926406165997
0.3506196137020575	-0.15116269825027734	0.2010753886017774
0.35061366473713906	-0.1511515431422396	0.20106509074526485
0.3506077604119251	-0.15114047155846272	0.2010548702526661
0.35059952206658973	-0.15112502338492195	0.20104060822111416
0.3505942414043435	-0.15111512115945042	0.20103146644792913
0.3505885486073276	-0.15110444614798302	0.20102161052579073
0.35058313867115837	-0.15109430142958608	0.2010122442300921
0.3505777710068179	-0.151084235844251	0.2010029510917386
0.3505740656571385	-0.1510772874282048	0.2009965358232614
0.35056469639723054	-0.15105971782099525	0.2009803133352162
0.35056175451343724	-0.15105420100972422	0.2009752195183559
0.3505565759143699	-0.15104448961277478	0.20096625299126314
0.3505492565332774	-0.15103076374267044	0.2009535786682421
0.3505424546251622	-0.1510180080283286	0.20094180035723308
0.3505376753279326	-0.15100904524190917	0.20093352427788097
0.3505329423550788	-0.1510001693076264	0.20092532810907648
0.35052782890671313	-0.1509905798058661	0.20091647278114605
0.3505206657168495	-0.15097714617654917	0.2009040674490145
0.3505162986695813	-0.15096895635960905	0.20089650408208048
0.35051155413539054	-0.15096005852309002	0.200888286831378
0.3505084780373378	-0.1509542895664423	0.20088295923329522
0.35050259554121654	-0.15094325749403686	0.20087277059856345
0.35049517435905814	-0.15092933948297366	0.20085991680874193
0.3504906227930588	-0.15092080325875262	0.20085203290551773
0.3504863066137063	-0.15091270841960241	0.20084455657736522
0.3504820269743627	-0.1509046820435	0.2008371433991561
0.3504756835523538	-0.15089278504066717	0.20082615488891356
0.35047320963538836	-0.1508881452300863	0.2008218692481646
0.35046904711851223	-0.15088033837426934	0.20081465837547655
0.3504634173680988	-0.1508697795006626	0.20080490577043886
0.35045860862368866	-0.1508607605407461	0.20079657481830954
0.3504543843793465	-0.15085283765739743	0.20078925655785362
0.3504487641907169	-0.15084229660783088	0.20077951936114177
0.35044284254452357	-0.15083118997740452	0.20076925968467546
0.35043859819648165	-0.15082322921704078	0.20076190582283032
0.3504350889540872	-0.15081664721807508	0.2007558254155721
0.3504314345455911	-0.1508097929027526	0.20074949333936615
0.3504271211935403	-0.1508017025716904	0.20074201937167124
0.3504216723813387	-0.15079148252256913	0.2007325774513013
0.3504179666665057	-0.15078453185366647	0.2007261558561157
0.3504144602482318	-0.1507779549608531	0.2007200794715502
0.3504104680169501	-0.1507704665924059	0.2007131614584216
0.35040603178919216	-0.15076214543036742	0.20070547366398572
0.35040116558506457	-0.15075301773944855	0.20069704034396496
0.3503971538942734	-0.15074549281589078	0.2006900877441021
0.3503936581615198	-0.1507389356685903	0.20068402916367933
0.35038976579643966	-0.15073163448781207	0.20067728299350412
0.35038459434431224	-0.15072193400050654	0.2006683195626066
0.3503812081390211	-0.1507155821443965	0.20066245032501917
0.3503792207108502	-0.15071185409572485	0.20065900550374793
0.3503725765960952	-0.1506993909169666	0.20064748875819688
0.3503694503820774	-0.15069352667456798	0.20064206959999348
0.3503660545337246	-0.1506871565852726	0.20063618294179245
0.3503628280247469	-0.15068110404195778	0.20063058983283022
0.35035963329898195	-0.1506751111134374	0.20062505162988398
0.3503547465079589	-0.15066594395427352	0.2006165799841417
0.3503513492350595	-0.15065957104945338	0.2006106901423207
0.35034825981641404	-0.15065377557153692	0.20060533396343078
0.3503449199379459	-0.15064751020623574	0.2005995434280934
0.3503420188538677	-0.15064206790693613	0.20059451362078118
0.35033846601746826	-0.15063540295279715	0.20058835358386376
0.35033400356807626	-0.15062703148200624	0.20058061628936602
0.35033092921143577	-0.15062126401012804	0.20057528558816817
0.3503281529878407	-0.1506160558552005	0.20057047161376715
0.35032382825436115	-0.1506079425755243	0.20056297245914612
0.35032188255209257	-0.15060429238792505	0.20055959847590904
0.35031802780246996	-0.15059706074651313	0.20055291388646868
0.3503162454051596	-0.15059371689327017	0.20054982291758205
0.3503109583935552	-0.1505837981586443	0.2005406540990758
0.3503078495993347	-0.15057796579577354	0.20053526264888993
0.35030612030634384	-0.15057472146001166	0.2005322635787485
0.350302451994464	-0.15056783931775353	0.20052590149516858
0.3503007574255425	-0.1505646601257259	0.20052296244131423
