0.3499978979349859	-0.14999891289523598	0.2015498357829394
0.3499978979349859	-0.14999891289523598	0.2015498357829394
0.3499975580284913	-0.1499987628540001	0.20173126677739348
0.34999687917797073	-0.14999843765049642	0.20213239124919455
0.3499963536104891	-0.14999818593716707	0.20243512036486525
0.3499956937185078	-0.14999789438433064	0.20276488357069247
0.34999485730078583	-0.14999753527670195	0.20315076910359958
0.3499939980665199	-0.149997113360734	0.20363160127159213
0.34999324394156284	-0.1499967740337786	0.2039808360747813
0.3499924914829758	-0.14999641789341017	0.20435214843901434
0.3499915993522332	-0.14999592145231422	0.20492232557233755
0.3499906980356058	-0.14999550137609508	0.2053121303650758
0.34998975744816174	-0.14999505572859106	0.2057128695018139
0.34998896820620945	-0.14999466712778076	0.20606334261093398
0.34998792959600133	-0.14999417918029218	0.20644617472038954
0.34998674952031844	-0.14999357383505746	0.20695961503061328
0.34998603389187294	-0.14999316673424912	0.2073282896444044
0.34998540423220875	-0.1499927705803759	0.2077228203142048
0.34998491576831964	-0.14999244674272033	0.2080466063073337
0.3499846065540749	-0.14999224084093696	0.20824333853097066
0.3499836885936665	-0.1499916660259878	0.2086992515827442
0.3499830862218435	-0.1499912000498712	0.2091670017254293
0.34998257595153376	-0.1499908309714314	0.20945544842002428
0.3499821287158982	-0.14999049053946473	0.20971804453827175
0.34998167689424375	-0.14999013240223047	0.20997714506387793
0.3499812914746525	-0.14998975283711424	0.2103253522844353
0.3499811414957242	-0.14998958822634395	0.2104690574806278
0.34998106012318153	-0.14998944111219648	0.21066374265479243
0.34998100314839536	-0.14998927294863162	0.21088850257529085
0.34998099155632434	-0.14998912517785606	0.21107648998535417
0.34998105437216964	-0.14998909265038984	0.2111668635842965
0.34998111926534314	-0.14998910006747787	0.21120930838621946
0.3499812931755332	-0.1499891452586598	0.211264658886602
0.34998154109387664	-0.14998929484173557	0.21124854833262577
0.34998170719847976	-0.14998944075237264	0.21119563169207223
0.349981871127158	-0.1499896357740546	0.21111437522998838
0.3499819608778795	-0.14998977127853153	0.21105277691498486
0.34998218925550767	-0.14999018399173675	0.21081124715835503
0.34998234486339835	-0.1499906447398151	0.21050235187502453
0.3499824213074339	-0.14999085787779987	0.21033415802020167
0.3499824278240402	-0.14999131315276804	0.20998435932393136
0.3499822208847972	-0.14999178785797723	0.2096294285030022
0.34998150853013715	-0.14999271443658369	0.20887727557556254
0.34998089485365336	-0.14999326184604372	0.2083804896059329
0.3499802171404962	-0.14999376993230995	0.2078791038314375
0.349979309534552	-0.14999430715227347	0.20730676058006198
0.34997845983974896	-0.14999468109511144	0.20688952922899245
0.349976365584756	-0.14999569090688686	0.20556367531123085
0.3499743603343896	-0.14999624143257445	0.2047304173595921
0.3499717964037484	-0.1499967737648641	0.2038224416663681
0.34996946959894526	-0.14999720342652278	0.20295843780797904
0.34996567094112985	-0.14999766536897657	0.20177984792664042
0.34996095728475834	-0.1499980535286855	0.2004158016829399
0.3499622760053934	-0.1500747353578209	0.1992026740756112
0.34998160946051204	-0.15047533945821234	0.197971379435941
0.35002774303603396	-0.15137912676968923	0.19653829615414292
0.3501354690065575	-0.15335744510332378	0.1945416930059416
0.3502364184630228	-0.15524299596860253	0.1930149318140304
0.3503512633679613	-0.15746917530115506	0.19142137319570646
0.3504947284660186	-0.16012988719164137	0.1897414531903861
0.3507336342211412	-0.1646798888424309	0.18713866894931994
0.3508958605992336	-0.16785961599005184	0.18545829452139315
0.3510101818409473	-0.16999876518696783	0.1843824798279893
0.3513280973477584	-0.17620871765684787	0.18139943543452813
0.35153628875903825	-0.18084747948315144	0.17928400404840678
0.3518171962821859	-0.18648516042027308	0.1768108788874346
0.3520754939906772	-0.19201459893353867	0.1744617642477611
0.352217230539728	-0.19545612700962822	0.17303195436189178
0.3525864525270879	-0.20342148044915342	0.16979102336862362
0.35296077809911375	-0.2115563506440084	0.16656043832363354
0.35325142099581214	-0.2176790649112087	0.1641741031729803
0.3535477493024912	-0.2236996576141554	0.1618514421478715
0.3539001009226178	-0.23292242326803586	0.15836508348458916
0.3541692618123221	-0.2397366497253846	0.15581279752753235
0.3544574767470602	-0.24627434950076688	0.15337348478387708
0.35474833780008874	-0.25290825693132646	0.15090993287465276
0.3550595928400761	-0.2612001464286717	0.14785694117304682
0.3554614041362006	-0.27023609339069915	0.1445267799139417
0.35570705716663986	-0.2762234498813977	0.14232792589986742
0.35590364922495993	-0.2806637519496878	0.1406952061802182
0.3563936682875952	-0.2908902013686181	0.13692612561872136
0.35668900111110013	-0.2989551506461772	0.13396360030305016
0.3570967903874003	-0.3092797552680178	0.1301520190089721
0.35740805194066116	-0.31669800299311746	0.12739540841433683
0.357677981245208	-0.32345234672990564	0.12487522896305758
0.3579618283351006	-0.3314666302865122	0.12187079884956381
0.3583081570372261	-0.3387690776032548	0.11910234236559014
0.35865396525872273	-0.34600995450285843	0.11633541163381589
0.35905230707750124	-0.35597918076417717	0.11248320850650279
0.35921578629199497	-0.3599796177007686	0.1109217514570296
0.359647543495213	-0.36996943667135973	0.10696740575040681
0.3598774466934884	-0.3768131457681687	0.1042157768809518
0.3602620086176146	-0.3860767136846511	0.10041897980145131
0.36044942065283564	-0.3903166702990591	0.09865153312965691
0.3607869529698728	-0.39887895613171737	0.09501443793255532
0.36107476476172756	-0.40551959445918373	0.09211554693889301
0.361430569351943	-0.41420736912960593	0.08821205737111709
0.36164982618507635	-0.41983114922208736	0.08560109878049321
0.3617668306722225	-0.4226735182790162	0.08425279614296077
0.36213877122409954	-0.4301162175769851	0.08061707557777836
0.36237446110400146	-0.43501792612365775	0.07812087850990657
0.36258525725477697	-0.43947189084556815	0.07576602725111081
0.3628912651367145	-0.44527074362939795	0.07253020239936292
0.36309702532826815	-0.44975522002037516	0.06985704613871002
0.36324549218467567	-0.4530887226459368	0.06773850995719632
0.36340132032938716	-0.456145467887832	0.06567398136203123
0.36360739296832656	-0.4599749397157202	0.06280991419220211
0.3637639779586358	-0.46287530910625463	0.060394504361733825
0.3638790411824837	-0.4648413014944651	0.05850701316082496
0.3640339290298112	-0.46717094108793145	0.05582151191681389
0.3641226179465377	-0.46841570310545966	0.05398121986680671
0.36422926951613444	-0.46961631349265714	0.051259801092246704
0.3642634647655997	-0.46980513585564504	0.05019496397290213
0.36431808133311483	-0.46984288239064587	0.0479014294957244
0.36436342654650955	-0.46982999371829237	0.04607202878749389
0.36441738399328627	-0.46980670952158354	0.0436612477729828
0.36445492676810176	-0.4697883610520936	0.041915259195153265
0.3644795418337404	-0.46977860756719836	0.040830042230653285
0.36452798745152676	-0.4697614728485651	0.0387434974609866
0.3645651914594697	-0.4697469767033122	0.037097844513723
0.36460177120231885	-0.4697322360447761	0.035461069126409395
0.364654329845156	-0.46971209823314514	0.033131471051879746
0.36468792140051715	-0.46969492698095966	0.031516834494730084
0.36470941172876775	-0.4696834835053343	0.030469591179722366
0.36477472356337615	-0.46966008946210247	0.027605538713400546
0.3648083502500398	-0.4696461635929317	0.02607617078902652
0.3648436071070833	-0.4696308956415456	0.024453641159116524
0.3648797068514461	-0.46962207939468575	0.022987333094658002
0.3649114993951306	-0.46960597186509334	0.021459314848522315
0.3649613004112161	-0.4695858098567102	0.019215048307013816
0.3649934602333061	-0.4695744623495217	0.017816900589511853
0.3650242334895702	-0.469561113057409	0.01641155983399567
0.36505615755318366	-0.46954731789652093	0.014959927765607672
0.3650899793174471	-0.46953865728292193	0.013596281367539265
0.3651257813060261	-0.4695283491665243	0.01212678828133873
0.3651617914407039	-0.46951656450213364	0.010616020649601876
0.3652086226655574	-0.469505421443844	0.008783674632425742
0.365226455234473	-0.46949876186715267	0.008023574825554325
0.36528520595007624	-0.469477962320918	0.005572438683403513
0.36530929984519894	-0.4694705735493504	0.0046087222989656396
0.36535610793857554	-0.46946007262151246	0.002859867586172349
0.36538920817789167	-0.4694502787963289	0.0015745839266586015
0.36542108081589114	-0.46944362971513015	0.0004255826448422151
0.36546433080963237	-0.4694308203968098	-0.0012110995119284929
0.3654954029760943	-0.4694221204160536	-0.002356492992683701
0.365513093890041	-0.4694175590444195	-0.002990923254010569
0.36554901825914854	-0.46940751675292597	-0.0042827578336137595
0.3655911141219979	-0.46939976665732347	-0.0056664192019855175
0.3656243049323622	-0.4693935845098281	-0.006736956293217189
0.36567008743745755	-0.46938776782675323	-0.008110840612777726
0.36570041164077144	-0.46938288243611304	-0.009023255280328657
0.36573095563784463	-0.46937675553006547	-0.009952161110205693
0.36577594872034924	-0.4693701599996866	-0.011223564627392713
0.3658074671799423	-0.4693662856073522	-0.012068837496917173
0.3658401151845272	-0.46936422935659455	-0.01287356401694184
0.36585715272026653	-0.4693633326549341	-0.01327952442017477
0.3658930720323448	-0.4693623450806776	-0.01409460493761383
0.365952850330085	-0.4693581084210199	-0.015432144891961042
0.36598413981986355	-0.46935754779248284	-0.01605821883145836
0.3660135920623929	-0.46935732645949474	-0.016618526734333727
0.36603159786841843	-0.4693570929664705	-0.01695140134670453
0.3660781973604901	-0.4693581733816444	-0.01773034036268739
0.366125076035792	-0.46936042890812585	-0.018431104937281673
0.3661572064618372	-0.46936187996080486	-0.018876660488806096
0.36618697861762417	-0.46936406313320106	-0.01924087914100525
0.3662250461982993	-0.4693673167550384	-0.019658300350542446
0.3662657155244073	-0.4693708540500652	-0.020052558852174274
0.3662838079273226	-0.46937257869198434	-0.020210593761609053
0.36632762255618995	-0.4693779151807047	-0.02050874536430841
0.36636275336239155	-0.469382542460666	-0.020700038581233038
0.3664089867770921	-0.4693892287392333	-0.02087771294181584
0.36643982472863323	-0.46939412986198525	-0.020939930504805415
0.3664608748077192	-0.46939765563070207	-0.0209576436940892
0.3665037013086933	-0.4694049398204606	-0.020982993595992427
0.36654948008960203	-0.46941259806688646	-0.02100345320420477
0.3666022798384291	-0.46942151964470036	-0.02102192280355436
0.3666414782885097	-0.4694281452249659	-0.021032744204957876
0.3666832450139545	-0.46943517745295366	-0.02104124052770262
0.3667549524365685	-0.4694472244931124	-0.021051107683189296
0.36680836078055046	-0.469456204949657	-0.021055382099272768
0.3668381541564621	-0.4694612126447206	-0.021056836515378596
0.3669199702793475	-0.4694749416928709	-0.0210569163043412
0.36697746157905575	-0.4694846070552552	-0.02105479104827246
0.3670621159453673	-0.4694988810326414	-0.021049385264771348
0.36712090244910345	-0.46950876285263926	-0.021043340003494615
0.36715654357092464	-0.46951474240412033	-0.021038819817625898
0.3672459880110127	-0.4695297559587668	-0.021025722643950695
0.367341086344543	-0.4695457169599982	-0.02100892874903998
0.3674058926824829	-0.4695565942337523	-0.020996037661908662
0.36747764096760444	-0.4695686565103838	-0.02098068993964769
0.3675442958334214	-0.4695798630467426	-0.020965418776861422
0.3676428304719147	-0.4695964198514773	-0.02094097657889299
0.3677207798461485	-0.46960952012011536	-0.020920369796119775
0.3677899865497316	-0.46962115133054655	-0.02090117801154956
0.3678312119150467	-0.4696280791301533	-0.02088928255249911
0.36793932865547996	-0.4696462513421826	-0.020857029130641247
0.3680451716030603	-0.4696640540235563	-0.02082396220476862
0.3681126985940312	-0.46967540894719984	-0.020801940397197294
0.36816097026159933	-0.4696835295663608	-0.02078590783657197
0.36829671714379325	-0.46970637147982774	-0.020739428008218208
0.36837609906573676	-0.4697197301901215	-0.02071119044544406
0.3684494501181952	-0.46973207601742917	-0.02068452437078855
0.3685225554616899	-0.46974438705859145	-0.020657506622267674
0.36859516506398515	-0.4697566170576634	-0.020630190798254455
0.36865147252944097	-0.46976610147461606	-0.020608603343108822
0.3687658411380418	-0.46978537040205964	-0.020563923701085396
0.3688268219479375	-0.46979564769428717	-0.02053967922052452
0.36889894866665107	-0.4698078058129347	-0.0205105574115923
0.368973074817731	-0.46982030509469125	-0.02048024543391741
0.3690407282245031	-0.4698317152832644	-0.02045218008615457
0.3691333113386188	-0.4698473352995972	-0.02041312002295137
0.3691694861528319	-0.46985344054379086	-0.020397711907694627
0.36925111113819564	-0.4698672199278005	-0.02036259250453132
0.3693143609564953	-0.4698779013938164	-0.02033502363870915
0.36939080814870323	-0.4698908161339446	-0.020301331259686306
0.3694426754226444	-0.46989958215452854	-0.020278253942949298
0.369478504314381	-0.46990563910750227	-0.020262175685151707
0.36957414429024626	-0.4699218156199365	-0.020218790875569326
0.36962315921056854	-0.4699301110899415	-0.020196275393811525
0.369667866280893	-0.46993768143533615	-0.02017557650887114
0.3697068145849523	-0.46994427981075804	-0.0201574334383976
0.36977060766853737	-0.46995509553968495	-0.020127468323465125
0.3698121210232823	-0.46996214037083345	-0.020107768077979205
0.3698310996471716	-0.46996536397541894	-0.020098716791352333
0.3698759079018754	-0.469972980761731	-0.02007719160724314
0.36991800967481425	-0.46998015084508493	-0.020056779115506407
0.36994383163552597	-0.4699845569178913	-0.020044160104738473
0.36996530517096216	-0.46998822890818515	-0.020033587594173674
0.36998468989352773	-0.4699915521356998	-0.020023977087688494
0.37000201962557644	-0.4699945370213918	-0.02001530080249958
0.3700163052514983	-0.46999702014418054	-0.020008048535887557
0.3700237416032065	-0.46999833538657165	-0.020004199892357022
0.3700263260531586	-0.4699988272473119	-0.02000276791697464
0.3700282427562983	-0.46999942124905086	-0.019913586258652027
0.37004156539810074	-0.4700019390095022	-0.018937842329427468
0.3700544557090648	-0.4700026707118861	-0.017845052541717032
0.37007424731034855	-0.46999871513193003	-0.015807332801945295
0.37009306515594637	-0.4699874278996336	-0.01332918933010202
0.3701123875921737	-0.4699684205389048	-0.010207633415351747
0.37012109707674806	-0.4699127783962156	-0.005456790805460021
0.37012492733306346	-0.4698909900163497	-0.003513596443750655
0.37012311242603224	-0.4698137092868895	0.001999968103662375
0.3701331086054712	-0.4697751109674403	0.005956044651938275
0.37013475884464364	-0.46971227905932134	0.010987725770924495
0.37012442292785147	-0.46959303811304387	0.01938049009043602
0.3701341565817478	-0.46954121504900087	0.024763991788292306
0.3701127462957319	-0.4694486694906171	0.030092058413619727
0.37007657817203715	-0.4693195076561425	0.03690960931619858
0.37006859109793877	-0.46926559461908673	0.040716923113040815
0.3700463349732519	-0.46910730459900873	0.05226165797229704
0.37002543011108985	-0.469012565300112	0.05835594303113906
0.37001428278139087	-0.4689448877711585	0.0633846071748757
0.3699945788758995	-0.46885865916454017	0.06907100553035977
0.3699726877414433	-0.46872692907518504	0.07940322359948843
0.3699654087608025	-0.468627548005292	0.08958549590819331
0.36992720493458836	-0.46851179322075764	0.09609569962873249
0.369893939771344	-0.4684155732486302	0.10137016807561922
0.3698541966295188	-0.4682863612190907	0.11036028472700793
0.36980024344013046	-0.468133959627687	0.12021796369543325
0.369750489977786	-0.46800869199618633	0.12783715238279753
0.36973322151798194	-0.4679660375099329	0.13145565758414163
0.36966617502319943	-0.46781916197380147	0.1424055737070697
0.369612571655312	-0.46772598780677993	0.15079346747944494
0.3695690532268085	-0.4676650936574351	0.15724098504709483
0.3695107898606366	-0.46758084509410863	0.16323937604714034
0.36944632621715906	-0.4675011702390247	0.16931113228686684
0.3693801081843026	-0.46745157345949023	0.17535478896012963
0.3692798495031922	-0.4673896240263223	0.18300674024946145
0.36920449915053916	-0.46734869262079015	0.18774588078608254
0.3691162233273483	-0.4673226670531783	0.19261315505145374
0.3690389397592943	-0.46729591626909267	0.19622016635859116
0.3689142356249288	-0.46727167452058244	0.20123573778919654
0.3687735921714904	-0.46726747078070163	0.20564073042366907
0.36865978370547076	-0.46726907383768956	0.2085698036571858
0.36840122788333224	-0.4669584454080836	0.21373548084415842
0.3682080853440236	-0.46586311249061413	0.21671816086871173
0.3680205940279797	-0.46442422901892166	0.21924304991357646
0.3678049099831087	-0.46232100229531564	0.22175642724568773
0.36746224317083226	-0.45844794148784507	0.22518393494525682
0.36730398043100576	-0.45651624978982475	0.22658130118650815
0.36692122216412754	-0.45136845598822845	0.22960677550916564
0.3666514252805794	-0.4475038766156516	0.23148645461533468
0.3663186805807756	-0.4427783732996076	0.2335843784373719
0.3658579702350886	-0.43561669790634583	0.23616850828780395
0.36550866468126486	-0.4299806637966385	0.23791958118979337
0.3651589923824317	-0.4242920415060241	0.23953700972891134
0.36478405418489634	-0.41794874573210694	0.24111650244230412
0.3641901995202343	-0.40770135119548256	0.24338385266329815
0.3637794844982679	-0.4009602412160467	0.24477620668191505
0.3633787742910938	-0.393896225167374	0.2460455249273164
0.3627467075279257	-0.38279949353406933	0.24783898619610453
0.3624707630362794	-0.3779512656178148	0.24855831297255848
0.36183267879964304	-0.36655291481058677	0.25011465780705655
0.36137650839598606	-0.3580697420771983	0.25112561638257325
0.3609349433537028	-0.3498177166571121	0.2520492517917324
0.36037757939774273	-0.33957798143239476	0.2531269467557541
0.35976381103435684	-0.328056203537356	0.25418992820820074
0.35945933841662453	-0.32248956166976256	0.25469310107834464
0.3587481812458544	-0.3087505524089999	0.2557311151074967
0.35831016457598713	-0.3001512255533173	0.2563022015327522
0.3577331245493749	-0.2891394696526654	0.25706057383398806
0.3571114458899506	-0.2770262715243008	0.2577799678091992
0.3566509965923595	-0.26744536052827206	0.2582357440151739
0.35633983305134004	-0.2611712012829649	0.2585349739225953
0.35568276011924	-0.24780172177100107	0.25912609910458906
0.3550312272019416	-0.23442769389750673	0.25963385240596615
0.3545936879173264	-0.2257153795869642	0.26000191429718716
0.3543049669652941	-0.21993147910466976	0.26022784861670745
0.35369352291958206	-0.20679476313870865	0.26053558626059126
0.35301884567410585	-0.19225718413845877	0.2608368037246927
0.3528136951096859	-0.18749063581326808	0.26085275909547223
0.3522598912287369	-0.17495254277783195	0.26093875636740504
0.351868041019922	-0.16644399076383587	0.2610434274435225
0.3514457381250476	-0.15734849306847093	0.2611586859691202
0.35107975958073406	-0.149202511406247	0.2611832387785226
0.35053880323413117	-0.13730662469716776	0.2612153432724163
0.3503146724956423	-0.13210574961755983	0.2611586783092885
0.34984853876413824	-0.12134621180077174	0.2610197594177
0.34951679708207173	-0.11362354836358533	0.2608839204212834
0.3491351143566421	-0.10520310792410086	0.260788429029838
0.34884844257808506	-0.09871115065765186	0.2606654839780187
0.3484926307074667	-0.09017893897205757	0.2604003248394388
0.3482256515133673	-0.08380853935485048	0.26018728023757415
0.3480202600442389	-0.07888199739549555	0.2600074692972537
0.3477371052424628	-0.07183566973992044	0.25970051433985963
0.34763452279273993	-0.06919906967614488	0.2595707865352431
0.34733108969326504	-0.06150059850355509	0.25918349200522034
0.3472031645316454	-0.058091355207171305	0.2589864954259903
0.34710162812766276	-0.055175913298044596	0.25879297623446584
0.34705277675365953	-0.05367412891900204	0.2586829622126937
0.34692945710419015	-0.04968444064098103	0.2583654006704512
0.3469168332963863	-0.049016786444194396	0.2582905352416507
0.3469046549723728	-0.047752426189293304	0.2581154049212181
0.34692427044059776	-0.04755036682416379	0.2580282411360344
0.34695408908805975	-0.04757438311294844	0.25795054406322404
0.3469957120079997	-0.04760825095685471	0.2578419935440648
0.3470223246223018	-0.0476297975485301	0.2577725536690158
0.3470474281049518	-0.047650017235546224	0.2577069799049039
0.3470759061873331	-0.0476729174188953	0.2576325976378059
0.3471133642151977	-0.04770294672620516	0.25753469848952054
0.3471307384946447	-0.04771684862791446	0.25748927402628774
0.34716400659661695	-0.04774343299346227	0.2574022845260325
0.3471787627012802	-0.047755209554835434	0.2573636976065177
0.34722709815820213	-0.0477937598623704	0.25723728251846073
0.3472514714434067	-0.04781317852656976	0.25717354116385804
0.34727564969468894	-0.04783243568525315	0.257110303273823
0.34729965262435003	-0.047851549521890566	0.2570475114881452
0.3473341459564359	-0.04787900329769472	0.2569572910724991
0.3473575853160255	-0.047897652194494364	0.2568959907066358
0.34738081716421065	-0.04791613253164044	0.25683523462795543
0.34741528953766254	-0.047943550365256035	0.25674508244920263
0.3474379963069636	-0.04796160659850858	0.25668571064786566
0.3474554218800287	-0.047975463136824145	0.2566401426634247
0.3474838719636213	-0.047998085016110456	0.25656574527107046
0.3475129602383403	-0.04802121058744184	0.25648969870146565
0.3475338192444249	-0.04803779328310344	0.2564351663577247
0.34756138909676026	-0.048059711701054345	0.25636308124117246
0.3475837926442298	-0.048077521780328106	0.2563045110045892
0.34761653708727813	-0.0481035520329328	0.2562189093304048
0.3476384401045907	-0.04812096377939144	0.25616165071405356
0.3476583089919869	-0.04813676021714684	0.2561096958327362
0.3476742624790635	-0.04814944334460537	0.2560679835226325
0.3477131213407046	-0.04818033263757794	0.2559664173163686
0.3477341366775493	-0.04819703834638721	0.25591148800949837
0.3477549910454839	-0.04821361726434474	0.25585697143398733
0.34777381270306584	-0.04822857838419668	0.2558077858639705
0.34778895897372686	-0.048240618895446244	0.25576819853368443
0.3478259790304278	-0.04827004945070369	0.255671432795626
0.3478451178183547	-0.048285264495443694	0.25562141014495116
0.34786409178560374	-0.04830034868389364	0.2555718189043453
0.3478828850005305	-0.04831528879028148	0.2555227053822393
0.3479107587564845	-0.04833744763346991	0.2554498653785867
0.3479216561600327	-0.04834611135528612	0.2554213845502671
0.34794741566553616	-0.048366591020964286	0.2553540623744188
0.3479662945662279	-0.048381599665777306	0.25530473103442397
0.3479922562906318	-0.04840223881097701	0.25523689817711903
0.3480115579883374	-0.04841758487431434	0.25518645706703846
0.34803062001871354	-0.04843273894933624	0.2551366561204813
0.3480416856802778	-0.04844153691654758	0.2551077401453791
0.3480713678150986	-0.04846513532470749	0.25503018832654745
0.3480914131288298	-0.04848107214612414	0.2549778179175638
0.3481089493411622	-0.048495013646420296	0.25493200870855914
0.3481317939647098	-0.04851317617324165	0.2548723294765838
0.3481508108178945	-0.04850501214226664	0.2548226576654142
0.3481679580859488	-0.048449247841539686	0.25477788183809263
0.3481837270991559	-0.04834862451777881	0.25473672294238275
0.34821664330941116	-0.048040660604113675	0.254650825435863
0.3482385413648189	-0.04778467458773096	0.2545936826270647
0.348252052495621	-0.047603887005374615	0.25455842961979447
0.34830004576933316	-0.046836471333047316	0.2544332205176765
0.34831897573011106	-0.046494492335256696	0.25438383514819807
0.3483568858056516	-0.045761699474617015	0.25428492011054393
0.3483834027407675	-0.045215218509613034	0.25421571543965826
0.34841603897647605	-0.04450589768978956	0.2541305375982114
0.3484614903896299	-0.04346214465816388	0.25401191098400777
0.3484945146391858	-0.04266621157450205	0.2539257205088654
0.3485245833460327	-0.041918828654124704	0.25384722388308534
0.3485593680125412	-0.04102376720068092	0.2537563602859436
0.3485797559857521	-0.04048761791802409	0.25370307934265857
0.348632395724936	-0.039073477858019776	0.2535655812391242
0.34867820791202786	-0.03780155019584554	0.25344584745960663
0.3487141990751817	-0.03678376330728243	0.2533518099465042
0.34875226929155095	-0.03569274857508782	0.25325234721621903
0.3488022444953086	-0.03421171567891883	0.25312160833229375
0.34884100380816613	-0.033046403319329495	0.2530202061071392
0.3488747438939436	-0.03201575841725578	0.2529319114948737
0.3489148055671396	-0.030772883702295376	0.25282701369058447
0.34894214744853896	-0.02991421722991909	0.2527554043823679
0.349003834068704	-0.027979123082500765	0.25259398077417283
0.3490418287906774	-0.02677268145627691	0.25249452496606306
0.34907710017013255	-0.025621141664819977	0.2524020455936489
0.3491115207045111	-0.024516430032946387	0.25231196682263635
0.3491516676023509	-0.023196882325131576	0.2522067362767567
0.34920232072551527	-0.021502224547417667	0.2520738431692289
0.3492289074059774	-0.02060122404772384	0.2520040429348367
0.3492570732382515	-0.01964917513890725	0.25193013295345623
0.3493221955212722	-0.017437736900750275	0.2517592670989307
0.3493574890079587	-0.01623762470398772	0.25166670036684924
0.3493918619088021	-0.015045334870317048	0.2515764129229949
0.34941105395167776	-0.014376535738144056	0.2515259938886854
0.3494718521697433	-0.012269448222394438	0.2513664103166656
0.3495091742730254	-0.010960270190272306	0.2512683846398913
0.3495386576711411	-0.009941198326903142	0.2511910795666218
0.34956968990606285	-0.008841157184259221	0.25110955004755786
0.3495991074584463	-0.007816775249824479	0.25103241305708524
0.3496440226887762	-0.00623460269417693	0.2509145662038016
0.3496710357600961	-0.005270064245609787	0.25084363329074133
0.34969854303766357	-0.004297062664278525	0.2507714877007232
0.34972492567605573	-0.0033547810245880966	0.2507022626341803
0.34975349781264686	-0.0023244413846718187	0.2506272591058296
0.3497827578427395	-0.0012816839241538008	0.2505505692538179
0.3497957872196861	-0.0008204466455708354	0.25051644964338393
0.3498243338175642	0.0001846070214374801	0.2504417574189376
0.34984818259796235	0.001034912276834929	0.2503793472389879
0.3498731480479722	0.0019162465466914663	0.2503140968213643
0.3498894402576633	0.002487949059408981	0.2502715537968776
0.3499049856758555	0.003039320495232936	0.25023098779781416
0.3499195866382611	0.0035526566726224867	0.25019292206275445
0.3499357268035287	0.004116851633196514	0.2501509090667971
0.3499416425723165	0.004322669793792908	0.2501355306321571
0.3499540025276327	0.0047489761091610155	0.2501034609690748
0.34996028530152634	0.004962389631522027	0.2500872087259171
0.3499652969981635	0.0051282724640234895	0.2500742995089869
0.34996839272432795	0.005220372373470686	0.2500664433301416
0.349968661808071	0.00521867562998031	0.25006586607097303
0.3499689721212871	0.0052164865721795045	0.25006519900153973
0.34996923051844797	0.005214668623157906	0.25006464739147477
0.3499696445052113	0.005211751191735545	0.25006376028259203
0.3499698253876046	0.005210482121790386	0.2500633766157584
0.34997017230999966	0.005208039861348809	0.2500626350456322
0.34997033838544583	0.005206871806055044	0.2500622807989401
0.34997070287609283	0.005204312330332375	0.2500615061602257
0.34997111366534495	0.005201424934834817	0.2500606312000524
0.349971293334222	0.00520016253233592	0.25006024884122563
0.3499715216761004	0.005198559268978983	0.250059763672151
0.349971815667335	0.005196498938991864	0.25005914166114995
0.349972040000053	0.005194924669083681	0.25005866559058276
0.34997252728257616	0.00519150769047029	0.25005763322431673
0.3499726696493577	0.005190509818365149	0.2500573319054775
0.3499729197536543	0.005188757163293936	0.25005680280432097
0.34997326418435953	0.005186342615734543	0.250056073553891
0.3499736145875504	0.005183889095992336	0.25005533358997867
0.3499737725849251	0.005182781720821414	0.25005499921714075
0.34997411641241055	0.005180375248966654	0.2500542737898269
0.34997435369189817	0.005178713536230686	0.25005377251031036
0.34997460918812584	0.00517692459002618	0.2500532329666758
0.3499747408570028	0.005176003652321334	0.2500529555627312
0.3499750021909145	0.005174175965412711	0.2500524050834268
0.34997532942342136	0.00517188650871693	0.25005171519566893
0.3499756345541328	0.005169753110981459	0.2500510728205191
0.3499757707625294	0.005168800695308798	0.25005078601183184
0.3499759835671256	0.005167311989795073	0.2500503374570056
0.3499762987052782	0.005165109497756351	0.25004967454673505
0.34997654333593126	0.005163400029531792	0.2500491601012366
0.34997689328653014	0.00517565078101688	0.2500484208355652
0.3499770739655735	0.005189342462611282	0.2500480381554522
0.3499774410762246	0.0052305365032711965	0.2500472574398265
0.3499782235324977	0.00534388496373446	0.25004559203875193
0.34997882655972495	0.0054425558658623	0.250044306140706
0.3499798575288215	0.005625909967692785	0.2500421037261181
0.34998031610641134	0.005711376429810164	0.250041123601797
0.34998110584943987	0.005862443210134724	0.2500394347757218
0.3499822819527706	0.006095952702423066	0.25003691846396775
0.3499834793026967	0.006341601030459901	0.2500343572997974
0.349984084329854	0.006467937251118591	0.2500330610033855
0.34998520201350125	0.0067032751464578405	0.2500306621737529
0.3499863643972702	0.006956082696445279	0.2500281770386059
0.3499873896078974	0.007185576414533781	0.25002599337469594
0.3499887582013317	0.007488192532699112	0.25002305935267916
0.34998969471500657	0.007696673869554693	0.25002104962972893
0.34999028092888534	0.007829236846957424	0.25001979421289056
0.34999160955894637	0.008128890212801415	0.2500169437795306
0.34999297514818845	0.008439469250847376	0.25001401503406573
0.3499938224755671	0.008633055118291003	0.2500121983242053
0.34999467823074826	0.008829653108873278	0.25001036526855247
0.3499952474590092	0.008959063245786145	0.2500091426801454
0.3499963192615427	0.009203670876746145	0.25000684339165846
0.34999672363764794	0.009296262364013985	0.2500059769833787
0.34999793713803046	0.009572099613416526	0.2500033750049133
0.34999849267819527	0.009698886449020824	0.2500021880382002
0.34999894435761103	0.009800810783477651	0.25000122168751004
0.3499993054400514	0.00988207216763455	0.2500004511461888
0.3499997041947341	0.00997104180253379	0.2499996032925905
0.3499998721385055	0.010008128722797244	0.24999925056250194
0.34999991278168013	0.010016783387821998	0.24999917136780003
0.34999991348493165	0.010016642645354748	0.2499991782990615
0.3499999144777272	0.010016416703742231	0.24999918900441642
0.3499999148292049	0.010016337719310112	0.24999919276929977
0.3499999155462375	0.010016181089259099	0.24999920031603917
0.3499999164954293	0.010015967728291858	0.2499992105098722
0.34999991740864494	0.010015761253281574	0.24999922036668368
0.34999991805785463	0.010015618184182035	0.24999922726020546
0.3499999184211368	0.01001553660572932	0.2499992311677465
0.34999991932554203	0.01001533779689913	0.24999924076106467
0.34999992023442	0.010015141672052488	0.2499992502861861
0.34999992088932036	0.010015002337568343	0.24999925708617995
0.3499999214764387	0.01001487606650052	0.24999926322642885
0.3499999224266268	0.01001467396081751	0.2499992730904646
0.3499999227835633	0.010014597296457789	0.24999927681984943
0.34999992360722126	0.010014421978243801	0.24999928537325322
0.3499999239715388	0.010014346873908037	0.24999928907679958
0.34999992487961473	0.010014157667392734	0.2499992983719915
0.3499999257466807	0.010013976365947072	0.24999930726633848
0.34999992636860655	0.010013847563552933	0.24999931360429184
0.34999992701680666	0.01001371450145927	0.2499993201702678
0.3499999279091057	0.010013533893162618	0.24999932912286416
0.34999992833713345	0.010013447117499033	0.24999933342100406
0.34999992905603194	0.010013301973738689	0.24999934061892004
0.3499999294505086	0.010013221905847969	0.24999934458176892
0.3499999302608623	0.010013057961126615	0.24999935270324708
0.3499999309897396	0.01001291178084622	0.2499993599641179
0.34999993171403	0.01001276728162924	0.24999936715249338
0.34999993207151336	0.010012695518178308	0.24999937071431244
0.34999993293749115	0.010012523119690545	0.24999937929315208
0.34999993292300635	0.010007957388262004	0.24999938980648104
0.34999991142955234	0.009920905806128186	0.2499994749626012
0.34999988302613133	0.00983742083706382	0.24999957064884348
0.3499997121842097	0.009514045794956086	0.25000006715342266
0.34999942161310443	0.00907801565238317	0.25000086567163293
0.3499988252883475	0.00836615029685138	0.2500024361870129
0.3499980442707784	0.007712365806241586	0.25000438891720456
0.3499972603020182	0.007010097819904124	0.2500063704031006
0.34999564702645763	0.005800227686515655	0.25001037125177344
0.3499942417059461	0.004901557173236135	0.25001380937975937
0.349992374589149	0.0038701806958619106	0.2500183322414699
0.349989413623563	0.002218334547440498	0.2500255381849321
0.3499878185781211	0.001517569740243238	0.25002936883953625
0.3499839859153994	-0.0002136842520798904	0.2500386200399566
0.3499811655165056	-0.0015291674846440312	0.25004545732127903
0.349976602621219	-0.0035490921846484252	0.25005655322895254
0.3499726825935268	-0.005087310367096157	0.25006607382536394
0.34996884117771737	-0.006612971922858105	0.25007544576646823
0.3499642151164481	-0.00826496785371332	0.2500867357711659
0.3499588435787466	-0.010829224605157214	0.25010006510460714
0.34995449797471045	-0.012543522641729463	0.25011083816127444
0.34994961538708685	-0.014303060575260915	0.25012296600771844
0.3499460749011004	-0.01586689445588048	0.2501318399929918
0.3499372705084207	-0.019101160576101908	0.2501539870384605
0.3499308889175828	-0.02098102911017087	0.2501700822205524
0.3499272252609344	-0.022125965479377854	0.25017936204363567
0.34991935795379536	-0.025085472532515377	0.2501994828424684
0.3499113256526106	-0.028011345159878423	0.2502202171816813
0.3499044793415035	-0.03024218456806467	0.25023797888376487
0.34989907767563694	-0.03231414898696004	0.25025209475929755
0.34989006612232587	-0.03542474615234677	0.2502758214678773
0.3498853265261187	-0.037730936616500524	0.25028837575790297
0.34987918212262104	-0.0399012864552236	0.2503047993858794
0.34987220010116266	-0.04214623829939444	0.2503235685948786
0.34986752683362426	-0.043419476200792076	0.25033620444652727
0.34985870137213093	-0.04675656132529786	0.2503601517096853
0.34985009629072467	-0.05005988545751465	0.2503837760172839
0.34984442713530944	-0.0518727517626988	0.2503994717289536
0.3498376853530509	-0.054426911015783355	0.25041820345370525
0.3498308603739535	-0.05658461539863559	0.2504373728455296
0.34982073065235103	-0.059901019290939925	0.25046599489431676
0.3498159857713412	-0.062027657190000265	0.25047941684921593
0.34980981084618806	-0.06423938829296162	0.2504971183101341
0.3498052742883529	-0.06633290255008155	0.25051008467899294
0.34980278112411833	-0.06774697097853989	0.25051720419009016
0.3497943815798296	-0.07156635676296495	0.250541569311511
0.3497895278466489	-0.0733109546319841	0.25055586079834546
0.34978526532119886	-0.07556564967490441	0.2505682953421703
0.34978085088726674	-0.07760820861433997	0.25058137346895726
0.34977610344626175	-0.08046572742477494	0.25059535755086326
0.3497722960926937	-0.08249295633512062	0.25060676692304457
0.34976909570771086	-0.08430965628183947	0.2506163960402153
0.34976614579271936	-0.08608130458029452	0.2506253127917528
0.3497634986063831	-0.08856751553275317	0.25063322284066014
0.34976131904022534	-0.09022149422629609	0.25063990384689705
0.34975954602763654	-0.09175467466926952	0.2506453568245211
0.34975802634711767	-0.09337254047490721	0.25065005245382943
0.3497568037093997	-0.09499203604602584	0.2506538789974521
0.34975559133539535	-0.0971628128810084	0.25065777944017986
0.34975542394147907	-0.09807142056655964	0.2506583389425232
0.3497545820699843	-0.09964163547137518	0.25066128195683307
0.34975420759109477	-0.10116827208399896	0.250656148075825
0.34975443897821773	-0.10276288736698024	0.250576031325791
0.3497550366021391	-0.10398007602327235	0.25043569240985714
0.34975599741320595	-0.10514084148535675	0.25024248123754617
0.3497588301517972	-0.10692620169913784	0.24982105697822612
0.3497616302559752	-0.10818350257712685	0.24944215911919543
0.3497648933598836	-0.10938435783639801	0.2490104026332614
0.34976899256910476	-0.11053154660884752	0.24855227267489532
0.34977637191728206	-0.11219376675815422	0.24780629127163228
0.3497837889296607	-0.11349030137511883	0.24715539725114072
0.34979050944965906	-0.11462224083958063	0.24653424405887056
0.3497990903126817	-0.11576417970482163	0.2458845994581091
0.3498134014316074	-0.11749389515788643	0.2448082270819908
0.3498249312566904	-0.11859060074533694	0.2440813765243251
0.3498348689791687	-0.11970682634502254	0.24329808070315245
0.34984246364578564	-0.12036318634916794	0.24282044123335303
0.3498685814752105	-0.12247277262705843	0.24121785024533882
0.3498858732263654	-0.12352358914847612	0.2403896690960214
0.34990316755461237	-0.12480045370664643	0.23932183265083515
0.34992537444401484	-0.12591964059458344	0.2383598138582292
0.3499558857369245	-0.12751035304247388	0.2369285953039598
0.34997672166479055	-0.128618816279769	0.23587938192737937
0.350002177152766	-0.12964657366580423	0.23490564591677857
0.3500294883705659	-0.1307060072626906	0.23387789886017624
0.3500637529059685	-0.13217646518905068	0.23241985705753293
0.35009943479510286	-0.1331863714343623	0.2313894354941446
0.350128595390935	-0.1341876942071185	0.2303320790611414
0.3501649709018211	-0.13507930755208097	0.2293656846748557
0.3502470714319714	-0.13652377352248457	0.22776741802402914
0.35030442613394225	-0.1373808655856436	0.22682480377530767
0.35036234474536715	-0.13825895414066702	0.22583252912510188
0.3504323684294505	-0.13915201004072236	0.22479712533619495
0.3504836107225006	-0.13993513284684822	0.223830251385136
0.3506181758510457	-0.14126735699123372	0.2222429862579847
0.35067489747317093	-0.14200056927355797	0.22128910987950068
0.3507592855853705	-0.14276337745851403	0.22032659173632307
0.35083239566338137	-0.14353203090596434	0.21932032680179325
0.3509208521522478	-0.14435377541213773	0.21826560244864388
0.35104487883070623	-0.14530339807958642	0.21702441122319902
0.35110688194530837	-0.14595193635389148	0.2161049705536368
0.35123210733123933	-0.14695567484548794	0.21470663749018506
0.35129649255507817	-0.1473190386495622	0.2142073395356175
0.3514256551371728	-0.1481387694060361	0.21302605791068285
0.35152462285534924	-0.14872262187284718	0.2121950800287879
0.35160648453804444	-0.1492878251995161	0.2113362565709697
0.3516817149539536	-0.14982130139825056	0.21050903079344016
0.35175177958633824	-0.1504529992796088	0.209475830978528
0.35181281858707625	-0.15086581320158754	0.20882979223307732
0.35184902953715896	-0.1512979923291522	0.20808151048646584
0.3518905140475209	-0.15180314911940118	0.20718481602940536
0.35193788683271837	-0.15214405722726454	0.20659661612776425
0.3519583732114068	-0.15242420445400423	0.2060624958156318
0.35198400070899283	-0.15278610454928176	0.2053586981205167
0.35199534127536036	-0.15304693669269562	0.20481374370473715
0.35199956869007193	-0.15322743700265895	0.20441638260634198
0.3519909463958508	-0.15335648952182598	0.20409138588040404
0.35198628883178296	-0.15342265695988067	0.20391890377520983
0.35195783027587907	-0.15354933419022954	0.2034931280335278
0.35194041079268795	-0.15356848336551576	0.20335675201185913
0.35192244096398817	-0.15355471635198667	0.20328490341916083
0.351904865105522	-0.15352091945636764	0.20325462054505822
0.3518875745762629	-0.15348747598954798	0.20322490279533445
0.3518620877143088	-0.15343906667033563	0.20318134912260413
0.35184572573230105	-0.15340830729479082	0.2031534318715983
0.35183020798027476	-0.15337920355809648	0.20312694955653604
0.3518133575606716	-0.15334773070727686	0.20309821395428926
0.3517966427219212	-0.1533165943555332	0.2030697214844985
0.3517793662570078	-0.15328448921539428	0.20304027766059035
0.3517644337949009	-0.15325680751550902	0.20301483215261124
0.351742558307754	-0.15321628945304588	0.20297755899942507
0.35171816406099615	-0.15317116155381721	0.20293599816073432
0.35170234696696573	-0.15314193001724186	0.20290904858495465
0.3516866407187589	-0.15311291663855175	0.20288229119058704
0.3516778443849995	-0.1530966733311223	0.2028673038095754
0.35165576182678865	-0.1530559087630708	0.20282967449697203
0.3516326072917765	-0.15301318096253286	0.202790222263009
0.3516188769383391	-0.1529878492245319	0.20276682618270342
0.3516052843357472	-0.15296277376522482	0.20274366208767056
0.3515905220320795	-0.152935543363921	0.20271850453882553
0.3515745974262808	-0.1529061730865357	0.202691368482841
0.3515545030353289	-0.15286911210351162	0.20265712036163386
0.3515396038066729	-0.15284163396844014	0.20263172546451141
0.3515315651800252	-0.15282681047845942	0.20261802626623018
0.35150652417683165	-0.15278063315030704	0.2025753471253297
0.35149326510004814	-0.15275618247279693	0.20255274698332904
0.35147952744770383	-0.15273084944406617	0.20252933043997712
0.3514658918009013	-0.15270570581906007	0.20250608909558104
0.3514465900285702	-0.1526701117599507	0.2024731851416578
0.35143271291620226	-0.15264452102667125	0.20244952768378102
0.3514195090033621	-0.15262017296859404	0.20242701957883696
0.35141097418711165	-0.1526044341085499	0.20241246940396276
0.35138902014257156	-0.15256394821639874	0.2023750398573191
0.3513745107715905	-0.15253719154544693	0.20235030312086041
0.3513663153283095	-0.1525220778175549	0.2023363297739787
0.351349395693645	-0.15249087490313612	0.2023074807257133
0.35133805381393624	-0.15246995807434638	0.20228814137858697
0.35132360169220067	-0.15244330527870825	0.2022634985658999
0.35131352385063574	-0.15242471936623964	0.20224631403690985
0.3512962254813849	-0.15239281584676517	0.20221681453846468
0.35128792125687647	-0.15237750005297312	0.20220265254407718
0.3512719884348754	-0.15234811436432105	0.2021754803492475
0.351260278506634	-0.152326516713994	0.2021555090134144
0.3512466617817361	-0.15230140241657214	0.20213228625612406
0.3512331935392238	-0.15227656155286234	0.20210931581207786
0.35122184817363356	-0.1522556316228137	0.20208996383267663
0.3512061881071349	-0.15222675185036494	0.20206325593162933
0.3511955707590492	-0.15220716801104184	0.20204514511261795
0.3511864824493863	-0.15219040418428675	0.20202964170277
0.3511724731275965	-0.15216456343264273	0.2020057443500797
0.35115772563745057	-0.1521373605920296	0.20198058663070262
0.35114798456018903	-0.15211939226127563	0.2019639690158562
0.351137886716277	-0.15210076530762806	0.2019467411814929
0.35112694633573094	-0.15208058433902988	0.20192807684162858
0.35111208698345514	-0.15205317371107946	0.2019027250784066
0.3511018557350212	-0.15203430001635565	0.2018852682435607
0.35109215699764884	-0.15201640845813813	0.20186871954595278
0.351086469223808	-0.15200591592123675	0.20185901426529385
0.3510674270039493	-0.15197078735903702	0.20182652113288796
0.35105804181632044	-0.151953473454491	0.2018105052960491
0.3510525288734433	-0.15194330308667597	0.2018010975602917
0.3510399046939699	-0.1519200136686723	0.20177955465326136
0.3510253798118237	-0.15189321727693705	0.20175476660147187
0.35101637656690754	-0.15187660716919704	0.20173940005655508
0.3510110774973381	-0.15186683093293535	0.20173035633248976
0.35099854321340096	-0.15184370629936755	0.20170896441267294
0.35098474598027346	-0.15181825125844578	0.201685416029725
0.3509759102667167	-0.15180194966730837	0.2016703347867174
0.3509708273911337	-0.15179257184819833	0.20166165869977662
0.35095803469206777	-0.1517689693380026	0.2016398223193502
0.35094515338779064	-0.15174520298117927	0.20161783321452703
0.3509367215330399	-0.1517296458215016	0.20160343953019166
0.3509310860498774	-0.15171924801965636	0.2015938193636771
0.3509206777016001	-0.1517000438066229	0.20157605019790367
0.3509118447765768	-0.15168374620718483	0.20156097031783943
0.35089982145112425	-0.15166156175367068	0.20154044367368731
0.3508918796343927	-0.15164690799745462	0.20152688529548912
0.35088403342209296	-0.15163243053849634	0.2015134886906157
0.3508724984915432	-0.15161114660409247	0.20149379334555195
0.35086472728310897	-0.15159680725831315	0.20148052357782975
0.3508588413637721	-0.1515859465242016	0.20147047315442332
0.3508488763698902	-0.15156755885408002	0.20145345777400614
0.3508376804705224	-0.1515468996489185	0.20143433977122963
0.35083030410311755	-0.15153328830305623	0.20142174333408835
0.3508259708524456	-0.1515252922385324	0.20141434359134464
0.3508163995336967	-0.15150763038758708	0.20139799804116426
0.35080660474324266	-0.15148955592181557	0.20138127065026568
0.35079727570805386	-0.15147234087376454	0.20136533708840196
0.3507905742229251	-0.1514599743138489	0.20135389142787485
0.350783308513477	-0.1514465665120655	0.20134148145230266
0.35077452831743133	-0.15143036365557366	0.20132648516785212
0.3507661376290702	-0.1514148793372238	0.20131215430756028
0.35075936428042254	-0.15140237954983377	0.2013005855644781
0.3507526690290088	-0.15139002390627893	0.20128914926388725
0.3507427235481647	-0.15137166990921785	0.20127216106646312
0.3507358723063869	-0.15135902610455299	0.20126045775803808
0.35073233176917673	-0.15135249215092672	0.20125440937475675
0.35072295572745077	-0.15133518868967155	0.2012383922440033
0.35071572288903036	-0.15132184044059072	0.2012260356581925
0.35070913186250186	-0.15130967655485345	0.20121477525361547
0.3507000612204902	-0.1512929363183637	0.20119927811351646
0.3506936272106003	-0.15128106209801628	0.20118828485456333
0.3506869737815328	-0.15126878281326317	0.20117691647698852
0.3506779157450833	-0.1512520654134617	0.20116143939532807
0.3506716857999812	-0.1512405675097812	0.20115079382939294
0.35066765224926283	-0.1512331231835764	0.20114390129879967
0.35066151410326685	-0.1512217945415132	0.2011334122260184
0.3506509319708259	-0.15120226374258977	0.20111532874304977
0.3506441891260828	-0.15118981867421688	0.20110380592002028
0.3506382636494343	-0.1511788822006621	0.2010936793405597
0.35063264932947136	-0.15116851996947755	0.20108408420553076
0.3506270716067294	-0.15115822509044735	0.20107455175210945
0.35062130857051066	-0.1511475882527209	0.2010647018962499
0.3506155896413831	-0.1511370326603284	0.20105492742490008
0.3506082079499929	-0.15112340793492152	0.20104231071477557
0.3506002038794061	-0.15110863444742012	0.20102862937853022
0.3505946866460793	-0.15109845093340524	0.20101919852412292
0.3505889725018248	-0.15108790377892284	0.2010094311259765
0.3505859047629842	-0.15108224136690052	0.20100418709828288
0.35057842333424827	-0.15106843212117965	0.2009913978852916
0.3505717122629572	-0.15105604454783234	0.2009799255383766
0.3505653113733	-0.15104422946932833	0.20096898296072535
0.350562366257725	-0.15103879321991925	0.20096394799167994
0.35055495367121864	-0.1510251105274566	0.2009512752471321
0.350547412755515	-0.1510111907534828	0.2009383827761588
0.35054477409485274	-0.1510063199991895	0.20093387146508615
0.35053781400850015	-0.1509934723100661	0.2009219711755565
0.35053286098398434	-0.15098432934233935	0.200913502416591
0.35052604687051697	-0.15097175083368136	0.20090185115283749
0.3505210001862325	-0.15096243490351158	0.20089322154196615
0.3505164216915217	-0.15095398322496573	0.2008853921939695
0.35050963587586315	-0.15094145666188385	0.20087378830949357
0.3505071564254748	-0.1509368795544303	0.2008695483601205
0.35050228144294576	-0.15092788023321269	0.20086121174003818
0.3504958605102398	-0.1509160270254693	0.2008502309328068
0.3504926923869669	-0.15091017866974643	0.20084481254007164
0.350484838648875	-0.15089568031494388	0.20083138049813465
0.3504805719005836	-0.1508878036259026	0.20082408296096294
0.35047615049516256	-0.15087964136734666	0.20081652074216866
0.35047214416873895	-0.1508722452768076	0.2008096684040267
0.3504655137385173	-0.1508600047668267	0.2007983274116325
0.350460888931126	-0.15085146678004158	0.20079041667953024
0.35045701629008835	-0.150844317375673	0.2007837922934782
0.35045444594644864	-0.15083957208858445	0.20077939562264308
0.35044845582893713	-0.15082851337101721	0.20076914879316055
0.35044433263411984	-0.15082090128366693	0.2007620952448601
0.3504386538588415	-0.15081041720459154	0.20075238038205293
0.35043461873512033	-0.15080296757085176	0.20074547712908808
0.35043062279528653	-0.1507955902513861	0.20073864069926717
0.35042488458993104	-0.15078499619621305	0.2007288233658745
0.3504210321133214	-0.1507778835450882	0.20072223213104876
0.3504171597717255	-0.1507707342374348	0.20071560662090143
0.35041331956127764	-0.15076364416896793	0.20070903599216955
0.3504096827973649	-0.15075692971031662	0.20070281324388842
0.3504039888248988	-0.15074641695190794	0.2006930702619215
0.35040040245664966	-0.15073979541334137	0.2006869333994436
0.3503967171039495	-0.15073299106294802	0.20068062702790987
0.3503932223843141	-0.1507265386278866	0.20067464674754576
0.350389606720831	-0.150719862897634	0.20066845926163718
0.35038602270194225	-0.1507132455344673	0.20066232580736476
0.3503810880567836	-0.15070413433771712	0.2006538807856254
0.3503783360215009	-0.15069905297651298	0.20064917097268145
0.35037379839627625	-0.15069067469406322	0.20064140502182604
0.3503688686768818	-0.1506815723560419	0.20063296775295425
0.3503654724869144	-0.1506753015213405	0.2006271549408292
0.3503621130226192	-0.15066909851101173	0.20062140475121437
0.35035907014102136	-0.15066347998880397	0.20061619635718542
0.3503541979443779	-0.15065448366346135	0.20060785654184263
0.350351364022996	-0.15064925090664305	0.20060300551514965
0.3503481356938948	-0.15064328987583775	0.2005974791820201
0.3503452105731473	-0.15063788864520056	0.20059247182955964
0.35034066285742277	-0.15062949120168267	0.20058468667590604
0.35033888447909595	-0.150626207371805	0.20058164222557465
0.35033468022813996	-0.1506184439834632	0.20057444480432218
0.3503327997170913	-0.15061497150118353	0.20057122538873526
0.3503284174210757	-0.1506068793421439	0.20056372261549546
0.35032396744308986	-0.1505986621704541	0.20055610362011705
0.3503224076401523	-0.15059578184125966	0.20055343300895892
0.35031841181048334	-0.15058840309572624	0.2005465914235969
