0.3499978010884103	0.14999886590232192	0.20151246373788462
0.3499978010884103	0.14999886590232192	0.20151246373788462
0.34999727980046846	0.14999863509596367	0.2017931195337962
0.34999647631681435	0.1499982685004595	0.2022342646815207
0.34999607193800625	0.14999808421715632	0.20245002533899908
0.34999518158590803	0.14999767059146663	0.2029285283096537
0.3499944451613976	0.149997348059773	0.20327603230857308
0.34999366234463947	0.14999699733677102	0.20365004316351837
0.34999306022593396	0.14999669751037248	0.2039846294765622
0.3499916948663033	0.14999611017732872	0.20453636472747314
0.3499910965586278	0.1499958367345039	0.20479964175017537
0.3499904576549755	0.1499955050219663	0.20514915037101716
0.3499892864062901	0.14999493693953914	0.20567975383617715
0.3499882112886551	0.14999438346197008	0.2062009462936271
0.3499875367126035	0.14999400989984363	0.206565412726231
0.34998677970623127	0.1499935946175554	0.20694298414400858
0.3499859713073905	0.14999315396295992	0.20731568159437297
0.3499854136542264	0.14999279771062307	0.20767943137822056
0.3499843672963029	0.14999216923937722	0.20820365581423458
0.3499840215010701	0.14999194098500812	0.20841251472792577
0.3499832850851826	0.1499914444548165	0.20884400519944665
0.3499826426907407	0.14999095528428014	0.209303446492077
0.349982198180425	0.14999061525692625	0.20958475311982477
0.3499819239594496	0.1499903544058825	0.20986688262520542
0.3499817867035049	0.14999021945038007	0.21000166672877338
0.34998142768219886	0.14998984623739825	0.210353110480816
0.3499811830520325	0.14998957082434686	0.21058568900181826
0.34998111288321176	0.1499894327345187	0.21075937815864831
0.3499810573549376	0.14998924930189034	0.2109792282004883
0.34998106073072344	0.14998915961086637	0.21109227494661378
0.34998114422002363	0.1499891172436893	0.21119990853895781
0.3499812949133529	0.1499891428964102	0.21126517622189103
0.34998144103943307	0.14998921022826917	0.21127798736491138
0.3499815463662775	0.14998928058586236	0.2112683408247125
0.34998184525492926	0.1499895736691565	0.21116822336625957
0.34998202263018646	0.14998983899506607	0.21104474617465033
0.34998214674671535	0.14999012453876123	0.21089467605585216
0.34998223998866107	0.14999046231575183	0.21069783922252955
0.349982206060663	0.14999105647997887	0.21034586245134207
0.34998207448022695	0.1499915103835111	0.21004302909262626
0.3499819176213342	0.14999184969906842	0.2098024666745773
0.34998150510284154	0.149992490789194	0.2093046176763467
0.34998103842015577	0.1499930051872018	0.20887250327967266
0.3499801142196202	0.14999382591484162	0.20809689085754365
0.3499790738781933	0.1499944063282304	0.20751352445329613
0.3499775880576441	0.14999502095306044	0.20684969714506188
0.3499758776993392	0.1499955798700221	0.20618544138079514
0.3499735689724266	0.14999638290803352	0.2050446139885685
0.3499717710247758	0.14999666704404985	0.20457960193081545
0.349968577904979	0.1499973911993629	0.20328218106051213
0.34996516644132913	0.14999776791869762	0.20234589448366827
0.3499614961598385	0.1499980911241105	0.20135461500446156
0.3499555582123056	0.14999848758395667	0.19968662516169466
0.35001840336282114	0.15024511395104828	0.19843149217930336
0.3502110940211091	0.1509651156573502	0.19707724693452122
0.3505163009548892	0.1520953518767219	0.19568873668349787
0.35091918975952346	0.15359228600693103	0.1942729749311084
0.35167434225344346	0.15638638285885575	0.19208999966954898
0.3520366552674657	0.15774289354651289	0.19115629209402418
0.3527213684993746	0.1602948020080029	0.18952519406078436
0.3538441861470688	0.16446949344412318	0.18710768826527785
0.3552568248292865	0.16974399597055484	0.1843134686971833
0.3560561942724091	0.17281880395356805	0.18277673772556902
0.35747394903324714	0.17818240439770183	0.18021443163161882
0.35808840126173447	0.1805368781026418	0.17912691661005148
0.3603519394267622	0.189286122319894	0.17522726619721457
0.36148862365394474	0.19360654778341152	0.1733693326683688
0.3632308963142588	0.20020469726231993	0.17059447745843595
0.3646994637272385	0.20584235814377677	0.1682715972143187
0.3656150678656201	0.2093945066451841	0.16683203195978594
0.36795474244890025	0.2183302084380705	0.16326064502597087
0.36972409666790323	0.22523157902464408	0.16055182662904827
0.3721103285107831	0.23445140834718792	0.15697576514726025
0.37370638826862573	0.24052291013485866	0.1546389746491904
0.3754644720677985	0.24728182502571977	0.15205556324158448
0.37718008576894624	0.25389021564083675	0.1495467947512516
0.3798381303376164	0.2642722021609121	0.14562758989634128
0.3817283334036718	0.27170359296160607	0.1428325642565963
0.38358808587007465	0.27889794343409496	0.14012613330729518
0.38555840282040615	0.28645010118909775	0.13728238891409844
0.3866831210105235	0.29088088558732206	0.1356162125711166
0.39006776731757015	0.3038824792445343	0.13070707943189047
0.39194430168984	0.3111905301464102	0.12793700427993443
0.39342950856057846	0.31690533055907016	0.12576024136889175
0.3955502093438988	0.32512969970759026	0.12261314304992738
0.39826500198236187	0.33589153966852314	0.11845889519684427
0.4001761570566524	0.34328179068470754	0.115578554777374
0.40185776793990285	0.3497459918370167	0.11303750296050458
0.40302689443822876	0.354325134698662	0.11122163934250057
0.40628509654661693	0.36660761649289814	0.10629344738934077
0.4079013295635928	0.37305892846902494	0.10364214678754241
0.40957033328312226	0.3796765411789004	0.10088553060998667
0.4104951082080484	0.38336082933012133	0.09933352755121433
0.41347789541224655	0.39484977418908207	0.09440056396858437
0.4150953052955282	0.401219784940502	0.09157876342534238
0.41664316596452167	0.40708421575488685	0.08893587333500913
0.4180513270144313	0.41250253102853895	0.08642581662882004
0.4194043451515983	0.41773303022310093	0.08394055502048547
0.4212652679849796	0.4249767004543833	0.08037452668529049
0.4225735486896584	0.4298756861863442	0.07788138009702333
0.42378339716023206	0.4345346216894884	0.07540782574955701
0.42496026494053285	0.43910911558195564	0.07286503671096467
0.42612075183717435	0.44345946293499083	0.0703365174504923
0.42758968367120087	0.44897849626747177	0.06689452169008558
0.4284819969893321	0.4523082784263079	0.0646570101824333
0.42904865009266296	0.4544241646426679	0.06313290903088958
0.4299878246447525	0.45785173506964333	0.06045636862081333
0.4306607790268765	0.46033636379741205	0.058217180288443804
0.4313828339245672	0.4629767132272364	0.05545032702819497
0.43177206917654004	0.46430185391518985	0.0536549165278325
0.43198856857068024	0.46502209271475226	0.0524634850512678
0.4322792859802032	0.4659471213405307	0.05023866178749048
0.43240033669313555	0.4661528378060495	0.04787691439199776
0.4324274755991298	0.4661412035572261	0.04690281684224151
0.43248378148670774	0.46611164197999805	0.04475971703896808
0.4325300787328135	0.46609252580952354	0.04312455606756321
0.43257716860193046	0.4660669358494909	0.041315560554374686
0.43262985846264423	0.4660353565025684	0.03922557327732534
0.4326715769388824	0.4660161381744399	0.03771220150567706
0.43271193192259055	0.465998811113704	0.036281330114617094
0.43274120238303504	0.4659836107874096	0.035183235590198925
0.4327984310739235	0.4659610551380645	0.03321246893838087
0.43285165740971027	0.46593497704668674	0.031267566585756024
0.43288402063569953	0.465913646023431	0.029962747703803916
0.4329210106682339	0.46589256340075513	0.028553486822880114
0.43297442637615136	0.4658636747263534	0.026566664816084162
0.4329934921765927	0.4658530308640879	0.025853076334438285
0.43304482495667784	0.4658259217689264	0.023978638239301353
0.433082720145824	0.46580822500290464	0.022656520135102776
0.4331371820781422	0.46578122118923193	0.02073636151385072
0.4331765627147358	0.46576392707605097	0.01941024457378554
0.43321367731768046	0.46574715342833134	0.01815951870139193
0.43324655659289535	0.4657285168346296	0.016978311064892004
0.43330022895514136	0.465707922929894	0.015281873298723936
0.43333556183250144	0.4656919081317622	0.014126274457237353
0.43337238124652666	0.4656744512720589	0.01291821771033208
0.43340827488402256	0.4656614511024084	0.011836259690246542
0.43344260549110425	0.4656470543751902	0.010772540512572093
0.4334942441596017	0.4656215065454857	0.009115782892595903
0.43351800350527103	0.4656128486950825	0.008428073994969476
0.4335526818548316	0.46560031811594477	0.007435097191975493
0.43360186193162104	0.4655837865301375	0.006074008281308996
0.4336362466861347	0.4655719616812343	0.0051361741295092855
0.4336765237679522	0.4655629054713025	0.004144805812743235
0.43372493109350435	0.4655452085894282	0.0028520017983792445
0.43375992718413386	0.4655356589527275	0.0019966141902955648
0.4338135142310982	0.4655211496938256	0.000723200466168028
0.433845574174413	0.4655114250463118	-3.804919640659765e-05
0.4338645917027554	0.46550457587384547	-0.0005011130203639858
0.43391817607245886	0.46549210949204034	-0.0016577321132771328
0.4339545724915914	0.46548443660535055	-0.002407891772027382
0.4340058297705989	0.46547423181840786	-0.0034191672710150445
0.43404291543305046	0.46546735320571553	-0.004117098473520875
0.4340687704956883	0.46546151153698917	-0.004606331648638495
0.4341264551115445	0.46544975401637667	-0.00563759289790805
0.4341601379483964	0.46544303286516897	-0.006210854242174824
0.43419628286372414	0.4654381744602598	-0.0067698170187958095
0.43421504753815204	0.4654357090933079	-0.007048611835553609
0.4342711228437514	0.46543089429541695	-0.007812528800304697
0.43430302258753756	0.4654284477109715	-0.00821588331345613
0.43433800784562304	0.46542602056656635	-0.008637060743389435
0.43439010534331124	0.4654231769994752	-0.009211938210279713
0.4344263054139238	0.465422786899224	-0.009560160385548244
0.4344782138858498	0.46542274550992296	-0.010013800552873708
0.4345119144574868	0.4654227659294762	-0.01028224691957974
0.4345672495664359	0.4654244856058166	-0.010652579128117734
0.43460112638556603	0.46542571988312004	-0.010852248375259888
0.4346370351770603	0.4654278603103818	-0.01102640577598818
0.43469095174000155	0.46543191225137487	-0.011232197734150184
0.4347286540383225	0.4654354035356194	-0.011333936839136916
0.43476477984575257	0.4654392337920612	-0.011398235141742097
0.43480097951899344	0.465443511384228	-0.011431285583511475
0.4348584892232997	0.46545090428537134	-0.011435554630319644
0.4348799447638078	0.46545367665306125	-0.011435478310794334
0.4349412179836477	0.4654615658437058	-0.011432765801809242
0.43496996032461305	0.4654652451046948	-0.011430383293353608
0.4350376032344796	0.4654738737019029	-0.011422618687967845
0.4350887386303053	0.46548039488124415	-0.011415146612401117
0.43517051230186365	0.4654907781924792	-0.01140074162924476
0.4352304923689464	0.46549838102399055	-0.011388776208435758
0.4353188693847123	0.46550956342299826	-0.011368997066525388
0.43538200130878796	0.46551754977748244	-0.011353831963314298
0.43542602833017324	0.4655231219831954	-0.011342838532296617
0.43555091604319157	0.46553888475080973	-0.011309311742028372
0.4356346803620339	0.4655494609464458	-0.01128562835790986
0.43570662557620593	0.46555854435963295	-0.011264473366872474
0.4357770162097937	0.4655674302916573	-0.01124308414273878
0.43585517222703524	0.4655772951282042	-0.01121885032188491
0.435966205266002	0.4655913110550457	-0.011183404658655582
0.4360582666353059	0.46560293848244316	-0.011153163111953301
0.43610849693493625	0.4656092858031083	-0.011136351759307161
0.43622067091817385	0.46562345058866456	-0.011098293285051741
0.4363419591061181	0.46563878893683924	-0.01105608946672465
0.43642358071217957	0.46564909772928703	-0.011027246311586247
0.4365019293175892	0.465658988972225	-0.010999242348107507
0.4365919804757773	0.4656703676523901	-0.010966621137569854
0.4366957826197785	0.46568351456205603	-0.010928394679957543
0.43680354722845605	0.4656971664197896	-0.01088819755272985
0.43688299262534996	0.46570721416083743	-0.010858325055053186
0.43695863888044484	0.4657168020296618	-0.010829566036923033
0.43706797793215457	0.46573066730054474	-0.010787606917208592
0.43718454208306307	0.46574543927039447	-0.010742421330154517
0.437240531361961	0.46575255069864996	-0.010720527166688643
0.4373185448441261	0.46576245835938024	-0.010689850726754768
0.43744723032756183	0.4657788190195282	-0.010638772843386934
0.43752719295262754	0.46578898354882114	-0.010606790256053156
0.4376489126491053	0.4658044758240133	-0.010557725023251086
0.43773340418157763	0.46581523250651224	-0.010523427666821572
0.4378161786465764	0.4658257997491191	-0.01048959046671527
0.43789746483156133	0.4658361813767444	-0.01045618597407566
0.43797057536371803	0.4658455204197799	-0.010425997957848376
0.4380788014350848	0.4658593495237442	-0.010381086332690415
0.4381530160396046	0.4658688506573547	-0.010350105606253213
0.43822006862474555	0.46587744774891915	-0.010321983019491887
0.43825607112503706	0.46588206030550033	-0.010306850774164433
0.4383819587096103	0.46589822433026146	-0.01025367810741501
0.43844271892312675	0.46590604399151575	-0.010227871579859493
0.4385034543817409	0.4659138588060062	-0.01020200020257972
0.43856157732472606	0.46592135432977366	-0.010177160449190814
0.43861885725212446	0.46592875912626697	-0.010152585947632742
0.4386902896707767	0.4659380310266702	-0.01012181201405482
0.4387415623310936	0.46594469618081397	-0.010099658550551116
0.43878212706550396	0.4659499857646419	-0.010082083610547243
0.4388234220871639	0.4659553854755971	-0.010064150102794878
0.4388605288276834	0.46596026184217304	-0.010047990427797748
0.4389060598217598	0.46596627184201644	-0.01002812369368794
0.4389277583899425	0.4659691521892928	-0.010018640193576067
0.43896319792596306	0.4659739047270708	-0.010003127422640201
0.4389836977440192	0.4659766928148462	-0.009994147969702216
0.43899797930890716	0.4659786620429695	-0.009987894463692915
0.4390127338353723	0.4659807599169963	-0.009981453424738662
0.439022912258368	0.46598231616208396	-0.009977056693079411
0.43902609724929664	0.46598292099182737	-0.00997573961144299
0.43903934527956523	0.46598485969607595	-0.009795696796404407
0.43909146595931214	0.4659889761738335	-0.008981133074267567
0.439167098303725	0.46598996701485057	-0.007710751593064391
0.43932400655339665	0.46598435282656425	-0.004910881221257157
0.4394285023069459	0.46595621209221044	-0.0026776137321212756
0.4395576039387487	0.46592738543442047	6.44256139408772e-05
0.4397347467566599	0.46586214742474963	0.004301454651509773
0.43986942048607547	0.46579482830136326	0.007886623837219497
0.43999768064524614	0.46571790553370274	0.011597626300456076
0.44007109729244764	0.46565454892409985	0.014068889762317294
0.4402906789483719	0.465420535605186	0.022499608499988444
0.44042604372335625	0.46533582051386935	0.026933603297151276
0.4405383431830902	0.46521966703094725	0.03156421381336455
0.4407172152751654	0.4651343707942073	0.03738106253460077
0.4409373789508316	0.4650028862229878	0.04545897084927836
0.44105196826499016	0.4649171960985699	0.05021384294721293
0.44120612394941605	0.4647902462679494	0.05719130816833434
0.44133856441524455	0.46470486930694455	0.06303277744259528
0.44147183802379214	0.4646178505121193	0.06922926394372697
0.4416086713361025	0.46444370840188165	0.07825328752376531
0.44169145628629136	0.46435594082817017	0.08380889697224203
0.4417761264090146	0.464249631596869	0.09052121905614069
0.44184553127923615	0.4641658114740663	0.09670816228992091
0.4419087523951484	0.46408500017075793	0.10346476740751775
0.441933893156393	0.46395527275987486	0.11132519438985128
0.44192337181744507	0.4638179692905439	0.11857600247778943
0.44186488917234723	0.46364784948207594	0.12794826001414
0.4418021523700479	0.46355439810034277	0.1341834948814502
0.4417178360886	0.4634580009168689	0.13979642301705086
0.4416012192947398	0.463365390107354	0.14555783654925641
0.44138312576543387	0.46326091102538497	0.1539433567205744
0.4411926373499796	0.4631944378320276	0.15932971070340868
0.4410543795246439	0.46315888167957486	0.16266210929598507
0.4406053638793656	0.46310391772558934	0.17127877550890258
0.4402359415850413	0.4630672982592618	0.17679926419350267
0.44000917752263524	0.46304699933721616	0.1796395481508333
0.4394628229013941	0.4630297861739172	0.18533561487799455
0.43874477661069616	0.4630135650239576	0.19121175363784537
0.4381744617532086	0.46300215512412934	0.19498019017312385
0.43772910057072983	0.4629993711519883	0.1973945871942203
0.43718892473083615	0.4630049020891299	0.1998171069072257
0.43591537085376786	0.4622667371950678	0.2045303907565249
0.43518933672846855	0.4611938867531527	0.2067034228624277
0.43404251505409763	0.4590090399012071	0.2097394650093164
0.4330641093957031	0.4567860486573302	0.21203541973084536
0.4320214872789327	0.4541700861577009	0.2142655144820097
0.4302791928734059	0.44921444250425785	0.21755625165584352
0.42901620223786335	0.4453744240967407	0.2197045431873028
0.4277402229992889	0.4412395997380073	0.22168348626077017
0.42690874442326654	0.4383088806549678	0.22287804184273088
0.42431508666841655	0.4290200466084779	0.22628386743951703
0.4227237282604535	0.4230891674983337	0.22819441575471677
0.42121740820121045	0.4173107383373704	0.22989703558973967
0.41943895706598955	0.4103874383915016	0.23177035068032947
0.4177701925324437	0.40363561140292137	0.23338073688870076
0.4153021791273225	0.39346157673259424	0.2356811523101561
0.4143930325477926	0.38959060428958064	0.23644547811280595
0.4125490469962573	0.3816935071487235	0.2380154759884488
0.41002747525194927	0.3707526770792032	0.24000252899929658
0.40745783175503747	0.3594126442380575	0.24185589461930834
0.4054350203908364	0.3502013906855806	0.24321619299888228
0.4035623372286247	0.34160085940717105	0.24448372422596315
0.4016731517438735	0.3328069672280076	0.2456184839835319
0.39986918841623575	0.3242878158373521	0.24672949772577632
0.3969622234378551	0.3105394313771726	0.2484285696000703
0.39588567634607924	0.3053636456298878	0.2490327490292584
0.3940316157911239	0.2965198128683603	0.2500068933307553
0.39171305998475014	0.2851902404655361	0.2512369045705225
0.38853408391697786	0.26966342993163867	0.25283791446848874
0.3873762233318841	0.26393052813418766	0.25337105834535395
0.3847076184994491	0.2503546561077159	0.25457715058578034
0.3834854817153136	0.24417329137691274	0.25509862857810917
0.3818033457778737	0.2355163709503485	0.25570563085411424
0.3786959584194779	0.219057025122176	0.2567641602983247
0.3775716029156479	0.21306444126606977	0.25709670234875004
0.37589813764305546	0.20419452970024077	0.25764838602266804
0.37419138311844036	0.19502253440780196	0.25811631508668753
0.37122001775564184	0.17897551335423023	0.2589405399009024
0.370299808398485	0.1739826128488616	0.2591408491367241
0.3680689163642709	0.1619014469819576	0.2597034271956609
0.3658842416361192	0.1499751554020622	0.2601799744961324
0.3649454259490479	0.14480251029243923	0.2604151064214962
0.3629872990604893	0.1340228873845376	0.2608061306860793
0.36098960232559424	0.1229312630318509	0.2611902265223609
0.3597675194185178	0.1161436449967236	0.2613999792628964
0.35833160667320285	0.10808087096598702	0.2615900304596488
0.3571312538328361	0.10136011219389952	0.26176416006125336
0.356530475538874	0.09798575089296695	0.26182135739629975
0.35495283283771145	0.08908029712672504	0.2618902742456711
0.3536143196877013	0.08152032322374002	0.26192631169394026
0.3527036396419942	0.07635813388194478	0.26194743072105786
0.3519303654546659	0.0719680971891004	0.2619616876308757
0.3511705830858274	0.06762808209204878	0.26192125828498997
0.3502378720331144	0.062273361586666395	0.26178188460076
0.34993328038199006	0.06051760218293052	0.26174146886741284
0.34939792666927516	0.05742066916957929	0.2616655845417032
0.3487115048627051	0.05338997465291355	0.26145762663436434
0.3484496478962524	0.0518185433006008	0.2613353211634528
0.3482850686430554	0.05079580296145432	0.2612222922529662
0.3482152911862335	0.05030827046323265	0.2611136117629716
0.34822304883886596	0.05025488441208674	0.26100867469684297
0.34824451904817455	0.05025247381405552	0.2608751443878892
0.34825371320744886	0.05025140912079222	0.26081779211688594
0.3482775182199518	0.05024856787944361	0.260669043350806
0.3482926314902773	0.05024655347380745	0.26057435918913663
0.34831234063107785	0.050243871969747736	0.26045077929196014
0.3483298253011762	0.05024146386907451	0.2603408567159542
0.3483378094952229	0.05024032247559347	0.26029077258101585
0.3483523367691374	0.050238217585427306	0.2601996614524138
0.34837909283156915	0.05023432098678475	0.2600313913228501
0.3483894072533645	0.05023279855687014	0.2599666278905448
0.3484098357463231	0.05022976257342267	0.2598383794748371
0.34842499241172137	0.05022749643099804	0.2597430099110772
0.34844558688422134	0.05022440559003498	0.25961384558735795
0.3484591743626184	0.050222353111322074	0.2595283188098517
0.348472025070396	0.05022042078213958	0.25944793051391124
0.3484932152378471	0.050217214576808736	0.2593149885535744
0.3485057835719155	0.05021532496974716	0.25923651812090237
0.34852002416027195	0.050213174319706164	0.25914744388053834
0.34852885657998184	0.05021183957562163	0.2590922009709112
0.34855273299384215	0.05020823379356747	0.25894299307548707
0.3485602256708501	0.05020709676157027	0.2588960910915144
0.3485728189780152	0.0502051848227308	0.25881726710830777
0.3485965599402843	0.0502015827349699	0.25866878217187944
0.3486060533980307	0.050200152813024604	0.25860958594481914
0.34862155514704674	0.05019781261946844	0.2585128672581225
0.3486325243011974	0.05019615579031027	0.25844442697905534
0.34865115020177345	0.05019333273484207	0.25832810453937716
0.3486643872659147	0.05019134113807626	0.25824565096606333
0.34867607501735937	0.05018958485624812	0.2581728880013106
0.3486881885303449	0.050187761488380625	0.25809744119286343
0.34870122824436667	0.050185804009468885	0.2580163008294295
0.3487126036888324	0.050184088569217425	0.257945428140559
0.34872540699827104	0.0501821637292985	0.2578657373732961
0.3487411047799447	0.05017981050751126	0.25776812249991515
0.34875213604944544	0.05017814966878402	0.25769944989076615
0.3487635608944044	0.050176436909467395	0.2576284142982311
0.34877929522430196	0.05017406854043109	0.25753048888479846
0.3487866010665772	0.050172970757406773	0.25748504285398494
0.34880203159072126	0.05017066547372191	0.25738920668562176
0.34881703149622295	0.050168422071351484	0.2572960254363478
0.348827636841432	0.05016683891865796	0.25723017764013456
0.3488341843951696	0.05016586301524446	0.25718954056576876
0.34884948041706154	0.05016357985315205	0.2570945775231821
0.3488559093591625	0.05016262097387793	0.25705467324975495
0.34887080283866395	0.050160402598514855	0.25696226134658684
0.34888484180406387	0.0501583152796322	0.25687518942784854
0.34889461344177025	0.05015686686013425	0.2568146267971183
0.3489043077215663	0.050155425159269476	0.2567545016236036
0.3489187054201436	0.05015255281621171	0.2566651966662974
0.34892917109484595	0.0501110071644074	0.2566004358197718
0.3489396999588877	0.050027049255295844	0.25653545392278987
0.34895133186258576	0.04985069966093873	0.25646386394263576
0.348970580310507	0.04946697936189769	0.25634549885537905
0.3489832149667559	0.04916373203385084	0.25626782654103475
0.348997658408797	0.04877487155464526	0.2561789454287551
0.34901220455026494	0.04833478372107046	0.2560892757486506
0.34903717919362187	0.04750638159410532	0.25593494244097237
0.34905448203904493	0.0468736513909057	0.255827732333208
0.34907404996609465	0.046119760935469475	0.2557063672878259
0.3490916406107739	0.04540690594032225	0.25559663935293797
0.34911063238668916	0.04460479458313672	0.25547818263972855
0.34913007026523185	0.04374939528609727	0.2553565567478917
0.34914905820854614	0.04289269987763496	0.25523772850335674
0.3491678799967303	0.04202258528089982	0.2551203657528083
0.3491978292718067	0.04057195169606499	0.25493149649364366
0.34921654135912594	0.0396258951320161	0.25481205995398354
0.3492387006149913	0.038503165048605945	0.25467218946078596
0.349259200055081	0.03744046196494648	0.25454230104867503
0.3492709606095706	0.03682835853300674	0.254468072479784
0.34931131679616545	0.03466140938317304	0.2542115114558514
0.3493325232421668	0.03348706243755649	0.2540758209185632
0.3493525682401931	0.03236577271564793	0.25394760046205866
0.3493714252778772	0.031281442521854955	0.2538257372835033
0.3493930476403889	0.03003711784366693	0.2536867145470126
0.3494149614763783	0.028753967578530423	0.2535452671770005
0.3494442329179633	0.027038625258409513	0.25335741310573834
0.3494630565872301	0.025904681138727223	0.25323534191487773
0.3494857679476499	0.024546493070383604	0.25308937586831803
0.3495155356555651	0.022746888415197106	0.2528979069092983
0.34953433968732317	0.021600515052768374	0.25277695666855327
0.34955627279747425	0.020292570062043283	0.25263814635997545
0.34957521439995615	0.01915216216920719	0.25251801387900175
0.34960486428981946	0.01731548478318508	0.252327716067025
0.3496250595780191	0.01608629274629396	0.25219986048988463
0.34964372287958134	0.01491930700499465	0.2520803737036311
0.3496612559311357	0.013817109397498847	0.25196810776865913
0.34967934328430866	0.012675955899147232	0.25185234455111116
0.3497059206145105	0.010997860288175551	0.2516827862916335
0.3497194763953743	0.010151075418395536	0.25159701825058806
0.3497410976116851	0.00878154449080161	0.25145959803342477
0.34975864415079044	0.0076900169871391005	0.25134939787864874
0.34978417625016944	0.0060772764976512045	0.2511883196984737
0.3498003527022362	0.005056535249855956	0.25108662016052247
0.34981554227007744	0.004120983289696692	0.25099242908426167
0.34982346283204435	0.003621446509301504	0.2509428805193198
0.3498450978378142	0.0022570958626793453	0.2508078439163695
0.34986419061497886	0.0010583960547411592	0.2506893585858093
0.34987773424915447	0.0002205734218943961	0.25060605910690714
0.34988583969688286	-0.00028051217186826627	0.2505563166248687
0.3499029440030075	-0.0013364116608656357	0.25045170563871
0.3499148596133806	-0.002067467835051115	0.2503792864654385
0.3499261477180794	-0.0027566775694491813	0.25031103587605236
0.3499312080347525	-0.0030655652901796365	0.25028056845496016
0.34994583898566073	-0.003944083380899813	0.25019315943835696
0.34994979764633605	-0.0041788928146643395	0.25016973558635236
0.34995712781695876	-0.004608601914533786	0.25012668789113923
0.3499614642065545	-0.004857841023627504	0.2501016214264028
0.3499658800897937	-0.005101380266556557	0.25007660770990314
0.3499674817355585	-0.005179622135086728	0.25006809254823037
0.3499678438838898	-0.00519160399982406	0.25006646105882474
0.34996822781988257	-0.005189293287942556	0.2500654680275496
0.34996864144561085	-0.005186699524315844	0.25006444004976575
0.3499689042839272	-0.005185033513888396	0.25006376258211943
0.3499691778618502	-0.005183311057025311	0.2500630741563653
0.3499694382971178	-0.00518168151130681	0.2500624332172496
0.3499696034696733	-0.005180653823359069	0.25006203491256423
0.3499701382112039	-0.005177310869712778	0.25006072468892193
0.34997027700478367	-0.005176451662855311	0.25006039634324334
0.34997065548369044	-0.005174109984769373	0.2500595031298236
0.34997091575494427	-0.005172493195016545	0.2500588805674099
0.34997129743819294	-0.005170151016861621	0.2500580064743463
0.34997153372791934	-0.005168704044160241	0.25005746962688147
0.34997171154020434	-0.0051676189203015005	0.25005707068237837
0.34997202903649743	-0.005165661270142494	0.25005633205349853
0.34997228071743275	-0.005164134339574786	0.25005577950862556
0.3499726141179971	-0.005162088009788082	0.2500550168742854
0.34997285921348764	-0.005160587123913887	0.2500544609080894
0.34997310305249824	-0.005159103640819548	0.25005392063355314
0.34997336502355963	-0.005157503219244866	0.2500533317553395
0.34997364572409706	-0.005155795059684262	0.2500527096059648
0.3499739652512255	-0.0051538601770114295	0.25005201388355225
0.3499741077469634	-0.005152990997475279	0.2500516956113576
0.34997443141413553	-0.005151026702139336	0.25005098557930067
0.3499745723521561	-0.0051501783009364616	0.25005068531330565
0.34997500940908627	-0.005147536176735704	0.25004974014385795
0.3499752243891939	-0.0051462269028796775	0.2500492631425565
0.3499754481280366	-0.005144876175242605	0.25004878180712736
0.34997565080643284	-0.005143654128338407	0.25004834780075663
0.3499759664414917	-0.005141757078478207	0.25004767963651653
0.3499761010415692	-0.0051414732790131396	0.250047389004846
0.34997655110342357	-0.005174077803427254	0.2500464549303588
0.34997696871138495	-0.005222175930131148	0.25004560672263465
0.3499777644460126	-0.005337044754648704	0.250043997033244
0.3499783822507369	-0.005435103489099494	0.25004276515515717
0.3499790547887837	-0.005547435431208544	0.25004143395026535
0.3499798184344405	-0.005681179348788326	0.2500399270203768
0.34998097855308297	-0.005894502463567805	0.2500376266229417
0.34998187526003793	-0.006065828168101098	0.2500358410821577
0.34998276265963024	-0.006239116920222484	0.2500340916081141
0.34998325631385985	-0.006336816405229359	0.2500331204937932
0.34998509986046983	-0.00670961103239541	0.2500294649080549
0.3499860225299535	-0.006899852324324926	0.25002763668791284
0.34998703951067367	-0.007112804304197959	0.25002564269621097
0.3499879760332442	-0.007310374701998454	0.2500237941070871
0.3499890898557987	-0.007547705146050812	0.2500216001902746
0.3499904200584869	-0.00783287850710486	0.2500189608185611
0.34999138317717404	-0.008040164097995281	0.2500170399565913
0.3499925817019027	-0.008299366345466144	0.25001464684812436
0.34999377922444386	-0.008559507474569919	0.2500122545022599
0.34999465219228443	-0.008749633092537942	0.25001050926908835
0.34999548583502205	-0.008932906064438736	0.25000887332426003
0.34999665589011403	-0.009188047789297396	0.2500065214779871
0.34999743695040175	-0.009359378803513799	0.250004980762525
0.3499980889986108	-0.009501905140936809	0.25000368285193086
0.34999875659891433	-0.009647548601683834	0.25000235175792973
0.3499994793609306	-0.009804700845212275	0.250000901645509
0.3499999070510795	-0.009897398921392062	0.2500000435800541
0.35000019769549034	-0.009960646621279365	0.24999944646636105
0.35000038905217756	-0.010002085976321393	0.24999905562403674
0.35000049213313644	-0.010025124841665609	0.24999883710067355
0.3500004887104519	-0.01002501481028549	0.24999883721277535
0.3500004829498269	-0.01002479356887244	0.2499988370900215
0.350000474766034	-0.010024473999871206	0.24999883774760892
0.35000046987806654	-0.010024267530398048	0.24999884126929764
0.35000046364567167	-0.01002401351384842	0.24999884377259637
0.35000045597991575	-0.01002368623652218	0.24999884980482104
0.35000045022969406	-0.010023447761421542	0.2499988528310166
0.35000044541075465	-0.010023249099818318	0.24999885509663014
0.3500004406178943	-0.010023043351437264	0.2499988590007111
0.35000043774281436	-0.010022913797269203	0.24999886258872023
0.35000042761931605	-0.010022482078882275	0.24999887018827274
0.3500004230782039	-0.010022280540810988	0.24999887518862232
0.35000041863433845	-0.010022085994203747	0.24999887953329722
0.350000413730496	-0.010021872528026679	0.24999888407476278
0.3500004109785102	-0.010021749222075091	0.24999888733321693
0.3500004047580586	-0.010021461921787198	0.24999889643361517
0.3500003983757822	-0.010021177380754628	0.24999890369477604
0.3500003939745845	-0.010020973413208081	0.24999891026421509
0.35000038991928234	-0.010020787874891066	0.24999891583323197
0.350000387157368	-0.010020662203720623	0.24999891948652028
0.35000038173761855	-0.010020405742595398	0.249998928633037
0.3500003759080078	-0.010020127883833788	0.24999893887053357
0.3500003716516513	-0.010019928083340388	0.24999894572775863
0.3500003689001211	-0.010019797819238271	0.2499989503803841
0.35000036389891664	-0.01001955966894498	0.24999895911338765
0.35000036161210063	-0.010019449596304117	0.24999896334111943
0.35000035651977485	-0.010019200650211044	0.2499989735169244
0.35000035150304587	-0.010018954817604578	0.24999898365454237
0.35000034931617996	-0.010018848160705071	0.24999898797222297
0.35000034431223903	-0.010018606274305272	0.24999899742187073
0.35000030625797063	-0.009908826977829313	0.2499991171058871
0.3500002105826656	-0.009711830071220909	0.24999938450514758
0.3500000310582082	-0.009401672846106837	0.24999988330594583
0.34999986310989606	-0.009184868204132488	0.25000031228716496
0.34999928544658654	-0.008563481401123355	0.25000175465060337
0.3499981236090852	-0.007614724840957363	0.25000454503453
0.34999752979490695	-0.00717237269784661	0.25000597663455926
0.34999612733230206	-0.006070818988812968	0.25000943223544786
0.3499954067231491	-0.0055087372346251245	0.25001123181241885
0.3499924449510487	-0.0037165459577747223	0.25001843971864723
0.3499909082132763	-0.0031062668139979627	0.25002205050213056
0.3499871567765557	-0.0013129566921030317	0.25003112727672405
0.3499839838245749	1.673095347297371e-05	0.25003881569813224
0.34998175374189044	0.0013183675171166004	0.25004445319534707
0.3499767844845537	0.0033157772173135897	0.25005674834313674
0.34997375130969566	0.004843587362651017	0.2500644799792299
0.34996971879628197	0.0065020658549272276	0.250074697259554
0.3499650966131435	0.008291369641654459	0.25008649437815794
0.3499625930828843	0.009173110323879533	0.25009289106069366
0.3499572961803072	0.011623103608830329	0.2501067744516919
0.3499511964138371	0.014252001561193203	0.2501229614192442
0.3499489857510246	0.015227351639390527	0.25012890046891495
0.3499428040497815	0.017130899134898472	0.25014533815474177
0.3499379096971248	0.018910948737694763	0.2501585333510966
0.34992859898562584	0.022577015683400883	0.25018423088114816
0.34992587213589094	0.023733793727241673	0.2501918694356502
0.3499176006873084	0.02653705706489333	0.25021507411985744
0.34991324079710656	0.028561334331337104	0.2502276233691591
0.34990582602779263	0.03164262455024559	0.2502491653219257
0.34990326866148985	0.03296590294306097	0.2502567308759548
0.3498986952526291	0.034962002683069135	0.2502703203787561
0.3498910105393621	0.03793858756725653	0.2502933520639732
0.3498842045348192	0.04113560641638099	0.25031420249259906
0.34987741323890437	0.0433790774968756	0.25033512797216095
0.3498714375852892	0.04553068249093105	0.25035379472320385
0.3498695777966079	0.046705507395373005	0.25035970124696655
0.34986060340466013	0.05082237317886236	0.250388576293292
0.3498575967972956	0.0520969561434939	0.2503983732790958
0.3498514476619955	0.05522670164688219	0.25041862355177047
0.34984649350136954	0.05746987289828824	0.2504352621775985
0.34983957476914335	0.06076349736326746	0.25045882072367953
0.3498361995275595	0.06220868846734186	0.25047047203260653
0.34983342521144417	0.06430799698347796	0.25048021463008713
0.34983033779709893	0.06629709348161007	0.2504911583920981
0.34982528132693286	0.06947999971229062	0.25050943055838015
0.3498218413280546	0.07223595993677494	0.2505220858759579
0.349817985373248	0.07441352289103186	0.25053657051103717
0.34981299941187555	0.07726050184641041	0.2505556290689747
0.349811330271537	0.07839670967085259	0.2505621379722076
0.3498068694714598	0.08122494885691482	0.25057988731337955
0.3498037749884169	0.08403756330361124	0.25059270082478863
0.3498022694988886	0.0857256139473236	0.2505992228883759
0.34980126713497733	0.08682740165868234	0.250603668000877
0.34979894381300863	0.0892087157365918	0.25061423645238334
0.3497980797458571	0.09154037298020869	0.2506189913544792
0.3497969579482222	0.09295479019527454	0.25062476853780025
0.34979598116271765	0.09411993437472686	0.25062998805370273
0.3497957900593985	0.09556264012674821	0.2506319908295022
0.3497955301893878	0.09755776726069353	0.25063532196433913
0.3497952014543553	0.09960278581254013	0.25063988018534555
0.34979556516330235	0.10047062235652394	0.2506395218046136
0.34979583842618617	0.10153756825687422	0.25062321732718623
0.3497981151248345	0.1039231478280802	0.25040991556665215
0.3498014283797243	0.10513626479538386	0.2502018950978588
0.34980409958673564	0.10576848264806889	0.25007011159528997
0.34981491253841274	0.10739853035844733	0.24966324862586986
0.3498217676635268	0.1080819066215717	0.24946030309775108
0.3498496439488452	0.1103303036775954	0.24863961924010664
0.3498762113634252	0.11164018347035416	0.2480851910805444
0.3498996828864841	0.11278349265756056	0.2475485739796825
0.3499207476147099	0.11361575213534715	0.24712813165346084
0.34996707384408776	0.11521599539284015	0.24624287289166608
0.3499966986232206	0.11639458267911475	0.24551808639025152
0.3500488368586423	0.11763659922900858	0.24472354136373128
0.3500978000507588	0.11876547449698878	0.24395966226978824
0.3501763991497866	0.12039613936328157	0.24278287492310263
0.35026979070530995	0.12211793116465634	0.24147255743856913
0.3503258589794413	0.123117932201021	0.24066565242533636
0.35039557779239566	0.12430621158428402	0.23966843200694163
0.35044692831236746	0.1250518781615075	0.2390359960393128
0.35057645198439447	0.1270289727911375	0.23722837577517167
0.35063933161636024	0.12780200874872685	0.23650993812861446
0.3507934046293676	0.12921724031323514	0.23519404042584208
0.35090133634869786	0.13030656960167813	0.23413227746059376
0.351014271531121	0.13137859738989122	0.23305928811213533
0.3511333920009778	0.13251999486597865	0.23188150937475954
0.35132834120595113	0.1340146788108738	0.23032791454857504
0.3514202223829449	0.13490657948148782	0.22932252200584807
0.35153326194898793	0.13588195318195362	0.22822954662996037
0.35169640091844273	0.1372188381762217	0.22668021854257242
0.35181878103903746	0.1381765616939986	0.22554144301105664
0.3519105848123921	0.1390091616383655	0.2245082986053486
0.3519973620178455	0.13981064750863398	0.22347980069526518
0.35206763360310295	0.14034567256819774	0.22279117896123832
0.3522528941203963	0.14149510368848825	0.22132776605232848
0.3523942764264159	0.14247476775607582	0.2200069228644114
0.3524940136013613	0.1431285040661332	0.21910566904908074
0.35258851111224687	0.14378470036597113	0.21817202846437456
0.35272729559430205	0.1447336156126507	0.21679284815164565
0.35279663276763523	0.14533683095038888	0.2158593040561974
0.35286559799175343	0.1459043915234616	0.21496438492543388
0.3529323976711315	0.14646141702444526	0.2140613403542913
0.3530203815463831	0.14722547961464982	0.2127732929530916
0.3530799472747967	0.1476519810252117	0.21204398573800887
0.3531254526575219	0.14806256572819587	0.21130744804675713
0.3531560442735076	0.14836670774092048	0.21074910842496783
0.35319349119817667	0.14884439970166413	0.20984789235973492
0.3532309891046926	0.14933259429838375	0.20889064595267393
0.35324173404288517	0.1496466298996128	0.20825351950306237
0.3532558208383251	0.14993173898507473	0.20766078895966728
0.3532643988951659	0.15019717291500312	0.20709576029588508
0.35326907763880216	0.15056534461236826	0.2062905470164867
0.3532656042869535	0.1507890960391507	0.20578772723246805
0.35325606891904177	0.15098224139783478	0.20534358216241883
0.3532480322289635	0.15109520917571423	0.20507937831090403
0.35322276884432025	0.15136652803787692	0.2044162492812201
0.3532020501202359	0.15148584251264657	0.2041088660984366
0.3531815893193984	0.15157019195761878	0.20387730379432512
0.3531675459222826	0.15161192407279778	0.2037551041869294
0.3531274077401636	0.15167339188334938	0.20353244127389425
0.35308557554980385	0.15166462463440766	0.20345641356749028
0.35305527755684885	0.15164794234984147	0.20342283967003463
0.3530402623446424	0.1516397020387134	0.20340618234407182
0.3529996035949511	0.15161762581200638	0.2033608763212177
0.35296077166375234	0.1515966030014761	0.203317556203708
0.35293443986760326	0.15158238100185217	0.20328815124182478
0.3529049081424914	0.151566457657832	0.20325515004925834
0.3528653053340841	0.15154511336823334	0.20321088305008292
0.35285031256452065	0.15153703420622627	0.20319412283819216
0.3528126069126052	0.1515167137892824	0.20315197185421074
0.3527889066759566	0.15150394335893325	0.20312547486927643
0.35275094023314785	0.1514834822086124	0.20308302864335587
0.35272775038897536	0.15147098296083383	0.2030571025705009
0.35271021232581523	0.15146152921973266	0.2030374951704187
0.3526777015621275	0.15144400700463906	0.20300114652345597
0.3526509334882051	0.15142958011799257	0.20297121766278126
0.3526142368758753	0.15140979927776443	0.20293018817063785
0.35258875804157946	0.151396063180817	0.2029017011920221
0.35256597599384126	0.151383782827615	0.2028762279423823
0.352542360920186	0.1513710523224449	0.2028498232420315
0.35251794532293346	0.15135788960374724	0.20282252316534324
0.35250581703511763	0.15135135047438752	0.20280896210812624
0.35246286925119863	0.1513281963942732	0.2027609385078386
0.3524422125262037	0.15131706286259672	0.2027378382093337
0.35242073406483987	0.15130548483812878	0.20271381925298268
0.3523888087605041	0.15128827147336343	0.2026781188009491
0.3523763791920669	0.1512815716552271	0.20266421813635555
0.35234698657445745	0.1512657275336518	0.2026313464570546
0.3523347583552077	0.15125913522179785	0.20261767088014895
0.35230492058766294	0.15124304898137753	0.202584300938281
0.3522773189194016	0.15122816982184872	0.20255343001315376
0.3522636327647758	0.15122079149437762	0.20253812274991723
0.3522338148866119	0.1512047166153685	0.2025047720435068
0.3522150556011649	0.15119460410543123	0.20248378922024646
0.35218584950820797	0.15117885749741938	0.20245112175650348
0.352174471913833	0.15117272447969288	0.20243839477238323
0.35214672610075415	0.15115776882196585	0.20240735727782905
0.3521312612548128	0.151149432125043	0.20239005768332324
0.35209642946920483	0.15113065409927434	0.20235109284653963
0.3520779970961688	0.15112071837652985	0.20233047197966955
0.3520655042594915	0.1511139832950495	0.20231649610823482
0.35203911587609116	0.1510997576130222	0.20228697404142656
0.3520102862033172	0.1510842176812534	0.2022547186720037
0.35199133318116294	0.1510739981330464	0.20223351469825376
0.3519730055095087	0.1510641175075122	0.20221300892379823
0.3519556390043813	0.15105475541565438	0.20219357789443637
0.3519306543372608	0.1510412866486272	0.2021656221673247
0.35192059943808573	0.1510358664402654	0.20215437121447916
0.3518952912721632	0.15102222287007827	0.20212605239488038
0.3518786036446971	0.1510132265715723	0.2021073790949166
0.35186130695288875	0.15100390157338994	0.20208802399297454
0.3518397520261432	0.15099228222347666	0.2020639025166757
0.35182580718725814	0.15098476714847642	0.2020482957887496
0.3518082797797281	0.15097531832303263	0.20202868075019018
0.35178586725118705	0.15096323495870118	0.20200359857562772
0.3517687596853062	0.1509540141685557	0.20198445135521897
0.3517461722392517	0.15094183830029112	0.20195917098287758
0.3517308173432514	0.15093356144987385	0.20194198480325598
0.35171905224602457	0.15092721997274167	0.20192881610071123
0.351699164790835	0.15091650037833326	0.2019065555442785
0.3516774331044008	0.15090478431705628	0.20188223123337723
0.35166204669292517	0.1508964918144674	0.20186500723243367
0.35164807984387114	0.15088896256955953	0.20184937297188893
0.3516329131871428	0.1508807863368276	0.20183239538330175
0.3516185729839211	0.1508730571827651	0.2018163416972809
0.3515959684198939	0.15086087153820216	0.201791036580183
0.35158191623081736	0.15085329606595382	0.2017753052445811
0.3515730654433295	0.15084852574753227	0.20176539604533505
0.3515586052546089	0.1508407310096483	0.20174920695775514
0.35153561448376813	0.15082833756504316	0.20172346671542768
0.3515190819075324	0.15081942664761477	0.2017049557338143
0.35150449525056154	0.150811562954221	0.20168862399988413
0.35149065332897117	0.15080410094324487	0.2016731256070292
0.35147694595131096	0.15079671174649817	0.20165777733095097
0.3514569089774925	0.15078591027499455	0.20163534119010332
0.35144929536643443	0.1507818050228264	0.20162681626243645
0.35143023746799934	0.15077153241348878	0.2016054747860701
0.3514114031778674	0.1507613792997503	0.2015843835681467
0.3513978314705412	0.15075406200048164	0.20156918573242127
0.3513844282874088	0.1507468369374093	0.2015541754544894
0.35137722031848906	0.15074295137379162	0.2015461031027897
0.3513651029030043	0.1507364191151203	0.20153253241769697
0.35134118220949595	0.15072352373256342	0.20150574205532784
0.35133473440696006	0.15072004788893478	0.20149852046892006
0.35131820589860907	0.15071113726087332	0.20148000830844723
0.35130555210466785	0.15070431556404756	0.20146583544673727
0.3512930370853493	0.1506975692396465	0.20145181734469056
0.35128064429509226	0.15069088886225884	0.20143793576904953
0.35126528351602165	0.15068260732663574	0.20142072988760842
0.3512536324380366	0.15067632583119395	0.2014076789398787
0.3512471060275285	0.15067280758444573	0.20140036803559108
0.3512257326575753	0.15066128475131835	0.20137642535144556
0.35121933787296167	0.1506578370059633	0.2013692617389305
0.35120375899347545	0.1506494382796647	0.2013518090794506
0.35119269044026197	0.1506434712738387	0.20133940878356207
0.35117746186228005	0.1506352616409043	0.20132234743262487
0.35116711443906984	0.15062968366594642	0.20131075420804312
0.35115682493276595	0.15062413589736556	0.2012992262040055
0.3511422074865197	0.1506162560475423	0.20128284803886687
0.3511347512215262	0.15061223627330295	0.20127449361703714
0.35112476365108414	0.15060685173905886	0.2012633028107431
0.3511148414786003	0.15060150179308268	0.20125218542079465
0.35109616780897707	0.15059143384446716	0.2012312612027554
0.3510860823361591	0.1505859964356181	0.20121995972764778
0.3510808511471963	0.15058317595402926	0.20121409781323668
0.35107002675823645	0.15057733960283837	0.2012019682119407
0.35105721617514274	0.15057043328239755	0.20118761193254062
0.3510433091169235	0.1505629359964376	0.20117202627050274
0.3510341172048924	0.15055798001657128	0.2011617249588955
0.3510241932724248	0.15055262963005245	0.2011506028424569
0.3510151960806228	0.15054777928888352	0.2011405188716234
0.35100182203400027	0.15054056868073074	0.2011255293682602
0.35099300569803704	0.15053581537380734	0.2011156478084158
0.350987037471703	0.15053259756838672	0.20110895837825207
0.3509709108815566	0.15052390287496675	0.2010908824767022
0.35096199161595926	0.15051909428611981	0.20108088459562334
0.35095316609508903	0.150514336502526	0.20107099139436468
0.3509444004943216	0.15050961047986966	0.20106116545651942
0.3509360830011523	0.15050512582852127	0.20105184175135637
0.35092634441758724	0.15049987484931565	0.20104092482481428
0.3509152441986881	0.1504938899134139	0.2010284810016955
0.3509086511561209	0.15049033517770638	0.20102108969719779
0.35089848101288806	0.15048485157124292	0.20100968805278777
0.35089020897170825	0.15048039129884783	0.20100041416271897
0.3508795593167877	0.1504746495720794	0.20098847402360215
0.3508707747015325	0.1504699131768058	0.2009786247609
0.35086173000734655	0.1504650364826859	0.20096848367168468
0.35085449482108194	0.15046113544756057	0.20096037122922888
0.3508433301539203	0.15045511561464142	0.2009478525816729
0.3508351558338271	0.15045070811660904	0.20093868666756715
0.3508284782396109	0.15044710769084507	0.20093119883171456
0.35082019435001677	0.1504426409038216	0.20092190975287802
0.3508126508937082	0.15043857344081912	0.20091345069353905
0.3508048639094017	0.15043437485907335	0.20090471820863054
0.3507939330499649	0.1504284805674701	0.20089246012284484
0.3507891536990593	0.15042590327779204	0.2008871003882265
0.35077970768676664	0.1504208099774375	0.2008765067150458
0.35077377752686495	0.1504176122823213	0.20086985598095022
0.35076757599281283	0.15041426808335595	0.20086290086548017
0.35075441627821197	0.15040717172367463	0.20084814151337763
0.3507480660426664	0.15040374723439437	0.20084101921570238
0.35074147707859993	0.15040019410852418	0.200833628930435
0.3507376146570376	0.15039811134494918	0.20082929665681537
0.35072819264510746	0.1503930306095681	0.20081872825413147
0.3507191886914044	0.15038817542949096	0.20080862835977495
0.3507125769132633	0.15038461008543041	0.20080121165877068
0.3507063099253884	0.15038123065277043	0.20079418156472179
0.35069728924001364	0.15037636620719075	0.20078406224260859
0.35069366287236703	0.15037441075404862	0.20077999406547614
0.3506848050125326	0.15036963407723936	0.20077005695015565
0.350678492236467	0.1503662295510501	0.20076297501328802
0.3506717134635568	0.15036257397866354	0.20075536992911217
0.3506628680612055	0.15035780388572473	0.20074544603141686
0.3506573023448905	0.15035480245796368	0.20073920151265534
0.3506512537151606	0.15035154048079397	0.2007324151115512
0.3506424217964685	0.15034677758726073	0.20072250557541407
0.35063675929393645	0.15034372368731008	0.2007161521248042
0.35063090755580123	0.15034056794790557	0.20070958604267525
0.3506256042218016	0.1503377078158072	0.20070363526472765
0.3506173747797004	0.1503332698012949	0.20069440075697156
0.3506116870530532	0.15033020221766613	0.20068801838563916
0.35060630753879235	0.15032730102742886	0.20068198161209372
0.35060314447300667	0.15032559506712712	0.2006784320969658
0.3505947719173188	0.15032107974115105	0.2006690361688121
0.3505873642106098	0.15031708447166853	0.20066072292947537
0.35058219502917	0.15031429657501238	0.20065492165997045
0.3505768454156867	0.15031141143276838	0.20064891770492504
0.35056901726536066	0.15030718938877968	0.20064013191000488
0.3505658215582326	0.1503054657518258	0.20063654521147417
0.35056106909932017	0.15030290255752826	0.20063121112991086
0.3505539064285604	0.15029903944341005	0.2006231716358039
0.3505488059030947	0.1502962883778785	0.20061744666285497
0.350541365900299	0.15029227562920178	0.20060909542911987
0.3505361701270615	0.15028947320827635	0.2006032631770188
0.35053144668139596	0.15028692546566613	0.20059796103832622
0.3505263474408923	0.1502841750886199	0.20059223687893707
0.3505213035133694	0.1502814546094765	0.20058657462040091
0.35051650784414895	0.15027886791469652	0.20058119100190483
