0.34999962358617914	-0.14999983735975214	0.20000020991162623
0.34999962358617914	-0.14999983735975214	0.20000020991162623
0.3499996310869819	-0.14999984060156063	0.20000020573205923
0.34999963817638413	-0.14999984366556013	0.20000020178171632
0.3499996484318438	-0.14999984809790462	0.20000019606716074
0.3499996556064574	-0.14999985119872067	0.20000019206929348
0.3499996643176634	-0.14999985496363505	0.20000018721518026
0.3499996692747658	-0.1499998571060533	0.2000001844529432
0.34999968159202155	-0.1499998624294579	0.2000001775893798
0.3499996926919828	-0.14999986722674918	0.2000001714040929
0.34999969755813776	-0.14999986932984877	0.20000016869248788
0.34999970893261617	-0.14999987424576805	0.20000016235417434
0.34999972239940624	-0.14999988006594717	0.20000015484988576
0.3499997301788475	-0.14999988342811932	0.20000015051482004
0.3499997391929952	-0.14999988732390834	0.20000014549168962
0.3499997474783103	-0.14999989090470112	0.2000001408746816
0.34999976134098426	-0.14999989689593624	0.20000013314963758
0.3499997668983575	-0.14999989929774293	0.20000013005274586
0.34999977922471437	-0.14999990462498425	0.20000012318374094
0.3499997879623768	-0.149999908401245	0.20000011831454767
0.349999801044607	-0.14999991405513702	0.20000011102422888
0.34999981050781	-0.14999991814494384	0.2000001057506396
0.3499998195411455	-0.14999992204896367	0.20000010071658028
0.3499998257976549	-0.1499999247528931	0.2000000972299637
0.3499998366428646	-0.14999992943994744	0.20000009118611684
0.3499998492683933	-0.14999993489639923	0.20000008415006576
0.34999985606340794	-0.1499999378330334	0.20000008036325517
0.3499998672115957	-0.14999994265098515	0.20000007415039703
0.34999987489300743	-0.14999994597067878	0.200000069869528
0.34999988350379574	-0.14999994969201047	0.20000006507066803
0.3499998923754223	-0.1499999497980204	0.2000000611532871
0.34999990390881425	-0.14999995851041437	0.20000005369859952
0.3499999089154178	-0.14999996067409826	0.20000005090828904
0.3499999189535488	-0.14999996501221846	0.20000004531370263
0.34999992647678024	-0.14999996826347367	0.2000000411206974
0.3499999331394167	-0.14999997114279878	0.20000003740728256
0.349999939835923	-0.1499999740367441	0.20000003367492727
0.349999949334542	-0.1499999781416208	0.20000002838070205
0.34999995518489235	-0.1499999806698617	0.20000002511983422
0.3499999604841515	-0.14999998295992972	0.20000002216606755
0.34999996626589674	-0.14999998545848547	0.20000001894329833
0.3499999735657671	-0.14999998861304997	0.20000001487415808
0.34999997627142815	-0.14999998978226253	0.20000001336590567
0.34999998241127767	-0.14999999243548645	0.20000000994320208
0.3499999883241049	-0.14999999499054473	0.20000000664681694
0.34999999160848655	-0.1499999964097653	0.20000000481566454
0.34999999345106797	-0.14999999720594898	0.20000000378829627
0.3499999985910555	-0.1499999994268666	0.2000000009220795
0.35000000083272315	-0.15000000039539374	0.1999999996718019
0.3500000025313927	-0.15000000112926476	0.19999999872418578
0.35000000397069536	-0.15000000140444303	0.1999999980164866
0.35000000524465147	-0.1500000023011382	0.19999999720931852
0.3500000054962525	-0.15000000240968453	0.19999999706838062
0.35000000549995236	-0.15000000241086575	0.19999999706472427
0.3500000054513388	-0.1500000023895508	0.19999999709064972
0.35000000540740295	-0.15000000237028718	0.19999999711408092
0.35000000532710474	-0.15000000233508082	0.19999999715690564
0.3500000052801137	-0.15000000231447835	0.19999999718196781
0.3500000052335588	-0.15000000229406651	0.1999999972067979
0.35000000516242086	-0.15000000226287685	0.1999999972447403
0.3500000051108513	-0.15000000224026733	0.1999999972722456
0.3500000050882449	-0.15000000223035614	0.1999999972843029
0.35000000502301243	-0.15000000220175652	0.19999999731909604
0.3500000049806606	-0.1500000021831881	0.19999999734168553
0.3500000049149016	-0.15000000215435805	0.19999999737676016
0.3500000048695231	-0.15000000213446302	0.19999999740096455
0.35000000482453736	-0.1500000021147403	0.1999999974249594
0.3500000047818239	-0.15000000209601372	0.19999999744774238
0.35000000471667336	-0.15000000206745073	0.19999999748249297
0.3500000046731785	-0.15000000204838226	0.199999997505693
0.35000000464876524	-0.15000000203767894	0.19999999751871503
0.3500000046021219	-0.15000000201723013	0.19999999754359443
0.3500000045474508	-0.1500000019924082	0.1999999975759531
0.3500000045012085	-0.1500000019729879	0.19999999759742335
0.35000000445436025	-0.150000001952449	0.19999999762241275
0.35000000440260404	-0.1500000019297592	0.1999999976500202
0.3500000043426691	-0.1500000019034834	0.19999999768199067
0.3500000043182033	-0.15000000189275714	0.19999999769504145
0.3500000042748285	-0.15000000187374163	0.19999999771817883
0.35000000422684635	-0.15000000185270584	0.1999999977437744
0.3500000042047819	-0.15000000184303258	0.19999999775554475
0.35000000412935006	-0.15000000180996192	0.19999999779578342
0.350000004104499	-0.15000000179906697	0.1999999978090405
0.35000000405680026	-0.1500000017781553	0.19999999783448574
0.35000000399904796	-0.1500000018047309	0.19999999784574268
0.35000000398238523	-0.1500000017455323	0.19999999787418296
0.35000000394558745	-0.1500000017293998	0.1999999978938133
0.3500000038966167	-0.15000000170793087	0.19999999791993717
0.3500000039112532	-0.15000000171868985	0.19999999793989728
0.3500000038067091	-0.15000000166851518	0.19999999796789958
0.3500000037731605	-0.15000000165380745	0.1999999979857971
0.3500000037368774	-0.15000000163790128	0.19999999800515342
0.3500000037039136	-0.15000000162344995	0.19999999802273916
0.3500000036831267	-0.15000000161433713	0.19999999803382856
0.35000000363444844	-0.15000000159299692	0.19999999805979762
0.35000000358785954	-0.15000000157257282	0.1999999980846523
0.3500000035562161	-0.1500000015587003	0.19999999810153413
0.3500000035219596	-0.15000000154368237	0.19999999811981023
0.35000000349093163	-0.15000000153008064	0.1999999981363635
0.3500000034420846	-0.15000000150866644	0.1999999981624233
0.35000000341037446	-0.15000000149476456	0.199999998179341
0.3500000033926119	-0.15000000148697756	0.19999999818881778
0.35000000334918663	-0.15000000146794068	0.19999999821198555
0.350000003314348	-0.15000000145266817	0.19999999823057288
0.35000000327458897	-0.15000000143523773	0.19999999825178527
0.3500000032561771	-0.1500000014271664	0.19999999826160858
0.35000000321584507	-0.1500000014094861	0.1999999982831268
0.35000000317346586	-0.15000000139090758	0.19999999830573725
0.3500000031543767	-0.15000000138253944	0.19999999831592147
0.35000000311529483	-0.15000000136540692	0.19999999833677326
0.3500000030990481	-0.15000000135828467	0.1999999983454413
0.35000000304582574	-0.15000000133495262	0.19999999837383797
0.3500000030287234	-0.150000001327455	0.1999999983829631
0.35000000299233797	-0.1500000013115041	0.19999999840237662
0.3500000029719108	-0.1500000013025496	0.1999999984132757
0.35000000292774547	-0.15000000130597774	0.1999999984282535
0.3500000028975626	-0.15000000126995755	0.19999999845294525
0.3500000028708591	-0.1500000012582518	0.19999999846719319
0.35000000284553195	-0.15000000124714963	0.1999999984807071
0.35000000282044325	-0.15000000123615098	0.1999999984940944
0.3500000028034494	-0.15000000122870094	0.19999999850316166
0.3500000027587082	-0.15000000120908796	0.19999999852703482
0.35000000273102605	-0.15000000119695278	0.19999999854180575
0.35000000271456105	-0.15000000118973478	0.19999999855059122
0.3500000026819842	-0.1500000011754537	0.19999999856797424
0.3500000026540315	-0.15000000116319945	0.19999999858289003
0.35000000262117215	-0.15000000114879475	0.1999999986004236
0.3500000025991225	-0.15000000113912926	0.19999999861218937
0.35000000257622904	-0.15000000112909367	0.1999999986244051
0.3500000025453493	-0.15000000111555706	0.19999999864088247
0.35000000251878877	-0.15000000110391337	0.19999999865505536
0.3500000024945725	-0.15000000109329764	0.1999999986679776
0.3500000024726221	-0.15000000108367534	0.1999999986796911
0.35000000244885	-0.1500000010732549	0.19999999869237636
0.3500000024156008	-0.1500000010586804	0.1999999987101194
0.35000000239338896	-0.15000000104894406	0.1999999987219721
0.35000000237229506	-0.15000000103969813	0.19999999873322852
0.3500000023521322	-0.1500000010310023	0.19999999874490065
0.35000000232129297	-0.15000000101734196	0.19999999876044505
0.3500000023073126	-0.1500000010112137	0.1999999987679054
0.3500000022796393	-0.15000000099908278	0.19999999878267363
0.3500000022650109	-0.15000000099267008	0.1999999987904803
0.35000000224686184	-0.15000000098471422	0.19999999880016606
0.3500000022118876	-0.15000000096938354	0.19999999881883002
0.35000000218535654	-0.1500000009577533	0.19999999883298852
0.3500000021660731	-0.15000000094929972	0.19999999884327965
0.35000000214528265	-0.15000000094018656	0.19999999885437472
0.350000002125526	-0.15000000093152654	0.19999999886491837
0.3500000020957953	-0.15000000091849447	0.19999999888078535
0.3500000020773114	-0.15000000091039212	0.19999999889064946
0.35000000205902565	-0.15000000090237703	0.19999999890040834
0.35000000204663434	-0.15000000089694532	0.19999999890702141
0.35000000201315373	-0.15000000088226934	0.1999999989248897
0.35000000199616293	-0.15000000087482218	0.19999999893395734
0.3500000019777709	-0.15000000086676057	0.1999999989437733
0.35000000195880815	-0.1500000008584485	0.19999999895389403
0.35000000193144903	-0.1500000008464562	0.1999999989684954
0.3500000019229108	-0.1500000008427136	0.19999999897305243
0.35000000189672864	-0.15000000083123705	0.1999999989870258
0.3500000018800199	-0.1500000008239133	0.1999999989959429
0.35000000187021285	-0.1500000008196144	0.19999999900117732
0.3500000018381297	-0.1500000008055517	0.19999999901830118
0.35000000182047003	-0.15000000079781106	0.19999999902772636
0.35000000180372104	-0.15000000079046888	0.19999999903666607
0.3500000017878485	-0.1500000007835114	0.19999999904513763
0.3500000017713721	-0.15000000077628972	0.19999999905393173
0.3500000017522712	-0.15000000076791692	0.19999999906412708
0.3500000017326327	-0.1500000007593083	0.19999999907460855
0.35000000172151163	-0.15000000075443398	0.19999999908054467
0.35000000170218504	-0.15000000074596204	0.19999999909086058
0.3500000016790477	-0.15000000073582065	0.1999999991032105
0.3500000016696179	-0.15000000073168768	0.1999999991082434
0.35000000164882217	-0.15000000072257214	0.19999999911934296
0.35000000163259276	-0.15000000071545894	0.1999999991280059
0.3500000016066468	-0.15000000070408626	0.1999999991418552
0.3500000015966123	-0.15000000069968816	0.19999999914721098
0.35000000156952077	-0.15000000068781255	0.19999999916167188
0.35000000154810745	-0.15000000067842623	0.19999999917310218
0.3500000015143925	-0.15000000066364855	0.1999999991910981
0.35000000149007393	-0.1500000006529894	0.19999999920407913
0.3500000014647417	-0.1500000006418858	0.19999999921760098
0.3500000014407958	-0.15000000063139013	0.19999999923038306
0.35000000140077814	-0.15000000061384933	0.19999999925174436
0.3500000013849796	-0.1500000006069248	0.19999999926017734
0.3500000013422833	-0.15000000058820984	0.19999999928296877
0.3500000013125006	-0.15000000057515517	0.19999999929886675
0.3500000012835166	-0.15000000056245066	0.19999999931433848
0.35000000124039077	-0.15000000054354817	0.19999999933735896
0.35000000120998254	-0.15000000053021956	0.1999999993535909
0.3500000011903741	-0.15000000052162527	0.199999999364058
0.3500000011549183	-0.15000000050608436	0.19999999938298477
0.350000001090936	-0.15000000046294215	0.19999999941712096
0.3500000010574976	-0.15000000046338308	0.19999999943498992
0.35000000102642453	-0.15000000044976386	0.19999999945157684
0.35000000100410406	-0.15000000043998063	0.19999999946349167
0.3500000009652223	-0.1500000004229382	0.19999999948424782
0.3500000009096172	-0.15000000039856587	0.19999999951393171
0.35000000087492805	-0.15000000038336164	0.1999999995324493
0.35000000083868044	-0.15000000036747413	0.19999999955179895
0.35000000078892846	-0.15000000034566768	0.19999999957835807
0.3500000007573546	-0.15000000033182875	0.19999999959521322
0.3500000007244286	-0.15000000031739646	0.1999999996127906
0.3500000006916598	-0.15000000030303373	0.1999999996302837
0.35000000065609765	-0.1500000002874471	0.1999999996492679
0.35000000061068626	-0.150000000267543	0.19999999967351056
0.35000000057745695	-0.15000000025297827	0.1999999996912504
0.3500000005445737	-0.1500000002385657	0.19999999970880533
0.3500000004995402	-0.1500000002188268	0.19999999973284713
0.3500000004678395	-0.15000000020493276	0.1999999997497708
0.35000000043805074	-0.15000000019187604	0.1999999997656745
0.3500000003931724	-0.15000000017220616	0.1999999997896338
0.3500000003764506	-0.1500000001648768	0.19999999979856115
0.35000000033730894	-0.1500000001477214	0.19999999981945826
0.350000000309084	-0.15000000013535109	0.19999999983452718
0.3500000002816705	-0.1500000001233357	0.1999999998491635
0.3500000002451226	-0.1500000001073178	0.19999999986867645
0.35000000022093386	-0.15000000009671632	0.19999999988159134
0.3500000001978158	-0.1500000000865837	0.19999999989393427
0.3500000001716878	-0.15000000007513253	0.19999999990788467
0.35000000015078364	-0.1500000000659707	0.19999999991904616
0.35000000012022586	-0.15000000005257846	0.19999999993536233
0.35000000010042653	-0.1500000000439008	0.19999999994593487
0.3500000000835453	-0.1500000000365026	0.19999999995494902
0.35000000006769666	-0.1500000000295566	0.19999999996341206
0.35000000005244697	-0.15000000002287317	0.1999999999715557
0.35000000003253906	-0.15000000001414843	0.19999999998218745
0.3500000000210544	-0.15000000000911534	0.19999999998832158
0.3500000000109317	-0.15000000000467884	0.1999999999937291
0.3500000000046217	-0.14999999999350672	0.19999999999935256
0.34999999999320014	-0.1499999999969096	0.20000000000320353
0.34999999998913944	-0.14999999999513075	0.20000000000537427
0.3499999999858499	-0.14999999999369013	0.20000000000713392
0.34999999998517695	-0.1499999999933957	0.20000000000749532
0.34999999998472053	-0.14999999999319785	0.200000000007747
0.3499999999846289	-0.14999999999315855	0.20000000000779838
0.3499999999844894	-0.14999999999309926	0.20000000000788082
0.34999999998445724	-0.14999999999308666	0.20000000000790266
0.3499999999844926	-0.1499999999931056	0.20000000000789836
0.34999999998459347	-0.14999999999315172	0.20000000000785306
0.3499999999847492	-0.14999999999322228	0.20000000000777918
0.34999999998494286	-0.14999999999330998	0.20000000000768506
0.34999999998520914	-0.1499999999934294	0.2000000000075547
0.3499999999856304	-0.14999999999361757	0.20000000000734586
0.34999999998598585	-0.14999999999377644	0.20000000000716858
0.3499999999863667	-0.14999999999394642	0.2000000000069774
0.34999999998661663	-0.14999999999405816	0.2000000000068512
0.349999999987047	-0.14999999999425023	0.20000000000663426
0.3499999999877538	-0.1499999999945647	0.20000000000627682
0.349999999988184	-0.14999999999475527	0.20000000000605872
0.3499999999886738	-0.14999999999497343	0.20000000000580995
0.34999999998929465	-0.14999999999524982	0.2000000000054942
0.34999999999005865	-0.14999999999558922	0.20000000000510482
0.34999999999064396	-0.14999999999584912	0.20000000000480636
0.34999999999143644	-0.149999999996201	0.2000000000044017
0.3499999999920102	-0.14999999999645597	0.2000000000041084
0.34999999999258535	-0.14999999999671154	0.2000000000038146
0.34999999999295994	-0.1499999999968779	0.20000000000362306
0.34999999999370185	-0.14999999999720742	0.20000000000324314
0.34999999999454934	-0.14999999999758362	0.20000000000280913
0.34999999999509235	-0.14999999999782515	0.20000000000253076
0.34999999999546166	-0.1499999999979893	0.20000000000234153
0.3499999999960892	-0.14999999999826735	0.20000000000201973
0.3499999999965778	-0.1499999999984844	0.2000000000017689
0.34999999999708886	-0.14999999999871083	0.20000000000150667
0.34999999999776205	-0.14999999999900954	0.2000000000011613
0.3499999999979691	-0.14999999999910124	0.20000000000105486
0.349999999998512	-0.14999999999934194	0.20000000000077595
0.3499999999988039	-0.14999999999947156	0.2000000000006258
0.34999999999909936	-0.14999999999960245	0.20000000000047408
0.34999999999937087	-0.1499999999997229	0.20000000000033433
0.3499999999995651	-0.14999999999980912	0.20000000000023466
0.34999999999970716	-0.14999999999987212	0.20000000000016155
0.34999999999977116	-0.14999999999990044	0.2000000000001288
0.34999999774442897	-0.1499959746156841	0.20000198463875132
0.35000017230960684	-0.1498827951865504	0.20005806866160583
0.35000171407658665	-0.14962210503489626	0.200188989091769
0.35000796232048165	-0.14902434039294432	0.200493661416341
0.3500174421026628	-0.14845730553623537	0.2007895554144658
0.35003177191483	-0.1477838028532546	0.20114474864414666
0.3500464381436582	-0.14703715021149927	0.20153835217050456
0.3500898749095688	-0.14558636288504234	0.20232220460879646
0.35012783207671205	-0.1445278901893764	0.20289951051179467
0.35017491666716405	-0.14348585952733234	0.20348129855519093
0.3502247637243475	-0.14174455897470906	0.2044294939017212
0.3502901559687661	-0.1402648319214012	0.2052646781835641
0.35034671284721286	-0.13879519128797674	0.20608040650560305
0.350404501158139	-0.13737010400793515	0.20687032509613845
0.35044448749266455	-0.13645889348556178	0.20737491279012524
0.35060605764789	-0.13324679816076657	0.20921008541905833
0.35067890403077184	-0.13152988788594133	0.21016721620866818
0.3507544750321831	-0.1296864728484421	0.21122540417467423
0.3508691927321496	-0.12761845910538805	0.2124039101389106
0.3510062043092713	-0.12493123104185676	0.21395444182978207
0.3510724257636847	-0.12378171602409453	0.21463199459702947
0.3512145737357808	-0.12103472051251794	0.21621824543506715
0.3513020917518819	-0.11902839281787918	0.217362216435173
0.3513771630521675	-0.1169943546152916	0.21852231228690872
0.35150876433910466	-0.11379135962987895	0.22033009362321554
0.3515567351567449	-0.11157560253973307	0.22154469348180003
0.3516531373395045	-0.10945243936534631	0.22274102447986954
0.35172937576586194	-0.10720830377569014	0.22397914913106437
0.351849575183166	-0.10408088450097185	0.2257341821060984
0.35192596511199087	-0.10151336451523098	0.22713989142905983
0.35197002547085154	-0.10032694827675824	0.22779480742482988
0.3520496462518303	-0.09719352259610754	0.22954818174411623
0.35211507130849673	-0.09395419684789404	0.23132309903056486
0.3521490691921854	-0.09173016555443435	0.23255942514500505
0.35217754169155613	-0.08969296338779727	0.23366345990434345
0.3521947134652798	-0.08710450934339746	0.23505040011740133
0.35219715968633725	-0.08512004422485366	0.2361051002387095
0.3522099245407566	-0.08220581717994892	0.23764034286167432
0.35221667316671973	-0.08017847755080763	0.23871062736583273
0.3522187943990429	-0.07890200755137271	0.23937748565163644
0.35221305102851475	-0.07587992559904995	0.24094230075225098
0.35220322907832674	-0.07380429701766951	0.24200253409780553
0.3521956358040337	-0.07211652009748316	0.2428705991298884
0.3521806385727555	-0.06943298651695066	0.24425483860340017
0.3521578379661212	-0.06689150394712555	0.24555734008400915
0.3521418965165642	-0.06520718274689354	0.24641359364748192
0.3521288010575775	-0.06408165688756982	0.2469787403738043
0.352104891162186	-0.06210703871320018	0.24796288893624466
0.35209305365599636	-0.06119360989836646	0.24841585248474018
0.3520560524873809	-0.058654898370212274	0.2496664881954848
0.3520351581556944	-0.05738406028746816	0.2502852815318385
0.35201503773559917	-0.05626231109935355	0.25082783259620745
0.3519962367072521	-0.055294071702769024	0.25128931226918233
0.3519646292055476	-0.053857963234060655	0.2519709552337749
0.3519458838469414	-0.05309845526899111	0.2523262632205271
0.3519257390377422	-0.05238833739958866	0.2526514566469935
0.3519062927636376	-0.05180142947766257	0.25291278631210296
0.35187872685904176	-0.05117815127388052	0.25317535160588683
0.3518617655634364	-0.050939527767178736	0.2532619641866312
0.3518454100439712	-0.050828948896052537	0.253284364190436
0.35182806864165656	-0.05081232836027537	0.25325692653397947
0.35180520945349925	-0.050803113753358595	0.25321448397330193
0.3517888847469433	-0.05079638209790248	0.25318435713823717
0.35177969502456774	-0.05079254121574271	0.25316747201426637
0.3517578865382027	-0.05078328154204391	0.25312770346718216
0.3517341913164402	-0.05077305497061356	0.25308481029353425
0.35171967731680115	-0.0507667556050906	0.2530585750639119
0.35171074895886734	-0.05076285532806134	0.2530424916200587
0.35168962936721604	-0.050753580930995176	0.25300455203156347
0.3516734534024285	-0.05074644666362961	0.2529755604071663
0.3516514147463226	-0.050736702431007905	0.25293608508021326
0.35163625203932525	-0.05072997540445316	0.2529089861814937
0.35162119558693894	-0.050723288477030545	0.2528820789288855
0.35160049043938774	-0.0507140775359272	0.2528451138892225
0.3515908634329729	-0.05070979114222353	0.2528279311362768
0.3515774940819576	-0.05070383389447368	0.252804082053275
0.3515573079416722	-0.05069483337745574	0.25276807818250996
0.3515355692084722	-0.0506851316103223	0.25272933682652154
0.3515281872977096	-0.050681835826578384	0.2527161847094276
0.35150860966680403	-0.05067309334749205	0.25268129367332737
0.35150135393891346	-0.0506698522033769	0.2526683698530734
0.3514797638425228	-0.05066020575470241	0.25262991339275614
0.3514602262851338	-0.05065147411685712	0.2525951159868484
0.3514467880177808	-0.0506454676022018	0.2525711894271144
0.3514334626416254	-0.050639510848073346	0.2525474644090339
0.35141967660007667	-0.05063334751911343	0.25252291950802264
0.3514015320997712	-0.05062523557344907	0.25249062192497107
0.3513886171284172	-0.05061946100724658	0.2524676326818651
0.35137695569400096	-0.050614247376010044	0.25244687875578686
0.3513582960306837	-0.05060590383312917	0.2524136683297491
0.35134680990644307	-0.05060076769372483	0.25239322628255456
0.3513392342953623	-0.050597379988640015	0.252379743819779
0.3513279911152202	-0.05059235330659893	0.2523597378300063
0.3513052278828768	-0.05058217518063925	0.25231923303273807
0.351292699867235	-0.050576573803318106	0.2522969422565793
0.35128182321936835	-0.05057171041952978	0.25227758958445345
0.35127003113874566	-0.05056643824371394	0.2522566096488583
0.3512537790624672	-0.05055917136839545	0.2522276944035447
0.3512422685245711	-0.05055402601818597	0.2522072176938023
0.35123627278682407	-0.050551344880142415	0.25219655054436835
0.3512204580379347	-0.05054427410262945	0.2521684160398752
0.3512097127917204	-0.05053947033792501	0.25214930118279716
0.35119281193925844	-0.05053191484092277	0.25211923688077464
0.35118229697611325	-0.05052721388843355	0.25210053241737296
0.35117143152122937	-0.050522357249505004	0.25208120556564173
0.3511606475966606	-0.050517536602394955	0.25206202377357256
0.35114488369101077	-0.05051048989838307	0.25203398451815007
0.3511343460636691	-0.05050577972357671	0.25201524180314083
0.35112436500599287	-0.05050131867341308	0.25199748941836914
0.3511149212402739	-0.05049709793006184	0.25198069299381454
0.3510988423250038	-0.05045501519909161	0.2519520594698036
0.35109052779061156	-0.05038906249985069	0.25193722412431896
0.3510750246365202	-0.05016588534049986	0.25190959820908965
0.3510618218053054	-0.049913352306038536	0.25188618185408224
0.35104246537683376	-0.04946946895824718	0.25185217625196066
0.3510330997951958	-0.04922072701969156	0.251835850194015
0.3510119281168591	-0.048606574247788595	0.2517992095101006
0.35100258459213807	-0.04831276191603524	0.2517832169876625
0.350979418702443	-0.04754486620617192	0.25174408923496716
0.350953317593466	-0.0466083298191184	0.2517002965674709
0.3509393319507364	-0.046086061025153516	0.2516772228549995
0.35092154369829914	-0.04539961564581095	0.2516480479121429
0.3508927571806778	-0.04423806384229635	0.2516004476803003
0.35086158837979087	-0.04295345814009259	0.25155129640556895
0.35085044743050803	-0.04247424659212416	0.2515331123507807
0.35082013042396576	-0.04114282085016098	0.2514838075983009
0.3507977335728688	-0.04014581068085159	0.25144824026915735
0.35077073851898655	-0.038946752137082166	0.25140765643034924
0.350740243083433	-0.03753424139727164	0.25135941662888645
0.35072695966556416	-0.03691275097207307	0.2513385810136346
0.350692593476286	-0.03530058342126323	0.25128613895966473
0.3506693889558006	-0.034192124645926844	0.2512506851562205
0.35063273597089617	-0.03244729011496773	0.2511970586112975
0.3506187622148198	-0.03176960081386675	0.25117617545299115
0.3505935963984367	-0.030556719213878772	0.2511400195332469
0.3505687205447373	-0.029328006286840083	0.2511028313855503
0.35053583675687106	-0.027707433482631785	0.2510552913178199
0.35049780459283	-0.02579865845150349	0.2509992371367411
0.3504740217313075	-0.024592073490301833	0.250964022864531
0.35044954101080134	-0.023326223343522925	0.25092664879670623
0.35041333787595547	-0.021469637477395734	0.25087377717514736
0.35039836284659404	-0.02068247836482366	0.25085079495871065
0.35037310106370156	-0.019365477112622445	0.25081336738655097
0.3503408604800579	-0.017674556419950457	0.25076568366369056
0.3503078044570039	-0.015945278041105	0.2507180492061764
0.35028585922861205	-0.014771274965917194	0.2506850005126931
0.35026377614307425	-0.01360845341447102	0.25065352285986175
0.35025105836737136	-0.012929159515680702	0.2506348625020395
0.3502112976611977	-0.010776939443666603	0.2505751965634647
0.350189736742441	-0.009582252318126858	0.2505413358029767
0.3501693303111252	-0.008460251996280574	0.2505102522825865
0.3501507321328861	-0.007416259744387574	0.25048066360986115
0.3501247422274621	-0.005936944310947254	0.2504382923833873
0.35010529377088273	-0.004840924941750632	0.2504077380255337
0.3500877560996281	-0.0038540556071867266	0.2503805184056145
0.3500788413935852	-0.0033531645160414375	0.25036683264521015
0.3500577560447988	-0.00212305883800272	0.25033148376696757
0.35004172816402823	-0.0011827009162529017	0.25030449519879006
0.3500288441095543	-0.00043062782926168997	0.25028325742412305
0.3500101160231274	0.0006752833001996833	0.2502517581970004
0.3499985044536929	0.0013782750652297088	0.25023119723131426
0.34998775360747025	0.002033466098106382	0.2502119956890433
0.3499760821372746	0.0027548475943836165	0.25019062562390476
0.3499652633821349	0.00343557147929531	0.2501701644879579
0.3499588392525313	0.0038542902817421815	0.25015710682023584
0.3499527686483516	0.004253640212396312	0.25014463483759963
0.34994765981728476	0.004599053562052716	0.2501335851589152
0.34994287079216585	0.004937455900658985	0.2501223710873761
0.34994085362444266	0.005096625149921666	0.250116625244723
0.349940017003111	0.005178908911801242	0.250113237712147
0.3499403137697845	0.005193208246534117	0.2501117296730163
0.3499409080056115	0.005191273731879428	0.25011060397029494
0.34994144946088673	0.005189511890622375	0.2501095795693094
0.34994221834497174	0.005187009721693989	0.25010812444539304
0.34994272495077516	0.00518536305145674	0.2501071682609687
0.34994329590424145	0.005183506347954073	0.25010608945335655
0.3499438160916623	0.0051818155512473735	0.25010510763109756
0.34994455305939753	0.00517942345423518	0.2501037209749238
0.3499450614819629	0.005177772702878822	0.2501027637072326
0.34994532545126905	0.005176914784490325	0.2501022655798647
0.34994602284683196	0.00517464937327046	0.2501009510708202
0.3499467532911816	0.005172278853188869	0.25009957718493225
0.3499472412348245	0.005170696480543094	0.250098660906252
0.3499476836246432	0.0051692610047122806	0.2500978290998066
0.3499479556549112	0.005168378386618364	0.25009731770500626
0.34994886652669366	0.005165422872373995	0.25009560516585966
0.34994931539441726	0.005163967420969598	0.25009476251702734
0.3499497605512281	0.005162523965336355	0.2500939267890717
0.3499502216108357	0.005161029259924552	0.25009306160635625
0.3499506586000966	0.0051596128032463245	0.2500922418640783
0.349951307655236	0.005157508604956659	0.2500910238686623
0.3499517551120471	0.005156058038739711	0.2500901842638235
0.34995198659364124	0.00515530794747103	0.2500897503227413
0.34995258030396054	0.005153383632000616	0.2500886367614388
0.3499532228258567	0.005151301555184937	0.25008743220585283
0.3499536525800029	0.005149909050910326	0.25008662666008563
0.3499539120585364	0.005149068437874868	0.25008614048011424
0.34995433511587726	0.005147698019305383	0.25008534796336346
0.3499550807972377	0.005145282146236038	0.2500839506138448
0.3499554936741595	0.0051439446686899065	0.2500831771196527
0.34995589146407996	0.0051434497556972075	0.2500824314890598
0.34995627862485273	0.005156259261185167	0.2500817024940738
0.3499576592284	0.005237213943420541	0.25007909679074913
0.34995858609970315	0.005306900672440204	0.2500773474349388
0.3499595525526866	0.0053876114283604865	0.2500755228994643
0.3499605650226938	0.00548020117659688	0.2500736066830389
0.34996286675832283	0.005703644549676326	0.2500692521524519
0.34996364118397993	0.00578192197052084	0.25006778406355656
0.3499659008963545	0.006017315043965701	0.2500635018724119
0.3499682198734759	0.0062670318742519965	0.2500591142857427
0.3499693365465777	0.006390282811425382	0.2500570078386303
0.34997183529186715	0.006668316335928057	0.2500522719060505
0.34997372818111444	0.006883516589965097	0.2500486961935676
0.3499764015567209	0.007189885783911151	0.2500436342458924
0.3499782506615021	0.007404649228827095	0.2500401354460551
0.3499799442211115	0.007603343390147427	0.250036933998186
0.3499810645058904	0.007735781775636802	0.25003481854445236
0.34998439187234076	0.008129046800547934	0.2500285165885844
0.34998600646679817	0.008321623834077668	0.2500254613665083
0.34998698396498495	0.008438479187481224	0.25002361078089613
0.34998938694607284	0.008726158460836075	0.2500190586733163
0.3499903601201022	0.008841854162800464	0.2500172079020221
0.34999304058533937	0.009163672131240308	0.25001212449022375
0.3499943410938708	0.009320683231401394	0.2500096610981274
0.34999549200591845	0.009459215675138175	0.25000747792968364
0.34999719032803583	0.009664596348957832	0.250004262943074
0.34999812900672295	0.009777863173235798	0.2500024851424334
0.34999861865114856	0.00983699410472881	0.25000155912768474
0.34999956706200613	0.009951450275709511	0.24999976817842356
0.3500000621066572	0.010011155359365809	0.24999883654407526
0.3500004343777344	0.010055751536603152	0.24999814015105418
0.3500004766534275	0.01006077981386852	0.24999806540004751
0.3500004711921326	0.01006010485412033	0.24999808729766804
0.3500004642686106	0.010059254467000497	0.2499981144974119
0.35000045934169427	0.010058650472414415	0.24999813379610372
0.35000045663744106	0.010058320755132327	0.2499981442865558
0.3500004505640191	0.010057575378395106	0.2499981681344171
0.35000044623596355	0.010057044975362042	0.24999818508635674
0.350000441967132	0.010056519945115305	0.24999820191499536
0.3500004377622435	0.010056000429493742	0.24999821862553445
0.3500004316064488	0.010055240526138418	0.24999824304832424
0.3500004287132454	0.010054885405589908	0.24999825440963924
0.35000042304690004	0.010054184238254119	0.24999827697828236
0.3500004190126268	0.010053685366553558	0.24999829302338317
0.3500004151847844	0.010053212166458048	0.249998308236072
0.35000040952945655	0.010052510888974117	0.24999833082687928
0.35000040699260576	0.010052195494046776	0.24999834100370907
0.35000040211161204	0.010051589989742135	0.24999836050538707
0.3500003983082421	0.010051115914118142	0.24999837582227824
0.3500003928976087	0.010050442350195116	0.24999839755731595
0.3500003891918996	0.010049979196240164	0.24999841253954205
0.35000038582268245	0.01004955908810537	0.24999842610311362
0.35000038183454946	0.010049062654272356	0.249998442107078
0.3500003769519699	0.010048454127215917	0.2499984617349808
0.3500003735365571	0.010048027419562941	0.24999847551702284
0.35000037137879403	0.01004775776862514	0.24999848422592222
0.35000036497455567	0.010046957365251172	0.24999851006906987
0.3500003628693918	0.010046693804996301	0.24999851858570887
0.35000035958149533	0.01004628229979683	0.24999853187716095
0.35000035633904425	0.010045875372452745	0.24999854504075555
0.3500003515250309	0.010045271244879667	0.24999856457587982
0.3500003414049538	0.01001324643008289	0.24999860515864814
0.35000030388718517	0.00990534737014269	0.24999873117540622
0.3500001412283912	0.00958159642698328	0.2499992104168938
0.3499999015009293	0.009235254764612663	0.249999863100444
0.34999953919131543	0.00878115287596	0.25000082430703197
0.3499992579884824	0.008492695753442706	0.2500015462958713
0.3499978841922774	0.007274872668205021	0.25000500966372186
0.3499969222275052	0.006558738226346603	0.25000739000014943
0.3499958660216753	0.005729450788492477	0.2500100244583348
0.3499950309093297	0.005180903865485767	0.2500120725414614
0.3499919131380077	0.003419595649404736	0.2500196487542059
0.34999002015580377	0.002327439059030309	0.2500242655316882
0.3499888072706233	0.0016199712914465453	0.2500272355803249
0.34998515801135666	-7.831574469761848e-05	0.2500360635183302
0.3499815535151864	-0.0019803607029328235	0.25004487505009465
0.3499784981355646	-0.0033802660154664127	0.2500523299242595
0.3499749608971193	-0.00470415652882257	0.25006090837949646
0.3499719155312527	-0.006152818524039497	0.2500683940442274
0.349966748956685	-0.008496371029381153	0.2500811276794512
0.34996276928870873	-0.010061762371679536	0.25009094648758884
0.3499583798165558	-0.011684103360935685	0.25010178771170766
0.349955134305475	-0.013355560174685074	0.25010992429256085
0.34995034416230786	-0.01514937770436546	0.2501218826876958
0.34994261783307484	-0.017629025313828053	0.25014120867009726
0.3499364204019378	-0.01943568496537483	0.2501567821455105
0.3499332206611501	-0.020521770507585094	0.25016486994015685
0.34992640704850964	-0.023162140281503332	0.25018224521225263
0.3499168344195117	-0.026214986184836073	0.2502067866935975
0.34990899812155124	-0.028347893495455842	0.25022700589964597
0.349905711223121	-0.02969815836797314	0.25023554737109366
0.3498964672291991	-0.03233777164462952	0.2502596860267397
0.3498875146414703	-0.03558086510629328	0.2502832809248598
0.34988427001736655	-0.03670372149990149	0.2502918912338479
0.3498744523313016	-0.03971986006882226	0.25031808268882044
0.34986459224174415	-0.04302418894374087	0.2503446254557865
0.3498576975953163	-0.04516651072040191	0.2503633644781993
0.3498532531939042	-0.047283984359625844	0.2503754524785054
0.34984715407733163	-0.04931547265785853	0.2503922267767688
0.3498380992733442	-0.05251511147541761	0.2504172777224981
0.3498317442085535	-0.05494346444908825	0.2504349578908769
0.3498253469203588	-0.05727469206809828	0.2504529229550053
0.3498208808915375	-0.05882676096315188	0.25046552182729964
0.3498173535351757	-0.06075955842995616	0.2504753778796871
0.34980720030594264	-0.06490288037295706	0.25050429866550494
0.3498024374033363	-0.06710239137000938	0.25051792565545766
0.3497976485861761	-0.06910095532915712	0.25053173038486193
0.3497940889342882	-0.07117632045526041	0.25054191014429683
0.34978821029650675	-0.0744442844217905	0.25055886857961207
0.34978331822821407	-0.07647860910298028	0.25057324747671617
0.3497794729839993	-0.07857707449613609	0.2505844543404113
0.3497775816980606	-0.07975078997876285	0.25058996389225524
0.3497689261993625	-0.08358108170661609	0.2506157252433256
0.3497657448820245	-0.08558024026020815	0.2506251188661411
0.34976375108471064	-0.08694900763072917	0.25063099709912096
0.34976106789597716	-0.08872129177304584	0.25063897176888655
0.34975456815666106	-0.09209914284000857	0.25065866543827187
0.3497510455027869	-0.09385935837559105	0.2506694699981149
0.34974838258212254	-0.09572626736497024	0.2506775582824333
0.34974759496779245	-0.09730504140249448	0.25067972434154373
0.349745496035288	-0.0997518250340965	0.25068602362047554
0.34974326069089356	-0.10127236021497789	0.2506930428254609
0.3498766372273505	-0.10291149561415551	0.2505987659413428
0.35019921698124923	-0.10458961714034919	0.2503679602812843
0.35088185735264765	-0.10686569634394215	0.24988005197152696
0.3513663909902542	-0.10804801588925629	0.24952927574970116
0.35226336550153303	-0.10983490778677017	0.2488747629016813
0.3538842192415059	-0.11254183944681458	0.24770096533636848
0.3552131801835613	-0.1144192494270694	0.2467351153059882
0.3574876882420641	-0.1172542658930285	0.24507352238094335
0.35914844808064905	-0.11912096437204568	0.24385410551239012
0.36103685022722304	-0.12110524344434385	0.2424817660766402
0.36296956485558	-0.12302045560257889	0.24106451628765804
0.3643678187840861	-0.12434298070330517	0.24004657970762183
0.3685675365659634	-0.12809897116876545	0.2369542314948468
0.3710386524772798	-0.13018750138050333	0.23515685874342424
0.37374874867066027	-0.13238089577338735	0.23312749106466
0.37634510932220155	-0.1343998374397926	0.23119952597839516
0.3792868497083328	-0.13661359930755873	0.2290227715333263
0.3832177217841549	-0.13950689525408894	0.22613201917276396
0.3851788350490641	-0.14090698938120522	0.2246628780054048
0.38921140876447957	-0.14370762191745556	0.22164982895945073
0.3939370331200131	-0.14689003591149769	0.2181027529677114
0.39736259837167287	-0.1491524653641998	0.21553058784238538
0.4007047049800228	-0.15129580714713137	0.21300070843199814
0.40393681852679164	-0.15332707376602872	0.21050917467010172
0.4073642834728815	-0.15543421426333504	0.20785547819119018
0.4124068167711364	-0.15846388460330169	0.20395494898760938
0.41435139543214417	-0.1596339448703294	0.20248380861769302
0.4181938854416506	-0.16187519144658297	0.1994857080218292
0.4216095327215495	-0.16387475510610494	0.19687414305199155
0.4265627479494716	-0.16671848879658474	0.19298087351217058
0.4304399122657498	-0.16888469146089885	0.18988578004777687
0.4356841129409149	-0.1717947871744832	0.18565358108303726
0.4393683376145556	-0.1738087223150232	0.18265053341077175
0.4417907312703905	-0.17510941393964974	0.18060594550084166
0.44599042806626044	-0.17734419027474313	0.1770177225143961
0.4479478658903623	-0.17837442570789336	0.17536853544032258
0.453297824766473	-0.1811451135553832	0.17077434117297463
0.4577426417018924	-0.1834134990792694	0.16676904584037178
0.46087524107728106	-0.18500258414248233	0.1639742865412242
0.4649734162852862	-0.1870574549397087	0.1601624403424442
0.4685073324617187	-0.1888212429174268	0.15688314372086198
0.4712343567252741	-0.19015937183752418	0.154222839581932
0.4743551502361278	-0.19167856667778527	0.1510731007522061
0.47739516952725397	-0.19314616643075438	0.14796067359126053
0.47917732052523543	-0.19400334326565688	0.1461208487038027
0.4826676934141569	-0.19565958742512318	0.14231947921325216
0.4850102517537685	-0.19675827810628183	0.13964367902747815
0.48814046019193547	-0.1982197802429132	0.1359629029818989
0.49015817275400947	-0.1991401810474368	0.13334660327539893
0.49326015765316417	-0.20055234263131566	0.12920496462543918
0.4950406967008564	-0.2013500692808744	0.12661138337482686
0.49611433598110444	-0.20182508844151836	0.12493968358026647
0.4979765964907321	-0.2026383685834604	0.1217778792083768
0.49923977744152404	-0.2031818524942096	0.11943545268140893
0.5007971434350147	-0.2038347140676396	0.11603134810450727
0.5016867763565638	-0.2041951104380329	0.1136420284696757
0.5020824362070287	-0.20434993913172322	0.11238014657126455
0.5027615926013906	-0.20460121430239442	0.10956459615502168
0.5030770749355586	-0.20469865868348852	0.10740712094651456
0.5031259298827906	-0.20468054342638758	0.10537144039954371
0.5030657205855147	-0.204603982810724	0.10287825789952859
0.5030187755551759	-0.20454561019856088	0.10112077496691713
0.50294560107771	-0.20445317428136917	0.09808862177306216
0.5028986987677884	-0.20439364366928015	0.09605505661811026
0.5028538104291084	-0.20433682732658243	0.09409799768597105
0.5028163343013247	-0.2042900486472941	0.09256149036158834
0.5027403887069722	-0.2041950602888638	0.08930849078791869
0.5026987856876759	-0.20414237872283275	0.0873382252450125
0.5026600700228965	-0.2040937684586262	0.08553604697726286
0.5026185160596989	-0.2040420782449247	0.08364782989261166
0.5025742651007682	-0.20398748835987507	0.08167343735888954
0.5025105855477632	-0.20390824656414347	0.07859028345162766
0.5024723242636369	-0.2038607520136934	0.07671081057573015
0.50243353151106	-0.20381304878364065	0.07483423154038776
0.5023730944847806	-0.20373983028840037	0.07202899309036798
0.5023283889729341	-0.20368677990224715	0.07008034474964775
0.5023067662403783	-0.2036607857488143	0.0690692121660344
0.5022519735423572	-0.20359457526043973	0.06639012021402385
0.5021925819304781	-0.2035236551516577	0.06355294768706071
0.5021592391770213	-0.2034822008086567	0.06168213717767246
0.5021214480669287	-0.20343706968668285	0.059806413062823416
0.5020805080213172	-0.20338894978267724	0.057864325643748604
0.5020280825935257	-0.2033265279620171	0.05523073322994054
0.50199291480495	-0.2032845127781051	0.05341998194146147
0.5019696306304168	-0.2032575211048664	0.052325121752092696
0.5019261141213592	-0.2032057287566965	0.050089755178957585
0.5018926732552478	-0.20316521874717558	0.04827163988030675
0.5018629226744017	-0.20312899479698998	0.046628841554559375
0.5018090654811448	-0.20306787808144383	0.044192737891625256
0.5017774173526081	-0.2030306737143126	0.0426082007336932
0.5017440379082814	-0.20299178146768065	0.040977372467478956
0.5016942584493694	-0.20293438610551418	0.038620295451366304
0.5016654154973069	-0.20289998087400324	0.03713765821218701
0.5016361568379497	-0.20286547232677443	0.035684076236324025
0.5016028036207961	-0.20282518652067566	0.03394899676032265
0.5015877822982342	-0.20280600368974555	0.03307270861985567
0.5015358202769394	-0.20274496998057717	0.03059602883417195
0.501508642045647	-0.20271179852050175	0.029217953324312207
0.5014826905334021	-0.20268000087913568	0.02791014220145399
0.5014570939723612	-0.20264923058108597	0.026695516879471914
0.5014302751448283	-0.2026165729491876	0.025415129302916284
0.5013968854021028	-0.20257488078812758	0.023791021918198707
0.5013761017518444	-0.20254780167743125	0.02272894875567194
0.501363557872246	-0.20253170226217077	0.022118709648128843
0.5013248577454446	-0.2024804621102706	0.020217250962996924
0.5013045477360116	-0.2024536420997024	0.019279657618503754
0.5012856364645653	-0.2024277487987295	0.018391032414301345
0.501268006198985	-0.20240402898848853	0.01762155313318131
0.5012416480354857	-0.20236763162692545	0.016494991305198825
0.501224777444065	-0.20234364662938364	0.015797114121850087
0.5012140354004445	-0.20232811498521525	0.01536485916327529
0.5011916360486397	-0.2022961623582219	0.014543310963705647
0.5011757557393962	-0.20227310905811813	0.014009496162888768
0.5011584853502516	-0.2022465432105215	0.01345323324029879
0.5011417342990315	-0.20222007007572373	0.012984543160441897
0.5011297540025903	-0.202200892472925	0.012690404679644052
0.5011133045494355	-0.20217361859862026	0.012371157716037362
0.5011035372245064	-0.2021569396142695	0.012228769050056043
0.5010889913698724	-0.2021315831303559	0.012102359979761224
0.5010784088723963	-0.20211262152516446	0.012080594017938429
0.5010684704665066	-0.2020946188812469	0.01206208306905765
0.5010535690957028	-0.20206803754817354	0.012034521448607893
0.5010464921336736	-0.20205519140118133	0.01202133217214335
0.5010342400018117	-0.20203287027857703	0.011998463083851496
0.5010272900048215	-0.20202022753712062	0.011985500469873123
0.5010097388340019	-0.2019881208778863	0.01195268631842411
0.5010046468890154	-0.201978823307793	0.011943175075033285
0.5009912583386276	-0.20195417319540832	0.011918074323645556
0.5009825943369908	-0.20193813204350064	0.011901790847829996
0.5009706306806061	-0.20191559842625567	0.0118791291632111
0.5009620793285973	-0.20189953078060674	0.011862950035950448
0.5009509298863761	-0.20187869568951494	0.011841909541229767
0.50094240098446	-0.2018623846195784	0.011825640878748933
0.5009335211803606	-0.20184550534964107	0.01180875149125682
0.5009209289652099	-0.20182154107957706	0.011784788749125807
0.5009156066103415	-0.20181148230933604	0.011774693690480176
0.5009047755913061	-0.20179076135150803	0.011754032665893976
0.5008962144045792	-0.2017745198981017	0.011737766598954202
0.5008862803261506	-0.20175562770562633	0.011718870827376493
0.5008753809187722	-0.2017348545368307	0.011698118344077413
0.5008703478811906	-0.2017252374765393	0.011688524043077408
0.5008596869524661	-0.20170478923872714	0.01166816526922626
0.5008480827891068	-0.2016825727590369	0.01164602540501769
0.5008404577284493	-0.201667908147437	0.011631446261401557
0.5008329275194217	-0.2016533569672886	0.011617015942040287
0.5008240870789085	-0.20163632463384334	0.011600099305298373
0.500814053578514	-0.20161686905152754	0.011580840599405007
0.5008071020812778	-0.20160338288454677	0.011567494614871221
0.5007995358577478	-0.20158873946164424	0.011552985607190147
0.5007920225698949	-0.20157422746593673	0.011538592241710055
0.5007839984972128	-0.2015585903752169	0.011523154121780232
0.5007741348873449	-0.20153941037239026	0.011504197263507987
0.5007671867706235	-0.20152593662679735	0.011490861785405204
0.5007600034149918	-0.20151197151488637	0.011477058050987976
0.5007526231911625	-0.2014975317166765	0.011462831785290506
0.500743154663937	-0.20147907400456855	0.011444613236957335
0.5007362048632663	-0.2014655209811575	0.011431238687123091
0.5007299197812828	-0.20145325123572894	0.011419137203873386
0.5007198819391933	-0.20143360011891925	0.011399783485067927
0.5007137544898584	-0.20142159149344258	0.011387963195385764
0.500707404470023	-0.20140911896338654	0.011375700160859481
0.5006979756543266	-0.2013906060584495	0.011357495014068908
0.5006914819899303	-0.2013778438720601	0.011344951209159182
0.5006853442628783	-0.20136574945653962	0.011333079508954902
0.5006762418285569	-0.2013478022833935	0.01131546830211333
0.5006702235120553	-0.2013359572647454	0.011303834753304487
0.500664023057174	-0.20132369957857565	0.011291822514459815
0.5006597329692732	-0.20131523140469654	0.01128351768918856
0.500651228908811	-0.20129844990549994	0.011267057786420454
0.5006451745039784	-0.2012865112969982	0.011255343782025806
0.5006374023593805	-0.20127112564191757	0.011240276762270407
0.5006286927560106	-0.20125389641075897	0.01122339862158478
0.5006233610326893	-0.20124336065255471	0.011213072159396709
0.5006193265000738	-0.20123538957187687	0.011205258818240527
0.5006145846635428	-0.20122600040569838	0.011196065440984115
0.500603966717387	-0.20120499183620022	0.011175487638146298
0.5005986272490087	-0.20119439843142545	0.011165125303453316
0.5005933188076431	-0.2011838821873826	0.011154831081774952
0.5005857143864775	-0.2011687994818086	0.011140075484390388
0.5005804464814023	-0.20115806954878945	0.011207399000111806
0.5005756074671514	-0.2011476249093312	0.011518045374641961
0.5005715844725263	-0.20113863507363738	0.01205452001243662
0.5005687100728986	-0.20113272971288443	0.012504059341117257
0.5005568402520876	-0.20111244713867832	0.014488090590047575
0.5005487731312293	-0.20110054672022348	0.01597813336955417
0.500542539313226	-0.20109303590448463	0.016940403504810297
0.5005315221802189	-0.2010803324232764	0.0186818188150783
0.5005058082336579	-0.20105475433432352	0.02237339983989256
0.5004917431568331	-0.20104130690899313	0.02448321295482092
0.5004721738165996	-0.2010247951737198	0.026937879153510313
0.5004472790875542	-0.2010063632375267	0.029445206029985405
0.5004170185752789	-0.20098125530700822	0.03349333353765366
0.5003852275527625	-0.20095851561913725	0.036660969441350943
0.5003562098938297	-0.20093706866619804	0.039845111992642124
0.5003150972564685	-0.20090930911194038	0.04343236555514507
0.5002794706227881	-0.20088479346710847	0.04672449683608787
0.5002387539135725	-0.20085719841286648	0.05027112000733397
0.5001938948055692	-0.2008265828606794	0.05422376683566493
0.5001523351014228	-0.20079442450884477	0.05941392443852911
0.5001021166238804	-0.2007607205824845	0.06331925081068235
0.5000439616444934	-0.2007213571228837	0.06783448125402314
0.4999948435203466	-0.2006875387915013	0.07173269986096553
0.49991782273400825	-0.20063306228008776	0.07804775545051001
0.49987026222927394	-0.20059813756789335	0.08226935307349059
0.4998294598437664	-0.20056711242872138	0.08616494937001468
0.49977625606849574	-0.20052770033596873	0.09046270923273186
0.4997284040985854	-0.20049071520993128	0.09479301194289985
0.4996465456285876	-0.20042815459905944	0.10122755090259011
0.4996119465881654	-0.20039739875257911	0.10559347250376255
0.4995812969726694	-0.20037271554283537	0.10806188364169433
0.4995208939528962	-0.20032060365660043	0.11413176772569256
0.49948328306808165	-0.20028895978836075	0.11715928465238395
0.49943050519684723	-0.20024309717654554	0.12167872847150824
0.49938208768069664	-0.20019105199593484	0.1295655065268293
0.499353934363455	-0.2001645048172062	0.13207409184066815
0.49929159798405576	-0.20010386511956896	0.13789771136940832
0.4992560733901076	-0.20006579600770674	0.14218309395644924
0.49923528094278663	-0.20003935682470353	0.146039106941329
0.499197119135182	-0.19999675837915037	0.15017591311089662
0.4991555566538824	-0.19994518324490174	0.1560231399517208
0.4991329103655931	-0.19991445424637166	0.1595871499098428
0.49911207077753134	-0.19988468616475452	0.16305684783565355
0.4990795416372739	-0.19984216677741218	0.16659973297358802
0.4990503716236958	-0.19980157699529238	0.1701554845913334
0.49902242996174323	-0.19975537854951986	0.17492899562447456
0.49901296601117895	-0.1997333613830754	0.17794783324059057
0.49900969068774553	-0.1997220334706637	0.1798393411314457
0.49900162582789814	-0.19970094224744322	0.1825137762244954
0.4989858031187979	-0.19965827778277107	0.18720733237461917
0.49898205282167896	-0.19964431089838292	0.18887591374988738
0.4989823678983243	-0.19962574837801772	0.191941416808905
0.49898252676021815	-0.1996188442428513	0.19295853799360035
0.49898337545230265	-0.19960679209899085	0.19467744243879154
0.49899320354218873	-0.199596321093991	0.19740221264737307
0.4989984340475522	-0.19958935553196627	0.19866836927881817
0.49900463164325176	-0.19958619951050016	0.19956840456316075
0.4990092144540515	-0.1995857739168227	0.20001076633187007
