0.350000000000023	-0.15000000000001856	0.2000000000000115
0.350000000000023	-0.15000000000001856	0.2000000000000115
0.3500000000000229	-0.15000000000001906	0.20000000000001072
0.3500000000000229	-0.1500000000000195	0.20000000000001025
0.35000000000002235	-0.15000000000001973	0.20000000000000967
0.350000000000022	-0.15000000000002	0.20000000000000911
0.35000000000002207	-0.1500000000000204	0.20000000000000875
0.35000000000002196	-0.15000000000002073	0.20000000000000795
0.3500000000000209	-0.150000000000021	0.20000000000000706
0.35000000000002107	-0.15000000000002162	0.20000000000000656
0.3500000000000212	-0.15000000000002195	0.20000000000000603
0.35000000000002	-0.15000000000002223	0.20000000000000523
0.35000000000001985	-0.15000000000002228	0.2000000000000049
0.35000000000002	-0.15000000000002256	0.20000000000000454
0.3500000000000201	-0.1500000000000234	0.20000000000000373
0.3500000000000195	-0.15000000000002361	0.20000000000000318
0.35000000000001924	-0.15000000000002384	0.20000000000000268
0.3500000000000194	-0.1500000000000244	0.20000000000000176
0.3500000000000185	-0.1500000000000246	0.20000000000000134
0.35000000000001846	-0.15000000000002472	0.2000000000000007
0.3500000000000185	-0.15000000000002578	0.20000000000000007
0.35000000000001785	-0.1500000000000259	0.1999999999999993
0.3500000000000175	-0.150000000000026	0.1999999999999988
0.3500000000000175	-0.15000000000002678	0.19999999999999812
0.35000000000001674	-0.15000000000002683	0.19999999999999762
0.35000000000001696	-0.15000000000002722	0.19999999999999712
0.35000000000001674	-0.1500000000000275	0.1999999999999966
0.35000000000001585	-0.15000000000002778	0.19999999999999588
0.350000000000016	-0.1500000000000284	0.19999999999999502
0.35000000000001563	-0.1500000000000285	0.19999999999999457
0.35000000000001485	-0.15000000000002867	0.199999999999994
0.35000000000001424	-0.15000000000002833	0.19999999999999366
0.35000000000001397	-0.1500000000000286	0.19999999999999316
0.3500000000000135	-0.15000000000002855	0.19999999999999288
0.35000000000001286	-0.150000000000029	0.199999999999992
0.3500000000000129	-0.15000000000002933	0.19999999999999132
0.3500000000000121	-0.1500000000000296	0.19999999999999074
0.35000000000001164	-0.15000000000002978	0.1999999999999902
0.35000000000001186	-0.15000000000003028	0.1999999999999896
0.35000000000001197	-0.1500000000000306	0.19999999999998933
0.35000000000001064	-0.15000000000003105	0.19999999999998813
0.35000000000001075	-0.1500000000000315	0.1999999999999877
0.35000000000001086	-0.15000000000003155	0.1999999999999873
0.35000000000001075	-0.15000000000003205	0.1999999999999872
0.3500000000000107	-0.15000000000003216	0.19999999999998716
0.3500000000000107	-0.15000000000003216	0.19999999999998716
0.3500000000000107	-0.15000000000003216	0.19999999999998716
0.3500000000000107	-0.15000000000003216	0.19999999999998716
0.3500000000000107	-0.15000000000003216	0.19999999999998716
0.3500000000000107	-0.15000000000003216	0.19999999999998716
0.3500000000000107	-0.15000000000003216	0.19999999999998716
0.3500000000000107	-0.15000000000003216	0.19999999999998716
0.3500000000000107	-0.1500000000000321	0.19999999999998722
0.3500000000000107	-0.1500000000000321	0.19999999999998722
0.3500000000000107	-0.1500000000000321	0.19999999999998722
0.3500000000000107	-0.1500000000000321	0.19999999999998722
0.3500000000000107	-0.1500000000000321	0.19999999999998722
0.3500000000000107	-0.1500000000000321	0.19999999999998722
0.3500000000000107	-0.1500000000000321	0.19999999999998722
0.3500000000000107	-0.1500000000000321	0.19999999999998722
0.3500000000000107	-0.1500000000000321	0.19999999999998722
0.3500000000000107	-0.1500000000000321	0.19999999999998722
0.3500000000000107	-0.1500000000000321	0.19999999999998722
0.3500000000000107	-0.1500000000000321	0.19999999999998722
0.3500000000000107	-0.1500000000000321	0.19999999999998722
0.3500000000000107	-0.1500000000000321	0.19999999999998722
0.3500000000000107	-0.1500000000000321	0.19999999999998722
0.3500000000000107	-0.1500000000000321	0.19999999999998722
0.3500000000000107	-0.1500000000000321	0.19999999999998722
0.3500000000000107	-0.1500000000000321	0.19999999999998722
0.3500000000000107	-0.1500000000000321	0.19999999999998722
0.3500000000000107	-0.1500000000000321	0.19999999999998722
0.3500000000000107	-0.1500000000000321	0.19999999999998722
0.3500000000000107	-0.1500000000000321	0.19999999999998722
0.3500000000000107	-0.1500000000000321	0.19999999999998722
0.3500000000000107	-0.1500000000000321	0.19999999999998722
0.3500000000000107	-0.1500000000000321	0.19999999999998722
0.3500000000000107	-0.1500000000000321	0.19999999999998722
0.3500000000000107	-0.1500000000000321	0.19999999999998722
0.3500000000000107	-0.1500000000000321	0.19999999999998722
0.3500000000000107	-0.1500000000000321	0.19999999999998722
0.3500000000000107	-0.1500000000000321	0.19999999999998722
0.3500000000000107	-0.1500000000000321	0.19999999999998722
0.3500000000000107	-0.1500000000000321	0.19999999999998722
0.3500000000000107	-0.1500000000000321	0.19999999999998722
0.3500000000000107	-0.1500000000000321	0.19999999999998722
0.3500000000000107	-0.1500000000000321	0.19999999999998722
0.3500000000000107	-0.1500000000000321	0.19999999999998722
0.3500000000000107	-0.1500000000000321	0.19999999999998722
0.3500000000000107	-0.1500000000000321	0.19999999999998722
0.3500000000000107	-0.1500000000000321	0.19999999999998722
0.3500000000000107	-0.1500000000000321	0.19999999999998722
0.3500000000000107	-0.1500000000000321	0.19999999999998722
0.3500000000000107	-0.1500000000000321	0.19999999999998722
0.3500000000000107	-0.1500000000000321	0.19999999999998722
0.3500000000000107	-0.1500000000000321	0.19999999999998722
0.3500000000000107	-0.1500000000000321	0.19999999999998722
0.3500000000000107	-0.1500000000000321	0.19999999999998722
0.3500000000000107	-0.1500000000000321	0.19999999999998722
0.3500000000000107	-0.1500000000000321	0.19999999999998722
0.3500000000000107	-0.1500000000000321	0.19999999999998722
0.3500000000000107	-0.1500000000000321	0.19999999999998722
0.3500000000000107	-0.1500000000000321	0.19999999999998722
0.3500000000000107	-0.1500000000000321	0.19999999999998722
0.3500000000000107	-0.1500000000000321	0.19999999999998722
0.3500000000000107	-0.1500000000000321	0.19999999999998722
0.3500000000000107	-0.1500000000000321	0.19999999999998722
0.3500000000000107	-0.1500000000000321	0.19999999999998722
0.3500000000000107	-0.1500000000000321	0.19999999999998722
0.3500000000000107	-0.1500000000000321	0.19999999999998722
0.3500000000000107	-0.1500000000000321	0.19999999999998722
0.3500000000000107	-0.1500000000000321	0.19999999999998722
0.3500000000000107	-0.1500000000000321	0.19999999999998722
0.3500000000000107	-0.1500000000000321	0.19999999999998722
0.3500000000000107	-0.1500000000000321	0.19999999999998722
0.3500000000000107	-0.1500000000000321	0.19999999999998722
0.3500000000000107	-0.1500000000000321	0.19999999999998722
0.3500000000000107	-0.1500000000000321	0.19999999999998722
0.3500000000000107	-0.1500000000000321	0.19999999999998722
0.3500000000000107	-0.1500000000000321	0.19999999999998722
0.3500000000000107	-0.1500000000000321	0.19999999999998722
0.3500000000000107	-0.1500000000000321	0.19999999999998722
0.3500000000000107	-0.1500000000000321	0.19999999999998722
0.3500000000000107	-0.1500000000000321	0.19999999999998722
0.3500000000000107	-0.1500000000000321	0.19999999999998722
0.3500000000000107	-0.1500000000000321	0.19999999999998722
0.3500000000000107	-0.1500000000000321	0.19999999999998722
0.3500000000000107	-0.1500000000000321	0.19999999999998722
0.3500000000000107	-0.1500000000000321	0.19999999999998722
0.3500000000000107	-0.1500000000000321	0.19999999999998722
0.3500000000000107	-0.15000000000003216	0.19999999999998716
0.3500000000000107	-0.1500000000000321	0.19999999999998722
0.3500000000000107	-0.1500000000000321	0.19999999999998722
0.3500000000000107	-0.1500000000000321	0.19999999999998722
0.3500000000000107	-0.1500000000000321	0.19999999999998722
0.3500000000000107	-0.1500000000000321	0.19999999999998722
0.3500000000000107	-0.1500000000000321	0.19999999999998716
0.3500000000000107	-0.1500000000000321	0.19999999999998722
0.3500000000000107	-0.1500000000000321	0.19999999999998722
0.3500000000000107	-0.1500000000000321	0.19999999999998722
0.3500000000000107	-0.1500000000000321	0.19999999999998722
0.3500000000000107	-0.1500000000000321	0.19999999999998722
0.3500000000000107	-0.1500000000000321	0.19999999999998722
0.3500000000000107	-0.1500000000000321	0.19999999999998722
0.3500000000000107	-0.1500000000000321	0.19999999999998722
0.3500000000000107	-0.1500000000000321	0.19999999999998722
0.3500000000000107	-0.1500000000000321	0.19999999999998722
0.3500000000000107	-0.1500000000000321	0.19999999999998722
0.3500000000000107	-0.1500000000000321	0.19999999999998722
0.3500000000000107	-0.1500000000000321	0.19999999999998722
0.3500000000000107	-0.1500000000000321	0.19999999999998722
0.3500000000000107	-0.1500000000000321	0.19999999999998722
0.3500000000000107	-0.1500000000000321	0.19999999999998722
0.3500000000000107	-0.1500000000000321	0.19999999999998722
0.3500000000000107	-0.1500000000000321	0.19999999999998722
0.3500000000000107	-0.1500000000000321	0.19999999999998722
0.3500000000000107	-0.1500000000000321	0.19999999999998722
0.3500000000000107	-0.1500000000000321	0.19999999999998722
0.3500000000000107	-0.1500000000000321	0.19999999999998722
0.3500000000000107	-0.1500000000000321	0.19999999999998722
0.3500000000000107	-0.1500000000000321	0.19999999999998722
0.3500000000000107	-0.1500000000000321	0.19999999999998722
0.3500000000000107	-0.1500000000000321	0.19999999999998722
0.3500000000000107	-0.1500000000000321	0.19999999999998722
0.3500000000000107	-0.1500000000000321	0.19999999999998722
0.3500000000000107	-0.1500000000000321	0.19999999999998722
0.3500000000000107	-0.1500000000000321	0.19999999999998722
0.3500000000000107	-0.1500000000000321	0.19999999999998722
0.3500000000000107	-0.1500000000000321	0.19999999999998722
0.3500000000000107	-0.1500000000000321	0.19999999999998722
0.3500000000000107	-0.1500000000000321	0.19999999999998722
0.3500000000000107	-0.1500000000000321	0.19999999999998722
0.3500000000000108	-0.15000000000003183	0.1999999999999873
0.35000000000001125	-0.1500000000000306	0.19999999999998738
0.3500000000000116	-0.1500000000000301	0.19999999999998738
0.35000000000001147	-0.15000000000002994	0.1999999999999874
0.3500000000000113	-0.1500000000000299	0.1999999999999874
0.35000000000001147	-0.15000000000002944	0.19999999999998744
0.3500000000000117	-0.15000000000002867	0.1999999999999874
0.3500000000000117	-0.15000000000002822	0.19999999999998758
0.35000000000001197	-0.15000000000002744	0.1999999999999875
0.35000000000001225	-0.15000000000002683	0.19999999999998758
0.35000000000001213	-0.15000000000002678	0.19999999999998755
0.3500000000000123	-0.15000000000002617	0.19999999999998766
0.35000000000001247	-0.150000000000025	0.19999999999998772
0.3500000000000125	-0.15000000000002456	0.19999999999998783
0.35000000000001275	-0.15000000000002423	0.19999999999998788
0.35000000000001286	-0.15000000000002378	0.19999999999998785
0.35000000000001286	-0.15000000000002345	0.19999999999998785
0.35000000000001297	-0.150000000000023	0.19999999999998794
0.3500000000000134	-0.15000000000002167	0.19999999999998816
0.3500000000000134	-0.1500000000000215	0.19999999999998808
0.3500000000000137	-0.15000000000002078	0.19999999999998808
0.35000000000001386	-0.15000000000002023	0.19999999999998827
0.35000000000001386	-0.15000000000001995	0.19999999999998816
0.3500000000000139	-0.15000000000001923	0.19999999999998821
0.35000000000001413	-0.15000000000001884	0.19999999999998816
0.3500000000000142	-0.15000000000001829	0.1999999999999884
0.35000000000001413	-0.15000000000001812	0.19999999999998824
0.3500000000000143	-0.15000000000001784	0.19999999999998827
0.3500000000000143	-0.15000000000001784	0.19999999999998827
0.3500000000000143	-0.15000000000001784	0.19999999999998827
0.3500000000000143	-0.1500000000000179	0.19999999999998824
0.3500000000000143	-0.15000000000001784	0.19999999999998827
0.3500000000000143	-0.15000000000001784	0.19999999999998827
0.3500000000000143	-0.15000000000001784	0.19999999999998827
0.3500000000000143	-0.15000000000001784	0.19999999999998827
0.3500000000000143	-0.15000000000001784	0.19999999999998827
0.3500000000000143	-0.15000000000001784	0.19999999999998827
0.3500000000000143	-0.15000000000001784	0.19999999999998827
0.3500000000000143	-0.15000000000001784	0.19999999999998827
0.3500000000000143	-0.15000000000001784	0.19999999999998827
0.3500000000000143	-0.15000000000001784	0.19999999999998827
0.3500000000000143	-0.15000000000001784	0.19999999999998827
0.3500000000000143	-0.15000000000001784	0.19999999999998827
0.3500000000000143	-0.15000000000001784	0.19999999999998827
0.3500000000000143	-0.15000000000001784	0.19999999999998827
0.3500000000000143	-0.15000000000001784	0.19999999999998827
0.3500000000000143	-0.15000000000001784	0.19999999999998827
0.3500000000000143	-0.15000000000001784	0.19999999999998827
0.3500000000000143	-0.15000000000001784	0.19999999999998827
0.3500000000000143	-0.15000000000001784	0.19999999999998827
0.3500000000000143	-0.15000000000001784	0.19999999999998827
0.3500000000000143	-0.15000000000001784	0.19999999999998827
0.3500000000000143	-0.15000000000001784	0.19999999999998827
0.3500000000000143	-0.15000000000001784	0.19999999999998827
0.3500000000000143	-0.15000000000001784	0.19999999999998827
0.3500000000000143	-0.15000000000001784	0.19999999999998827
0.3500000000000143	-0.15000000000001784	0.19999999999998827
0.3500000000000143	-0.15000000000001784	0.19999999999998827
0.3500000000000143	-0.15000000000001784	0.19999999999998827
0.3500000000000143	-0.15000000000001784	0.19999999999998827
0.3500000000000143	-0.15000000000001784	0.19999999999998827
0.3500000015868328	-0.15000263233044075	0.19999868396073767
0.3500000277732369	-0.150052916558074	0.19997354773124357
0.3500000441105031	-0.15009192583329367	0.1999540509647397
0.35000009063539655	-0.15023258425817898	0.19988375983669948
0.35000011375397405	-0.15036439811719354	0.1998179048179775
0.35000013332806207	-0.1505178100248899	0.1997412640971068
0.35000017035695347	-0.15079426237308696	0.199603150783788
0.3500001593216597	-0.15100502795917792	0.1994978832007272
0.35000012888148924	-0.15121171453899068	0.1993946663105383
0.3500001031654039	-0.15134934775998543	0.199325936667915
0.3500000655718579	-0.15169206035761984	0.19915477155656264
0.3500000336107859	-0.15182034463175798	0.1990907129985567
0.34999990641050915	-0.15230301824318493	0.19884968701615746
0.34999980667819613	-0.1525596859831489	0.1987215357812131
0.3499997259291081	-0.15282717757434433	0.19858795826066827
0.3499996881423058	-0.15306931708187071	0.19846701132161088
0.34999959124585434	-0.15331832244584925	0.19834267070253883
0.34999948897203437	-0.1536709753377712	0.1981665402752556
0.3499994330553546	-0.15388647537784572	0.19805889914330396
0.34999938307133416	-0.15409920610178318	0.19795263233967214
0.3499993635250183	-0.15429461365532898	0.1978549967033586
0.34999937253474084	-0.15456126514302393	0.1977217318370656
0.34999939133847574	-0.15465041581919803	0.1976771645622175
0.34999939156808585	-0.15482575468858595	0.1975895209363967
0.34999940096586285	-0.15488780297179489	0.19755849679653464
0.3499994272547981	-0.15499219719709756	0.19750628127541292
0.3499994408061776	-0.15502712889220882	0.1974887923053772
0.34999944281884215	-0.15502441247510845	0.19749012727915055
0.34999940573269467	-0.15495814330741087	0.19752323901177388
0.3499993691108098	-0.15490537419864192	0.197549621663265
0.3499992108366534	-0.15472133779400593	0.19764167316212025
0.3499989991586915	-0.1545199768207683	0.19774242855103474
0.3499986876474415	-0.1542837716559371	0.19786068015905175
0.34999813672229796	-0.15389249347163586	0.19805658689920913
0.3499976078413673	-0.1535534552450804	0.19822637716050368
0.3499972226522956	-0.15333331195196748	0.19833665898049851
0.3499956509310224	-0.15250484015245314	0.19875177425301951
0.34999436663164973	-0.15193817730141324	0.19903587406326229
0.3499930620233715	-0.15138075546653357	0.19931536795897523
0.3499912964835329	-0.15057432872126464	0.19971960206883446
0.3499889817920141	-0.14986124159125114	0.200077669558897
0.3499859577569674	-0.14897032163315865	0.20052426316851657
0.3499840154674616	-0.1475328965242132	0.2012451602909816
0.34998416843153324	-0.14692591966210844	0.20155205910583707
0.34998889058966437	-0.14541725470613698	0.2023178954681793
0.34999487580865324	-0.14463139576880596	0.20272165430751293
0.3500193039344884	-0.14226106773077107	0.20394893467407194
0.35004151131193306	-0.14080450851289555	0.20471441210704427
0.35006825281483406	-0.13946969510421203	0.20542586368576973
0.35009209306593186	-0.13835164176527337	0.2060230566719606
0.35013324653763295	-0.13700017582855084	0.20676202710473207
0.35021989891269767	-0.13391565442798925	0.20844176116706536
0.3502697238632156	-0.13244622100287057	0.20925273985345197
0.3503429550006531	-0.1304595257712493	0.21035072989701528
0.3504249232777085	-0.1285056018357179	0.21144890796085325
0.3504819530000256	-0.12672901860571723	0.2124310049850025
0.3506123990009435	-0.12384707608074567	0.21405465479897845
0.35068592553871053	-0.12208442104686447	0.21506395741344855
0.35078203738345315	-0.12021535702925472	0.21612867522854604
0.3508758999075586	-0.11823487700563852	0.21726285879662316
0.3510424685635916	-0.11537426595940077	0.2189388500302924
0.351098921792676	-0.11431636267832292	0.21954575996223527
0.35122651360418533	-0.11137051911963557	0.22121004329802763
0.35130274372586384	-0.10957446188452523	0.2222250043485695
0.35141337024514	-0.10723375310076937	0.22356086451574622
0.3515249241207823	-0.10424627903863921	0.22525382634567317
0.35161539853640184	-0.10224720160417093	0.2263814685197509
0.35169673099454224	-0.10025853400072433	0.22751569685709017
0.3517476646742977	-0.09816366544750317	0.22866852157223502
0.3518441124225501	-0.0959928250792726	0.22989518967737843
0.3519540555055221	-0.09310591057953939	0.23150589652548173
0.3519997013351814	-0.09184965221024231	0.23220644345451336
0.35207622462026755	-0.08908308156753593	0.23372879802545588
0.35214885606595203	-0.08590565545293001	0.2354627751744339
0.3521903424072875	-0.08389934811455964	0.23654981348334173
0.3521925775871024	-0.08270324047638668	0.23718482133713
0.3522012498108016	-0.0805092715024603	0.23835743194511885
0.3522157671007978	-0.0787394734189291	0.23928523731072573
0.3522383511740701	-0.07532547531774421	0.24113158537376092
0.35223959454674464	-0.0743063488299373	0.24166222170607937
0.3522399087012462	-0.07182114839328395	0.24296035930105206
0.35223365769426834	-0.0707015347448575	0.24354304754743977
0.3522169846289159	-0.06786894313067256	0.2450056515036336
0.35220391450932864	-0.06625906920389434	0.2458208489686128
0.35218931739349857	-0.06472221779012234	0.24660476749478355
0.3521728759019781	-0.06330865036872659	0.24731495157813205
0.3521543325454803	-0.06191413225261781	0.24802496647693825
0.35213116335988437	-0.06027478099806262	0.24884410632727433
0.3521046240632614	-0.058654477396058294	0.2496445723862653
0.3520847412603243	-0.057536499467330846	0.25019484254665847
0.3520639073988064	-0.05647413611907061	0.25071099214302534
0.35203204463099247	-0.05500105012205954	0.2514206604156334
0.35201796453406325	-0.054411486181228	0.25169914592011566
0.3519909511411034	-0.05338062442918266	0.2521812567761269
0.35197042079988605	-0.052697678354076335	0.25249331374397715
0.35195021720988484	-0.05210536916905088	0.2527586852952713
0.35192986594683745	-0.05160925226633849	0.25297371949644476
0.3519031299798299	-0.051112150186254215	0.2531749527934447
0.3518911205238743	-0.05095722066077023	0.25323030400473234
0.35186822945829044	-0.05079950051880795	0.25326471290462266
0.35185789623265923	-0.05078629679415668	0.2532505715099796
0.35183391226221394	-0.050777034215929565	0.2532069153953545
0.3518115999846613	-0.05076837696768351	0.25316642226280944
0.35179655606806004	-0.05076235664709901	0.2531394082864768
0.3517780483849643	-0.05075485834049327	0.253106321570677
0.3517617947868489	-0.05074817955433909	0.2530774603765984
0.3517364254551358	-0.05073767906053246	0.2530325026509093
0.35172065763855004	-0.05073109484578377	0.25300467992233155
0.3517041738731	-0.05072418437643868	0.25297563833424036
0.35169529792965426	-0.05072045581174063	0.25296000831043014
0.35167432654306724	-0.05071161868716369	0.25292314367357405
0.35165160467691964	-0.05070201739144091	0.25288324817253754
0.35164232927087913	-0.050698090960466805	0.2528669759482367
0.35162198944373796	-0.05068946955611918	0.25283131896576955
0.35160772105498084	-0.05068341345562381	0.2528063269610421
0.3515980489430957	-0.050679306360178075	0.2527893853268979
0.3515711485174491	-0.05066787383955136	0.25274229268894677
0.351561202152497	-0.05066364433692404	0.25272488237455626
0.35154065105317545	-0.05065490098187349	0.2526889320470457
0.3515264652235058	-0.05064886373149406	0.252664116686965
0.3515123963532859	-0.050642874819826836	0.25263950702160076
0.35149219941498283	-0.05063427545802797	0.25260418994817585
0.3514787157941817	-0.05062853323344636	0.25258061188644754
0.35147099186780845	-0.050625243471680556	0.25256710571699625
0.3514510069341276	-0.050616731123121636	0.2525321666692226
0.35144402621660237	-0.05061375769391334	0.2525199644833319
0.3514250056604361	-0.050605655603263064	0.2524867193670767
0.3514067803054108	-0.05059789134824601	0.25245486468328815
0.3513983295653275	-0.0505942914363781	0.25244009620399105
0.3513843318499515	-0.05058832779187307	0.2524156327090257
0.3513705072121339	-0.05058243876069925	0.25239147544369717
0.351356242030999	-0.05057636104865888	0.25236654712675133
0.35133943230003467	-0.05056919939178629	0.25233717399676325
0.351326557610398	-0.05056371414962034	0.25231467775930333
0.3513148745768331	-0.05055873697261236	0.25229426504842944
0.3513022445361312	-0.05055335635863149	0.2522721983234539
0.35128405832725207	-0.05054560937606843	0.2522404260359309
0.35127325800417486	-0.05054100840530655	0.2522215575459916
0.3512615327627105	-0.05053601349808674	0.2522010736605591
0.35124467248724933	-0.050528831438397856	0.2521716201420851
0.3512324337423123	-0.05052361767220913	0.25215024027161437
0.351224033485376	-0.05052003943808876	0.2521355663963467
0.3512098323940914	-0.05051399030049743	0.2521107599709243
0.35119966360965305	-0.050509659274058885	0.2520929978352023
0.3511881307336454	-0.05050474689337574	0.2520728531595275
0.3511699410602862	-0.050497000159956965	0.25204108217585885
0.3511602967236551	-0.05049289322276089	0.2520242374637296
0.3511528676303207	-0.050489729726376484	0.25201126206378477
0.3511381290347635	-0.05048345315030532	0.2519855204149925
0.351127661744897	-0.050478995995764345	0.25196723925898423
0.35111238968275493	-0.050441217977736916	0.2519405355787352
0.3511009328320005	-0.05034504419497325	0.2519204603271402
0.3510879580598586	-0.05015908876156376	0.25189775558093974
0.35107416040891565	-0.049906094294095496	0.25187373287802073
0.35106505772045565	-0.0497088113198844	0.2518579629454738
0.351045679326556	-0.049216210127550356	0.25182447580117856
0.3510214187527915	-0.048512027246637376	0.2517831674294553
0.35100538078847987	-0.04801037189986952	0.2517563510568053
0.35098626910208575	-0.047360838783361794	0.2517241914986226
0.3509663768714435	-0.04665305936805485	0.25169123798486936
0.35094736684369743	-0.045938422152965216	0.25165963794474977
0.3509258994472518	-0.04512262434550819	0.2516256032258971
0.3509117929326223	-0.04456908316817444	0.25160327700907126
0.35087608382568874	-0.04308907283440011	0.2515450674197284
0.3508519633737097	-0.042073123252417896	0.25150751137186367
0.3508297417904736	-0.04112202410451353	0.2514733725511634
0.35081472998313395	-0.0404878127144694	0.251451892129585
0.35079276669619847	-0.039518338424057595	0.251418466461295
0.3507695744784591	-0.03847108306224066	0.25138270864213097
0.35074276706604085	-0.037250390554968996	0.25134234077381945
0.3506987965409239	-0.03519775541198834	0.2512757410123152
0.3506817364376876	-0.0343972934758285	0.2512505671136286
0.350662232051906	-0.03348315821189997	0.251222594552986
0.3506275900818927	-0.031826419044966345	0.2511718585840741
0.35061090204423073	-0.031038943577853847	0.25114896578177237
0.35056523240582577	-0.028798089623494463	0.25108151515384114
0.3505379056227715	-0.027444639998997003	0.2510415701330422
0.35052267242898094	-0.026680172676975214	0.25101899956554025
0.35048623567757003	-0.02487042744183375	0.25096753145413964
0.3504700031900712	-0.02404453215486345	0.2509435707263355
0.3504462182887876	-0.022831629627057606	0.25090875605292323
0.35040355236160575	-0.020636503297779343	0.25084624372012343
0.3503765686540778	-0.01920374806326554	0.2508042175552976
0.3503524547319931	-0.017948523620164455	0.25076917047851494
0.3503292732610271	-0.016755077739996335	0.2507369129032665
0.35030292057210327	-0.01536009455575875	0.25069792538281077
0.35027719647706623	-0.013982870144756701	0.25065920078291626
0.35025435696299434	-0.012779320595662905	0.2506266981845675
0.35022138593593616	-0.010989735658481894	0.25057671441432494
0.35020651491227267	-0.01018635737960373	0.25055468953780013
0.35018082157276237	-0.00876629014994236	0.25051475215912944
0.3501616823224156	-0.007713567107755684	0.25048566661065585
0.350149800479057	-0.007057468956940635	0.25046756734405307
0.3501218103153401	-0.005508834661690762	0.25042510828359826
0.35009543077708366	-0.004034603226075115	0.2503845880068202
0.35007963853643614	-0.003128026111117635	0.25035885799293234
0.35006443315531827	-0.0022566188915098123	0.2503343991331798
0.35004849474325783	-0.0013441715982611263	0.25030902446972225
0.35003944690438277	-0.0008303991210159983	0.2502950186121359
0.3500160107951809	0.0005743907326798553	0.25025382745535596
0.35000430166100155	0.0012815356487449608	0.2502330673938885
0.34999361870618684	0.001916883621929058	0.2502149866352672
0.3499818093658355	0.002640752937316429	0.2501936257871543
0.34997159654120336	0.003278877924668591	0.25017447123530345
0.3499648787187184	0.003703465870085118	0.25016162984667845
0.34996113622916497	0.0039434460080069594	0.25015426761147586
0.34995102916089954	0.004604693567286752	0.2501336999279837
0.34994781093363125	0.004829361432250753	0.25012625744288675
0.34994548996967834	0.005002103484743933	0.25012022248699783
0.34994458538440915	0.005090324375213215	0.25011651883738106
0.34994446921059325	0.005115001419221818	0.25011518256879994
0.3499451852825244	0.005114350570699297	0.25011362969258377
0.3499457093234082	0.005113251580573727	0.25011253152682833
0.349946271063053	0.005112074877632808	0.2501113570472865
0.34994684845056173	0.005110865848118665	0.2501101506784922
0.3499475723250576	0.005109349689028625	0.25010863734208616
0.34994806924086064	0.005108309042779771	0.2501075987358582
0.3499485039506981	0.005107399711339375	0.25010669225100474
0.3499489966562303	0.0051063688772561705	0.25010566442951104
0.34994966789439197	0.0051049650620737935	0.25010426526104945
0.34995014848528194	0.00510395966794229	0.250103262878938
0.3499505860626347	0.005103044774070739	0.25010235125789193
0.3499510588534029	0.005102056625581233	0.25010136702557306
0.3499513130377781	0.005101525484579025	0.25010083810711226
0.3499519146413968	0.0051002678798102025	0.25009958525205594
0.3499524129705059	0.005099226778018037	0.25009854872016024
0.3499530571166716	0.005097881113167488	0.2500972090503818
0.34995331955314907	0.005097333115468408	0.2500966637527354
0.3499538777809412	0.005096167081952693	0.2500955030749835
0.3499543005771955	0.005095284447118251	0.25009462501690294
0.349954937718409	0.0050939538357372	0.2500933008037294
0.3499551901661646	0.005093426637988577	0.2500927761622216
0.34995574421217757	0.005092269673810504	0.2500916248921132
0.34995602710949036	0.005091679163511123	0.25009103753261863
0.34995655298837763	0.005090581412135017	0.2500899455978389
0.3499570031888534	0.00508964162391852	0.25008901078592716
0.3499575354958481	0.00508853051782128	0.2500879056531563
0.3499579258690748	0.005087715671228996	0.25008709519076877
0.34995811123564663	0.005087328788064241	0.25008671043321845
0.3499587285329389	0.005086040581892062	0.2500854294832124
0.3499590754495299	0.005085316492897771	0.2500847093569263
0.34995977745593193	0.005107190148915211	0.2500832472311796
0.34996044154323686	0.005150819214811461	0.2500818606248858
0.3499613110482738	0.005222886850037592	0.2500800412675387
0.349962810412155	0.005366082545696857	0.25007689736966265
0.34996401767315855	0.005489640991883052	0.25007436777447933
0.3499653513197173	0.0056322195070556	0.2500715738276321
0.34996669626170446	0.005781559354440177	0.2500687486723523
0.3499680388460206	0.005934514461812299	0.25006593019386325
0.3499703813414141	0.0062086805369957615	0.2500610157328523
0.349972064138025	0.0064112497590931156	0.25005748739995814
0.3499736335366938	0.006604380333605095	0.25005420280358437
0.3499753489519568	0.006814461770973848	0.2500505942253872
0.3499771289114895	0.007038573645223964	0.2500468648767706
0.34997885292972564	0.007257248970385141	0.25004325000466116
0.3499807466146282	0.007497271269138919	0.2500392703034498
0.3499831446335077	0.007804982869842256	0.2500342344247092
0.34998491661432624	0.008033630407149883	0.2500305120758213
0.3499865180484178	0.008239189218604087	0.25002714018438577
0.34998837949456485	0.008482462945045996	0.2500232328620184
0.34999041678344384	0.008748915092751663	0.25001895307796307
0.3499918775857105	0.00894129827875359	0.2500158877854304
0.34999332027957164	0.009131574530709216	0.2500128606918704
0.34999476039546806	0.009321473069171776	0.2500098386929442
0.3499959236841759	0.009475204114718305	0.2500073995399612
0.34999696344518194	0.009611408337426769	0.250005214880898
0.3499979215205168	0.00973763539720958	0.25000320704959056
0.3499989286724806	0.009869882305775651	0.25000109765787415
0.34999920986109107	0.009906658206078847	0.2500005091045212
0.34999984757590874	0.009989881343766452	0.2499991784070048
0.35000007886169876	0.010019925978463184	0.24999870112447747
0.3500001105733526	0.01002394618281982	0.2499986457922989
0.3500001088735629	0.010023621030938859	0.24999866377281682
0.3500001077333725	0.010023403401750536	0.24999867581738508
0.3500001066617718	0.010023197187948904	0.24999868727340954
0.35000010561422257	0.010022992959984697	0.2499986986769777
0.3500001043605201	0.010022748658897102	0.2499987123239268
0.3500001028818444	0.010022454358972865	0.24999872888375824
0.350000102290083	0.010022337350587399	0.24999873545579937
0.35000010092751693	0.010022069396220912	0.24999875048260467
0.35000009937886556	0.010021761086178596	0.24999876784192515
0.3500000983389043	0.010021552279097429	0.24999877962993994
0.35000009742142535	0.010021370777214683	0.24999878982995738
0.3500000964865978	0.01002118263887096	0.24999880045804396
0.3500000950989494	0.010020902201177517	0.2499988163187538
0.35000009413553085	0.010020707172355564	0.24999882735309029
0.3500000930932835	0.01002049572752356	0.2499988393224401
0.3500000921733565	0.01002030725944908	0.24999885002028896
0.35000009125135195	0.010020120127194082	0.2499988606118834
0.35000009073503613	0.010020015117753966	0.24999886655827683
0.3500000891281839	0.01001968647633815	0.24999888519525904
0.3500000881285201	0.010019482518100961	0.24999889675083575
0.35000008730750626	0.010019311318664278	0.24999890650877302
0.3500000864480348	0.010019133540374509	0.24999891661711712
0.35000008563835705	0.010018965159840132	0.24999892620382969
0.35000008479760136	0.010018790565811841	0.24999893613863688
0.35000008358107737	0.010018535813035412	0.2499989506649471
0.3500000828392628	0.010018380191998105	0.2499989595409962
0.3500000820316888	0.010018211089538112	0.2499989691794001
0.35000008154677986	0.01001810903423768	0.24999897500344445
0.35000008003569666	0.010017791610145502	0.24999899310461893
0.3500000733427555	0.009987829902958309	0.24999902658289708
0.3500000333144224	0.009864154613135112	0.24999916582859721
0.349999927918887	0.009635246362921276	0.24999948572369
0.3499997387313737	0.009283332811014497	0.25000003478523464
0.34999947750598254	0.008918923187331451	0.2500007440110575
0.3499986511077905	0.008036652866680871	0.25000288358254197
0.3499981389041189	0.007400454966980996	0.2500042455681672
0.3499971928521865	0.006596484266096284	0.25000662573082333
0.34999653921695384	0.006103584237220641	0.2500082488467751
0.3499955216296648	0.005267952430510828	0.25001080472929016
0.34999389352571914	0.004320803727511743	0.25001476716246085
0.3499906203293562	0.002295887307549885	0.25002279811059547
0.34998894245556583	0.0011231816390055022	0.25002696837350324
0.3499866600701121	-0.00011069926263297669	0.250032545520059
0.34998416125349086	-0.0013539436158038348	0.2500386420204266
0.3499819160730736	-0.002169036062653909	0.2500440474792053
0.3499770119924153	-0.00424701034784454	0.25005597511811617
0.34997304379291866	-0.005794434057556322	0.2500656450841492
0.34996930795889536	-0.007348926751883103	0.25007480539652455
0.3499634779750866	-0.009443404506088202	0.2500891057672074
0.34995916254936227	-0.011194274149364344	0.2500997818371654
0.34995270516979604	-0.013608946075035142	0.2501158238483604
0.3499479124029328	-0.015320323374136427	0.25012777005698894
0.3499423113192704	-0.017282287635396507	0.25014180763226035
0.34993656985664356	-0.019198328478302454	0.25015625866858804
0.34993041716245066	-0.021541787404599985	0.25017188372992766
0.3499238312297065	-0.0235026456549174	0.2501886556935913
0.3499185178459186	-0.025680119813426452	0.25020230813821054
0.3499130080385478	-0.027778204567868434	0.25021655118937003
0.34990828869806095	-0.0298709989187574	0.25022882104644456
0.34990280420293207	-0.03196381116180626	0.2502431716154473
0.34989401181461177	-0.03482513529165261	0.25026631053731196
0.3498891223619744	-0.036691197210302715	0.25027925148258534
0.3498804082979306	-0.039711060041642196	0.25030248896559626
0.3498739505521006	-0.04180592642815871	0.25031986835618736
0.3498681624027072	-0.044105043987987355	0.2503354787528369
0.34986323263249347	-0.04612914004568226	0.2503488770101151
0.3498533797062841	-0.04951416611268529	0.25037591649281443
0.3498443563361309	-0.05174647527437769	0.2504009188621247
0.34983994750893316	-0.05378259548415172	0.2504130834708015
0.34983297516223266	-0.05601865536744767	0.2504326203756978
0.34982531840683473	-0.05921792289711235	0.2504540864293907
0.34982196330216103	-0.06038107491488047	0.2504636078768766
0.3498170134258839	-0.06260181668086255	0.2504776025741815
0.3498104047689459	-0.06539116324420204	0.250496459531633
0.3498035856295229	-0.06806710094263145	0.2505160758757626
0.3497983271225726	-0.0704359972106859	0.2505312196877988
0.34979169109437486	-0.0734384053384143	0.2505504647567694
0.3497877638169499	-0.07538630040418552	0.25056189008287455
0.3497834745111057	-0.07749834006720148	0.25057442084214204
0.349777050019082	-0.08041785857190985	0.2505933985882706
0.34977424578976446	-0.08182467230736191	0.2506016705828517
0.3497722204404992	-0.08366772091565457	0.2506074397325108
0.349767625885781	-0.0863488525189474	0.2506210709898974
0.3497614938873494	-0.08928425088729773	0.25063957352746763
0.3497592387157614	-0.09038393132198798	0.2506464031102513
0.3497558927934915	-0.09288665891729912	0.2506563790900923
0.3497539597377214	-0.09391842679726879	0.2506622978055731
0.34975104536672463	-0.09719634652851562	0.25067084983081167
0.34974947911634074	-0.09873916383615723	0.250675577701459
0.34974802120926274	-0.10031198220283229	0.25067999445562295
0.34977971216172143	-0.10186675793251589	0.25066189167474917
0.3500876006740529	-0.10374260836247425	0.25044020145804974
0.3508762814147439	-0.1062591037701152	0.2498672769887983
0.35135117049994286	-0.10737900324711556	0.24952229776201898
0.35262867762929684	-0.10980925136469934	0.2485856458596874
0.3532568173198838	-0.11084916229910381	0.24813005779255215
0.35564035610496497	-0.11427361747855207	0.24639769479817877
0.35713961918629633	-0.11611309768100563	0.24529816528073534
0.35876844773684446	-0.1179764141623207	0.24410298668945551
0.36060237505884146	-0.1199619621946915	0.24277030319325565
0.3634242752988016	-0.12275457791937218	0.2406853528328835
0.36561600522786797	-0.12480069692411373	0.2390834751820891
0.36772522350462067	-0.1266834986572553	0.23752468872613636
0.36983336413312295	-0.12849213577242113	0.23596884139285546
0.37407289728429965	-0.1319659444573804	0.2328138825937583
0.3765502060485785	-0.13390689928801336	0.2309818373900156
0.37812441109224043	-0.13510838076156761	0.2298088217081404
0.38201695446742234	-0.137996259374429	0.22693818810792826
0.38513340703772003	-0.1402495601772788	0.22462955420352237
0.38972204197880556	-0.14343382962385987	0.2212100114640123
0.3929189095479464	-0.1455964357269779	0.21883907496747107
0.39602989041637415	-0.14764683297394726	0.2164787744093079
0.39919859458846946	-0.14968802958807265	0.2140610406627116
0.40388856832254233	-0.15263926667886857	0.21044208876538045
0.4073122032487008	-0.15476598138906317	0.20780850447676102
0.4104789598699437	-0.15670012633336183	0.20537226723526456
0.4127434272603732	-0.15805176759854178	0.20357900026249867
0.4194791820620177	-0.1620185123485332	0.19830322059517988
0.4214802453534989	-0.16317752084650228	0.196718876633564
0.42658535042355405	-0.16609384867900884	0.19267831133341254
0.43013308582645166	-0.16808234517238713	0.18981403892555526
0.43522380736309263	-0.17088615717623068	0.18566895935070646
0.43891355283963474	-0.17287900435242748	0.18262429107443362
0.4411819519863455	-0.17410546445694436	0.18070950193434626
0.44606195323861314	-0.17670561167363502	0.17667258930872784
0.44968842207951715	-0.17861414470386766	0.17365010919022827
0.4544020049848803	-0.18105899130908715	0.16956472585768054
0.4575876980271002	-0.1826896409426409	0.1667524657784893
0.46072177510682916	-0.18428135889094277	0.16394803475222874
0.4653868905303646	-0.18663202239354332	0.15971612741871566
0.46854035951407114	-0.1882023133289154	0.15673913924369343
0.47128342537899864	-0.1895558521812844	0.1540917239370494
0.4729230026321598	-0.1903561744934858	0.1524419772641709
0.4768462545666263	-0.19226522528310352	0.14844337682731612
0.4809143687872944	-0.19422076953484496	0.14412391736910485
0.48243274264662656	-0.19493607929860268	0.14238658195666276
0.4859055883278349	-0.1965693690639888	0.13837691939329888
0.4882195752695232	-0.1976540096212484	0.13564907845104734
0.4903720950857955	-0.19865041664084238	0.1329502738181999
0.49323680833196115	-0.19996600579457735	0.12916766989636014
0.49503436735918127	-0.2007772095002454	0.12656627451079117
0.49666399985926474	-0.20150319531362554	0.12401386018305838
0.4974525920391367	-0.2018511573303483	0.12270031421661343
0.49988396263278423	-0.20290541927601824	0.11813001009361579
0.5008427632693075	-0.20330997200108542	0.11597310915243059
0.5017762140960347	-0.20369438766032777	0.11348454182047324
0.5021731607818201	-0.203853124231462	0.11222318084995703
0.502743690980862	-0.20407238032832115	0.10996319213435274
0.5032268420321901	-0.20422628215725502	0.10639222928342978
0.5032249453365022	-0.2041911772014396	0.10446287950099326
0.5031952555436958	-0.20415690819369398	0.10321699001901447
0.5031519819974791	-0.20410725222538573	0.1014608493609988
0.5030862774433978	-0.2040318743783886	0.09876745604444331
0.5030215369169213	-0.20395721437401326	0.09590610872901695
0.5029735348613052	-0.2039019860990206	0.09376268424114936
0.5029311157053971	-0.20385339262335883	0.09188641167289674
0.5028917622681387	-0.20380788164335906	0.0899209354924102
0.502850606001147	-0.20376115409628365	0.08811969075779552
0.5027757151436935	-0.20367683697200106	0.08493963442338787
0.5027317078711006	-0.2036270526040045	0.08288094159389664
0.5026895238682116	-0.20357955747211404	0.08090941458154866
0.502642977589886	-0.20352854657743485	0.0791025578108615
0.5026128732127146	-0.20349529350171208	0.07781743191598306
0.5025524712227077	-0.20342791804489258	0.07491728830023531
0.5024898480048362	-0.20335930938983293	0.07211135294913146
0.5024481529121235	-0.20331328626039163	0.07008527292413086
0.5024118293633242	-0.20327308400587485	0.06823820178306694
0.5023737849404769	-0.20323155130442389	0.06639892777229317
0.5023121420745457	-0.20316481822883936	0.06347287556450465
0.5022704740145004	-0.20312006344215022	0.06152140667862771
0.5022288383435607	-0.20307585981643023	0.059643574921084797
0.5021918504494888	-0.20303552377884965	0.05770985220294722
0.5021541695868431	-0.20299521455389613	0.05587158201028575
0.5021134428496237	-0.2029518510736163	0.05389492603702245
0.5020656368696503	-0.2029009814961511	0.05155606675921043
0.5020300632398944	-0.202862313328858	0.04964220772511929
0.501992960342662	-0.20282387703713084	0.047971721075961926
0.501953965819175	-0.20278332337601673	0.046176791819211915
0.5019200916856684	-0.20274783513058775	0.044558644097242917
0.5018725239504963	-0.20269785063870088	0.04225215681135813
0.501834119615519	-0.20265854007338574	0.04055140258365131
0.5018142528662192	-0.20263804002212238	0.039645845890599496
0.5017609796224463	-0.20258377463457478	0.03731965624189154
0.5017251362504311	-0.2025474974071116	0.03579375981572991
0.501680463096462	-0.2025005375516632	0.03365311166480717
0.5016493561802875	-0.20246761651024348	0.03215135930812513
0.501619969611203	-0.20243652680788637	0.030749590994676834
0.5016026305570632	-0.20241806392775447	0.02991475194682719
0.5015671449957839	-0.20237838175192252	0.02802162994549079
0.5015274917361194	-0.2023357534725408	0.026144801915244376
0.5015005245974434	-0.2023069948535564	0.024927655719407416
0.5014735804835617	-0.20227839430317868	0.023749765674432766
0.5014522287799	-0.20225351995019697	0.02263848230285448
0.501430625921097	-0.2022296036429332	0.021654203336112343
0.5013949062645222	-0.20219007801916838	0.020099865759789615
0.501375842412501	-0.20216809209440634	0.019237055204584685
0.5013541145249931	-0.2021430538123658	0.018291260534993303
0.5013332553671279	-0.20211918731070094	0.017434503435865112
0.5013201163234048	-0.20210397055546686	0.016904395853313325
0.5012859590103314	-0.20206287867305384	0.015540189322036546
0.5012720185326023	-0.2020452560137611	0.014991697140659788
0.5012571414025079	-0.20202692451541726	0.014456480657141668
0.5012362793852572	-0.2020009346194015	0.01376139159914569
0.501227436408721	-0.20198964493362664	0.013486989543341266
0.5012059197012898	-0.20196172067182966	0.01286830839100539
0.5011862574567798	-0.20193498565953227	0.012391278458306398
0.5011742482367807	-0.20191781881832138	0.012155278894088684
0.5011621926964921	-0.20190094563782335	0.011969718438582577
0.50114394749666	-0.20187422566062324	0.011806965496041544
0.5011327630854591	-0.20185761993211887	0.011781052266857606
0.5011219195773907	-0.20184112496277412	0.011764473871452963
0.5011116309064241	-0.20182548971900433	0.011748761056903867
0.5011004771412996	-0.20180860864015354	0.011731755468617044
0.5010935318719585	-0.2017981608930038	0.011721191923953656
0.5010745287781114	-0.2017689946081464	0.011692068095214891
0.5010656979129773	-0.20175516831511447	0.011678429628009468
0.5010595505141835	-0.201745558310857	0.011668941713647962
0.501046022433878	-0.20172449114659874	0.011648095040248552
0.5010347337671892	-0.201707070828889	0.011630762652097448
0.501019837431533	-0.20168378801008574	0.011607777472771696
0.5010110183532265	-0.20166994992812254	0.011594149164912027
0.5010013642823996	-0.2016549788342955	0.011579300742868448
0.5009930957943757	-0.20164202459013714	0.011566532125348084
0.5009829040208598	-0.201625929471843	0.011550743886386716
0.5009699834970008	-0.20160556560684378	0.011530745330618764
0.5009644179467881	-0.2015967090695377	0.011522097747915183
0.5009529232004728	-0.20157855384424334	0.01150429209899334
0.5009396223122745	-0.20155751459403248	0.011483677249467583
0.5009342250013219	-0.20154891353485838	0.011475287060808748
0.5009223962255416	-0.2015300207446314	0.01145688264084499
0.5009174248183553	-0.20152219175941516	0.011449192153013488
0.5009050465514683	-0.2015024266534552	0.011429935913659428
0.5008921162376401	-0.2014817206745585	0.011409797987679215
0.5008844748765235	-0.20146941534638058	0.011397870009051236
0.5008755235291251	-0.20145487008911328	0.01138384521596636
0.5008709096982037	-0.20144735986666018	0.011376611203377351
0.5008578448127944	-0.20142621015484619	0.011356174151399334
0.5008473884646721	-0.20140928052235924	0.011339816988395923
0.50083912232427	-0.20139587398802067	0.011326877042176775
0.5008313096429643	-0.2013831329717512	0.011314618953724431
0.5008232269757436	-0.20136995897975168	0.011301940432477176
0.5008158647076976	-0.2013579925775526	0.011290405654368174
0.500804016633947	-0.20133862049366752	0.01127179671003875
0.5007994562059132	-0.20133115875135432	0.011264631958193438
0.500788467326773	-0.20131320545603754	0.011247378764693838
0.5007839982307069	-0.20130588058290882	0.011240352608024973
0.5007770423748302	-0.20129445008696267	0.011229404820778832
0.5007688849317418	-0.20128106553080405	0.011216574413298042
0.5007561385548073	-0.20126016212914555	0.011196531050063296
0.5007519002823293	-0.20125319180950813	0.01118985849004911
0.5007425035028579	-0.20123774232376823	0.011175066649038834
0.5007359080045494	-0.20122688981253667	0.011164681026023193
0.5007258221641165	-0.2012102978713956	0.011148801100177241
0.5007220206863497	-0.20120401637348745	0.011142804390496641
0.5007121555540135	-0.2011877322532541	0.011127249606802836
0.5007052699522115	-0.20117636617143697	0.011116392853567802
0.5006987469507845	-0.20116557775623195	0.01110609931141604
0.500691572280649	-0.2011537298825682	0.01109478514453055
0.5006855648424481	-0.2011438155213316	0.011085314257529122
0.5006770072510307	-0.20112967924797043	0.011071817657616556
0.5006710103390545	-0.2011197555599762	0.011062352526467534
0.5006647922887955	-0.20110946901821852	0.011052539757558155
0.5006555564605865	-0.20109414916676294	0.011037947697143613
0.5006520403907967	-0.2010883195462687	0.01103239367231268
0.5006436593491543	-0.20107443049202178	0.011019157800637724
0.5006382303749629	-0.20106541852011678	0.011010577793468201
0.5006319646723169	-0.20105501011775762	0.011000672370273357
0.5006237151879622	-0.20104132283806458	0.01098763789471846
0.5006179421135699	-0.20103174515110733	0.010978516687774054
0.5006122693358555	-0.20102227493978952	0.010984607726356566
0.5006065746723151	-0.20101224020346103	0.011210146796661824
0.5005996475601073	-0.20099961233302222	0.011982585581776228
0.5005937140284673	-0.20098994142998372	0.012865852088536855
0.5005866478088778	-0.20098022224096934	0.013956627602091154
0.5005790001631955	-0.20097089310125066	0.015119238611079888
0.5005698025530666	-0.20096027674449413	0.01664553729931939
0.5005577427178257	-0.20094751022940088	0.01863970787772501
0.5005390333141997	-0.20093085000664446	0.02121211123924366
0.5005271848970742	-0.20092113159307518	0.022742719009228973
0.5005057458929666	-0.20090331474814166	0.025733658884177002
0.5004680584226829	-0.20087741676177417	0.029446645469246024
0.5004541615551479	-0.20086711310916294	0.0311390519923766
0.5004098716655649	-0.20083768127980367	0.035345311430738324
0.5003748868621568	-0.20081507596948056	0.038452233065580654
0.500334289746266	-0.20078973175990722	0.04168277223713551
0.5002877140102935	-0.20075819633724368	0.046456268085861174
0.5002521656211933	-0.20073450517994934	0.04985979803565865
0.5002037349922216	-0.2007041451088139	0.05350390026668439
0.5001563236351535	-0.20067384790898285	0.057265721674748415
0.5001149881901904	-0.200646277065605	0.06095624005169353
0.5000423870346181	-0.20059887840278484	0.06662243605387558
0.4999895764857356	-0.20056367806236491	0.07085160537469642
0.4999553285180929	-0.20054068605722386	0.07353628814744351
0.4998805250632905	-0.20048990747583312	0.07933778300003624
0.49980527913633227	-0.20043747284829838	0.08524875643100482
0.49976138533369996	-0.20040454948882608	0.08954030177547445
0.4997295595683063	-0.20038162904900403	0.09198237262712866
0.49965197009297535	-0.20032175388424017	0.09936536251258388
0.4995903164732225	-0.20027472137785884	0.10430172514835367
0.4995408879273248	-0.20023570471589547	0.10848125073546178
0.49949091456935496	-0.2001951268381466	0.11284514396516798
0.49944084136264655	-0.2001530923067409	0.11738913629596026
0.49936694870676723	-0.2000897658642048	0.12378778562823012
0.49933496922149756	-0.20005728982449894	0.12864005091653397
0.4992905070916899	-0.20001488497886327	0.13321597395620216
0.4992474372162847	-0.19997376869160005	0.13721776177577688
0.4992042978408774	-0.1999312067459844	0.14134156299450534
0.4991615058138879	-0.19988761444126268	0.1454034822722457
0.49912119913640995	-0.19984009374937534	0.15133805696630326
0.4990939465699637	-0.19980661349762063	0.15525618870030072
0.4990782984272426	-0.19978660203373938	0.15754773019190949
0.4990382233422754	-0.19973688181566612	0.16234194785565037
0.4990125553560103	-0.19969792901706673	0.1671616694309739
0.4989856796107024	-0.19965866760943735	0.17103443964195594
0.4989783443343059	-0.19964554947412055	0.17272407594654962
0.49896350365775904	-0.1996147622621588	0.17690845026400054
0.49895783944176986	-0.19960208484551417	0.17858660925344996
0.49893885191523807	-0.19956265819242452	0.1827949813769571
0.4989220395034227	-0.19952496922929458	0.18654177195956215
0.49891931787216365	-0.19950947362990595	0.18880339328285148
0.49891553827275237	-0.19949641028309728	0.19017540301847288
0.49891501477043976	-0.19948214622562038	0.1923257420275253
0.4989200949170434	-0.19946499802208023	0.19556553813810457
0.49892404393499	-0.19945708598593836	0.1970644667131518
0.49892946862724213	-0.19945233561978803	0.19828334255301303
0.4989337702940028	-0.19945028782091645	0.19898254605823112
0.498948202246068	-0.19945106145077274	0.2003316680353605
