0.3499999999968193	-0.1499999999986384	0.20000000000287582
0.3499999999968193	-0.1499999999986384	0.20000000000287582
0.3499999999968795	-0.14999999999866398	0.2000000000028219
0.34999999999694453	-0.14999999999869207	0.20000000000276347
0.34999999999701353	-0.14999999999872188	0.20000000000270063
0.3499999999971084	-0.1499999999987623	0.20000000000261547
0.3499999999971759	-0.1499999999987912	0.2000000000025545
0.3499999999972484	-0.14999999999882208	0.20000000000248955
0.3499999999973127	-0.1499999999988495	0.2000000000024314
0.349999999997418	-0.14999999999889435	0.20000000000233623
0.3499999999974682	-0.14999999999891583	0.20000000000229093
0.34999999999753584	-0.14999999999894487	0.20000000000223023
0.34999999999763304	-0.14999999999898606	0.2000000000021429
0.3499999999977412	-0.14999999999903202	0.2000000000020457
0.34999999999781334	-0.14999999999906266	0.20000000000198048
0.3499999999978892	-0.1499999999990947	0.20000000000191176
0.3499999999979663	-0.14999999999912778	0.2000000000018426
0.34999999999804304	-0.14999999999916042	0.2000000000017736
0.3499999999981571	-0.14999999999920877	0.20000000000167154
0.34999999999820386	-0.14999999999922886	0.20000000000162943
0.349999999998304	-0.14999999999927194	0.20000000000153928
0.34999999999841597	-0.14999999999932062	0.20000000000143772
0.349999999998488	-0.14999999999935165	0.20000000000137244
0.34999999999856585	-0.14999999999938446	0.20000000000130186
0.34999999999860465	-0.1499999999994016	0.20000000000126664
0.34999999999871356	-0.1499999999994479	0.2000000000011683
0.34999999999879305	-0.14999999999948216	0.20000000000109697
0.3499999999988611	-0.1499999999995108	0.2000000000010353
0.3499999999989622	-0.14999999999955493	0.2000000000009443
0.3499999999990247	-0.14999999999958158	0.20000000000088744
0.349999999999107	-0.149999999999617	0.2000000000008133
0.3499999999991924	-0.1499999999996534	0.20000000000073592
0.3499999999992563	-0.14999999999968078	0.20000000000067825
0.34999999999929676	-0.14999999999969843	0.20000000000064133
0.3499999999993786	-0.1499999999997328	0.20000000000056756
0.3499999999994641	-0.14999999999976965	0.20000000000049034
0.34999999999951736	-0.1499999999997924	0.20000000000044257
0.3499999999995708	-0.14999999999981523	0.20000000000039453
0.34999999999961984	-0.14999999999983626	0.20000000000035012
0.34999999999969106	-0.14999999999986713	0.20000000000028564
0.3499999999997226	-0.14999999999988045	0.2000000000002571
0.3499999999997763	-0.1499999999999032	0.20000000000020846
0.349999999999814	-0.14999999999991964	0.20000000000017423
0.3499999999998661	-0.14999999999994212	0.20000000000012702
0.3499999999998987	-0.14999999999995595	0.20000000000009788
0.34999999999992976	-0.14999999999996905	0.20000000000007023
0.34999999999995474	-0.1499999999999792	0.20000000000004778
0.3499999999999757	-0.14999999999998787	0.2000000000000286
0.34999999999999726	-0.14999999999999725	0.20000000000000923
0.35000000000001724	-0.15000000000000585	0.19999999999999124
0.3500000000000268	-0.15000000000000985	0.1999999999999824
0.350000000000033	-0.15000000000001235	0.19999999999997695
0.35000000000003456	-0.15000000000001296	0.19999999999997536
0.3500000000000348	-0.1500000000000128	0.19999999999997597
0.35000000000003306	-0.1500000000000119	0.19999999999997614
0.3500000000000324	-0.15000000000001124	0.19999999999997645
0.35000000000003245	-0.15000000000001124	0.19999999999997708
0.35000000000003245	-0.15000000000001196	0.19999999999997678
0.3500000000000324	-0.1500000000000119	0.1999999999999769
0.35000000000003206	-0.1500000000000123	0.19999999999997695
0.3500000000000318	-0.15000000000001257	0.199999999999977
0.3500000000000317	-0.15000000000001296	0.1999999999999775
0.35000000000003156	-0.15000000000001323	0.1999999999999777
0.3500000000000318	-0.15000000000001346	0.1999999999999781
0.3500000000000319	-0.15000000000001346	0.1999999999999782
0.3500000000000323	-0.15000000000001362	0.1999999999999789
0.35000000000003245	-0.15000000000001346	0.19999999999997928
0.35000000000003256	-0.15000000000001312	0.19999999999997978
0.35000000000003223	-0.15000000000001268	0.19999999999998036
0.3500000000000317	-0.1500000000000119	0.19999999999998053
0.3500000000000302	-0.1500000000000118	0.1999999999999808
0.3500000000000296	-0.15000000000001124	0.19999999999998083
0.35000000000002846	-0.15000000000001074	0.19999999999998114
0.35000000000002746	-0.15000000000001057	0.19999999999998117
0.35000000000002673	-0.15000000000000985	0.19999999999998125
0.35000000000002596	-0.15000000000000913	0.19999999999998158
0.35000000000002474	-0.15000000000000885	0.19999999999998175
0.35000000000002374	-0.15000000000000846	0.19999999999998214
0.35000000000002296	-0.15000000000000807	0.19999999999998236
0.3500000000000224	-0.15000000000000735	0.19999999999998266
0.3500000000000219	-0.1500000000000069	0.1999999999999829
0.35000000000002085	-0.15000000000000607	0.19999999999998327
0.3500000000000202	-0.15000000000000574	0.1999999999999839
0.3500000000000197	-0.15000000000000518	0.19999999999998425
0.35000000000001985	-0.15000000000000469	0.19999999999998463
0.3500000000000205	-0.15000000000000535	0.19999999999998447
0.3500000000000203	-0.1500000000000054	0.19999999999998436
0.35000000000002	-0.15000000000000568	0.1999999999999843
0.3500000000000195	-0.1500000000000058	0.19999999999998427
0.3500000000000203	-0.1500000000000069	0.19999999999998425
0.3500000000000202	-0.15000000000000602	0.1999999999999845
0.3500000000000202	-0.15000000000000613	0.19999999999998455
0.3500000000000202	-0.1500000000000064	0.19999999999998458
0.3500000000000183	-0.15000000000000735	0.1999999999999845
0.3500000000000202	-0.1500000000000064	0.1999999999999849
0.35000000000002046	-0.15000000000000607	0.19999999999998505
0.3500000000000207	-0.15000000000000546	0.19999999999998547
0.35000000000002085	-0.15000000000000613	0.1999999999999857
0.3500000000000208	-0.15000000000000618	0.19999999999998574
0.35000000000002063	-0.15000000000000674	0.1999999999999858
0.35000000000002085	-0.15000000000000657	0.19999999999998624
0.35000000000002124	-0.15000000000000624	0.19999999999998647
0.3500000000000211	-0.15000000000000535	0.19999999999998685
0.3500000000000205	-0.15000000000000402	0.19999999999998758
0.3500000000000209	-0.1500000000000043	0.1999999999999877
0.35000000000002035	-0.15000000000000396	0.19999999999998788
0.3500000000000197	-0.15000000000000352	0.19999999999998824
0.35000000000001924	-0.15000000000000324	0.19999999999998866
0.3500000000000196	-0.15000000000000324	0.1999999999999892
0.35000000000001913	-0.15000000000000285	0.19999999999998955
0.3500000000000188	-0.15000000000000285	0.19999999999998977
0.350000000000018	-0.1500000000000022	0.1999999999999903
0.3500000000000177	-0.15000000000000135	0.19999999999999085
0.35000000000001735	-0.1500000000000009	0.19999999999999107
0.35000000000001685	-0.15000000000000013	0.19999999999999185
0.35000000000001597	-0.14999999999999958	0.19999999999999174
0.3500000000000151	-0.1499999999999989	0.19999999999999185
0.3500000000000145	-0.1499999999999993	0.19999999999999155
0.35000000000001363	-0.14999999999999858	0.19999999999999174
0.35000000000001286	-0.14999999999999797	0.19999999999999166
0.3500000000000127	-0.1499999999999979	0.1999999999999917
0.3500000000000119	-0.1499999999999972	0.19999999999999182
0.3500000000000108	-0.14999999999999636	0.19999999999999177
0.35000000000000997	-0.14999999999999547	0.1999999999999919
0.3500000000000101	-0.14999999999999508	0.19999999999999188
0.35000000000000925	-0.1499999999999938	0.19999999999999216
0.35000000000000864	-0.14999999999999364	0.1999999999999922
0.3500000000000072	-0.14999999999999347	0.19999999999999218
0.3500000000000061	-0.1499999999999932	0.19999999999999224
0.35000000000000514	-0.14999999999999208	0.19999999999999246
0.3500000000000046	-0.14999999999999114	0.19999999999999282
0.3500000000000039	-0.14999999999999047	0.19999999999999304
0.3500000000000032	-0.14999999999998964	0.19999999999999307
0.3500000000000024	-0.1499999999999883	0.1999999999999933
0.3500000000000017	-0.1499999999999876	0.19999999999999346
0.35000000000000103	-0.1499999999999866	0.19999999999999363
0.3500000000000006	-0.14999999999998553	0.19999999999999385
0.35000000000000014	-0.14999999999998442	0.19999999999999404
0.3499999999999992	-0.14999999999998292	0.19999999999999463
0.34999999999999876	-0.1499999999999826	0.19999999999999457
0.3499999999999982	-0.1499999999999822	0.199999999999995
0.34999999999999737	-0.14999999999998226	0.19999999999999488
0.3499999999999974	-0.1499999999999828	0.1999999999999949
0.34999999999999765	-0.1499999999999838	0.19999999999999438
0.34999999999999815	-0.14999999999998453	0.19999999999999396
0.34999999999999865	-0.1499999999999848	0.19999999999999357
0.34999999999999964	-0.14999999999998498	0.19999999999999357
0.3500000000000002	-0.1499999999999851	0.19999999999999335
0.3500000000000004	-0.1499999999999852	0.1999999999999932
0.35000000000000075	-0.14999999999998503	0.19999999999999277
0.35000000000000075	-0.1499999999999848	0.19999999999999257
0.35000000000000175	-0.14999999999998503	0.1999999999999923
0.3500000000000021	-0.14999999999998498	0.19999999999999196
0.3500000000000021	-0.14999999999998487	0.19999999999999185
0.3500000000000024	-0.14999999999998487	0.1999999999999916
0.3500000000000028	-0.1499999999999863	0.1999999999999913
0.3500000000000026	-0.14999999999998676	0.19999999999999082
0.35000000000000187	-0.14999999999998803	0.19999999999999069
0.3500000000000026	-0.1499999999999882	0.19999999999999016
0.35000000000000303	-0.14999999999998925	0.19999999999999
0.3500000000000029	-0.14999999999998986	0.1999999999999897
0.3500000000000025	-0.1499999999999908	0.19999999999998933
0.3500000000000027	-0.14999999999999158	0.19999999999998896
0.3500000000000034	-0.14999999999999253	0.19999999999998855
0.3500000000000041	-0.1499999999999928	0.1999999999999884
0.3500000000000034	-0.1499999999999932	0.1999999999999881
0.350000000000003	-0.14999999999999353	0.19999999999998774
0.3500000000000037	-0.14999999999999375	0.19999999999998763
0.35000000000000475	-0.14999999999999375	0.19999999999998744
0.35000000000000475	-0.14999999999999408	0.1999999999999872
0.35000000000000464	-0.14999999999999392	0.1999999999999872
0.3500000000000046	-0.14999999999999325	0.19999999999998702
0.3500000000000048	-0.14999999999999286	0.19999999999998716
0.3500000000000047	-0.14999999999999275	0.19999999999998697
0.35000000000000453	-0.14999999999999308	0.1999999999999868
0.35000000000000486	-0.14999999999999364	0.1999999999999864
0.3500000000000052	-0.14999999999999403	0.19999999999998633
0.35000000000000503	-0.1499999999999942	0.19999999999998647
0.3500000000000047	-0.1499999999999947	0.1999999999999863
0.3500000000000045	-0.14999999999999475	0.19999999999998597
0.35000000000000503	-0.1499999999999957	0.19999999999998574
0.35000000000000475	-0.14999999999999608	0.19999999999998536
0.3500000000000045	-0.1499999999999962	0.19999999999998536
0.3500000000000048	-0.14999999999999675	0.19999999999998525
0.35000000000000436	-0.14999999999999714	0.19999999999998497
0.35000000000000436	-0.14999999999999708	0.1999999999999851
0.3500000000000043	-0.14999999999999686	0.1999999999999853
0.3500000000000042	-0.14999999999999736	0.19999999999998525
0.350000000000004	-0.14999999999999747	0.19999999999998533
0.3500000000000035	-0.1499999999999974	0.1999999999999854
0.350000000000003	-0.14999999999999686	0.19999999999998552
0.3500000000000021	-0.14999999999999647	0.1999999999999857
0.3500000000000019	-0.14999999999999603	0.1999999999999864
0.35000000000000236	-0.14999999999999641	0.1999999999999865
0.3500000000000027	-0.14999999999999653	0.19999999999998702
0.3500000000000029	-0.14999999999999697	0.19999999999998755
0.3500000000000035	-0.14999999999999714	0.1999999999999879
0.35000000000000403	-0.14999999999999752	0.1999999999999883
0.35000000000000453	-0.14999999999999797	0.19999999999998844
0.3500000000000048	-0.14999999999999886	0.19999999999998877
0.3500000000000048	-0.15000000000000024	0.19999999999998908
0.3500000000000051	-0.15000000000000163	0.19999999999998935
0.3500000000000052	-0.15000000000000235	0.19999999999998963
0.35000000000000553	-0.15000000000000302	0.1999999999999898
0.3500000000000063	-0.15000000000000374	0.19999999999999044
0.3500000000000065	-0.15000000000000496	0.19999999999999063
0.3500000000000066	-0.15000000000000635	0.19999999999999105
0.3500000000000072	-0.15000000000000685	0.19999999999999146
0.3500000000000074	-0.15000000000000757	0.19999999999999166
0.3500000000000075	-0.15000000000000868	0.19999999999999213
0.350000000000008	-0.15000000000000935	0.1999999999999924
0.3500000000000085	-0.15000000000001046	0.19999999999999277
0.35000000000000886	-0.15000000000001135	0.19999999999999316
0.35000000000000925	-0.15000000000001146	0.19999999999999357
0.3500000000000095	-0.15000000000001185	0.1999999999999937
0.3500000000000096	-0.15000000000001235	0.19999999999999404
0.35000000000000975	-0.150000000000013	0.19999999999999457
0.35000000000001	-0.15000000000001362	0.1999999999999949
0.3500000000000106	-0.15000000000001407	0.19999999999999532
0.35000000000001086	-0.15000000000001418	0.19999999999999574
0.35000000000001064	-0.1500000000000138	0.19999999999999626
0.3500000000000104	-0.15000000000001396	0.1999999999999963
0.35000000000001036	-0.15000000000001412	0.19999999999999618
0.35000000000001036	-0.15000000000001412	0.19999999999999618
0.35000000000001036	-0.15000000000001412	0.19999999999999618
0.35000000000001036	-0.15000000000001412	0.19999999999999618
0.35000000000001036	-0.15000000000001412	0.19999999999999618
0.3500000000000107	-0.150000000000013	0.19999999999999626
0.35000000000001086	-0.1500000000000124	0.19999999999999624
0.3500000000000108	-0.15000000000001262	0.19999999999999626
0.3500000000000111	-0.1500000000000119	0.1999999999999964
0.35000000000001147	-0.1500000000000108	0.1999999999999964
0.35000000000001147	-0.15000000000001046	0.19999999999999632
0.35000000685310506	-0.1500117025196981	0.1999941494714082
0.3500000322593205	-0.15006458967078595	0.1999677139038344
0.3500000639848903	-0.1501465977587949	0.1999267284693121
0.35000012177888074	-0.1503241989604024	0.19983797593270203
0.3500001285764504	-0.15046369172172547	0.19976829854568007
0.35000014494476983	-0.15063163140921787	0.1996844033692109
0.35000014171743166	-0.15080969830821778	0.19959546410575146
0.35000009505483853	-0.151095221120725	0.19945288367587793
0.35000003993687373	-0.15130739723492198	0.19934694305116962
0.3499999792089148	-0.15144676063345552	0.19927737600115192
0.3499997236352382	-0.1519070960321427	0.1990476197615758
0.3499996538775623	-0.15213714639327308	0.19893275016729808
0.34999952638978216	-0.1523707528927229	0.19881614319491903
0.3499994783145312	-0.15265028825582383	0.1986765285947668
0.3499994245194899	-0.15289537009371545	0.19855412571797237
0.3499993217456893	-0.1532246935561402	0.1983896639801974
0.3499992275715039	-0.15351206866272515	0.19824614656161038
0.34999918999540053	-0.15373594256737183	0.198134313011813
0.3499991618404194	-0.1539599767327815	0.19802238800757546
0.34999906721640767	-0.15426045389789056	0.19787229928601704
0.3499990477087368	-0.15442422274172146	0.19779047047028453
0.3499990349702668	-0.1546021471475914	0.19770155731435393
0.3499990545019344	-0.15480434002635113	0.19760048645222317
0.34999906879117654	-0.15486980855615695	0.197567752270522
0.3499990868439366	-0.15498699649885278	0.19750915295443272
0.34999910393727973	-0.1550656253346659	0.19746982095578036
0.34999912147018564	-0.15510510073267736	0.1974500456477193
0.34999911749192053	-0.15508649500335675	0.19745932417058945
0.3499990953750761	-0.15504345816740728	0.19748082829352703
0.34999903510575575	-0.15495873970031893	0.19752318968458651
0.3499988493983806	-0.1547583176495237	0.19762345431807787
0.34999863461504105	-0.15456984678084806	0.19771777929002632
0.34999845489821835	-0.1544264026327743	0.1977895827751835
0.34999780729953095	-0.15393220031392502	0.19803697590213842
0.34999714895603756	-0.15352047472350172	0.19824318125580329
0.34999667722675665	-0.1532677835691068	0.19836979308210892
0.3499955910764887	-0.15264710766939654	0.1986807093792573
0.3499949569691774	-0.1523249955114891	0.1988421215293012
0.34999214256774475	-0.1511828889678733	0.1994148991504074
0.34999073106677553	-0.15067575322472565	0.19966935991425677
0.34998915440806866	-0.150058523250936	0.19997894009351525
0.34998419246418855	-0.14861236749607082	0.20070376507853221
0.349983067196819	-0.14778860003889305	0.20111691404182558
0.34998480216102434	-0.14649683813274816	0.2017694513836525
0.3499893283110558	-0.14540206827292096	0.2023264946032194
0.34999872325034714	-0.1442468929837627	0.20292166124150213
0.3500209213509041	-0.14231952301572953	0.20392540399307968
0.3500471623489858	-0.14094352413584155	0.20465648015146992
0.35007875328199106	-0.1395568271886441	0.20540017196223634
0.3500908840596613	-0.1386255497732587	0.20589052390104248
0.3501672452653113	-0.1358017969927246	0.2074176407692801
0.3502221171034216	-0.13407952816297775	0.20836447698274174
0.35028185464257794	-0.1324540050449154	0.2092742008071214
0.3503660937138514	-0.13055753937244996	0.21034273316022065
0.3504347363613425	-0.12875445366699623	0.21133591436268576
0.35056674703015733	-0.12611113000831337	0.21285700708433553
0.3506022845196434	-0.12512077027449614	0.2134021408096768
0.35070606361563095	-0.12313668438386512	0.21455648004175978
0.350855527754067	-0.12043677776774935	0.21611710825322825
0.35100425642172955	-0.11769011635595684	0.21768361036539852
0.35110860417391027	-0.11548764306100286	0.21893627714581462
0.3512340540552149	-0.11347152926746971	0.22012990856909026
0.35132919245088945	-0.11141774970098815	0.22128879581085564
0.35144091837098335	-0.1094616568145544	0.22244172537915374
0.35162631557462803	-0.10633452179080931	0.22427450976319233
0.3516922254767095	-0.10516911628696911	0.2249579503712116
0.3518049882811106	-0.10317689833923345	0.22609443610725843
0.3519469382680698	-0.10066239441957979	0.22756861168627118
0.35213807661338925	-0.09715132536895961	0.22959739775590765
0.35218839698629817	-0.09597524499235734	0.23025785186556053
0.352305509206222	-0.09302434517603782	0.23194827782710598
0.35235375701480953	-0.09167900489674281	0.2326996189151117
0.35239544090427055	-0.08979608942204685	0.2337195389193669
0.35244921908014654	-0.08620069340666474	0.2356995744010647
0.3524584644190368	-0.08498514572666675	0.23635391946882417
0.3524842091430206	-0.08309049461759409	0.23738270327225675
0.3525044941449919	-0.07953900802889531	0.23927748622715778
0.3525105248112265	-0.0777461978252121	0.2402412866310107
0.3525087239833404	-0.07668980634772819	0.2407908656190937
0.35250922511228955	-0.07413359677189756	0.24212209609223187
0.3524982918174803	-0.07143970305602314	0.24351643382740296
0.3524938079201048	-0.07054909819955436	0.24398468897631373
0.35247665904451503	-0.06829531702150553	0.2451389846232863
0.3524549314067015	-0.06599020222319747	0.2463200673410587
0.35243669550577733	-0.06442112454015196	0.24711293089340172
0.35241584643556206	-0.06291651175864173	0.2478745100391505
0.352395214554933	-0.061526430730211926	0.2485695455645514
0.3523838339352206	-0.06082997673521971	0.2489147496559752
0.35235078680236726	-0.058995468689330935	0.24981495344582172
0.35231926888403875	-0.05743544825338644	0.25056881141154236
0.3522957631576666	-0.056371907285640996	0.2510795748078193
0.3522741347903748	-0.055467269277284695	0.25151037197624243
0.35225081800858216	-0.05457566297062337	0.2519301176926714
0.35221834459222207	-0.05347524802609184	0.252436002583986
0.35220638328043585	-0.05311382550965875	0.2526001307850032
0.3521834912840679	-0.05247632870963821	0.25288658819701215
0.3521451700616613	-0.05164499653110481	0.2532401950748763
0.35212447386573714	-0.051318553347109566	0.25336717405545695
0.35210508824814146	-0.05110385099810759	0.25343948750472123
0.3520864481380501	-0.050997638448270696	0.25345737664381585
0.35206758528628296	-0.05097903538825675	0.2534299969402328
0.35204326315058043	-0.05096836001747894	0.2533881559507326
0.35203277708894576	-0.05096369118087744	0.2533702131760145
0.3520055310698229	-0.050951423598422654	0.2533237769563661
0.3519880306737948	-0.050943409548021776	0.25329421675070407
0.3519651514267701	-0.05093285578391167	0.25325568842103036
0.35194481138081746	-0.05092341417574177	0.25322148703292
0.35193549735321317	-0.05091906390671093	0.2532058885620009
0.3519185268011236	-0.0509111135955425	0.25317751719163495
0.35188721863749006	-0.05089639936557015	0.25312520896365853
0.35187514049448787	-0.05089070350883941	0.2531050725117501
0.35185120369865164	-0.050879393085782224	0.2530652054064756
0.3518334153316775	-0.050870976111166324	0.2530355890507693
0.35180926976989657	-0.05085953080611001	0.2529954447111577
0.3517933039721682	-0.05085195766754162	0.25296889699018127
0.3517782513416512	-0.05084481016777355	0.2529439004681271
0.35175338406780216	-0.05083299657370462	0.252902602484426
0.35173867458897573	-0.0508260044616045	0.25287819428998937
0.35172198774451413	-0.050818070271385754	0.2528505038211779
0.35171163777907255	-0.05081314808233371	0.25283333094997124
0.3516836713916304	-0.050799844701705774	0.252786939057253
0.35167488503722366	-0.05079566413889337	0.25277236356241195
0.35166011740095904	-0.05078863691492998	0.252747867720459
0.35163228871017604	-0.05077539254332418	0.25270171494625704
0.3516211823155108	-0.050770106789899724	0.2526833005826642
0.35160303871536785	-0.050761471044953474	0.25265321912627137
0.3515901994879673	-0.05075535965947971	0.2526319331337937
0.35156839925221683	-0.050744981746932885	0.2525957909590487
0.3515529055472342	-0.05073760684165497	0.25257010891166787
0.35153924416193216	-0.05073110413942798	0.2525474655331251
0.3515250804282744	-0.05072436200230747	0.2525239897343039
0.35150984308564265	-0.05071710915867102	0.2524987362493968
0.35149653850674684	-0.050710775618993106	0.2524766855500033
0.3514815737962627	-0.050703652247811024	0.2524518849725702
0.35146323748036506	-0.05069492449149056	0.25242149877710174
0.35145034152099547	-0.05068878564600397	0.2524001279352672
0.351431228996641	-0.05067968835536453	0.25236845715164086
0.3514186050139333	-0.050673678897232774	0.252347538277645
0.3514100681783666	-0.05066961535063415	0.2523333926417489
0.3513920575001604	-0.050661043448831336	0.25230355064645804
0.35137454916698707	-0.050652710495377826	0.2522745416539136
0.35136216961710737	-0.0506468188640989	0.25225403107283795
0.3513545306265766	-0.05064318350126	0.2522413749884803
0.35133668043494765	-0.05063468845224332	0.2522118016652206
0.3513291790304403	-0.05063111857267551	0.25219937399527576
0.35131166712015427	-0.050622785086158625	0.25217036246972324
0.3512954329037558	-0.05061506008757925	0.2521434684456396
0.3512840430192643	-0.05060964069997788	0.25212460017660576
0.3512727371295826	-0.050604260906085705	0.2521058712551165
0.35125594470508587	-0.050595540400545855	0.2520780533156418
0.3512437825663653	-0.05054975600770227	0.2520578690548247
0.3512315877135666	-0.050461551983980626	0.2520376150228414
0.3512111578780138	-0.05016978104005172	0.2520037235331673
0.35119588908073623	-0.04988902141084921	0.2519784814306723
0.3511811956637988	-0.049580710446799	0.25195444882899176
0.35116433908869	-0.049186045766774086	0.25192700181921956
0.3511472523970286	-0.048740098410986324	0.25189941570508345
0.3511170080886405	-0.04788285360207155	0.2518511854887713
0.35109702014856675	-0.0472618559044478	0.25181945270799283
0.35107368628905	-0.046499974271185254	0.25178236083739436
0.3510522092224504	-0.045779947653437555	0.25174931911706677
0.3510291249217635	-0.04497005112657736	0.25171350615462634
0.3510052686363469	-0.04410665765930803	0.2516769232950057
0.3509820006479781	-0.04324213115120225	0.25164112132097805
0.35094791898721645	-0.04192187112028574	0.25158793228389
0.3509217009646399	-0.04090116987713473	0.2515492406935038
0.35089720750694825	-0.03994731956720517	0.251514626498496
0.35086937959664694	-0.03881535439120569	0.2514729924526924
0.35084332012740255	-0.03774408424839214	0.2514345870774074
0.3508071457981755	-0.03623523696145532	0.2513815916452
0.3507762883844529	-0.03492306546292921	0.2513362863241695
0.35074896886805584	-0.03375991545656813	0.251297497970538
0.35072272905819435	-0.032630178966554305	0.25126016320937694
0.35069493632814425	-0.031440538607625204	0.251222293385145
0.35066815529372797	-0.030273204077751456	0.2511849454125519
0.35063886979699094	-0.028991965225299274	0.25114478824585906
0.3506001551600887	-0.027264243700147336	0.25109031967561474
0.35057437439997347	-0.02612230325472166	0.2510556650994689
0.35054417597579834	-0.02475450129214861	0.25101344199382847
0.35050446172319627	-0.022942293132423644	0.2509581420992023
0.35047935726280277	-0.021787960090059164	0.25092321155379993
0.35045165688502244	-0.02047079124052846	0.2508817697252209
0.3504275366167525	-0.019322414427314485	0.2508460674312344
0.35038811790483043	-0.017473219608812554	0.2507909291310857
0.350362517096556	-0.016235546044437513	0.25075281558208706
0.3503378411444212	-0.015060702839051934	0.2507180693024401
0.3503146160912399	-0.01395112991480639	0.2506854587694205
0.35027866686223086	-0.012233224169486759	0.25063560786648353
0.35025575899841227	-0.011113146558977258	0.2506023215056322
0.35023846521425245	-0.01026070141959011	0.2505768462319058
0.3502103151116838	-0.008882153387784822	0.25053653031501616
0.35018652346802104	-0.007688578646574004	0.25050063076573875
0.35015591896874926	-0.006160008454220087	0.2504555242065475
0.35013550151266487	-0.005132583324279474	0.2504251694294465
0.3501173888600389	-0.004190761732364615	0.2503961242016344
0.3500906858699617	-0.0028303998027684046	0.25035594593850474
0.3500806436427754	-0.002314762692027586	0.2503406360939424
0.3500573307501525	-0.0011082837301666787	0.2503046910386779
0.3500414124820966	-0.00026494537539110963	0.25027887113294195
0.35002518839460667	0.0005968266745738499	0.2502525923384802
0.35001205232087235	0.0013036165593740962	0.25023079241226026
0.349998507061061	0.002038089179985117	0.2502080757515902
0.3499858365199155	0.0027318118340210334	0.25018649073209664
0.3499720541141241	0.003495440282110421	0.25016255926604025
0.3499644942943079	0.003927037845687112	0.2501485900432473
0.34996038783913724	0.0041634089130812985	0.2501409056730182
0.3499530183214315	0.004595999439294271	0.25012658153913914
0.3499473190636807	0.004943782264573829	0.25011467416585476
0.3499450845789421	0.005092158280290179	0.25010919974625506
0.34994414707441146	0.005171004681097505	0.2501057718556633
0.34994418261281857	0.0051831191592515286	0.25010486453653324
0.34994490605904266	0.005180823498723161	0.25010348608382243
0.34994561414867525	0.00517848883042267	0.2501021437262248
0.34994609102268887	0.0051769156819013035	0.2501012385679866
0.3499465850571479	0.005175286894433376	0.2501003020925181
0.3499472925269817	0.0051729562007505475	0.2500989633216909
0.3499477840906006	0.005171337178201216	0.2500980336097266
0.34994831016755695	0.005169603575766499	0.250097037432734
0.34994855785977574	0.005168788183120235	0.25009656948933656
0.3499492330745448	0.005166565607407539	0.25009529412053133
0.349949698837144	0.0051650321904212065	0.25009441399991406
0.34995037876780527	0.00516279549922917	0.2500931315217388
0.34995079418685493	0.0051614291886795255	0.25009234827875815
0.34995110827335035	0.005160396402019388	0.25009175639850423
0.3499516927881475	0.005158473324636856	0.25009065355222504
0.3499521161264781	0.005157081857227755	0.25008985650526655
0.34995270767393366	0.005155136248214884	0.25008874116393687
0.34995314181350884	0.005153708587895975	0.25008792290136744
0.3499535716337311	0.0051522957044132095	0.25008711350492807
0.34995422123464176	0.005150160176780147	0.25008588999514025
0.349954529808522	0.005149145772834415	0.2500853088231715
0.3499550911178009	0.005147301277164909	0.2500842525820115
0.34995534283337265	0.005146473810277927	0.2500837785251022
0.34995591240215046	0.005144602009805474	0.25008270653437925
0.3499561588926661	0.005143792327721733	0.2500822430724631
0.3499569257679466	0.005141272739061856	0.25008080050768083
0.3499573051378753	0.005140025853231381	0.25008008631530404
0.34995769733451165	0.005138737418549408	0.2500793487224867
0.34995805228169263	0.0051375714485908525	0.25007868129806865
0.34995860370752074	0.005135760388187208	0.25007764481820255
0.349958839699732	0.005135514318521842	0.250077200813521
0.3499596103817505	0.005168241462307641	0.2500757427730492
0.34996031613377154	0.005216452223821819	0.25007440418612137
0.3499616626186637	0.005331538415533368	0.2500718423017101
0.34996270038892285	0.005429765564506209	0.25006987057130026
0.3499638282831096	0.0055422814048426555	0.2500677291047734
0.3499651101299928	0.0056762356980783885	0.250065295467718
0.34996706652656584	0.005889882903318419	0.2500615764029535
0.349968584748849	0.006061462151008459	0.2500586874599308
0.3499700856510818	0.0062350026036051415	0.25005583672890264
0.3499709212213519	0.006332842630372523	0.25005425035794865
0.3499740527297844	0.006706166365960151	0.2500482957034477
0.34997562248187714	0.006896673977550741	0.2500453112674397
0.34997735194599605	0.007109920608410716	0.25004203013957216
0.3499789471497957	0.007307762868961412	0.2500389996911617
0.34998084520124384	0.007545417346416006	0.2500353955142224
0.34998311438738117	0.007830977603932712	0.2500310801152007
0.3499847581951442	0.008038542948645061	0.25002795070108397
0.3499868034712213	0.008298092749012012	0.25002405599578814
0.34998884586255946	0.008558580062916432	0.25002016628733953
0.34999033375519395	0.008748957103486513	0.2500173321999521
0.3499917496327419	0.00893246931573427	0.2500146453034916
0.349993741326613	0.009187944458880534	0.2500108477732351
0.3499950636173571	0.0093594956402719	0.2500083361633142
0.3499961674801254	0.00950220422201549	0.25000623615412265
0.34999729595305223	0.009648032316234248	0.25000408932252527
0.3499981874521874	0.00976291294635595	0.2500023921297617
0.3499992371852515	0.009898193361198585	0.25000039668116625
0.3499997319957855	0.009961517148248986	0.24999945500943854
0.3500000557702761	0.010003004035508287	0.2499988426893505
0.35000022906509776	0.010025191704899253	0.24999852022368207
0.35000023462942575	0.010025947753942471	0.2499985195358948
0.3500002324330622	0.010025719970766345	0.2499985322898742
0.3500002292677565	0.010025390910248483	0.2499985507180763
0.35000022724864394	0.010025177756675108	0.24999856278179958
0.3500002247509111	0.01002491589898305	0.24999857755014523
0.35000022155660104	0.010024578023446556	0.24999859671900676
0.3500002192196553	0.010024332113753615	0.24999861063379353
0.3500002172717483	0.010024127320770543	0.24999862221883823
0.3500002152668961	0.01002391493168936	0.24999863428852132
0.3500002140134579	0.010023780982568689	0.24999864193927324
0.3500002111458154	0.010023476909614498	0.2499986592307873
0.35000020785430214	0.010023127268382392	0.24999867913365603
0.35000020596676396	0.010022926315873357	0.24999869058653756
0.3500002038951652	0.010022705902428819	0.24999870314331474
0.3500002027033933	0.010022578462084694	0.24999871042322522
0.35000019993825293	0.010022281240651881	0.24999872744826385
0.3500001973544877	0.010022004798592138	0.2499987432400578
0.3500001952282342	0.010021776194231904	0.24999875633165697
0.3500001934425868	0.01002158431664879	0.2499987673150414
0.35000019223264806	0.010021454375713224	0.24999877474988538
0.3500001897753667	0.010021188874202239	0.2499987899880143
0.3500001879747434	0.010020994022663127	0.24999880117832327
0.3500001868084571	0.010020867853221982	0.24999880842199948
0.35000018395522214	0.010020559519570704	0.24999882611076257
0.35000018167806884	0.010020312935319381	0.24999884026874922
0.3500001806270444	0.010020198927779084	0.24999884681944476
0.3500001783107824	0.010019947087569273	0.2499988613047817
0.3500001759127759	0.010019686210627751	0.24999887631060896
0.3500001748966334	0.010019575699733399	0.24999888266509962
0.3500001725906819	0.010019325140517843	0.24999889706332992
0.3500001613397737	0.009973495883950925	0.249998944768053
0.3500000763672976	0.009750517394938374	0.249999219323136
0.3499999323224622	0.009463099454099066	0.24999964462906255
0.3499998036201218	0.009267472242088973	0.24999999941891282
0.34999935751145433	0.008706245022330195	0.25000118497703194
0.34999858231774994	0.00793646821353157	0.25000316693214475
0.34999799349159466	0.007447282406656569	0.25000464009222684
0.34999687842153326	0.0064479893236204094	0.2500074604936485
0.3499962977024715	0.005937281710657841	0.25000892893632953
0.3499939357526064	0.004318551631825249	0.2500147539231574
0.34999268061611066	0.0037507660393243797	0.25001775864458897
0.3499896237134674	0.002114025331653571	0.25002517890107673
0.34998701701305834	0.0008981161834559076	0.2500314741586086
0.34998514341966963	-0.00029457807067671815	0.250036103215005
0.34998241924990414	-0.0015431213490123968	0.25004272255325266
0.3499783829476458	-0.0035337216107438757	0.25005259546303693
0.3499749265385748	-0.005062360562396492	0.2500610466116845
0.3499709319268754	-0.006714525817852993	0.25007082792363
0.34996876016323814	-0.007529844476184391	0.25007614062772965
0.3499640816124194	-0.009801291784800534	0.250087728293216
0.34996218774300575	-0.010679384035946496	0.2500924367640499
0.3499566218358609	-0.01315404860286988	0.2501063069834368
0.34995105269345006	-0.014929523547886361	0.2501201534861687
0.3499465884402239	-0.016594041055546918	0.2501313167233234
0.3499382817104204	-0.019936647409851557	0.2501523184308778
0.3499353461796455	-0.021122725168275916	0.25015977731934824
0.34992751671789973	-0.02376693649828031	0.2501797300292375
0.3499232841279264	-0.025683147530267417	0.2501906213663956
0.3499185633346522	-0.02762550012441488	0.25020282522815296
0.34991345883867514	-0.02987056529114855	0.25021608054662703
0.3499088705338391	-0.031776361176836035	0.2502280747965918
0.3499010925593829	-0.03462840503290156	0.25024852532027086
0.34989401814806975	-0.03770692013865086	0.25026726982183334
0.34988695012242965	-0.0398751808987811	0.25028616052929026
0.3498806278925743	-0.04196216593046985	0.25030315178704343
0.34987858599120386	-0.04310638776152877	0.25030861116325376
0.3498687068617069	-0.047131754698292935	0.25033543577616213
0.3498653503429358	-0.048384220054223284	0.25034462088964454
0.34985832591887334	-0.051474914137331004	0.25036384411532364
0.34985255876595867	-0.053702428141473316	0.2503798388615569
0.34984432512024244	-0.05699163239626555	0.2504027765086611
0.3498402494292716	-0.058443302125517	0.25041423627225273
0.3498366882342211	-0.06056404558738142	0.25042412722573554
0.3498307543003343	-0.06363770350529131	0.2504407900450467
0.3498260257590616	-0.0658356546301997	0.2504542226846229
0.3498212104244781	-0.06868208807041602	0.2504677898943735
0.34981581695429487	-0.07094551973363734	0.25048336159746953
0.34980859663601954	-0.0739346309621318	0.25050430709579935
0.34980605927977754	-0.07513676021069494	0.25051166413116
0.34979907741396205	-0.07815824105686985	0.2505321067879599
0.34979509013993654	-0.08023035336788624	0.2505437392810721
0.3497907579564109	-0.08306257827386064	0.25055630075010593
0.34978874244345315	-0.08428378453436776	0.25056220398400814
0.3497839091738126	-0.08694985120978597	0.2505765085787264
0.349782100912556	-0.08879142802341651	0.25058161477260976
0.34977814988567163	-0.09126046617843826	0.25059336749544303
0.3497754586763076	-0.09263142807352796	0.2506015140211383
0.34977382249612293	-0.09435974232637988	0.2506062065273834
0.3497711017452129	-0.09680427627754647	0.2506142489940061
0.34976748770845767	-0.09938424528721339	0.2506252445557143
0.349766862739269	-0.10051618626132373	0.25062698146461615
0.34981728375920274	-0.1019298733911408	0.25059305114314867
0.3502242907914364	-0.1043243681511249	0.25029934301943846
0.35110307259683005	-0.10692809048603895	0.2496615943921709
0.35152527231489245	-0.10788186071208584	0.24935611836941504
0.3527916540842251	-0.11031091613574202	0.2484397744649711
0.35342736673246655	-0.11135201196889642	0.2479812827168819
0.3559487477061257	-0.11487235245436349	0.24613983793067756
0.35766840508779874	-0.1169741324762991	0.24489384235316583
0.3593345190993373	-0.11884694304228492	0.24368219516214057
0.36063375445329926	-0.12022726683550626	0.242735943157918
0.3633469043138288	-0.1229269197323891	0.24074585777461147
0.3655577152682826	-0.12496803609232744	0.23910419834202176
0.36798155413778827	-0.1271266359379234	0.2373171946630579
0.3703188693732332	-0.1291188683920942	0.23559105484252044
0.37390713085620453	-0.13204165366927867	0.2329233649312449
0.37773853449139605	-0.13501023529261158	0.23010192263390658
0.3804529314403221	-0.13703399356878493	0.22809051849098702
0.38353086249586815	-0.13926244698872875	0.22579615410208162
0.38549634463772436	-0.1406636771131436	0.22434327082717917
0.3908344578114421	-0.1443240022405703	0.2202860566330541
0.39328737551339743	-0.14596982645872436	0.21843929520505498
0.39740221532470393	-0.14870520802513876	0.21534302629675806
0.4007383588207651	-0.1508541409059439	0.21281916495708625
0.40411938394590957	-0.1529934985085884	0.21024068194909074
0.40785801888619305	-0.15530460381665723	0.20738580447619573
0.41286454860367283	-0.15835511778374456	0.20356153716796074
0.4160521169601793	-0.16024011564780732	0.2010276798497706
0.41960550551816633	-0.1623112668410146	0.19826762115111085
0.4246455900869868	-0.16520511113426056	0.19426491054573986
0.42840025377099483	-0.16732455104224575	0.19126135499752012
0.43179712169744655	-0.16920676522926115	0.18850696476713916
0.4351741910832082	-0.17105223740675696	0.18571424230413378
0.43745982187490673	-0.17229728839670755	0.183802785121447
0.4424994675926127	-0.17502486308435777	0.17964112988623837
0.4469977814918169	-0.17741240046153228	0.1758016336513893
0.45010910705159335	-0.17904683378239578	0.17311170333336479
0.453321355382505	-0.18071610034657692	0.17028376041998639
0.4582700460936295	-0.18325592141042396	0.16597634303689707
0.461495492493941	-0.18488451940058775	0.16301963428285776
0.46468356397280736	-0.18648364302909665	0.1600984237630158
0.4676614439273524	-0.18796651380854018	0.15731612751418883
0.4724445180553298	-0.19031692530253247	0.15263566778493276
0.47506146675011185	-0.19159506019971667	0.15001484056573866
0.47773968060560124	-0.19289295947870722	0.14729873048898345
0.47972722366147036	-0.19384694671897956	0.1452043963077358
0.48282787450031894	-0.1953168109113918	0.14176177198517603
0.48619359131984047	-0.1969009330060849	0.13790909169611965
0.488327317778563	-0.1978888892683131	0.13527929594543137
0.49037363088658475	-0.19883373559230122	0.1327020305856545
0.4922961053608549	-0.19971322924698243	0.13015885597142218
0.49496462158689974	-0.2009157372229048	0.1263072669688497
0.4965832096654977	-0.20163427379749005	0.12375652270714421
0.4979617871530328	-0.2022372373286604	0.12136559309143291
0.4997652397441723	-0.20301292728919762	0.11787776049444065
0.5007511857648541	-0.20342693753428148	0.11562836994121622
0.501606021553516	-0.20377618569597955	0.11333859360017373
0.5022202420790881	-0.20401862878235794	0.11131572870684281
0.5025239331870608	-0.20413351869874896	0.1100933738804421
0.5029975463750799	-0.20429004236056164	0.1070308865025098
0.5030215048469244	-0.20425090935645968	0.10425613432346936
0.5029737573101195	-0.2041933387781769	0.10226128533713791
0.5029113933863033	-0.20411765118675734	0.09949551212069291
0.5028876407559781	-0.20408905681814166	0.09848258565674545
0.5028254839129841	-0.20401415675050982	0.09577330507871012
0.5027832927740519	-0.2039633688875565	0.09390450456137656
0.5027202102409901	-0.2038868727954844	0.09087001789145727
0.5026791373526963	-0.2038372402025983	0.08886988815778107
0.5026559046896649	-0.2038093469848014	0.08775736878371293
0.5025953934758023	-0.20373723860754323	0.08492949789274573
0.5025579161458802	-0.20369269696351827	0.08312793290605142
0.5024946657539094	-0.20361844819892483	0.0802131471822658
0.5024549906516383	-0.20357229136391475	0.07841424542106279
0.5024244172404031	-0.20353695132874777	0.07704532213003584
0.502372077000391	-0.20347584377531303	0.07448921661193914
0.5023303017765909	-0.20342701525971885	0.07236915979084602
0.5022703934488709	-0.20335796834997794	0.06944372963653045
0.5022266872406388	-0.2033083231490847	0.06739935966511296
0.5021904932531185	-0.20326673907869824	0.06556615912710773
0.5021518176628084	-0.20322274932630152	0.0636605387223611
0.502111221892624	-0.2031769500880653	0.06168604039304881
0.5020902877986779	-0.2031535974791357	0.06070383392522133
0.5020190694499757	-0.20307380886504806	0.0572242432907244
0.5019891906053727	-0.2030392530190956	0.055553736090081796
0.5019560555987843	-0.20300174204756988	0.05381779534312903
0.5019015571368234	-0.2029419634925202	0.051241793977968686
0.5018831644387354	-0.20292100698509635	0.05024383874670535
0.5018387227286147	-0.20287089775178124	0.04789323586509425
0.501819381998405	-0.2028494339420162	0.04691944520320185
0.5017583509438459	-0.20278167038103895	0.043830235434657305
0.5017303414460264	-0.20275047229701715	0.04239299529189311
0.5017091529376398	-0.2027270335287028	0.0413281082363508
0.5016637147442502	-0.2026766445340325	0.03903200244372024
0.5016210259954574	-0.20262917348479575	0.03686869990890074
0.5015907676450806	-0.20259609040274007	0.03541487984365016
0.5015749749489748	-0.20257810675527937	0.03457530030207956
0.5015377325914592	-0.20253524097044856	0.032560715420225206
0.5014945052331169	-0.20248697935402954	0.03042785626623279
0.5014671858044261	-0.20245569445248823	0.02902179011327477
0.5014435305218505	-0.2024281034222024	0.027775596432641714
0.5014264769256062	-0.2024087579036814	0.026943973956051248
0.5013920290161323	-0.20236897076038557	0.02523442590774072
0.5013577305383171	-0.20232774775164075	0.023448195145438055
0.5013319289958391	-0.20229862311248287	0.02230960375507629
0.501309573503475	-0.2022721352387824	0.021255040922762702
0.5012892970063987	-0.2022476262473782	0.020293536994474448
0.5012612155499613	-0.20221307193095583	0.018979233410797103
0.5012504298839213	-0.20219949065512083	0.018475363599024908
0.5012232704861695	-0.20216536326959544	0.017264020000205715
0.5012060029641071	-0.20214326568361396	0.016521747682427423
0.5011884021304518	-0.20212057619346857	0.015797387589001177
0.5011682351048403	-0.20209329856886016	0.014971966489342514
0.5011568675778797	-0.20207650677007005	0.014493620232717164
0.5011413805372863	-0.2020549378348499	0.013938936270335323
0.5011218188062957	-0.20202759870735243	0.013304308451223879
0.5011086383745901	-0.2020075122099838	0.012912815660092891
0.5010914646639834	-0.20198130377940732	0.012486287077365987
0.5010803285891725	-0.20196375784062853	0.01227011236883685
0.501072169959911	-0.20195048785835867	0.012151858135549476
0.5010587659340697	-0.20192828996749762	0.012026410774586882
0.5010443371617452	-0.20190457446362253	0.011985981139819357
0.5010344672342729	-0.20188746791034817	0.011967625112182523
0.5010253645991646	-0.20187214319223423	0.01195090848406799
0.5010154792293824	-0.2018554992583721	0.011932755521600946
0.5010016732955661	-0.20183165740657522	0.011907126630851306
0.5009916352932505	-0.2018146036043752	0.011888626130885982
0.5009825333022511	-0.20179909027812426	0.011871828701542464
0.5009768913982697	-0.2017891912682092	0.01186128380512147
0.5009628128581002	-0.20176476541450827	0.01183510220508227
0.5009528423333157	-0.20174754146703783	0.011816596925320944
0.5009423284855784	-0.20172901178766967	0.011796909910247011
0.5009329600832295	-0.20171278648947766	0.011779504480108616
0.5009233553109634	-0.20169604383580464	0.011761609226691006
0.5009153470974561	-0.20168202924194883	0.011746663083833209
0.5009025694610011	-0.2016596123869493	0.011722789981425674
0.5008976653568912	-0.20165115891674978	0.011713699692710466
0.500885603579454	-0.20162971385068623	0.011691029223131089
0.5008745032618274	-0.20161004877582978	0.011670200615758852
0.5008654182338456	-0.20159414702421102	0.011653247076160167
0.5008565102572466	-0.2015782933789711	0.011636498234972037
0.5008519544065333	-0.20157017327264848	0.011627926675832512
0.5008442920196233	-0.2015565267013847	0.01161351564570462
0.5008291782542429	-0.20152957031410718	0.011585072456762768
0.5008251140009576	-0.20152229164238306	0.011577409522328885
0.5008146803008331	-0.20150365238552043	0.011557760272741913
0.5008067040531786	-0.20148936762987202	0.011542722068105193
0.5007988922989399	-0.20147528607495907	0.011527949663749926
0.5007910734996175	-0.20146116062672392	0.011513148978639476
0.500781399344138	-0.20144380839205023	0.011494897704012574
0.5007740693790423	-0.20143063679374607	0.011481057495027758
0.5007699796587742	-0.20142323847247784	0.011473311332150182
0.5007568367464154	-0.20139952148990442	0.011448447137855589
0.5007525498788699	-0.20139179633933418	0.011440342523680203
0.5007427942378181	-0.20137412777024283	0.011421855514500423
0.5007358742298079	-0.20136156077388861	0.011408725449040646
0.5007263610590482	-0.20134426134764177	0.01139066388974852
0.5007199095916769	-0.20133249177871732	0.011378396689767922
0.5007134680024115	-0.20132081980486927	0.011366187870478772
0.5007068495590248	-0.20130872711169073	0.01135359420125559
0.5006999223569509	-0.20129608385101638	0.011340419898263121
0.5006934845684071	-0.20128434538512507	0.011328182244925322
0.5006872824184857	-0.20127307878747525	0.011316413695143523
0.5006811568650654	-0.2012619115068321	0.011304770736830005
0.5006693576421188	-0.20124036168491666	0.011282324490445306
0.5006660974822641	-0.20123441028223943	0.011276124048390568
0.5006593495792113	-0.20122209801699348	0.01126329344005339
0.5006513892974084	-0.20120749662479942	0.011248119049096006
0.5006427558302883	-0.20119163635441084	0.011231649427744128
0.5006370394491297	-0.20118116526593466	0.01122075996547739
0.5006308756257378	-0.20116985148973715	0.011209006564424973
0.5006229789737796	-0.2011553141666224	0.011193927347141475
0.5006169954755265	-0.20114433085908978	0.011182517751294585
0.5006115252310221	-0.20113427387939165	0.011172078892354775
0.5006078223823041	-0.20112746560979844	0.01116501247704782
0.5005978218815083	-0.20110906406047102	0.011145920773282747
0.5005922972668039	-0.2010988796078742	0.011135364340251253
0.5005868364846194	-0.20108879595129353	0.011124921299014212
0.500581406086987	-0.2010787883902213	0.011114546662251923
0.5005762512762086	-0.20106929484851566	0.01110470173027911
0.5005702161313753	-0.20105817905254403	0.011093175072481642
0.5005635108344808	-0.20104556433623455	0.011155388482771644
0.5005598826491692	-0.20103819811868606	0.01140627816787998
0.5005541068754481	-0.20102681077220386	0.01208440472361283
0.5005488041485208	-0.2010173184028059	0.012893875164627977
0.5005411572554592	-0.20100457368617897	0.014400230149192783
0.5005329383809348	-0.20099327454468313	0.01591169974583828
0.5005224764648608	-0.200980750081503	0.017766998751857055
0.5005121687116701	-0.20096982722683482	0.019476551310445955
0.5004999737236607	-0.20095741680816626	0.02151755343576839
0.5004753547954959	-0.20093632407663825	0.024869066087532365
0.5004601287975692	-0.20092341388824952	0.02704920579090564
0.5004347169047693	-0.2009045354239004	0.029925581910624
0.5004105541616347	-0.20088661326343726	0.03274591233463575
0.5003874172759734	-0.20086851406573403	0.03588934275271971
0.5003365509319777	-0.2008346701049894	0.04055396669292327
0.5003100400328071	-0.20081777835249853	0.042702182951815604
0.5002704710548185	-0.20078944740272836	0.047197932718850144
0.500239493125769	-0.2007685584335243	0.050141489817178087
0.5001991348585328	-0.20074264753806043	0.053324444282514816
0.5001123849103025	-0.2006857990639364	0.06041102971323076
0.5000628097476553	-0.20065386420246417	0.06398320809589858
0.5000156576562859	-0.2006223557821633	0.0678016461082811
0.4999905454534847	-0.20060482708279936	0.07009934309607302
0.4999276033322205	-0.20056036795159676	0.07584109652749343
0.4998744043900669	-0.20052043138114284	0.0815225684081668
0.49983072924049676	-0.2004878344433877	0.08579321879560686
0.49978930195923305	-0.20045626982963133	0.0899086624770799
0.49972542351130855	-0.20040742052220362	0.09594741918481126
0.4997055179812003	-0.2003906841528139	0.09841192160733175
0.4996438567835661	-0.2003409008463502	0.10449071747497718
0.4995817411130064	-0.20029321480727624	0.10885974085071282
0.49953494524261427	-0.20025359336801213	0.11360455610534514
0.49947396402100264	-0.20020001877615706	0.11983946044399857
0.49943920501273287	-0.20016785134146964	0.12377829454929712
0.49939517347501694	-0.20012757549669513	0.12806163154444344
0.4993416433323169	-0.20007470864264404	0.13431167574418912
0.49929638809827664	-0.20003143174704924	0.13829846485831415
0.49926675699161266	-0.19999889490610617	0.14240017732262528
0.499233709516538	-0.1999635457375203	0.14608712981531036
0.4991995120642779	-0.19992128504582046	0.1517340482734375
0.4991630898877114	-0.19987960512566338	0.15557349376979274
0.499141120946958	-0.1998504833923755	0.1591457400622346
0.49912357389054157	-0.19982850587307832	0.16121951312216493
0.49909843796353187	-0.1997894539760463	0.1665856885553744
0.49906848263284714	-0.1997447874597011	0.17112946493322861
0.4990531670616679	-0.19971845325066934	0.17420400956224952
0.4990433961462285	-0.19969691451492538	0.1772521677636784
0.49902703314702634	-0.19966134300135996	0.18151551130027357
0.49901993445162607	-0.1996457493624551	0.18317885435518422
0.4990143665471543	-0.19962833100158173	0.18553543841814066
0.49901067883248656	-0.1996067496992604	0.18884893991848958
0.4990069958652557	-0.19958901934396395	0.19101828616963354
0.49900964034973033	-0.19957387778969254	0.19381895966109147
0.499012240408761	-0.19956385573989743	0.19554710910676276
0.49901512593249214	-0.19955522259238	0.19693491342450653
0.4990205712953016	-0.1995499540097666	0.19819168374359206
0.4990278768246935	-0.19954848977453393	0.19919250207464173
0.49903494401301285	-0.1995476504871535	0.19991835861068066
