0.34999999730161035	-0.1499999988731462	0.2000000013546727
0.34999999730161035	-0.1499999988731462	0.2000000013546727
0.34999999738148924	-0.14999999890651255	0.20000000131459408
0.34999999742485305	-0.14999999892462623	0.2000000012928371
0.3499999974883719	-0.14999999895115917	0.20000000126096684
0.3499999975414774	-0.14999999897334176	0.20000000123432154
0.349999997600649	-0.1499999989980591	0.20000000120463238
0.3499999976587208	-0.1499999990223161	0.20000000117549488
0.34999999772293183	-0.14999999904913763	0.20000000114327704
0.34999999779064106	-0.14999999907742012	0.20000000110930366
0.3499999978591504	-0.14999999910603684	0.20000000107492913
0.34999999795009756	-0.14999999914402606	0.20000000102929608
0.3499999980071535	-0.14999999916785878	0.20000000100066764
0.34999999806749554	-0.14999999919306434	0.20000000097039022
0.3499999981310232	-0.14999999921960044	0.20000000093851414
0.349999998228365	-0.14999999926026097	0.2000000008896715
0.3499999982647367	-0.1499999992754537	0.2000000008714215
0.3499999983459682	-0.14999999930938412	0.2000000008306622
0.34999999838803825	-0.14999999932695707	0.2000000008095524
0.3499999984778496	-0.14999999936447184	0.2000000007644874
0.3499999985730197	-0.1499999994042247	0.20000000071673302
0.34999999863431597	-0.14999999942982845	0.2000000006859758
0.3499999986980984	-0.1499999994564702	0.2000000006539708
0.34999999875584753	-0.149999999480592	0.20000000062499348
0.3499999988460246	-0.1499999995182592	0.20000000057974365
0.3499999989081079	-0.1499999995441912	0.20000000054859066
0.3499999989693123	-0.14999999956975585	0.20000000051787892
0.34999999900359147	-0.1499999995840739	0.2000000005006777
0.34999999909971713	-0.14999999962422467	0.20000000045244204
0.3499999991731002	-0.14999999965487587	0.20000000041561813
0.3499999992301297	-0.14999999967869582	0.20000000038700094
0.3499999992619966	-0.14999999969200606	0.20000000037100996
0.3499999993456476	-0.14999999972694672	0.20000000032903265
0.3499999994143703	-0.14999999975565131	0.20000000029454626
0.3499999994500529	-0.14999999977055534	0.2000000002766399
0.3499999995129909	-0.14999999979684409	0.2000000002450559
0.34999999956094396	-0.149999999816873	0.20000000022099165
0.3499999996266719	-0.14999999984432594	0.20000000018800654
0.34999999964963197	-0.1499999998539155	0.200000000176484
0.3499999996954426	-0.14999999987304885	0.20000000015349378
0.349999999747233	-0.14999999989467983	0.20000000012750185
0.34999999980025254	-0.14999999991682383	0.20000000010089283
0.34999999983424085	-0.1499999999310188	0.20000000008383464
0.3499999998510567	-0.14999999993804197	0.2000000000753948
0.34999999989597247	-0.14999999995680052	0.2000000000528513
0.3499999999335309	-0.14999999997248648	0.20000000003399898
0.34999999995525105	-0.14999999998155716	0.2000000000230957
0.3499999999679484	-0.14999999998685976	0.20000000001672164
0.34999999999268844	-0.14999999999719055	0.20000000000430115
0.3500000000077727	-0.1500000000034895	0.1999999999967272
0.3500000000212315	-0.1500000000091088	0.19999999998996731
0.35000000002945103	-0.15000000001253988	0.19999999998583723
0.35000000003293674	-0.15000000001399383	0.19999999998408238
0.3500000000333512	-0.15000000001416347	0.19999999998386706
0.35000000003315096	-0.15000000001407854	0.19999999998396387
0.35000000003275417	-0.15000000001391006	0.19999999998415563
0.3500000000324661	-0.15000000001378766	0.19999999998429496
0.3500000000320379	-0.15000000001360547	0.19999999998450219
0.3500000000317429	-0.1500000000134808	0.19999999998464457
0.3500000000314505	-0.15000000001335667	0.19999999998478588
0.35000000003116155	-0.15000000001323305	0.19999999998492568
0.35000000003072673	-0.15000000001304897	0.19999999998513635
0.3500000000305671	-0.15000000001298142	0.1999999999852135
0.3500000000302858	-0.15000000001286146	0.19999999998534967
0.3500000000299106	-0.1500000000127027	0.19999999998553097
0.3500000000296109	-0.15000000001257502	0.19999999998567564
0.3500000000293386	-0.1500000000124596	0.19999999998580728
0.350000000028987	-0.1500000000123099	0.19999999998597753
0.350000000028836	-0.15000000001224578	0.19999999998605048
0.3500000000283401	-0.150000000012035	0.19999999998628948
0.35000000002809023	-0.15000000001192898	0.19999999998641016
0.3500000000279331	-0.15000000001186242	0.19999999998648627
0.35000000002767623	-0.15000000001175307	0.1999999999866107
0.35000000002727866	-0.15000000001158492	0.19999999998680282
0.35000000002698395	-0.1500000000114602	0.1999999999869453
0.350000000026747	-0.15000000001135955	0.1999999999870597
0.3500000000265976	-0.1500000000112957	0.1999999999871322
0.3500000000261318	-0.15000000001109842	0.19999999998735762
0.3500000000259749	-0.15000000001103148	0.19999999998743354
0.35000000002565373	-0.15000000001089459	0.19999999998758883
0.3500000000254281	-0.15000000001079944	0.19999999998769794
0.35000000002483456	-0.1500000000101806	0.19999999998800783
0.3500000000248724	-0.15000000001056413	0.19999999998796664
0.35000000002474274	-0.15000000001050912	0.19999999998802948
0.35000000002443626	-0.15000000001037905	0.1999999999881773
0.3500000000241046	-0.15000000001023778	0.1999999999883375
0.3500000000239011	-0.15000000001015124	0.19999999998843576
0.3500000000236914	-0.1500000000100622	0.19999999998853743
0.3500000000235489	-0.1500000000100018	0.19999999998860604
0.35000000002323867	-0.15000000000986974	0.19999999998875617
0.35000000002292325	-0.1500000000097359	0.1999999999889086
0.3500000000227213	-0.15000000000965047	0.19999999998900608
0.3500000000224945	-0.15000000000955366	0.19999999998911586
0.3500000000222877	-0.1500000000094659	0.19999999998921567
0.35000000002207415	-0.15000000000937586	0.19999999998931925
0.3500000000217926	-0.15000000000925628	0.199999999989456
0.35000000002160075	-0.15000000000917502	0.1999999999895485
0.35000000002140214	-0.15000000000908997	0.19999999998964485
0.35000000002118853	-0.1500000000089995	0.19999999998974854
0.35000000002101905	-0.15000000000892738	0.19999999998983042
0.35000000002071746	-0.15000000000879943	0.1999999999899763
0.3500000000205106	-0.15000000000871155	0.1999999999900769
0.35000000002031384	-0.1500000000086284	0.19999999999017176
0.3500000000201272	-0.15000000000854857	0.19999999999026222
0.3500000000199503	-0.15000000000847324	0.19999999999034807
0.3500000000197669	-0.1500000000083948	0.19999999999043677
0.350000000019499	-0.15000000000828073	0.1999999999905665
0.3500000000193275	-0.1500000000082083	0.19999999999064952
0.3500000000192267	-0.15000000000816593	0.19999999999069848
0.3500000000190577	-0.15000000000809388	0.19999999999078039
0.35000000001875403	-0.15000000000796487	0.19999999999092702
0.3500000000185594	-0.15000000000788177	0.19999999999102164
0.35000000001838916	-0.1500000000078095	0.1999999999911043
0.3500000000182929	-0.15000000000776897	0.19999999999115037
0.3500000000180443	-0.1500000000076634	0.19999999999127036
0.3500000000178785	-0.15000000000759245	0.19999999999135082
0.35000000001769976	-0.1500000000075163	0.19999999999143708
0.3500000000175373	-0.1500000000074468	0.1999999999915157
0.35000000001731313	-0.15000000000735159	0.1999999999916243
0.3500000000172088	-0.1500000000073074	0.19999999999167464
0.35000000001699616	-0.15000000000721692	0.19999999999177773
0.35000000001675885	-0.1500000000071161	0.19999999999189255
0.3500000000166109	-0.15000000000705294	0.19999999999196413
0.35000000001651793	-0.1500000000070133	0.199999999992009
0.35000000001625453	-0.15000000000690167	0.19999999999213622
0.35000000001610476	-0.15000000000683839	0.19999999999220874
0.35000000001597537	-0.15000000000678299	0.1999999999922712
0.35000000001583476	-0.15000000000672348	0.19999999999233914
0.3500000000156702	-0.15000000000665348	0.19999999999241852
0.350000000015514	-0.1500000000065872	0.19999999999249457
0.35000000001534054	-0.15000000000651348	0.1999999999925783
0.3500000000151933	-0.15000000000645125	0.19999999999264945
0.3500000000150354	-0.15000000000638458	0.19999999999272575
0.3500000000148969	-0.15000000000632618	0.19999999999279233
0.35000000001475395	-0.1500000000062664	0.1999999999928611
0.3500000000146182	-0.1500000000062089	0.1999999999929268
0.3500000000143966	-0.15000000000611458	0.19999999999303397
0.3500000000142582	-0.15000000000605562	0.19999999999310097
0.350000000014144	-0.150000000006007	0.19999999999315626
0.3500000000140077	-0.1500000000059492	0.199999999993222
0.3500000000138735	-0.1500000000058918	0.19999999999328721
0.3500000000136957	-0.15000000000581631	0.19999999999337284
0.3500000000135757	-0.15000000000576613	0.19999999999343124
0.3500000000134507	-0.1500000000057134	0.1999999999934916
0.3500000000133273	-0.15000000000566088	0.1999999999935519
0.35000000001315185	-0.15000000000558555	0.1999999999936369
0.3500000000130307	-0.15000000000553426	0.1999999999936954
0.35000000001296333	-0.15000000000550562	0.1999999999937278
0.35000000001278725	-0.15000000000543107	0.19999999999381288
0.35000000001267423	-0.15000000000538266	0.1999999999938674
0.3500000000125569	-0.1500000000053328	0.19999999999392368
0.35000000001242615	-0.1500000000052773	0.19999999999398657
0.3500000000122518	-0.15000000000520364	0.19999999999407073
0.350000000012178	-0.1500000000051721	0.19999999999410625
0.3500000000120371	-0.15000000000511154	0.19999999999417467
0.35000000001192655	-0.15000000000506497	0.19999999999422816
0.3500000000118122	-0.1500000000050165	0.1999999999942835
0.3500000000116528	-0.15000000000494812	0.19999999999436105
0.3500000000115499	-0.15000000000490432	0.19999999999441126
0.3500000000114852	-0.15000000000487684	0.19999999999444235
0.35000000001133885	-0.1500000000048145	0.19999999999451362
0.3500000000111798	-0.15000000000474661	0.19999999999459062
0.3500000000111259	-0.1500000000047238	0.19999999999461637
0.35000000001101883	-0.15000000000467856	0.19999999999466803
0.35000000001088216	-0.15000000000462071	0.19999999999473395
0.3500000000107906	-0.15000000000458186	0.19999999999477833
0.3500000000106262	-0.15000000000451236	0.1999999999948575
0.3500000000105626	-0.1500000000044851	0.19999999999488827
0.3500000000104274	-0.15000000000442754	0.19999999999495383
0.3500000000103361	-0.15000000000438918	0.19999999999499798
0.3500000000102865	-0.15000000000436825	0.19999999999502202
0.3500000000101107	-0.15000000000429398	0.1999999999951071
0.3500000000100211	-0.15000000000425617	0.1999999999951505
0.3500000000099303	-0.15000000000421726	0.19999999999519447
0.35000000000986564	-0.15000000000418945	0.1999999999952258
0.3500000000096604	-0.15000000000410252	0.1999999999953248
0.3500000000095855	-0.15000000000407038	0.19999999999536128
0.35000000000940407	-0.150000000003993	0.19999999999544904
0.3500000000093204	-0.15000000000395752	0.1999999999954896
0.35000000000911435	-0.15000000000386982	0.19999999999558937
0.3500000000089709	-0.15000000000380892	0.1999999999956588
0.3500000000087504	-0.15000000000371566	0.199999999995765
0.3500000000085134	-0.15000000000361485	0.19999999999587975
0.3500000000083563	-0.15000000000354824	0.19999999999595586
0.3500000000081883	-0.15000000000347674	0.19999999999603726
0.3500000000079926	-0.15000000000339347	0.19999999999613177
0.3500000000078007	-0.15000000000331248	0.19999999999622434
0.3500000000075537	-0.15000000000320773	0.19999999999634338
0.3500000000073608	-0.15000000000312574	0.1999999999964367
0.350000000007156	-0.15000000000303815	0.19999999999653606
0.35000000000695736	-0.15000000000295377	0.19999999999663207
0.35000000000665066	-0.1500000000028232	0.19999999999678109
0.3500000000064639	-0.15000000000274416	0.19999999999687118
0.3500000000062664	-0.15000000000266023	0.19999999999696655
0.35000000000606796	-0.15000000000257635	0.19999999999706272
0.35000000000576814	-0.15000000000244884	0.19999999999720774
0.35000000000555814	-0.15000000000235914	0.19999999999730936
0.3500000000053755	-0.15000000000228153	0.19999999999739798
0.35000000000526565	-0.15000000000223446	0.19999999999745108
0.3500000000049359	-0.1500000000020949	0.19999999999761062
0.35000000000465276	-0.1500000000019746	0.1999999999977475
0.35000000000443404	-0.1500000000018819	0.19999999999785323
0.35000000000421705	-0.15000000000179003	0.1999999999979579
0.3500000000041003	-0.15000000000174035	0.19999999999801432
0.35000000000372683	-0.15000000000158192	0.1999999999981953
0.3500000000035075	-0.15000000000148817	0.19999999999830168
0.3500000000033165	-0.15000000000140756	0.1999999999983939
0.3500000000031365	-0.15000000000133118	0.19999999999848073
0.35000000000301856	-0.1500000000012809	0.19999999999853824
0.3500000000026623	-0.1500000000011299	0.19999999999871051
0.3500000000024769	-0.15000000000105113	0.19999999999880003
0.3500000000023111	-0.15000000000098085	0.19999999999888032
0.35000000000212683	-0.15000000000090258	0.19999999999896928
0.35000000000186693	-0.15000000000079255	0.19999999999909518
0.3500000000017081	-0.1500000000007254	0.19999999999917184
0.35000000000155573	-0.15000000000066044	0.1999999999992455
0.3500000000014143	-0.1500000000006001	0.19999999999931364
0.3500000000011967	-0.15000000000050767	0.19999999999941928
0.35000000000110565	-0.15000000000046892	0.19999999999946294
0.35000000000098247	-0.15000000000041708	0.1999999999995223
0.35000000000085973	-0.1500000000003654	0.19999999999958187
0.35000000000069253	-0.1500000000002945	0.19999999999966303
0.3500000000005258	-0.150000000000183	0.199999999999746
0.3500000000004438	-0.1500000000001887	0.19999999999978313
0.3500000000003375	-0.1500000000001434	0.19999999999983478
0.3500000000002582	-0.15000000000010966	0.19999999999987314
0.35000000000016956	-0.1500000000000717	0.19999999999991647
0.3500000000001162	-0.15000000000004887	0.19999999999994272
0.35000000000004067	-0.15000000000001595	0.19999999999997997
0.35000000000001225	-0.1500000000000043	0.19999999999999377
0.3499999999999704	-0.14999999999998687	0.20000000000001394
0.3499999999999516	-0.14999999999997876	0.20000000000002327
0.3499999999999398	-0.1499999999999736	0.20000000000002874
0.34999999999993847	-0.14999999999997315	0.20000000000002943
0.34999999999993714	-0.14999999999997238	0.20000000000003026
0.34999999999993664	-0.1499999999999722	0.2000000000000304
0.3499999999999351	-0.14999999999997177	0.2000000000000311
0.3499999999999346	-0.1499999999999705	0.20000000000003185
0.34999999999993475	-0.14999999999997082	0.2000000000000316
0.34999999999996295	-0.14999999999988983	0.2000000000000417
0.3499999999999356	-0.14999999999997143	0.2000000000000317
0.349999999999936	-0.14999999999997204	0.20000000000003118
0.34999999999993664	-0.1499999999999725	0.2000000000000304
0.3499999999999375	-0.14999999999997315	0.20000000000003
0.34999999999993986	-0.14999999999997493	0.200000000000029
0.3499999999999409	-0.14999999999997476	0.20000000000002816
0.3499999999999429	-0.1499999999999755	0.20000000000002732
0.3499999999999446	-0.14999999999997665	0.2000000000000263
0.3499999999999465	-0.14999999999997737	0.20000000000002569
0.349999999999948	-0.14999999999997865	0.20000000000002488
0.34999999999995185	-0.1499999999999806	0.20000000000002258
0.34999999999995374	-0.14999999999998193	0.2000000000000217
0.3499999999999556	-0.14999999999998298	0.200000000000021
0.3499999999999583	-0.14999999999998342	0.20000000000002
0.34999999999996323	-0.14999999999998487	0.2000000000000178
0.34999999999996523	-0.1499999999999858	0.20000000000001647
0.3499999999999676	-0.14999999999998725	0.20000000000001547
0.3499999999999708	-0.14999999999998886	0.2000000000000138
0.34999999999997355	-0.14999999999998953	0.20000000000001272
0.34999999999997683	-0.14999999999999108	0.2000000000000113
0.3499999999999788	-0.14999999999999164	0.2000000000000104
0.3499999999999806	-0.14999999999999236	0.20000000000000961
0.34999999999998277	-0.14999999999999358	0.2000000000000082
0.34999999999998593	-0.14999999999999564	0.2000000000000063
0.34999999999998865	-0.14999999999999702	0.2000000000000052
0.34999999999999076	-0.14999999999999836	0.20000000000000417
0.3499999999999927	-0.14999999999999908	0.20000000000000345
0.3499999999999954	-0.14999999999999986	0.20000000000000268
0.3499999999999977	-0.15000000000000074	0.2000000000000019
0.3499999999999994	-0.1500000000000014	0.20000000000000134
0.35000000000000053	-0.15000000000000224	0.20000000000000118
0.3500000000000018	-0.15000000000000302	0.20000000000000023
0.3500000000000025	-0.15000000000000396	0.19999999999999973
0.3499999948806202	-0.1499879416401404	0.20000594633221572
0.35000009846605834	-0.14989336955832266	0.20005279045488958
0.3500013310426304	-0.14963462181421178	0.2001822933349117
0.3500068532860012	-0.14912925599899318	0.2004401634022573
0.35001554924311323	-0.1485987664536743	0.20071461752518666
0.35002458858269786	-0.1479520501010262	0.20105024076053696
0.35003938527163775	-0.1471806749431066	0.20145701771621882
0.3500761544089296	-0.1459725255301027	0.20210769354052022
0.35010062470518255	-0.14534238571547498	0.2024570009330752
0.35013397144624436	-0.1444233747745719	0.20296388484601696
0.35018668017863	-0.14269621197875365	0.20390692902821017
0.3502607169462569	-0.1406563924361403	0.20502749315263477
0.3503172456978224	-0.13934557202363657	0.20576180191495094
0.3503815039421873	-0.1376834558460861	0.20667732196461247
0.3504751977988303	-0.13543588811802054	0.20794556208400827
0.35052387126467793	-0.13385854720493034	0.2088126641162824
0.35059576400820297	-0.13208222561397642	0.2098122717285898
0.3507057607297004	-0.13017352765574836	0.21090497199618782
0.3508197226250609	-0.12754864100068247	0.2123689962437091
0.3508943838324733	-0.12596607375598984	0.21325434021436707
0.35103583826575674	-0.12344871363950664	0.21469310001238873
0.35108908236095066	-0.122386818490218	0.21530320896974875
0.35122280528299327	-0.119317881221663	0.21702469924185352
0.3513600030875299	-0.11632191153455991	0.21871477370467743
0.3513922787497842	-0.11509322767637535	0.21940502390877403
0.35151982918536967	-0.11195198862044449	0.22118534872631082
0.3516138993764544	-0.10972969208718365	0.22242221194123507
0.3517407534007115	-0.10662686262166136	0.224176507964072
0.3518203717922953	-0.10436144112378908	0.2254200983202907
0.3518568065555821	-0.10318322472717235	0.22607380515769332
0.35192958741618313	-0.1010126673943995	0.2272754951497829
0.3520253313281314	-0.0968522868890155	0.22953155662834998
0.35205951069977626	-0.09468020296062223	0.2306999353197482
0.352074661741544	-0.09339752043062206	0.231381254197952
0.3521147961355729	-0.09028251129119384	0.23306908472013244
0.3521471203468563	-0.08700050394569174	0.2348239243871756
0.3521610613816667	-0.08472501310454557	0.23604016008061732
0.3521710958110706	-0.08330642417592242	0.23678928594073131
0.3521856673039545	-0.0802599871901644	0.23841563569695812
0.3521820921247825	-0.07825836730720086	0.2394474231238183
0.3521824850476136	-0.07639854539894829	0.2404326557963204
0.35217317974213	-0.07329756421040366	0.2420491702644164
0.35216096762672916	-0.07139481416120515	0.24303456106514948
0.35215433087342335	-0.07033315453275261	0.24357655145952967
0.3521385661869604	-0.06779378495790216	0.2448850606257901
0.3521154315633712	-0.06531480719408152	0.24613216306211444
0.3520978729889482	-0.06366828928398334	0.24695834439864264
0.3520881836149315	-0.06285058196561803	0.24736926310817492
0.35206942752201265	-0.06140450381385652	0.24808273227512948
0.35203281305480943	-0.05884580446738004	0.2493502767418055
0.3520122601406883	-0.05755695077074639	0.24998343734975698
0.35199163788770177	-0.056377158484326936	0.2505606505129967
0.3519719409398483	-0.05534046976462394	0.25105965433449656
0.3519429860818732	-0.053973426224194196	0.25171052258667287
0.3519235518679082	-0.0531740229727944	0.2520860420897348
0.3519115535459371	-0.05272844854351556	0.2522918703475349
0.35188588636205204	-0.051886497564530495	0.2526742183303189
0.35186747277871405	-0.05143076079898655	0.25287101005193013
0.35184283612827066	-0.050994102941451	0.25304486475841964
0.3518261526082401	-0.05081250446428158	0.2531045681967694
0.35180310819920074	-0.05076299446465153	0.2530841158517033
0.3517862353717427	-0.05075665109772058	0.25305378806082335
0.3517777988381707	-0.050753379994523465	0.25303883264702365
0.35175399321272205	-0.050743926562807004	0.2529969695986658
0.35173801882899147	-0.050737483601245484	0.2529690228928344
0.3517159714807074	-0.050728491740995765	0.25293060563758196
0.35170094488927944	-0.05072229641356789	0.25290451914709283
0.35168536310273185	-0.05071581938127116	0.25287759281189687
0.3516759357706699	-0.05071188689564472	0.25286131694434655
0.35164923592285857	-0.05070071196268901	0.2528152609410306
0.3516340422486512	-0.050694327707322726	0.25278909034335784
0.3516196584585983	-0.050688262311366764	0.2527643712939422
0.3516028173932482	-0.05068114426694885	0.2527354641872296
0.35158357565233356	-0.05067299969640694	0.2527024522387734
0.35157215117852325	-0.0506681565974889	0.25268287144282425
0.35155514952088324	-0.05066094368647213	0.25265373866133045
0.35154704776993845	-0.050657503146686614	0.25263986876616074
0.3515193240913082	-0.050645721505374844	0.25259242506960566
0.3515114044185305	-0.05064235418399633	0.2525788752808782
0.3514926705812306	-0.050634386564326825	0.25254682577223675
0.3514730038506533	-0.050626018606282894	0.25251319416942286
0.35146001605216615	-0.05062049119234675	0.2524909833547794
0.3514466041012748	-0.05061478236042054	0.25246805858563454
0.35143327202876423	-0.05060910659055677	0.2524452649969532
0.3514252201429876	-0.050605678435745	0.2524315004553307
0.35140696806521454	-0.050597906534894224	0.2524002992037401
0.3513895350494003	-0.05059048294899192	0.2523705054249151
0.3513755826420643	-0.05058454024991911	0.2523466559066282
0.35135902836980487	-0.05057749027967523	0.25231836923825246
0.35135093398448625	-0.05057404328576855	0.2523045404140514
0.35133420399902054	-0.05056691815603202	0.25227595707206835
0.35132192309763827	-0.05056168773718962	0.25225497593045415
0.35130546695128306	-0.050554679294371144	0.25222686362875746
0.3512935506016368	-0.05054960437416926	0.25220650813181267
0.3512816638851229	-0.05054454237719273	0.252186204649468
0.3512744596409228	-0.05054147383568035	0.2521738980720333
0.35125359609513646	-0.05053258749652957	0.252138259804366
0.3512435401532043	-0.05052830438767082	0.25212108340870465
0.35123207997878825	-0.05052342337406708	0.25210150933147013
0.3512202518431756	-0.05051838624175224	0.25208130830279907
0.3512080426337484	-0.05051318666900935	0.25206045667111293
0.3511945205679506	-0.05050742833484999	0.2520373639100583
0.35118402125694503	-0.05050295789153171	0.25201943453197434
0.3511736045345722	-0.05049852242139212	0.25200164626697297
0.3511581219782233	-0.050491929235311914	0.2519752071570062
0.3511520731092465	-0.05048935323944913	0.25196487777628707
0.3511419219554868	-0.05048503070782852	0.2519475437684534
0.3511223036915619	-0.05047667622193626	0.2519140441877761
0.35111198523988435	-0.05047228330397431	0.25189642593071065
0.35110131065329847	-0.050467738640187984	0.2518781998001185
0.3510911283113833	-0.050459753812458555	0.25186081051971176
0.35107618980986255	-0.05036804083854367	0.25183523155937354
0.3510639408579419	-0.050223549778646945	0.2518142586991428
0.35105535086816847	-0.05008563426634553	0.2517995936223442
0.35103859191761116	-0.04973479490949405	0.2517710696426097
0.3510306119089212	-0.049537604598650045	0.251757527165718
0.35101001146267596	-0.04897586192307017	0.25172295863028593
0.3509887048115008	-0.04832271123636027	0.25168770350101055
0.35097206273330184	-0.047772568564811865	0.2516605684175329
0.350947700973416	-0.046898955130226	0.25162074332269335
0.3509358515792706	-0.04645528965471961	0.2516015899947851
0.3509114307778604	-0.04550533821889642	0.25156226560006034
0.35089196332978134	-0.04471317498719023	0.2515310584892053
0.3508685624083493	-0.04373074723449956	0.25149352158573496
0.3508404161168867	-0.04253606010609502	0.25145081533660696
0.35082006875323085	-0.04163606225583709	0.2514191486270423
0.3507973722513053	-0.040618336239676714	0.25138440566080034
0.35078390016132516	-0.04000687508283342	0.2513640045974103
0.3507414652817186	-0.03806043423368123	0.25130141674572537
0.3507264499974807	-0.037355542001182976	0.25127912450571055
0.35070195236947144	-0.036198933549399945	0.25124356719746815
0.3506708820545944	-0.03471246053100539	0.25119884653954294
0.35063656904314927	-0.03305273208834687	0.2511500979462335
0.35061195654963123	-0.031843212559707776	0.2511149512037437
0.35059749697106135	-0.031106792360273153	0.2510927668463171
0.35057497498587703	-0.02999341589913075	0.25106148581806736
0.35053161858824483	-0.027787698976471806	0.25099849825817816
0.3505075178192821	-0.026535674868658307	0.25096262430091476
0.35048176361622785	-0.025222210629346778	0.2509269328676816
0.35045579322121234	-0.023904909572885033	0.2508921818483498
0.35043334085457895	-0.022748564795832718	0.25086147127256486
0.35040861418938535	-0.021482751897996546	0.2508287342705775
0.3503705909674858	-0.019504995944565715	0.25077730488104466
0.35035416470203706	-0.01863090377833744	0.2507540104711595
0.3503261515338356	-0.017110971457354976	0.2507127885439241
0.35030355027459914	-0.01587387957604662	0.25067924832256805
0.3502751608136472	-0.014330538053239125	0.2506384616826632
0.35025186081793747	-0.01306981965697239	0.2506058810758325
0.35023829441090015	-0.012342100238271772	0.2505875719366564
0.3502077638948685	-0.010616213957743911	0.2505406739933881
0.35018122783594857	-0.009129677146294216	0.2505014287331952
0.35016165683118305	-0.008020381527140533	0.25047192724292794
0.3501408643951523	-0.006845531161641202	0.2504411843403167
0.3501223725371739	-0.0057962795683967755	0.2504138206162328
0.350096311171713	-0.004304321810157732	0.250374758794716
0.35008047241413476	-0.003382193525165514	0.2503502090821356
0.3500645253520367	-0.0024538931543568315	0.25032571262991626
0.3500494374207559	-0.0015667349248832813	0.2503021179306616
0.350034750258445	-0.0006904543284633607	0.2502784738502653
0.350016970983715	0.00039949713780028373	0.2502481160884653
0.3500042156375902	0.001181226166874258	0.25022655046656017
0.34999787787650255	0.0015689557665359427	0.25021595951029096
0.3499837602440118	0.0024460236206762936	0.2501916365097687
0.3499753240736737	0.002982244203993359	0.2501764058388958
0.3499635867131036	0.0037338389225373275	0.25015506556034134
0.3499573140361791	0.004141688968361604	0.25014336352205785
0.3499538227568257	0.004376450085417302	0.25013636692309726
0.34994822887075555	0.0047655757931133885	0.25012441144255604
0.3499460981160686	0.00491863268550384	0.2501195852622279
0.3499427258438836	0.0051897451129986755	0.2501102087515319
0.34994266345428454	0.005213054567462308	0.2501089170772436
0.3499433243176867	0.0052133571863737654	0.2501074814849282
0.349943865921634	0.005211306609250774	0.25010644246228164
0.3499443353464159	0.005209531285476479	0.2501055442179061
0.34994492581049597	0.005207297149617554	0.2501044131249528
0.3499456784540316	0.00520444986765374	0.25010297190572467
0.34994615492473513	0.005202648444857613	0.25010206076202857
0.34994660553942963	0.005200946250094471	0.2501012007440736
0.34994730664998325	0.005198297135383875	0.25009986186632677
0.3499477900464999	0.005196470879443346	0.2500989390142433
0.34994826948168734	0.005194659041306601	0.2500980231026959
0.34994851734976334	0.0051937235841948565	0.25009755100444486
0.34994939906711325	0.005190396125820243	0.2500958718219594
0.3499496792145005	0.005189338860781587	0.2500953382574431
0.3499501209659832	0.005187671651532319	0.2500944968381493
0.3499507365125735	0.005185349578352802	0.25009332556344593
0.349950992565623	0.005184383513157767	0.25009283818686656
0.34995155922648435	0.005182245517921916	0.2500917595539537
0.3499523327130839	0.00517932884876067	0.2500902890794165
0.3499527670358269	0.0051776907743303485	0.25008946302719126
0.34995318171944345	0.00517612724478804	0.2500886748458146
0.349953611140112	0.005174508550069026	0.25008785908909825
0.34995390800175663	0.005173389195106723	0.25008729477932756
0.34995450401025163	0.005171141894229389	0.25008616184080734
0.3499551120879228	0.005168850298386471	0.25008500727105687
0.34995552366754296	0.005167299573602527	0.2500842261692422
0.34995589743165895	0.005165890482827215	0.25008351592405514
0.34995630264613775	0.005164363337219521	0.2500827464623824
0.34995677365631755	0.005162588360550016	0.2500818522042503
0.34995729082157356	0.005160639756391791	0.25008087063472706
0.34995766564120606	0.005159227902747379	0.2500801596676166
0.34995814303629846	0.005169758476828587	0.2500792504510883
0.34995880886398456	0.005204298420367334	0.25007797774270624
0.3499599687816757	0.0052894830229967965	0.2500757572410798
0.34996064965647466	0.005346883048901893	0.25007445299265596
0.34996212853807357	0.0054841637478903055	0.250071612668081
0.3499635097244245	0.005621687888701946	0.25006896483225255
0.34996537858756016	0.0058168301196321465	0.2500653806686693
0.3499664296672498	0.005930310546894926	0.25006336254023664
0.34996854476342454	0.006164405279314875	0.2500593036752179
0.3499695332791359	0.006276128480499785	0.2500574087607302
0.3499718386016981	0.006539787291143809	0.25005297288814615
0.3499737320001922	0.00676111832391986	0.25004933892377235
0.3499761194934777	0.0070455741458684135	0.25004476351609856
0.34997705610170743	0.0071579676495818895	0.2500429666327656
0.3499805036125384	0.007575888713626203	0.25003635084144593
0.3499816039070123	0.0077093352758031	0.25003423273857706
0.3499841379535125	0.008022856394484648	0.2500293766408556
0.34998586432902085	0.008238214470424582	0.2500260709891994
0.3499876239606903	0.008457457503357468	0.2500226945131152
0.3499892526884599	0.00866141764346931	0.2500195706044662
0.3499901455634648	0.008772823376827318	0.2500178543724061
0.34999296831627885	0.009126616946899521	0.2500124314918082
0.34999425328879913	0.009288123024780368	0.2500099633800894
0.3499955371597148	0.009449307114769184	0.2500074955912156
0.34999668899611747	0.009593347881263814	0.2500052780362101
0.3499979632994072	0.009753468623506956	0.25000283091907594
0.3499985137146505	0.009822584574549376	0.25000177461745937
0.3499991328106344	0.009899733453489837	0.2500005834582787
0.34999963869729145	0.009962938619510989	0.24999961460045617
0.35000004453572214	0.010013557685327398	0.24999884352772175
0.35000010571375656	0.010021086632072448	0.24999873560668287
0.35000010407389487	0.010020793402546316	0.2499987530222058
0.35000010349912614	0.010020690602853655	0.24999875907243685
0.35000010194796194	0.01002041005026158	0.24999877566494358
0.3500001008873278	0.010020222018280872	0.24999878672007916
0.3500000998436824	0.010020035760157642	0.24999879770305994
0.3500000983824595	0.010019771450708384	0.24999881336773863
0.3500000976669098	0.010019644631092173	0.24999882083540984
0.3500000966767172	0.010019463874485546	0.24999883158598335
0.3500000953677394	0.010019222968910821	0.24999884595395785
0.35000009439655516	0.01001904588239036	0.24999885648507852
0.35000009300993606	0.010018794329672329	0.24999887142066626
0.35000009211831906	0.01001862887568386	0.24999888131484432
0.3500000915998327	0.010018531864618901	0.2499988871307656
0.35000009035358653	0.010018301997384835	0.24999890084952509
0.35000008899599266	0.010018046507295139	0.24999891618988765
0.35000008811823674	0.010017880579205801	0.24999892616461597
0.3500000872799904	0.01001772306556832	0.24999893561520625
0.3500000864044734	0.010017559599583031	0.24999894540264975
0.35000008554239814	0.010017397731615627	0.2499989551095705
0.3500000842928618	0.010017161347130682	0.2499989693143929
0.35000008350003214	0.010017010248267691	0.24999897841228672
0.3500000826823945	0.010016853767335993	0.24999898784427585
0.3500000815683694	0.01001664057006034	0.24999900069218042
0.35000008076720174	0.010016485524437721	0.24999901006375327
0.35000008032174046	0.010016399657751696	0.24999901524731274
0.3500000792620815	0.010016196347178319	0.24999902750237235
0.35000007813112816	0.010015978307682999	0.24999904066015607
0.3500000774000624	0.01001583600916131	0.24999904926852398
0.35000007665140936	0.010015690428071544	0.24999905807161565
0.35000007609795736	0.010015583431641481	0.2499990645299422
0.3500000504706167	0.009919386505144748	0.24999916419488974
0.34999993245759736	0.00962107420456619	0.2499995398311037
0.34999972660998696	0.009284837841021881	0.250000117570271
0.3499995225211938	0.009028180864561614	0.25000065936328264
0.349998936182158	0.008315502236832667	0.25000220928506967
0.3499984507027415	0.007701117016047032	0.2500035028536727
0.3499979797911372	0.0072635985007529075	0.25000470042006495
0.3499960636971293	0.005797579591801369	0.25000946509851596
0.3499954037204284	0.00529646335362656	0.2500111074641104
0.34999357233848033	0.004000349868729894	0.2500156432414159
0.3499927746247827	0.0034145428384592252	0.250017628208934
0.3499893244370252	0.0015378760327584146	0.2500260293092459
0.34998786491670214	0.000700010386701852	0.25002960332424023
0.3499836905216828	-0.0010728001333632914	0.25003968348442696
0.3499805587952958	-0.0023586709356314545	0.2500472553900289
0.3499769960429969	-0.0038299585021622645	0.2500559074639649
0.34997338056140653	-0.00530470393925532	0.25006471950338593
0.34996934487671894	-0.007401124786829208	0.25007470204593535
0.3499661536270121	-0.008942855573776928	0.2500826097328024
0.3499615881602649	-0.011431169272771699	0.2500940191350993
0.3499569270804374	-0.013251869322066331	0.2501056049519156
0.3499518880755358	-0.014959007619459078	0.25011814367681895
0.3499472547485244	-0.01687236462381099	0.2501297717836951
0.34994278780899324	-0.01875316154794586	0.2501410523524539
0.3499381424597652	-0.020666553142663538	0.25015284652821157
0.34993198604446524	-0.023657562907515098	0.250168594391047
0.3499269853527932	-0.025581434898442765	0.25018143695367123
0.34992119622710677	-0.02761861518106977	0.2501963722348303
0.34991627417397786	-0.028961637012163935	0.25020911079902614
0.34990587177710153	-0.03259505933037278	0.2502362580254237
0.34990159481324673	-0.03398622542787576	0.2502474951881546
0.3498971752683474	-0.036129724146275036	0.25025914201860483
0.3498904749393268	-0.039044902450563815	0.25027696230279395
0.3498850355365112	-0.041038715160611486	0.2502915460183792
0.3498796454526025	-0.042470421836618574	0.250306086599552
0.34986817250327285	-0.04631188979201041	0.2503371958743267
0.34986191341976763	-0.04863000389867368	0.25035429558718425
0.3498552857321672	-0.0509570038448635	0.2503725281038631
0.34984564255205064	-0.05425707515853527	0.2503992917533643
0.3498416717731564	-0.056196908929819975	0.2504102625663741
0.3498370916432624	-0.0584266234349884	0.25042304195805043
0.34983040211882016	-0.0607499287364197	0.25044195500741384
0.3498237250237786	-0.06392883871307341	0.2504607996789477
0.3498198774943011	-0.06603538176219566	0.2504716449185808
0.34981732520803754	-0.06727625897365176	0.25047892508277325
0.349808702884601	-0.07041105819400052	0.25050383255770525
0.3498049696670424	-0.07247619689738803	0.2505145267176201
0.349800345351385	-0.07471083729979631	0.2505279101875457
0.3497942128289874	-0.0775634433928405	0.2505458181196478
0.3497888872583859	-0.07965561664499558	0.2505615538868027
0.34978180560307737	-0.08269536987950395	0.2505825533947136
0.34977722427951397	-0.08480047526896302	0.25059618020057794
0.349775950893681	-0.08583373244608698	0.2505998473748777
0.3497713301916001	-0.08863491259372995	0.2506135463943494
0.34976912755881034	-0.09021088411005808	0.2506200306364119
0.349765619065975	-0.09321515360141198	0.2506303007780133
0.3497624101270132	-0.09508120969395852	0.2506400613754169
0.3497610096445572	-0.09668116673507336	0.25064411300121786
0.3497588095236112	-0.09846320669569374	0.25065077164289035
0.3497575183755771	-0.09962248292217428	0.2506546767442247
0.34977436738977374	-0.10188501323017317	0.2506492273857781
0.3501755425230882	-0.1043506119844335	0.2503600186803505
0.3504837991121255	-0.10539438907613323	0.25013666110940946
0.35112277259739466	-0.10713473447887044	0.2496729585712271
0.35196262484251434	-0.10891724650247502	0.2490638385594317
0.35391299061375	-0.11218339157991676	0.24764683743174437
0.35475360340372053	-0.11340509470236727	0.24703799952891203
0.35665052768744354	-0.11588866169118826	0.24566500797919522
0.3581539861250026	-0.11766147112450491	0.24457128598432934
0.3597165655604813	-0.1193709743803515	0.24342635173654567
0.36297765252771647	-0.1226725747099874	0.24104133066338837
0.36494849398799234	-0.12453457096069108	0.23960158365084414
0.36703859866073424	-0.126403248481679	0.23805420395666085
0.3693214319707083	-0.12838484454617533	0.2363814277337108
0.3733168788604484	-0.13165784779463463	0.23341278542482619
0.37482750569785617	-0.13285573091870184	0.23228251570749936
0.37878885990360545	-0.135910484492279	0.22931709261158828
0.3818117924614583	-0.1381391182295718	0.2270642485213394
0.386137154915443	-0.141205603009259	0.22382331027445232
0.38896648993825156	-0.1431635305625435	0.22170321138333288
0.3910349764918185	-0.14457180576543555	0.22014991980465448
0.39497517238471236	-0.147197362888973	0.21717186143853406
0.3984220199055766	-0.1494486299301323	0.21454682852899204
0.40177609828287664	-0.15159271495598392	0.21198694502373247
0.405044483272646	-0.1536461627474957	0.2095064384191019
0.4096781919976005	-0.15650909974129862	0.20590974892259684
0.41469280427319766	-0.15951846916326323	0.20199522579923315
0.41853678884685813	-0.16176951613438162	0.1989893644388383
0.4203929772975411	-0.16284552246399742	0.1975401439939105
0.42533852699796254	-0.16565251381390378	0.19358480533386752
0.43037461980999214	-0.16848607522380032	0.18952523312806935
0.43383307417363215	-0.1704089965220426	0.18674321063962682
0.43737777442914283	-0.17234407037653104	0.1838511053470138
0.4407160461228335	-0.17415372462475387	0.18104895388046882
0.444055999455753	-0.17594061152184814	0.17825878748753285
0.44765911614678155	-0.1778421021570623	0.175195223028753
0.4511865153680658	-0.1796859000511627	0.1721037474216972
0.45558715082545764	-0.18195447213636667	0.1682811735445668
0.4588742105190082	-0.1836319158445907	0.16534064636566778
0.4636417792710301	-0.18603697290511317	0.16102664329342492
0.46539726878786003	-0.18690599379893952	0.15935080197610352
0.46900976732603544	-0.18869602449507528	0.15593750496001219
0.47302039364073223	-0.19066660067618818	0.15205655308644478
0.4757513923233914	-0.1919956287523224	0.14932149709921383
0.4798690283343276	-0.19397144457129217	0.14497976758872966
0.48243298354590797	-0.19518974055072036	0.14216607542633752
0.48503666831770226	-0.1964267267651621	0.139300051217441
0.48749310035168675	-0.19758104197866538	0.13645943034361685
0.4896575850531555	-0.1985805084445733	0.13374647617693614
0.49096763602089666	-0.19917669393552823	0.1319897607547565
0.4934885739786709	-0.20031300699488686	0.12841582131327195
0.4954088585907381	-0.20117230083919696	0.12553028054937632
0.49691709917622356	-0.201833091848456	0.12297263394741836
0.49804250785141174	-0.20232170900203805	0.12092988734245008
0.49978333226210286	-0.2030640650261074	0.11737136505327478
0.5007455669713705	-0.2034623723554828	0.11495348293933005
0.5017351333872327	-0.20385626406596258	0.11182466256342843
0.5022232345891493	-0.20403741819317006	0.10970023489785147
0.5024931912170282	-0.20412015676084116	0.10756685361276214
0.5025513644450891	-0.2041111067901772	0.10569206365463762
0.5024893599448049	-0.20403061484903567	0.10291660458406487
0.5024508795443191	-0.20397992828121658	0.1010160248350565
0.5024257143165128	-0.20394675887994634	0.09975358427130981
0.5023731881854978	-0.203877862034001	0.09713011429695478
0.5023323868295995	-0.20382504326284134	0.09517524165951613
0.5022928172432489	-0.20377368807267515	0.09321293361314248
0.5022416961931071	-0.20370805130294123	0.09073516761717221
0.502193513263204	-0.20364572949177745	0.08824237847486155
0.5021669231325158	-0.2036119946050326	0.08695376660014914
0.5021109912596613	-0.20354121268182945	0.08420203159644823
0.5020709378758851	-0.20349085431811204	0.08222264260349288
0.5020147114950902	-0.2034190433281471	0.0791352238873681
0.5019785917609736	-0.20337332263585162	0.07716722013139149
0.501941583549149	-0.20332750324900184	0.0752862304475595
0.5019107059092501	-0.20328776115363106	0.07341626530828466
0.5018749597193886	-0.20324276429667593	0.07138288008873706
0.5018301247160514	-0.2031862371640712	0.06877201861787274
0.5017951934698366	-0.20314216035600524	0.06668194480790901
0.5017585010241793	-0.2030978122513339	0.0647651817601288
0.5017251941386985	-0.2030577367184962	0.0630272608261952
0.5016926850532644	-0.20301757870893444	0.06114174280168655
0.5016416047770834	-0.2029566397151606	0.058458239510520704
0.5016196295618439	-0.2029307004359639	0.05732983621792814
0.5015807225224235	-0.2028817818516428	0.05486908307178623
0.5015383124715116	-0.2028303882403622	0.05243911871008672
0.5015058685238629	-0.2027912373376773	0.05058515734478142
0.5014762529618002	-0.2027556547222426	0.04890823588155596
0.5014387052174255	-0.20271188754432423	0.04695057436181971
0.5014045625538012	-0.20267324254687552	0.04531550846529625
0.5013741776630992	-0.20263611303468382	0.04350113254881749
0.5013307431500456	-0.20258606654274797	0.041284839321520994
0.5013011032912504	-0.20255000878828744	0.03954861087335382
0.5012732788865227	-0.20251667874706425	0.03798130411940431
0.5012458727656617	-0.20248325047661214	0.03638413204581087
0.5012250625541216	-0.2024570299682476	0.035087225231854924
0.5011942169338784	-0.20241932876139873	0.033309419032259424
0.5011678512562733	-0.2023872731635984	0.031825651790348575
0.5011348524375523	-0.20234688132325773	0.029974479256343334
0.5011118946104601	-0.2023187386732293	0.028702576094544408
0.5010904212181091	-0.20229230203298343	0.027526028727914376
0.5010574279000264	-0.20225001008499938	0.02560748709048649
0.5010430799052774	-0.2022324657820383	0.02486678942029369
0.5010178775588128	-0.20219783131659252	0.023294880996014122
0.5010072857947407	-0.20218362311051552	0.022677289212903018
0.5009749076094437	-0.2021395018936683	0.020826902642235523
0.5009578828287597	-0.20211544055271113	0.019843111674513803
0.500941047258513	-0.20209258721413392	0.018968254039314902
0.5009244147192558	-0.20206999724113894	0.01813769321897446
0.5009058010804901	-0.2020423652630523	0.01713482243876402
0.500891800066062	-0.2020210634477163	0.016403124730279384
0.5008768552922618	-0.20199824826397667	0.015672191107475864
0.5008640442723877	-0.20197852708113412	0.015086611017806062
0.5008495722356541	-0.20195460451681996	0.014422813989659056
0.5008354777191829	-0.20193175818846298	0.013858562514679595
0.5008252323703563	-0.20191390915790508	0.01347297229854677
0.5008186511353822	-0.2019026650696384	0.013255130434534135
0.5008013148290965	-0.2018706412471022	0.012758511604160083
0.5007923574679417	-0.20185379178312873	0.012571869344269515
0.5007865042630173	-0.201842083169694	0.012486232285201349
0.5007768150822004	-0.20182213435425	0.01242669314541206
0.5007651006413478	-0.2017980319041972	0.012392566509471514
0.5007577734505114	-0.20178256171336356	0.01237097483096411
0.5007503527631902	-0.2017666991471515	0.012348967591993165
0.5007430214519801	-0.20175095095154338	0.012327171687584126
0.5007355985228464	-0.20173548101723981	0.012305458223596799
0.5007284453548586	-0.20171996120950808	0.012284082225437198
0.5007185654437253	-0.2016986185939874	0.012254630948693945
0.5007150143458509	-0.20169057978825206	0.012243771746724141
0.500702110909535	-0.2016623304881452	0.012205034875504228
0.5006952937012342	-0.2016474126459346	0.012184576433767524
0.5006890680282129	-0.20163394591835615	0.012166012260625914
0.5006824242514823	-0.2016192317736547	0.01214594457097834
0.5006730316661137	-0.2015983159700354	0.012117490322437918
0.5006690829063496	-0.20158952294337396	0.01210552850195512
0.5006629415945187	-0.20157578524997888	0.012086878480087104
0.500655784368209	-0.20155967659741297	0.012065069661396033
0.5006494916187446	-0.20154557322949224	0.012045941074365019
0.5006408032340034	-0.20152617097798953	0.01201958512822393
0.5006354750493353	-0.2015141376608534	0.012003320153375241
0.5006272472776295	-0.20149569257645233	0.01197830938728367
0.5006210160065504	-0.20148152636508215	0.011959217602074634
0.5006124802551352	-0.20146213603818164	0.011933077647826695
0.5006064428458292	-0.20144839912926515	0.011914572427760894
0.5006004763898833	-0.20143463572535159	0.01189614041242354
0.5005947953561733	-0.20142157083896461	0.011878621368561493
0.5005896321480289	-0.20140974879722362	0.011862739725784999
0.5005811193103936	-0.20139010425428172	0.011836437008247713
0.5005756500542207	-0.20137756915163374	0.011819605386420518
0.500569935821983	-0.20136446662656532	0.011802015591366899
0.5005666414312985	-0.2013568755043218	0.01179184588826132
0.5005594574482544	-0.20134020028458832	0.01176957491982783
0.5005539350360922	-0.20132742984148594	0.01175249266559003
0.5005460483155606	-0.2013090069644744	0.011727952705126998
0.5005411199587662	-0.2012975548168563	0.011712665245976583
0.5005362627793087	-0.20128619860360136	0.011697544155763628
0.500531446980733	-0.201274937847931	0.01168255101917648
0.5005255709074531	-0.20126124742519985	0.01166429608578834
0.5005187478670523	-0.20124520844279342	0.01164298724864915
0.5005140875153777	-0.20123429360662637	0.011628464620822676
0.5005113607096373	-0.20122788883491405	0.011619952755807628
0.500504494212407	-0.20121177224271442	0.01159852795748767
0.5004997918717475	-0.20120066654832397	0.011583801281800254
0.5004946898173723	-0.2011886975818314	0.011567887076578909
0.5004886693784384	-0.2011744965143229	0.01154904646352023
0.5004841158418231	-0.20116372399369942	0.011534771275261535
0.5004775762219228	-0.20114827873225544	0.01151429044643576
0.5004729813901366	-0.20113742804647583	0.011499901476663688
0.5004687385888423	-0.20112742780370585	0.011486630281010157
0.5004647696659927	-0.20111798290796007	0.011474143234386502
0.5004597852854232	-0.20110619497840954	0.011458520528656757
0.5004540874325917	-0.20109269460061818	0.011440641307286614
0.5004498571395788	-0.20108265468550707	0.011427353578188748
0.5004456544531309	-0.20107269718680176	0.0114141662585307
0.5004431338601807	-0.20106669211512757	0.011406230260546879
0.5004390143620028	-0.20105689113691544	0.011393270994016713
0.5004307842313986	-0.2010373169905713	0.011367385726755053
0.5004265231209841	-0.20102717729608233	0.011353979403294301
0.5004228975452815	-0.20101854667193964	0.011342569912055789
0.5004189679435616	-0.20100918042899346	0.011330193881942785
0.5004169309380323	-0.2010043260496709	0.011323779140706147
0.5004116985225496	-0.2009912042871697	0.011466469516611566
0.5004078021311841	-0.20098038501631244	0.012058208186614683
0.500403758864239	-0.20097026771305887	0.012915084115926123
0.5004009605443857	-0.20096428640195368	0.013529927010972997
0.5003908103317627	-0.20094675156035252	0.015785554286406045
0.5003807751585089	-0.20093477134216536	0.017486703032822182
0.5003732495857784	-0.20092650424720054	0.018728829026607108
0.5003592542912046	-0.20091138772541445	0.0212067586296516
0.5003418868120613	-0.20089652900421595	0.023465205875838002
0.5003236229466641	-0.200881116555769	0.025934100757984968
0.500305055875418	-0.20086572819235848	0.028479515442507486
0.5002717447021352	-0.20083987519772956	0.03270306193664435
0.500247947196909	-0.20082211454167237	0.035534690178474715
0.5002268242176273	-0.20080637433527943	0.03809502408916793
0.5001688637874747	-0.20076858269674985	0.04302783222434381
0.5001459717879544	-0.20075339494254563	0.04508742407332306
0.5001090151076398	-0.20072839047053875	0.04857907749411633
0.5000503320688869	-0.2006900093318158	0.05345796911069178
0.5000151078345718	-0.20066420043486388	0.05755112792513367
0.499967777588546	-0.20063237022312647	0.06157059628580008
0.4999371240167753	-0.2006090932626855	0.06534789200338947
0.49986396765265484	-0.20056009189562762	0.07096409849193197
0.49982742919690554	-0.20053211910672497	0.07528153381972025
0.4997891877495566	-0.20050341836364188	0.07928614301626569
0.49972432712254683	-0.20045462224877225	0.08574026877552793
0.4996554241758923	-0.2004073642628879	0.08983527898359489
0.4995859213926396	-0.20035883405578375	0.09414024008734895
0.4995500159796016	-0.2003319690630609	0.09696869025029808
0.49945760052550114	-0.20026032896409657	0.10466629366331909
0.49941243295228244	-0.20022229523013796	0.10927406892181174
0.4993689783673995	-0.20018581385459072	0.11324953297179335
0.4993419546341363	-0.20016285590013277	0.11570777537236099
0.4992605316789715	-0.20008907402567827	0.12416565868896812
0.4992208121723347	-0.20005099481938593	0.12862890334622262
0.49918537598211515	-0.20001630031559947	0.13249905044644733
0.4991454643978129	-0.19997699152027126	0.1365125358389796
0.49910813138735893	-0.19993835188669445	0.14065057410053527
0.4990652027775396	-0.19988896828806862	0.14663918560278216
0.4990328528317874	-0.19985179769103667	0.1506052854845925
0.49899492416535235	-0.19980870467095313	0.15449501899827978
0.49897405756851493	-0.19978011570202453	0.1581127710059455
0.4989504102448423	-0.19974275479389153	0.1633482658361352
0.49892728926189944	-0.19970828094754223	0.16718448250419074
0.4989209583296449	-0.19969567252272796	0.16911390877180005
0.4989069860638353	-0.1996688636234168	0.17271177919220704
0.4988914152542286	-0.19963670486615337	0.176825104402983
0.4988725610865598	-0.19959719211002114	0.181250339969514
0.4988648649338029	-0.19957554016117235	0.1839686279197812
0.4988572420223674	-0.19955417056218766	0.1863573326301078
0.4988559206588191	-0.19953984749410092	0.18866424031079032
0.4988558684999777	-0.19952499221200837	0.19110400475534417
0.4988555349375032	-0.19950445665955407	0.1939389452199409
0.49885661182642993	-0.19949775579864515	0.1949722993970031
0.49886484444811	-0.1994899721390606	0.19716501074986734
0.49887241704979035	-0.19948431311478887	0.1987208193183226
0.4988776107194513	-0.1994792317583307	0.19970639888319805
0.4988880594371637	-0.19947668580220002	0.20083947308196948
0.4988996869002584	-0.1994784273780545	0.20149838269693574
