0.3500000000000008	0.14999999999995806	0.20000000000003168
0.3500000000000008	0.14999999999995806	0.20000000000003168
0.35000000000000087	0.14999999999995883	0.20000000000003107
0.35000000000000087	0.14999999999995933	0.20000000000003032
0.35000000000000014	0.14999999999995955	0.20000000000002968
0.35000000000000014	0.14999999999996017	0.2000000000000292
0.3500000000000002	0.14999999999996055	0.2000000000000287
0.3499999999999998	0.14999999999996094	0.2000000000000278
0.3499999999999992	0.14999999999996172	0.2000000000000271
0.34999999999999937	0.14999999999996189	0.20000000000002677
0.3499999999999995	0.14999999999996239	0.20000000000002596
0.3499999999999988	0.14999999999996277	0.20000000000002544
0.34999999999999876	0.14999999999996294	0.20000000000002494
0.34999999999999826	0.14999999999996388	0.2000000000000238
0.3499999999999978	0.149999999999964	0.20000000000002355
0.34999999999999776	0.14999999999996472	0.20000000000002288
0.349999999999998	0.14999999999996522	0.20000000000002222
0.3499999999999974	0.14999999999996538	0.2000000000000215
0.349999999999997	0.1499999999999656	0.20000000000002108
0.3499999999999969	0.14999999999996622	0.20000000000002066
0.3499999999999967	0.1499999999999665	0.20000000000001963
0.3499999999999962	0.14999999999996705	0.2000000000000191
0.34999999999999604	0.14999999999996738	0.20000000000001866
0.34999999999999604	0.14999999999996766	0.2000000000000181
0.3499999999999958	0.1499999999999681	0.2000000000000176
0.34999999999999537	0.1499999999999686	0.2000000000000169
0.34999999999999476	0.1499999999999686	0.20000000000001603
0.34999999999999426	0.1499999999999692	0.20000000000001542
0.3499999999999943	0.1499999999999695	0.2000000000000151
0.34999999999999404	0.14999999999996977	0.20000000000001444
0.3499999999999936	0.14999999999997032	0.20000000000001356
0.3499999999999937	0.1499999999999705	0.20000000000001322
0.34999999999999304	0.1499999999999706	0.20000000000001242
0.3499999999999925	0.1499999999999707	0.20000000000001208
0.3499999999999926	0.14999999999997127	0.20000000000001159
0.349999999999992	0.14999999999997154	0.20000000000001056
0.3499999999999914	0.14999999999997166	0.2000000000000104
0.34999999999999154	0.1499999999999722	0.20000000000000961
0.3499999999999914	0.14999999999997243	0.2000000000000092
0.3499999999999905	0.14999999999997288	0.20000000000000828
0.3499999999999907	0.1499999999999731	0.20000000000000773
0.34999999999999	0.14999999999997315	0.20000000000000734
0.3499999999999894	0.14999999999997315	0.20000000000000678
0.3499999999999895	0.14999999999997388	0.200000000000006
0.3499999999999895	0.14999999999997388	0.200000000000006
0.3499999999999895	0.14999999999997388	0.200000000000006
0.3499999999999895	0.14999999999997388	0.200000000000006
0.3499999999999895	0.14999999999997388	0.200000000000006
0.3499999999999895	0.14999999999997388	0.200000000000006
0.3499999999999895	0.14999999999997388	0.200000000000006
0.3499999999999895	0.14999999999997388	0.200000000000006
0.3499999999999895	0.14999999999997388	0.200000000000006
0.3499999999999895	0.14999999999997388	0.200000000000006
0.3499999999999893	0.149999999999974	0.20000000000000606
0.34999999999998915	0.14999999999997388	0.20000000000000595
0.34999999999998915	0.14999999999997388	0.20000000000000595
0.34999999999998915	0.14999999999997388	0.20000000000000595
0.34999999999998915	0.14999999999997388	0.20000000000000595
0.34999999999998915	0.14999999999997388	0.20000000000000595
0.34999999999998915	0.14999999999997388	0.20000000000000595
0.34999999999998915	0.14999999999997388	0.20000000000000595
0.34999999999998915	0.14999999999997388	0.20000000000000595
0.34999999999998915	0.14999999999997388	0.20000000000000595
0.34999999999998915	0.14999999999997388	0.20000000000000595
0.34999999999998915	0.14999999999997388	0.20000000000000595
0.34999999999998915	0.14999999999997388	0.20000000000000595
0.34999999999998915	0.14999999999997388	0.20000000000000595
0.34999999999998915	0.14999999999997388	0.20000000000000595
0.34999999999998915	0.14999999999997388	0.20000000000000595
0.34999999999998915	0.14999999999997388	0.20000000000000595
0.34999999999998915	0.14999999999997388	0.20000000000000595
0.34999999999998915	0.14999999999997388	0.20000000000000595
0.34999999999998915	0.14999999999997388	0.20000000000000595
0.34999999999998915	0.14999999999997388	0.20000000000000595
0.34999999999998915	0.14999999999997388	0.20000000000000595
0.34999999999998915	0.14999999999997388	0.20000000000000595
0.34999999999998915	0.14999999999997388	0.20000000000000595
0.34999999999998915	0.14999999999997388	0.20000000000000595
0.34999999999998915	0.14999999999997388	0.20000000000000595
0.34999999999998915	0.14999999999997388	0.20000000000000595
0.34999999999998915	0.14999999999997388	0.20000000000000595
0.34999999999998915	0.14999999999997388	0.20000000000000595
0.34999999999998915	0.14999999999997388	0.20000000000000595
0.34999999999998915	0.14999999999997388	0.20000000000000595
0.34999999999998915	0.14999999999997388	0.20000000000000595
0.34999999999998915	0.14999999999997388	0.20000000000000595
0.34999999999998915	0.14999999999997388	0.20000000000000595
0.34999999999998915	0.14999999999997388	0.20000000000000595
0.34999999999998915	0.14999999999997388	0.20000000000000595
0.34999999999998915	0.14999999999997388	0.20000000000000595
0.34999999999998915	0.14999999999997388	0.20000000000000595
0.34999999999998915	0.14999999999997388	0.20000000000000595
0.34999999999998915	0.14999999999997388	0.20000000000000595
0.34999999999998915	0.14999999999997388	0.20000000000000595
0.34999999999998915	0.14999999999997388	0.20000000000000595
0.34999999999998915	0.14999999999997388	0.20000000000000595
0.34999999999998915	0.14999999999997388	0.20000000000000595
0.34999999999998915	0.14999999999997388	0.20000000000000595
0.34999999999998915	0.14999999999997388	0.20000000000000595
0.34999999999998915	0.14999999999997388	0.20000000000000595
0.34999999999998915	0.14999999999997388	0.20000000000000595
0.34999999999998915	0.14999999999997388	0.20000000000000595
0.34999999999998915	0.14999999999997388	0.20000000000000595
0.34999999999998915	0.14999999999997388	0.20000000000000595
0.34999999999998915	0.14999999999997388	0.20000000000000595
0.34999999999998915	0.14999999999997388	0.20000000000000595
0.34999999999998915	0.14999999999997388	0.20000000000000595
0.34999999999998915	0.14999999999997388	0.20000000000000595
0.34999999999998915	0.14999999999997388	0.20000000000000595
0.34999999999998915	0.14999999999997388	0.20000000000000595
0.34999999999998915	0.14999999999997388	0.20000000000000595
0.34999999999998915	0.14999999999997388	0.20000000000000595
0.34999999999998915	0.14999999999997388	0.20000000000000595
0.34999999999998915	0.14999999999997388	0.20000000000000595
0.34999999999998915	0.14999999999997388	0.20000000000000595
0.34999999999998915	0.14999999999997388	0.20000000000000595
0.34999999999998915	0.14999999999997388	0.20000000000000595
0.34999999999998915	0.14999999999997388	0.20000000000000595
0.34999999999998915	0.14999999999997388	0.20000000000000595
0.34999999999998915	0.14999999999997388	0.20000000000000595
0.34999999999998915	0.14999999999997388	0.20000000000000595
0.34999999999998915	0.14999999999997388	0.20000000000000595
0.34999999999998915	0.14999999999997388	0.20000000000000595
0.34999999999998915	0.14999999999997388	0.20000000000000595
0.34999999999998915	0.14999999999997388	0.20000000000000595
0.34999999999998915	0.14999999999997388	0.20000000000000595
0.34999999999998915	0.14999999999997388	0.20000000000000595
0.34999999999998915	0.14999999999997388	0.20000000000000595
0.34999999999998915	0.14999999999997388	0.20000000000000595
0.34999999999998915	0.14999999999997388	0.20000000000000595
0.34999999999998915	0.14999999999997388	0.20000000000000595
0.34999999999998915	0.14999999999997388	0.20000000000000595
0.34999999999998915	0.14999999999997388	0.20000000000000595
0.34999999999998915	0.14999999999997388	0.20000000000000595
0.34999999999998915	0.14999999999997388	0.20000000000000595
0.34999999999998915	0.14999999999997388	0.20000000000000595
0.34999999999998915	0.14999999999997388	0.20000000000000595
0.34999999999998915	0.14999999999997388	0.20000000000000595
0.34999999999998915	0.14999999999997388	0.20000000000000595
0.34999999999998915	0.14999999999997388	0.20000000000000595
0.34999999999998915	0.14999999999997388	0.20000000000000595
0.34999999999998915	0.14999999999997388	0.20000000000000595
0.34999999999998915	0.14999999999997388	0.20000000000000595
0.34999999999998915	0.14999999999997388	0.20000000000000595
0.34999999999998915	0.14999999999997388	0.20000000000000595
0.34999999999998915	0.14999999999997388	0.20000000000000595
0.34999999999998926	0.14999999999997377	0.20000000000000598
0.34999999999998915	0.14999999999997388	0.20000000000000595
0.34999999999998915	0.14999999999997388	0.20000000000000595
0.34999999999998915	0.14999999999997388	0.20000000000000595
0.34999999999998915	0.14999999999997388	0.20000000000000595
0.34999999999998915	0.14999999999997388	0.20000000000000595
0.34999999999998915	0.14999999999997388	0.20000000000000595
0.34999999999998915	0.14999999999997388	0.20000000000000595
0.34999999999998915	0.14999999999997388	0.20000000000000595
0.34999999999998915	0.14999999999997388	0.20000000000000595
0.34999999999998915	0.14999999999997388	0.20000000000000595
0.34999999999998915	0.14999999999997388	0.20000000000000595
0.34999999999998915	0.14999999999997388	0.20000000000000595
0.34999999999998915	0.14999999999997388	0.20000000000000595
0.34999999999998915	0.14999999999997388	0.20000000000000595
0.34999999999998915	0.14999999999997388	0.20000000000000595
0.34999999999998915	0.14999999999997388	0.20000000000000595
0.34999999999998915	0.14999999999997388	0.20000000000000595
0.34999999999998915	0.14999999999997388	0.20000000000000595
0.34999999999998915	0.14999999999997388	0.20000000000000595
0.34999999999998915	0.14999999999997388	0.20000000000000595
0.34999999999998915	0.14999999999997388	0.20000000000000595
0.34999999999998915	0.14999999999997388	0.20000000000000595
0.34999999999998915	0.14999999999997388	0.20000000000000595
0.34999999999998915	0.14999999999997388	0.20000000000000595
0.34999999999998915	0.14999999999997388	0.20000000000000595
0.34999999999998915	0.14999999999997388	0.20000000000000595
0.34999999999998915	0.14999999999997388	0.20000000000000595
0.34999999999998915	0.14999999999997388	0.20000000000000595
0.34999999999998915	0.14999999999997388	0.20000000000000595
0.34999999999998915	0.14999999999997388	0.20000000000000595
0.34999999999998915	0.14999999999997388	0.20000000000000595
0.34999999999998915	0.14999999999997388	0.20000000000000595
0.34999999999998915	0.14999999999997388	0.20000000000000595
0.34999999999998915	0.14999999999997388	0.20000000000000595
0.34999999999998915	0.14999999999997388	0.20000000000000595
0.34999999999998915	0.14999999999997388	0.20000000000000595
0.3499999999999892	0.14999999999997377	0.20000000000000592
0.34999999999998915	0.14999999999997388	0.20000000000000595
0.34999999999998915	0.14999999999997388	0.20000000000000595
0.34999999999998915	0.14999999999997388	0.20000000000000595
0.34999999999998915	0.14999999999997388	0.20000000000000595
0.34999999999998915	0.14999999999997388	0.20000000000000595
0.34999999999998915	0.14999999999997388	0.20000000000000595
0.34999999999998915	0.14999999999997388	0.20000000000000595
0.34999999999998915	0.14999999999997388	0.20000000000000595
0.34999999999998915	0.14999999999997388	0.20000000000000595
0.34999999999998915	0.14999999999997388	0.20000000000000595
0.34999999999998915	0.14999999999997388	0.20000000000000595
0.34999999999998915	0.14999999999997388	0.20000000000000595
0.34999999999998915	0.14999999999997377	0.20000000000000603
0.34999999999998915	0.14999999999997388	0.20000000000000595
0.34999999999998915	0.14999999999997388	0.20000000000000595
0.34999999999998915	0.14999999999997388	0.20000000000000595
0.34999999999998915	0.14999999999997388	0.20000000000000595
0.34999999999998915	0.14999999999997388	0.20000000000000595
0.34999999999998915	0.14999999999997388	0.20000000000000595
0.34999999999998915	0.14999999999997388	0.20000000000000595
0.34999999999998915	0.14999999999997388	0.20000000000000595
0.34999999999998915	0.14999999999997388	0.20000000000000595
0.34999999999998915	0.14999999999997388	0.20000000000000595
0.34999999999998915	0.14999999999997388	0.20000000000000595
0.34999999999998915	0.14999999999997388	0.20000000000000595
0.34999999999998915	0.14999999999997388	0.20000000000000595
0.34999999999998915	0.14999999999997388	0.20000000000000595
0.34999999999998915	0.14999999999997388	0.20000000000000595
0.34999999999998915	0.14999999999997388	0.20000000000000595
0.34999999999998915	0.14999999999997388	0.20000000000000595
0.34999999999998915	0.14999999999997388	0.20000000000000595
0.34999999999998915	0.14999999999997388	0.20000000000000595
0.34999999999998915	0.14999999999997388	0.20000000000000595
0.34999999999998915	0.14999999999997388	0.20000000000000595
0.34999999999998915	0.14999999999997388	0.20000000000000595
0.34999999999998915	0.14999999999997388	0.20000000000000595
0.34999999999998915	0.14999999999997388	0.20000000000000595
0.34999999999998915	0.14999999999997388	0.20000000000000595
0.34999999999998915	0.14999999999997388	0.20000000000000595
0.34999999999998915	0.14999999999997388	0.20000000000000595
0.34999999999998915	0.14999999999997388	0.20000000000000595
0.34999999999998915	0.14999999999997388	0.20000000000000595
0.34999999999998915	0.14999999999997388	0.20000000000000595
0.34999999999998915	0.14999999999997388	0.20000000000000595
0.34999999999998915	0.14999999999997388	0.20000000000000595
0.34999999999998915	0.14999999999997388	0.20000000000000595
0.34999999999998915	0.14999999999997388	0.20000000000000595
0.34999999999998915	0.14999999999997388	0.20000000000000595
0.34999999999998915	0.14999999999997388	0.20000000000000595
0.34999999999998915	0.14999999999997388	0.20000000000000595
0.34999999999998915	0.14999999999997388	0.20000000000000595
0.34999999999998915	0.14999999999997388	0.20000000000000595
0.34999999999998915	0.14999999999997388	0.20000000000000595
0.34999999999998915	0.14999999999997388	0.20000000000000595
0.34999999999998915	0.14999999999997388	0.20000000000000595
0.34999999999998915	0.14999999999997388	0.20000000000000595
0.34999999999998915	0.14999999999997388	0.20000000000000595
0.34999999999998915	0.14999999999997388	0.20000000000000595
0.34999999999998915	0.14999999999997388	0.20000000000000595
0.349999999999989	0.14999999999997404	0.200000000000006
0.349999999999989	0.1499999999999741	0.200000000000006
0.349999999999989	0.149999999999974	0.20000000000000595
0.349999999999989	0.149999999999974	0.20000000000000595
0.349999999999989	0.149999999999974	0.20000000000000595
0.349999999999989	0.149999999999974	0.20000000000000595
0.349999999999989	0.14999999999997432	0.20000000000000576
0.3499999999999889	0.14999999999997438	0.20000000000000584
0.3499999999999889	0.14999999999997438	0.20000000000000584
0.3499999999999889	0.14999999999997438	0.20000000000000584
0.3499999999999889	0.14999999999997438	0.20000000000000584
0.3499999999999889	0.14999999999997438	0.20000000000000584
0.3499999999999889	0.14999999999997438	0.20000000000000584
0.3499999999999889	0.14999999999997438	0.20000000000000584
0.3499999999999889	0.14999999999997438	0.20000000000000584
0.3499999999999889	0.14999999999997438	0.20000000000000584
0.3499999999999889	0.14999999999997438	0.20000000000000584
0.3499999999999889	0.14999999999997438	0.20000000000000584
0.3499999999999889	0.14999999999997438	0.20000000000000584
0.3499999999999889	0.14999999999997438	0.20000000000000584
0.3499999999999889	0.14999999999997438	0.20000000000000584
0.3499999999999889	0.14999999999997438	0.20000000000000584
0.3499999999999889	0.14999999999997438	0.20000000000000584
0.3499999999999889	0.14999999999997438	0.20000000000000584
0.3499999999999889	0.14999999999997438	0.20000000000000584
0.3499999999999889	0.14999999999997438	0.20000000000000584
0.3499999999999889	0.14999999999997438	0.20000000000000584
0.3499999999999889	0.14999999999997438	0.20000000000000584
0.3499999999999889	0.14999999999997438	0.20000000000000584
0.3499999999999889	0.14999999999997438	0.20000000000000584
0.349999999999989	0.14999999999997432	0.20000000000000567
0.3499997949459362	0.1499734091341986	0.2000130247838874
0.3499989031708415	0.1498409769607379	0.20007835369234594
0.3499975532471096	0.14955341301204478	0.2002219242898659
0.34999618372035657	0.14912876144329607	0.20043516705246361
0.34999827924741267	0.14832995296358353	0.20084587132525222
0.35000289303457166	0.14757583430861076	0.201239545333576
0.35001074390288	0.14630086800215908	0.20190511033285344
0.35001690644146594	0.14569472420196078	0.202229316964599
0.350036696060911	0.1441507477370425	0.20305741197501861
0.3500508567040769	0.14291654165104906	0.20371237932255312
0.35007669190156315	0.14164649091755416	0.2044035192559282
0.35012114315766557	0.1396449532434091	0.2054940480186303
0.3501612506737648	0.1380986598777788	0.20634320939801884
0.35022216811796536	0.13647625216584736	0.20725492976646231
0.3502498895504121	0.13545216895028445	0.20781584532986408
0.3503380850937441	0.13285568551393107	0.2092450201488399
0.3504342198296161	0.13069087362182308	0.21047802125469556
0.3504895247564772	0.1288673800354997	0.2114671085364674
0.35062761644114643	0.12630469237951364	0.21292907787708049
0.3506876529743938	0.12490588559614739	0.2137073940666623
0.3507799461567021	0.1230380845099817	0.21474829021139363
0.3509653461361868	0.11977306972439879	0.21659126551994218
0.3511108100133063	0.11688820780046903	0.2181918171005717
0.35122440842884417	0.1146243816242324	0.2194460109342602
0.3513402711036718	0.112632922303306	0.22055943222914576
0.35147019655440526	0.11033518350169365	0.2218346595726104
0.3516457625355947	0.10715184834943124	0.22358094612410892
0.3517842504093115	0.10493289172800387	0.22480806709864026
0.35186138828212177	0.10367569537449696	0.225503316694574
0.3520549842636906	0.09983802501583615	0.2275708284682954
0.3521892633515447	0.09746729944453437	0.22886000283097388
0.35230693433555393	0.09515290507629122	0.23010452926862074
0.35238607729689037	0.093124524270471	0.23117226659326312
0.3525198142801263	0.09011896615897651	0.232763597173118
0.35266357080390986	0.08783998651946799	0.2339965234257935
0.35270051740957464	0.08671008894678421	0.234584627596987
0.35284455528403985	0.08377634176256045	0.2361346228340973
0.35294456323855605	0.0817041751379904	0.23722822183061001
0.3530605692228726	0.07868921792698937	0.23879900111121605
0.35311960767132267	0.07659527427856032	0.2398806730145105
0.3531764214052734	0.07454664355623379	0.24093932027764214
0.35321047626606566	0.07329395667311596	0.24158670151690576
0.3532643398613738	0.07160415107130298	0.2424535283124899
0.35333391264302644	0.06894328471025753	0.24381665213830905
0.3533860487110681	0.06662210694147004	0.24500732041923431
0.353400219967718	0.06482059160672861	0.24591871791708708
0.3534129042496542	0.06330325229897878	0.2466860148064363
0.3534423242801812	0.06181208847202117	0.2474442214430815
0.3534499155417502	0.05987279046399398	0.24840987804131867
0.35345661637697323	0.05851535784130178	0.24908326056733787
0.3534563075539492	0.05729009010991855	0.2496941539336957
0.353449569660114	0.05617172128203833	0.25024453590847284
0.3534351936152064	0.05510350774643631	0.25076656292383726
0.35341975010553234	0.054215168722453896	0.25119838590930965
0.35338916934486303	0.05312034679974369	0.25171496572262114
0.3533697118159102	0.052527606955574555	0.25199127514581465
0.35333919492693866	0.05187047166526963	0.2522910974055488
0.35331224136537526	0.051505389678563565	0.2524471104288366
0.3532704973019931	0.05115000180913419	0.25258472495701534
0.35324190237907904	0.051058232530915695	0.25260274636306607
0.3532107538283608	0.051048162903899644	0.2525772703658954
0.35318761597522946	0.05104080097149864	0.252558310433428
0.3531424797875845	0.051026407667519105	0.2525213266057298
0.35310862183131947	0.05101553548486103	0.25249370390250275
0.3530917359713572	0.05101010071968738	0.25247992177392786
0.35306203958816557	0.05100052215258828	0.25245570905412257
0.35302166575317184	0.050987446740864736	0.25242287236192784
0.35300470328423117	0.05098194284870551	0.2524090961489103
0.3529710727067546	0.05097101698622912	0.25238181309240837
0.3529275160871274	0.05095682882313761	0.2523465924812596
0.3529026394042063	0.050948731583458876	0.2523264187627494
0.3528736587695865	0.050939278565939286	0.25230301024498725
0.3528460514693549	0.05093027971791418	0.2522806555770674
0.35282098172352916	0.05092210378701857	0.2522603690392017
0.3527838385825289	0.050909979527701585	0.2522303718796598
0.3527582300615959	0.05090161804727887	0.2522096923748439
0.3527416715740354	0.05089620926077355	0.2521963369203135
0.352705534604004	0.05088440797525136	0.25216715254265426
0.35268064930640897	0.05087627742914426	0.2521470795041094
0.3526453187004135	0.050864733677770904	0.2521185736487498
0.352618892120701	0.050856096317053	0.25209727811148436
0.35259588053981994	0.05084857298044494	0.2520787561277644
0.3525813488723128	0.05084382150062579	0.2520670654025029
0.3525483463213569	0.05083303303183513	0.2520404671609384
0.3525269622347244	0.050826040452816315	0.25202326248287416
0.3524936529900895	0.05081514928775473	0.2519964345355252
0.3524696857317123	0.050807312304732774	0.25197712776628317
0.3524538590678063	0.05080213644117955	0.25196439233177026
0.3524244934021326	0.050792531630412655	0.2519407846166477
0.35241283852292704	0.050788719523965284	0.2519314134188791
0.35236967089941384	0.05077459918287487	0.25189672769198795
0.3523497586045619	0.050768085541689614	0.25188071964335246
0.3523290549266551	0.05076131289438744	0.2518640694575505
0.352298345406868	0.05075126658401939	0.2518393798443092
0.35228638135172413	0.050747352533504916	0.25182977034080634
0.35225445971913877	0.050736908994250055	0.2518041287848243
0.3522346336617691	0.05073042252715486	0.2517882092280772
0.35222301675001233	0.05072662190557241	0.25177888683030714
0.35218411474122274	0.05071389412310588	0.2517476650378403
0.35217272802986804	0.050710168386786644	0.2517385213175318
0.35214584751760836	0.05070137330643591	0.2517169468662418
0.35213467409363747	0.0506977174032026	0.2517079800609956
0.35209749657889133	0.05068555246052635	0.2516781415363486
0.3520771577956017	0.05067889785944783	0.25166182826810857
0.35205890962404424	0.050672927314865765	0.25164719404520186
0.3520407635227514	0.05066698919417205	0.251632631727309
0.35203015552890204	0.050663518500121005	0.25162412662984723
0.3520042470462562	0.05065504127278557	0.2516033505770406
0.35198260256109604	0.05064795847014651	0.25158598856908193
0.351958090317923	0.05063993819805178	0.25156633653476573
0.3519384562618195	0.0505972115476309	0.2515505728920032
0.35191924752682546	0.05049916107918083	0.25153514629762874
0.351906185690886	0.050395783598038466	0.25152465368437704
0.35187442656903556	0.05006736103124572	0.2514992232647281
0.3518380417421144	0.04959347137015131	0.25147041458650904
0.35181276288135666	0.04920222788208166	0.25145041632740944
0.35179723530187135	0.0489424094397279	0.25143816455531887
0.35175628035683454	0.048210353379589635	0.25140623036999654
0.3517236958503241	0.047583144840538674	0.2513812394899779
0.35168676839713886	0.04682056380377915	0.2513529699425076
0.35164559432538023	0.04592917482976487	0.25132184769551325
0.3516132820586636	0.045205906103744795	0.25129803860542677
0.35158010819401436	0.04443363566734833	0.2512732614066776
0.3515304352609687	0.043238079709090035	0.2512363689343511
0.351492117400808	0.04229633586377511	0.25120879334158286
0.35147106341869655	0.04176357435774743	0.25119319329981016
0.35143335446852	0.0407931798907611	0.25116515844924375
0.3513809445447614	0.03943622664353326	0.25112881708217916
0.35134013796146435	0.03834165645399697	0.25109873785340586
0.351284092533419	0.036829964255381306	0.25106015740601223
0.35124330276845944	0.03571520734536106	0.2510324300905507
0.3512181947012917	0.03502505426378179	0.2510157598388145
0.35114485667815826	0.032949178917986585	0.25096384050632314
0.3511049015421238	0.03181209550272725	0.2509368055362142
0.35106503680803247	0.030657649367752518	0.2509089347238558
0.3510414597708527	0.02996871367575067	0.250892354500029
0.3510013938940944	0.02879631508118534	0.25086480479851436
0.3509449470062249	0.02712608550519867	0.2508259010906603
0.35089814976662626	0.0257135484105626	0.2507921192039404
0.35083962725468243	0.023964488980726825	0.2507538692027635
0.3508074517512468	0.022978231359670323	0.25073096680277995
0.3507535359329203	0.02133461141589564	0.25069486619494563
0.3507073291883537	0.019914174827879702	0.25066378607148104
0.35066940920589096	0.018718476515605445	0.2506357973828318
0.3506315155976874	0.017528858990911347	0.25060911516005874
0.3505766621043166	0.015812294935150337	0.2505724657734273
0.3505167730430335	0.013911962187244872	0.2505312646092853
0.35048109154930085	0.012769565246003103	0.25050628225729493
0.3504586409886278	0.012050413739022867	0.2504908216375282
0.3504213366089976	0.010838806038449209	0.25046383458349114
0.3503727737448354	0.00925879657488056	0.25042939435701705
0.35032265711282096	0.007629802255512505	0.2503952452524514
0.350304401544472	0.00702642180285841	0.2503819669865185
0.35026877787977384	0.0058459188420664915	0.25035612921174827
0.35022921527857137	0.004530093873860955	0.2503275640901658
0.35020306759922226	0.00365023815582681	0.25030794641473536
0.3501618479079238	0.0022526708088051878	0.2502765221455742
0.3501371902704127	0.0014186229237595077	0.25025853393674447
0.350112348010375	0.0005639109149310068	0.2502389767778587
0.3500896977771999	-0.00021549739972638593	0.2502215363114594
0.35006846417431425	-0.0009504272149636755	0.2502049828514495
0.350049687535401	-0.0016048332348718025	0.2501900926163705
0.350028452886518	-0.002355528364168538	0.2501721877263919
0.350009993777267	-0.0030114363224578306	0.25015661464961764
0.34999058237892144	-0.0037087971872347275	0.25013974201837874
0.34998194785483305	-0.004022121622480959	0.2501320967690035
0.34996971826632983	-0.0044707070336186955	0.25012092782109907
0.34996258618238535	-0.004737933977724887	0.250113896740044
0.3499569338707903	-0.004954434837879176	0.2501079314511079
0.34995321293210563	-0.005102911918316536	0.25010348387020487
0.34995236211646735	-0.0051528695891213255	0.250100952430217
0.3499527914915724	-0.0051514659504386245	0.25009996249951283
0.34995304930438603	-0.005150604685222562	0.2500993437356768
0.34995359948009364	-0.005148784461489961	0.25009806174380633
0.34995419695132995	-0.005146805434440779	0.25009666492486937
0.34995459103070964	-0.005145500336377576	0.25009574425198333
0.3499550002244699	-0.005144151189233767	0.2500948012197285
0.34995559934501	-0.005142182548324589	0.2500934350636004
0.34995598248626575	-0.005140921198616463	0.25009255649520745
0.3499563988834542	-0.005139567276003329	0.25009163745249696
0.3499566398088616	-0.005138782575288589	0.25009110293745385
0.34995708261599606	-0.005137330960938755	0.25009010097452805
0.34995757225068524	-0.0051357342264356926	0.2500890107640829
0.34995813820792426	-0.005133879180557674	0.25008773121076533
0.34995836899538896	-0.005133121906899504	0.25008720781488925
0.3499588771572006	-0.005131468714387952	0.2500860850351069
0.34995923401987056	-0.005130307068681242	0.2500852952719793
0.3499596358921184	-0.005128999370535778	0.2500844069405276
0.3499599710473009	-0.005127914716591672	0.250083678405705
0.3499604761914834	-0.005126276531214516	0.2500825734919392
0.34996083533300365	-0.005125111138996483	0.2500817865973026
0.34996134547660224	-0.005123460816144468	0.25008067931818884
0.3499616967382549	-0.005122318993119143	0.2500799057946168
0.3499620299478193	-0.005121237645244567	0.2500791757464321
0.34996221075300343	-0.005120654597062388	0.2500787871566249
0.349962880814826	-0.005118485631348632	0.250077330612154
0.34996308697076717	-0.0051178196297965856	0.2500768851819499
0.34996343801857827	-0.0051166904124973905	0.2500761365342391
0.349963785664845	-0.005115568869778972	0.2500753886228143
0.34996427246594497	-0.005113993711522172	0.25007433201792717
0.3499645842143547	-0.00511299030710792	0.25007366608674325
0.3499650104673842	-0.00512629550257461	0.2500727595742436
0.34996585828129495	-0.005185117364780792	0.250070963673532
0.3499666336219301	-0.005257978708162983	0.2500693353059096
0.3499674559234314	-0.005343296629012298	0.250067612898098
0.3499685125921129	-0.005461968525040092	0.25006539967251473
0.3499692698684907	-0.005552520696943383	0.2500638046797271
0.34997114718012345	-0.005785783562298322	0.25005985237872863
0.3499725925237042	-0.005972833263461555	0.2500568367957132
0.3499738864746319	-0.006144669980540765	0.25005410502542247
0.34997478941220733	-0.006266802665752094	0.2500522227696734
0.3499767741211558	-0.006539815591238243	0.2500480865714454
0.34997774186507896	-0.006674393606012949	0.25004604151466353
0.3499797652724558	-0.00695951732407514	0.25004178472861627
0.34998203940413075	-0.007285470875508224	0.25003701927167254
0.3499836018635904	-0.007512207952106206	0.2500337478648711
0.349985179993804	-0.007743172417628799	0.2500304537115333
0.3499866117816372	-0.00795375823339449	0.25002746161461326
0.3499882803558426	-0.008198145477142108	0.2500239211962999
0.34998971527919165	-0.008410530877138986	0.25002090616740824
0.34999173999647293	-0.008711330287040533	0.2500166439634696
0.34999270444195874	-0.008855460698948672	0.25001462431069715
0.34999427070263134	-0.009090108671069005	0.25001135000701696
0.34999541773204607	-0.009262147522130101	0.25000894945894425
0.34999642927315994	-0.009413467126717492	0.25000681693130683
0.34999782909091953	-0.009623126431105564	0.2500038724976109
0.34999853067222797	-0.009728288284001005	0.2500024012942668
0.34999918671470537	-0.009826504216564905	0.25000101449795803
0.34999978654045166	-0.009916187744747298	0.24999976515826533
0.35000019047440717	-0.00997671970478918	0.2499989119632413
0.3500004451170267	-0.01001485061125977	0.24999837639013575
0.3500005136845308	-0.010025683917835357	0.24999823022456955
0.35000051010389704	-0.010025541707461352	0.24999823482012917
0.3500005016443141	-0.010025202809066311	0.249998245765034
0.3500004965941663	-0.010024980812649228	0.2499982568301881
0.35000049083943474	-0.010024739880042807	0.2499982665958359
0.350000485402142	-0.010024511152501317	0.24999827604252783
0.35000048050349297	-0.010024295068628383	0.2499982868516667
0.35000047292880343	-0.01002397337903986	0.24999830065383377
0.35000046551973885	-0.010023656002038847	0.24999831475430345
0.3500004605168671	-0.010023437519803044	0.24999832523091867
0.3500004559518121	-0.010023239602058656	0.2499983344508877
0.3500004512568601	-0.01002303413996293	0.24999834436867144
0.3500004459658918	-0.010022794317593078	0.2499983574383426
0.3500004417263644	-0.01002260234500331	0.24999836786298096
0.3500004357530249	-0.010022330885444727	0.24999838276713401
0.3500004308761328	-0.010022107256341492	0.2499983953870302
0.35000042674746346	-0.010021912749628867	0.24999840724966277
0.35000042092860967	-0.010021641230519338	0.2499984233668468
0.3500004183736766	-0.010021527768348651	0.2499984291332698
0.35000041457503217	-0.010021346974676812	0.2499984404551496
0.3500004072081493	-0.010021005688670523	0.24999846029119788
0.35000040423696405	-0.010020862812920486	0.24999846947430945
0.3500003987247531	-0.01002060401408826	0.24999848509117018
0.3500003946881809	-0.010020414050873602	0.24999849662682172
0.35000039052334275	-0.010020217666885725	0.24999850861525238
0.35000038667156264	-0.010020031691116218	0.24999852068266862
0.3500003807706635	-0.010019751300529858	0.24999853814842332
0.3500003768448665	-0.010019561619887304	0.24999855047233638
0.3500003734234538	-0.010019397000856481	0.24999856105645285
0.35000037052351174	-0.01001925702108751	0.2499985701276169
0.3500003677816536	-0.01001912558384406	0.24999857849955975
0.3500003396080239	-0.00992965935203656	0.2499986836268194
0.35000030259510223	-0.00982335186142573	0.24999880910414243
0.3500001513185829	-0.009494222168407465	0.2499992683556911
0.3499999540906402	-0.009125671730811483	0.24999985158927857
0.3499993163066732	-0.008434918965826224	0.2500014620560518
0.34999888311264005	-0.008044988194766636	0.2500025288523239
0.3499981573523607	-0.00720977885054179	0.2500044555795383
0.3499976889659677	-0.006796876637839136	0.25000563896346867
0.3499962898695933	-0.005679668988504458	0.2500091457150221
0.34999510189363453	-0.004645339475084734	0.25001220014518805
0.3499940509136767	-0.003743716836574859	0.25001492658755753
0.34999229234984186	-0.002738095438030705	0.2500192618848318
0.34999106126829477	-0.0015990345003023404	0.25002253656849543
0.3499869719626408	0.0006938564984072665	0.25003282713083597
0.34998471788493746	0.002081181303761323	0.25003863110839697
0.34998327342628044	0.002861891828112903	0.2500423238640047
0.3499793497173471	0.004920931732594738	0.25005242031552743
0.3499777933468096	0.005767824753174347	0.2500564745990673
0.34997431548648883	0.008214193190056077	0.2500658302664071
0.34996896176490006	0.010489913581938806	0.2500798188304506
0.34996596488092957	0.012270021554382879	0.25008793216911274
0.3499628604463755	0.01386589293923006	0.2500963266916377
0.34995748740572014	0.0161287139484015	0.2501108207814523
0.3499544443373609	0.01789992250291529	0.2501192566806728
0.3499500490507658	0.020280196295848193	0.2501315440863337
0.3499445690891753	0.02238377002692747	0.2501467423934177
0.3499391472225173	0.02514287192273297	0.2501621780640625
0.3499344037899276	0.027247139655399752	0.25017577096760574
0.3499294291739343	0.029115683479137885	0.250190077311902
0.3499274249365634	0.030376452978919874	0.2501959684325775
0.3499226521929568	0.03274052783067431	0.2502100524916258
0.3499181592688064	0.03485371989193241	0.2502234539057287
0.34991005836985434	0.03877373099763008	0.25024793303975756
0.34990510299857547	0.0408488610993996	0.2502630811662589
0.34989986771940756	0.04303139837277299	0.2502792596242168
0.3498969946837134	0.044366429157796164	0.2502882126350447
0.34989201866267894	0.04752813900808782	0.2503039609761709
0.3498884703504844	0.04964120684615557	0.25031531882403024
0.34988174168822106	0.05282455705038504	0.2503370707380299
0.34987850731458126	0.05437256786190402	0.2503476585815428
0.3498717909714753	0.05736826298259522	0.25036986282628243
0.34986548959649644	0.06055523101491174	0.25039097456803505
0.34986308327981813	0.06205976372417234	0.2503991237696767
0.3498590392659303	0.06438561536211461	0.2504129840541195
0.34985629002243895	0.06638565529877764	0.2504224483428146
0.3498532849374453	0.06847005479679806	0.25043294299832397
0.3498453237780264	0.07241990359248289	0.25046119957027885
0.3498416497649724	0.07464699508368784	0.25047447566632175
0.34983798329697363	0.07685145649242585	0.2504878706958623
0.34983500196645756	0.07884886123322464	0.2504988799256459
0.34983336019222727	0.08001741014585657	0.2505049915566213
0.34982928895074605	0.08389432712587856	0.25052029733469927
0.3498264220372864	0.08588770279402001	0.25053136593870395
0.3498254658201773	0.08707651968197595	0.2505350469698554
0.3498227214261752	0.08966672543591615	0.2505459203786877
0.34982138402524926	0.09089747852344761	0.2505513159499437
0.34981862520488677	0.09424351670049401	0.2505626720145502
0.3498176457636923	0.09601097985199296	0.25056686670488837
0.3498165475272607	0.09766392730811545	0.25057171162937575
0.3498158848822878	0.09861794142669598	0.25057471609566995
0.3498168021690845	0.1010323834810009	0.25057755761149714
0.3500390843164375	0.1033874756881442	0.2504421275136181
0.3504725783916861	0.10508518410215871	0.2501688736850302
0.3510673870205288	0.10674138466201626	0.24979182525228075
0.3518207107561067	0.10842998173515438	0.24932104477757988
0.35332584666476785	0.11103242136020645	0.24835916348707834
0.3545149477761708	0.11280530341028099	0.2476088141916292
0.3559220070144026	0.1146875602027796	0.24671687483330282
0.35823736038420895	0.11742302642166226	0.24523371485299944
0.36009015578854486	0.1194033375026105	0.24408304004978515
0.3611825836798164	0.1205159260307236	0.24340837960551637
0.3640730163626255	0.12328868689816276	0.241601438214523
0.36533307070296134	0.12442556257721772	0.24080015230001886
0.36995695690913905	0.12839158677889534	0.23784993846245864
0.3724594996602043	0.13041490140358175	0.2362543355604555
0.37490500657800213	0.13232327459219428	0.23465161518723188
0.37755572507388147	0.1343313454986555	0.23292327660783746
0.3817998189567493	0.13741804980181854	0.23019162678036545
0.3835516681487684	0.1386462844457373	0.22904344139104676
0.3867644323772241	0.14086150741805076	0.2269754496590463
0.3908813605428292	0.14363504657538367	0.22426818874281637
0.39452834027578354	0.14601780235989847	0.22180274571440042
0.39873527466007647	0.14871345431611255	0.2189724578999521
0.40214568439917175	0.15085936037205344	0.2166963303216412
0.4054157961822509	0.15286634521512382	0.2144020709494582
0.41054259499588563	0.15596047802321972	0.21083493809912093
0.413511852954863	0.15772665932821622	0.20878859275688813
0.4176610291160177	0.1601423199308329	0.2058219748956418
0.4196774527484263	0.16130620286932745	0.20439115975425076
0.42621459462918954	0.16501447882426007	0.19969354561902902
0.4297786597027201	0.16698552312824455	0.19704215557953358
0.43302709722958	0.16876027984733183	0.19460352705334197
0.43678363505338486	0.170790242291601	0.1918459768767277
0.44021183096171906	0.1726208181379888	0.18931116647165186
0.4440585536982865	0.17464025227426505	0.18638653141807304
0.44802385379576193	0.176697063840491	0.18334565441132894
0.45266150436802793	0.17905714707059006	0.17968021312196716
0.45586440572161135	0.18066335108934106	0.17703817300554273
0.4588870895300506	0.18215441715385705	0.17452577592750806
0.4635749884637912	0.18441934762961976	0.17062074101804364
0.466695253819377	0.18591653921697854	0.16784997641694432
0.469505991943707	0.18723847817448047	0.16535511645715997
0.47378617445974713	0.1892298734474573	0.1614673023628741
0.47662131935145124	0.19053352564972253	0.15874175343203073
0.47936223029196684	0.19178197889052268	0.1560464072826937
0.48210564780951454	0.1930230036085157	0.15324384810048525
0.4852712655341387	0.1944301471082598	0.14989870957247137
0.4879014574200575	0.19560068651883944	0.14690547213096783
0.4899254962161096	0.19648161464786434	0.14453032485339995
0.4921913683750775	0.19746371612226593	0.14173025566518166
0.49408489856562665	0.1982899559675318	0.13916734182896962
0.49658249844309926	0.19935909012700753	0.13557463524058389
0.498147446497709	0.2000227945366207	0.1331191708260968
0.49939789717988897	0.2005561078154492	0.13091263626349198
0.5003681690401464	0.20096685151519195	0.1290530783887987
0.5014161129693826	0.20140760951864428	0.12682514089313862
0.5029102163113448	0.2020310868707057	0.12281082777086622
0.5034910781714335	0.20227109300535678	0.12064232362352872
0.5037184615069404	0.20236151092879046	0.11953432522704505
0.5040258505931531	0.20247879094778354	0.11677952962988136
0.5040261245099169	0.2024641358753057	0.11464413620182806
0.5039406875373899	0.20240295785606555	0.1116826067092535
0.5038840947308388	0.20236333442512572	0.10955665850381535
0.5038573283496636	0.20234488763681796	0.10850041425507012
0.5037954689877623	0.20230315673637012	0.1059121311029998
0.5037400940511642	0.2022656729277018	0.10356419831375924
0.5036843478193908	0.2022269376566796	0.10127592924295264
0.5036426645205335	0.20219968690844553	0.09933934911372888
0.5035704386746142	0.20214844798767234	0.09644785187078181
0.5035191668940096	0.2021134925861196	0.09419265360119117
0.5034705700899204	0.20207992792422252	0.0921067477116913
0.5033925227876761	0.20202653095363737	0.08868096896212768
0.5033476494186457	0.20199610783277339	0.0866721429467785
0.5033037200791022	0.20196728074535641	0.08456042810356612
0.5032729229367482	0.20194682900097288	0.08311964312779813
0.5031904959047325	0.20189213109472243	0.07926829272239483
0.5031653876589398	0.2018759668835624	0.07801718569582589
0.5030890342758262	0.20182455234419144	0.07464229792518834
0.50305962914403	0.20180455753785892	0.07338842406273055
0.5029744016347468	0.2017490514527997	0.0693581446795602
0.5029281535368753	0.20171869034912482	0.06725558819945998
0.5028995769348775	0.2016997248309494	0.06601558997867796
0.5028410916348626	0.20166291266299252	0.06308230974596629
0.5027763130682104	0.20162179142031872	0.05998402288247395
0.5027306286136496	0.2015931605936938	0.05775182750062907
0.5026887738106751	0.20156737294457644	0.05563306651478578
0.5026402078343668	0.20153665134546267	0.05343679540207519
0.5026053678686961	0.201514272859401	0.05198229133977006
0.5025318179604399	0.20146922318904043	0.048412799517039806
0.5024851518928789	0.20144037112445007	0.04630381031929892
0.5024472895786402	0.20141770013173949	0.0444050699305969
0.5024121420960979	0.2013971081371685	0.04253664589039624
0.5023685958576944	0.2013706612372302	0.04060391666677077
0.502307913678353	0.2013345635324994	0.03773597924576638
0.5022681711475959	0.20131083682759549	0.035972831901985636
0.5022371684954617	0.20129234201649376	0.034631506036033266
0.5021908585188656	0.20126544357973902	0.03240794227156074
0.5021569312881385	0.201245769483889	0.030836203175187926
0.5021037118008215	0.20121497812052558	0.028437409836411354
0.5020705763331204	0.20119620903043012	0.026832576599178648
0.5020379380191012	0.2011777934929067	0.025271637719926687
0.5020121170850634	0.20116297954935625	0.024210350452890328
0.5019564859704784	0.2011318429912871	0.021626038035691242
0.5019261058554053	0.20111484867921814	0.020307062768528117
0.501896592064172	0.20109841714148702	0.01903730135772197
0.5018698758640818	0.20108362797377288	0.017880818012395383
0.501827366453008	0.20106027892792755	0.016066435228936304
0.5018105661408566	0.20105107354842355	0.015378401886979531
0.5017759340155122	0.20103223034665635	0.01390837026803371
0.5017505510366128	0.20101849872472266	0.012850905588794648
0.5017270267328393	0.20100580096943077	0.011980118466469514
0.5017026560489088	0.20099270041325273	0.01110507281830786
0.5016715809544994	0.20097598014940565	0.009984686023478906
0.501658286956234	0.2009689125805772	0.00956446825942231
0.5016377094770784	0.20095802937167567	0.008965521305062063
0.5016131510280482	0.2009450530492894	0.00832110679451653
0.5015945454615826	0.20093528339482786	0.007899663259322454
0.5015697133762539	0.20092238658074607	0.007452616726898897
0.5015595825099289	0.2009168975706968	0.007327301455620161
0.5015449282890487	0.20090910505574744	0.007199236221098693
0.5015256345404352	0.20089895967645527	0.007137851913391724
0.5015111892922777	0.2008913131361536	0.00711801108606086
0.5014975468034821	0.20088400005213208	0.007099243295864643
0.501476995364717	0.20087348920123949	0.007071223844181462
0.501468545267866	0.20086885418817318	0.007059550065011133
0.5014437577119052	0.20085575181800885	0.007025554856138927
0.5014299890296287	0.2008485244165898	0.007006699491956425
0.5014171140446689	0.20084147627381083	0.006988924680928932
0.5014043036761816	0.20083453226020453	0.006971274771833236
0.5013973451930426	0.20083078589928383	0.006961700852684549
0.5013762851181818	0.20081914733104034	0.00693257560247823
0.5013655992344959	0.20081322169272964	0.006917788224859778
0.5013522371776996	0.20080577500222185	0.0068992795237065585
0.501338963778225	0.20079842944542386	0.0068809208477257355
0.5013225798508055	0.20078930790741623	0.006858233343560671
0.5013036792901351	0.20077881877292963	0.006832079768301524
0.5012961787010383	0.2007746720289048	0.006821709486500072
0.5012824750522016	0.20076692834823762	0.00680267706941079
0.5012632801518336	0.20075598082309826	0.006775967202175326
0.5012560148049866	0.20075193863493512	0.006765910419116672
0.5012397305069312	0.20074264185382412	0.00674324709897528
0.5012281357479904	0.20073604012338486	0.006727120197154823
0.5012152757385152	0.20072872151538274	0.0067092358528823
0.5012033667139519	0.20072182807654282	0.006692613640544465
0.5011926151554371	0.20071566309384947	0.006677638040388456
0.5011776457467112	0.20070704674759932	0.006656770744183527
0.5011719397212853	0.20070371270614384	0.006648790469781951
0.5011516322776526	0.20069191450597973	0.006620425411179298
0.5011399606955668	0.20068519821525838	0.006604157526122256
0.5011325747623928	0.20068090272883893	0.006593839046056649
0.5011193099109483	0.20067318007952267	0.006575303469929461
0.5011089118022163	0.20066710732492343	0.006560763787054835
0.5011026323069632	0.20066343492126193	0.006551980579049987
0.5010835954139484	0.2006522599528237	0.006525331507488796
0.5010778918392824	0.20064892283584912	0.006517353316926822
0.5010670337981449	0.20064253925942782	0.006502148669444208
0.5010541355843224	0.20063496248055723	0.006484090812060472
0.5010436178928614	0.20062878049051253	0.006469364031093383
0.5010329860332331	0.20062252133726732	0.006454472133718414
0.5010205573637613	0.20061514731373348	0.006437032662570674
0.5010152002477384	0.2006119840795091	0.006429524091244643
0.5010013112070066	0.20060378865175482	0.006410060392376127
0.5009920343722432	0.20059829982573862	0.006397052160245165
0.5009788679398187	0.20059050960108976	0.006378590025837294
0.5009702131239353	0.20058536394450344	0.006366440604676726
0.5009651331054172	0.200582343724244	0.0063593094906386205
0.5009486508290212	0.20057255068105528	0.006336175999199889
0.5009427853919021	0.20056905251760426	0.0063279364244096525
0.5009344607303198	0.20056408503451434	0.006316240822747177
0.5009220775288964	0.20055671769061978	0.00629885558186577
0.5009139121480528	0.2005518573695682	0.006287390713719754
0.500902269952499	0.2005449377354554	0.00627104996382144
0.5008923505910776	0.20053902628622894	0.006257118657649163
0.500886971499795	0.20053580850725983	0.006249557230192715
0.5008794876142859	0.20053133527453126	0.006239039175985117
0.500868202846293	0.20052458873658752	0.006223178553021791
0.5008601773356606	0.20051979079237775	0.0062118989194319685
0.500848448541959	0.20051277608495727	0.006195412972680614
0.5008409364337126	0.20050828589581277	0.006184855557817448
0.5008358728508326	0.20050524726914093	0.006177732487342991
0.5008255113912409	0.20049902812290815	0.006170882546112311
0.5008180276755555	0.20049442982792703	0.006385481839397578
0.5008077035912658	0.2004880172173567	0.007249573487980665
0.5008000745374981	0.20048352416864557	0.00809024964298194
0.5007920216142981	0.20047877106015533	0.009201377649041442
0.5007826094783723	0.20047342797987733	0.010573471755523478
0.5007766667079593	0.20047003799437785	0.011506461380284994
0.5007555135571683	0.20045848451125825	0.014688239501297273
0.5007456787437564	0.2004529257409678	0.016424593696015344
0.5007291463915133	0.20044399020422615	0.0189866760454242
0.5007068186625047	0.20043296978675862	0.02143834265223238
0.500685866781867	0.20042195824042108	0.024348648457619915
0.5006482718440025	0.20040276237827215	0.02872420033930495
0.5006223398334894	0.20038943245142465	0.03165572266277361
0.5005965146403757	0.20037550957826733	0.035184142298316734
0.5005544850668344	0.20035427001307216	0.03885243072344963
0.5005178019246436	0.20033535188203033	0.04220522452563191
0.5004899889102264	0.2003199554951382	0.0458499658248136
0.50043637868622	0.2002908431357993	0.05131849332748656
0.5004161691677077	0.2002796579608937	0.053444652527538716
0.5003811504446413	0.2002593975612706	0.05793896251819869
0.5003508508872787	0.20024182734144952	0.06145904675979902
0.5002812067830907	0.20020294996288607	0.06666677679884797
0.5002356800056081	0.20017481742646576	0.07275168240300772
0.5001814231827632	0.20014273503256758	0.07705934054292102
0.500120488077905	0.2001062420360168	0.08159904746139357
0.5000776257392427	0.20007896846871226	0.08619507188521319
0.5000481334757148	0.2000597780565041	0.08927533127666804
0.4999898214701246	0.2000214098542713	0.0948858090088519
0.49993475888728167	0.19998251996479938	0.10189460795999289
0.4998872160987739	0.19994962596738414	0.10598697463487572
0.4998342869943628	0.19991222777751833	0.11046349879708428
0.49980621288574356	0.19989159556371083	0.11337772817300201
0.4997234599846137	0.1998286541871489	0.1214863869394765
0.4996986114439689	0.19980882234909708	0.1243565889531475
0.49966228385128614	0.19977812531689032	0.12947739295267324
0.4996354588085628	0.19975503569459385	0.1328563905051891
0.4995798573527694	0.19970533354460646	0.14041508934764596
0.49953599238472335	0.19966503163856086	0.14510070974237127
0.49950996168899936	0.19964114039210268	0.14740991584139912
0.49947824891229303	0.19960785221333582	0.15294819334654308
0.49946004945309597	0.19958898591515584	0.15532155058358293
0.49941920891159974	0.19954346806250234	0.1620377522854089
0.49940179621305075	0.19952158385737262	0.16578971303512363
0.4993922035250766	0.19950862954556736	0.168221760215153
0.4993690161374166	0.19947809937481226	0.17261027501526122
0.49934569785272276	0.19944457312619596	0.17727593083524418
0.49933418923469014	0.19942627733939922	0.18000166197818643
0.4993208860342156	0.19940488009210378	0.1827253024519449
0.49931664833269956	0.19939642826396453	0.1842484308130437
0.4993070453141403	0.1993724728101775	0.18888094197253447
0.49930303969479	0.1993609742807892	0.19091790159953104
0.4993029462865917	0.19935454786338896	0.19284189221547038
0.4993028841134444	0.19935058211163964	0.19390037126985404
0.4993065301241523	0.1993429894399904	0.196979364909654
0.49930930997178896	0.1993400275559004	0.19827325218095485
0.4993109303289321	0.1993381922014411	0.19893860674151234
0.49931698876217523	0.19933933200561094	0.20007028292937765
0.4993199770576065	0.1993412295227715	0.20039063789069358
0.4993297415849387	0.19934977639460866	0.2008977548431421
0.49923027210320586	0.1993213059024443	0.2009015483767643
0.49896072491421517	0.19923587021725936	0.2008915481993729
0.4985228004719098	0.1990941139753818	0.20088136314016325
0.49790192620857515	0.19889107121908262	0.2008715422963852
0.49687512578150606	0.19855353684083507	0.20085920553036216
0.49595193197900095	0.1982494817082608	0.20084946573132287
0.4947581434040851	0.19785548397990038	0.20083909060860744
0.4933579724463352	0.1973923448947878	0.20082966943130137
0.49110558581422864	0.19664696889484262	0.20081621257662963
0.4893476041912181	0.19606460139819182	0.20080748269098728
0.4881032274262019	0.19565208624536246	0.20080217837825765
0.4840725145614413	0.19431558210492883	0.2007880488114876
0.48269949570590165	0.1938597888721289	0.20078375336974755
0.48035736294296616	0.19308243183552692	0.20077798364876112
0.476807373583586	0.19190417890947098	0.2007722014126983
0.47407331336053266	0.1909961396065371	0.20076800513088455
0.4714673630950777	0.19013036952804852	0.20076489953811213
0.4682862229276895	0.1890733192518071	0.20076246469412656
0.466273158836893	0.18840450657311952	0.20076361007874155
0.4621140117546166	0.18702198016050298	0.20076377120487912
0.4575429155993309	0.18550199832907827	0.20076589307929213
0.45422686922630356	0.18439901166256123	0.20076588266935685
0.4519755523621678	0.1836500524106281	0.2007688962262995
0.44769059623741786	0.18222428400126361	0.20077698475905859
0.44522670944863635	0.18140425336025356	0.20078300328547527
0.4396463477547084	0.17954671172908743	0.20079001138037697
0.43623050114002687	0.17840926494650977	0.20079832367517864
0.4330921066941776	0.17736424387918243	0.2008030859450776
0.429195863010162	0.1760669320548131	0.20080598764651908
0.4255730476923722	0.17485972061689947	0.20081793600389583
0.4213418706190432	0.17344927816672917	0.20083506846394913
0.4174255341768006	0.17214409955279664	0.20084583441948073
0.4139746728238513	0.17099372356245923	0.20085699458485257
0.4093532069616772	0.1694527461571924	0.20087367274465662
0.4071402141218573	0.16871518680116987	0.20087860475075633
0.40245786683555124	0.1671537852966496	0.20089415659959065
0.40058003483910654	0.16652769305326054	0.20089949424618403
0.3958899789689932	0.1649645497265489	0.20090877035586888
0.39252928325746433	0.16384292113120547	0.20092436221152116
0.3895053399976512	0.1628337884653388	0.2009375693403162
0.38642270691780395	0.16180563714006185	0.20094764099953621
0.3821245422409429	0.16037197495574096	0.2009621294332865
0.3793397956853171	0.1594425170320029	0.20097465737205833
0.37582148426001455	0.15826974812226163	0.20098277492259614
0.37267695695420844	0.15722162049579191	0.20099000996750924
0.370107491631704	0.1563647817410897	0.20099817369350334
0.3676749505185033	0.15555495150430226	0.20099959531144027
0.36515669718357346	0.15471537896019122	0.20100736297170532
