0.34999820844892554	-0.1499989568161082	0.201434416591537
0.34999820844892554	-0.1499989568161082	0.201434416591537
0.3499975924787793	-0.14999868389041576	0.20176877949301933
0.3499969885100672	-0.14999837343944705	0.20216437506160712
0.3499964521833987	-0.1499981130707525	0.20248120799506475
0.34999587243303915	-0.14999783454368115	0.20281171135316078
0.34999555626438	-0.1499976580466882	0.20303590344499234
0.3499946941176505	-0.14999721868665666	0.20355408352651733
0.34999351696216274	-0.14999670996453895	0.20406495472892378
0.3499931356314395	-0.14999651137585135	0.20429234893881626
0.3499922207839516	-0.14999605182696324	0.2047847305481067
0.349991409469551	-0.14999566323157476	0.2051661661971556
0.3499906491146267	-0.14999520825534335	0.20569791017099337
0.3499899380254294	-0.14999480398888992	0.20613248232898762
0.3499891791718228	-0.14999440804517034	0.20649740643964876
0.3499885807826913	-0.14999404950932405	0.20687449779955566
0.3499879190392397	-0.14999367824719612	0.20721491713128473
0.34998686095980563	-0.14999307574563928	0.20773928228632874
0.34998643051905765	-0.14999282198525396	0.20795631004458065
0.3499859510545204	-0.14999249704585188	0.20828789827526048
0.3499852515172128	-0.14999200867492607	0.2087667190150555
0.3499847988118524	-0.14999167711693856	0.20908561883857135
0.3499844327088205	-0.1499913761146105	0.20941081214228344
0.34998420016715875	-0.14999116741032237	0.20964571714234465
0.34998384180686803	-0.14999086878080214	0.2099047241016626
0.3499834392732485	-0.14999048410662735	0.21027529313990906
0.349983188021392	-0.14999018715407914	0.21057911875553825
0.3499830708891836	-0.14999001096393158	0.21076958208377478
0.34998303344821274	-0.1499899201102095	0.210885028708594
0.3499830526295567	-0.14998983974846358	0.21104082589825085
0.3499831210886599	-0.1499897789875888	0.21117273048152857
0.34998316954056885	-0.14998977918907208	0.2112080790846989
0.3499833542817489	-0.14998986237193013	0.21124318386853744
0.3499834302441141	-0.14998991194612502	0.2112394824897893
0.3499837315093718	-0.14999018178795626	0.21114175504547336
0.34998389253452483	-0.1499903988868505	0.21103547303741693
0.3499839803762831	-0.14999055050849958	0.21095437770088493
0.34998415904605723	-0.14999090382143282	0.21072578809572498
0.3499842554284553	-0.1499912476120845	0.21048914914386802
0.34998430408040276	-0.14999178678065112	0.21008492114381086
0.34998432300489524	-0.1499921671597964	0.2097538229494767
0.3499840045252169	-0.1499926795794621	0.20934918941381464
0.34998366409750326	-0.14999315720778622	0.20893396427466893
0.34998312359486566	-0.149993867328117	0.2082299088789522
0.34998262941582436	-0.14999424293260213	0.20784250357800754
0.34998183173337427	-0.14999472393470825	0.2073245086777255
0.3499807172168741	-0.149995278961853	0.20667688811031623
0.3499791156733354	-0.1499961071978984	0.20556767968426004
0.3499769142737433	-0.1499966854556361	0.20469064277256036
0.3499742868586145	-0.14999736901770183	0.20349118065253202
0.34997283168661075	-0.14999760231302944	0.20299907436194473
0.34996969320618104	-0.14999800179889855	0.2020126002827808
0.3499648314243478	-0.14999854097463877	0.20041596457300911
0.34996317419002465	-0.15000475945934444	0.1993154736226343
0.35005021587071256	-0.15029126793134112	0.19758166690883655
0.3502164630630529	-0.15080857418314242	0.19614353855240096
0.3504305553212105	-0.15148442038844956	0.1946799597292785
0.35073766452066424	-0.15245336430934636	0.1929320137975096
0.35100851966175567	-0.15330963338503434	0.19158585492169886
0.3515524002394454	-0.1550036146877259	0.18925509738584723
0.35224025376795753	-0.15716731305140863	0.18655722842337358
0.3527337347524808	-0.1587005365674996	0.1848005879929927
0.35328738490427625	-0.160437132156508	0.18289874991911217
0.3537419561341883	-0.1618610215177378	0.18139179363546354
0.35466229339152194	-0.16474369995161497	0.17846224100533203
0.3556730872821178	-0.1679116996953251	0.17539475407135707
0.3563610380185386	-0.17010412756111948	0.17332808204707484
0.3571665612986129	-0.17263355358477628	0.17100452754501916
0.35802973964841855	-0.1753823641462997	0.1685267512111461
0.3589484927327931	-0.17830752805497557	0.1659362212976783
0.3603103699196053	-0.1825935854958526	0.16221920861975853
0.36116788506251857	-0.18529543649890234	0.15990916765165614
0.36215774371669246	-0.18847530271252344	0.1572209351144147
0.3627116558811342	-0.19022435088692097	0.1557528656959592
0.3637992677859375	-0.19366418084220258	0.152889384011776
0.36530274471603436	-0.19843233558481305	0.1489535448744182
0.3667091379596983	-0.20289796256122483	0.14529497973183642
0.3677439270867069	-0.20610535412794678	0.142681559956073
0.3688542278512833	-0.2096502953212805	0.13980164548890778
0.3700110340891698	-0.21337811846833227	0.13677979936296059
0.3706330961259056	-0.21532386023397998	0.1352043735553209
0.3726854399263239	-0.22179303612441809	0.12996752151852659
0.3737428324366569	-0.22511503185027348	0.12727502271879598
0.37436956169467966	-0.2270763318185533	0.125683314437896
0.3754292131096199	-0.23038976716758514	0.12298960156821198
0.3774141568575317	-0.23666358942295995	0.11786202424618292
0.3786841491729087	-0.24072318380191143	0.11452034427776497
0.3794807766203134	-0.24323153420187504	0.11244484842591562
0.3803535382740098	-0.24601892927172553	0.11012602273309136
0.38156192725683225	-0.2497704700815438	0.10697993903624892
0.38243116256189263	-0.25247751268555607	0.10469283329878754
0.3843685219575257	-0.25861932542466803	0.09942573630469587
0.3853159437715729	-0.2615939825729082	0.0968264238802074
0.38624192235507204	-0.2645095492843563	0.09424884205289186
0.3867791283037313	-0.2662017185273241	0.09273728033780637
0.38805902129510017	-0.27025587271310425	0.08905374317180176
0.38895586143775185	-0.27305100423382933	0.08645555906046143
0.389783097667687	-0.2756465893081108	0.08399868829270524
0.3909036217304599	-0.27911946344944377	0.08061134121573993
0.39183201427962294	-0.2819880582730756	0.07772387259827379
0.3929468608764512	-0.28547757014586583	0.07405397939254321
0.3936012445510986	-0.2874937572357015	0.07183371684137896
0.3939998823496692	-0.28872157690739975	0.07043835678390425
0.39487561412563316	-0.2914358835341043	0.06721848557753485
0.3956407088605547	-0.29374180593042426	0.06422846432138196
0.39618266926291507	-0.2954058328683326	0.061894116682840616
0.3965724290834198	-0.29657841662777895	0.0600739851888526
0.3968386458548964	-0.2973922824830239	0.05871492035907011
0.39720770481990453	-0.2985187785046979	0.05665159146237264
0.3974495137480686	-0.2992421378729549	0.05507626592984438
0.3978258069689711	-0.30033593935360353	0.05191180823754116
0.3979347776966461	-0.3006285539069545	0.05030305763248183
0.39797918660340736	-0.30072184387738654	0.04886751639044101
0.3979845398622223	-0.30071122742878165	0.047919750109273684
0.39799551622528784	-0.3006891292189936	0.04600370121424713
0.3980084215176651	-0.3006674373826049	0.044033970737381856
0.39801661882035017	-0.30065289860625666	0.0427533265228186
0.39802053681197064	-0.30064351724457083	0.0420079400532834
0.39803456358219896	-0.3006251200246244	0.04022950966264749
0.3980478759845837	-0.30060655608129927	0.03850568306261609
0.3980534653930999	-0.30059933046787896	0.03782308843824472
0.39806900770102815	-0.30058452899667676	0.036241287961081836
0.39808504664502603	-0.30056674984658877	0.034502602259381676
0.398096179177001	-0.3005552970585698	0.033369475834621354
0.3981064413693778	-0.30054402568987826	0.032302219492185535
0.3981171709963144	-0.30053340693466296	0.03126291774664547
0.3981276745366946	-0.30052281301208045	0.03025176571848065
0.3981392623185811	-0.30051508870012344	0.029360261784989128
0.3981568717574415	-0.30050063403711696	0.02789347155813021
0.39816450889273053	-0.30049452915974467	0.02727798443272661
0.3981824523017587	-0.3004823331397471	0.02596948604712135
0.39819363532295193	-0.30047431088062126	0.025150520416499733
0.3982037390331878	-0.30046634370596276	0.024388612454726843
0.3982221913593408	-0.30045550914652547	0.023210531578134408
0.39823347684076776	-0.30044892480048185	0.02250880771795921
0.3982464579734255	-0.30044164918171945	0.021731703301152094
0.39825900616078286	-0.3004356548238333	0.021047518463342796
0.3982773067484831	-0.300425158851235	0.019999148051149107
0.39828871003835625	-0.30041868786369935	0.019367783873671385
0.398301144599368	-0.30041247731175796	0.018734153422811706
0.39831262240101817	-0.300407044103557	0.018175039780726543
0.39833087705718107	-0.3003986413449658	0.01732208100315924
0.3983394268734867	-0.30039489677142966	0.0169436374537687
0.39835601982457636	-0.30038855831570377	0.01626832867241057
0.3983688631892448	-0.3003834754367698	0.015754472580781165
0.3983822718879328	-0.3003777370366389	0.015218255821746018
0.39840042583829205	-0.3003709221775006	0.014560410732788465
0.3984126263639922	-0.3003663060640923	0.014133104071181568
0.39842505322800426	-0.3003615893418156	0.013711233716396043
0.39843736633707505	-0.3003574733679789	0.013331595200667679
0.39845190405431347	-0.30035275510716913	0.012905427158083072
0.39846774735516216	-0.30034746356196795	0.012455904779139937
0.39847944699984444	-0.3003438882076291	0.012152938896974053
0.3984921746431528	-0.300340036872038	0.011836809871257847
0.3985047865713451	-0.3003362413401807	0.011538736633385172
0.3985234549158274	-0.30033086148891475	0.011134327135287558
0.3985358335663369	-0.3003272362814667	0.010879810330754192
0.3985440150424723	-0.3003249813058219	0.010725152990823383
0.39855904572440093	-0.3003207924745561	0.010454444933605589
0.3985708113873689	-0.3003175882861274	0.010257880151186505
0.39858527324561277	-0.3003137867388393	0.010039874334921761
0.39860176907092637	-0.3003095471452532	0.00981445890957039
0.39861340735473516	-0.30030661536164904	0.009671267396685224
0.39862085444657913	-0.3003047988405796	0.009589664277066423
0.39864193336463705	-0.300299721986282	0.009383044683392072
0.3986534269336046	-0.30029700555507055	0.00928740720159088
0.39866545351734584	-0.30029422433679537	0.00920433591925357
0.3986773047476112	-0.3002915080046824	0.009133056416381735
0.39869574113610873	-0.3002873595813287	0.009049021665678891
0.39870746586558997	-0.3002847694811786	0.009013176844981652
0.3987186159564656	-0.3002823300185173	0.008989688845999266
0.3987352094653068	-0.3002787486326868	0.00897513068343403
0.39874675882704586	-0.30027626261003454	0.008981224000767674
0.39875507387770776	-0.30027450163190805	0.008986323409680752
0.39877100058849724	-0.30027112667116423	0.008996405712937028
0.398778627274598	-0.30026950787261175	0.009001395648831123
0.3988057231579606	-0.300263681886872	0.009019815443249146
0.3988153088137993	-0.3002616214848008	0.009026498172408859
0.3988410310951077	-0.30025604936025985	0.00904486338770355
0.3988518106649843	-0.30025370654694394	0.009052682800615552
0.39887744719023155	-0.30024814792445476	0.00907154815694361
0.39890432762896	-0.30024229295503985	0.009091677436090129
0.3989249417596746	-0.30023781031518004	0.009107308794060187
0.39893851091574273	-0.30023486023349644	0.009117676967597133
0.39896653655239117	-0.30022874658412463	0.009139274861113544
0.39899163965754714	-0.3002232649412974	0.009158803141223748
0.3990223715161484	-0.3002165562043135	0.009182903977272283
0.3990448513088136	-0.3002116249015941	0.00920066221337168
0.3990686921942225	-0.3002063978387622	0.00921958684848323
0.3990918573032824	-0.30020134058042536	0.009238083319935309
0.39912849165490316	-0.30019330731449057	0.00926750055351594
0.39915465947754425	-0.30018757460610096	0.009288622583251749
0.3991800332213353	-0.30018201140822043	0.009309181618459006
0.39920013743740423	-0.30017759269545974	0.009325530868850296
0.39923382149424336	-0.30017019511483667	0.00935301063939531
0.39926100255216646	-0.3001642231067676	0.009375274694176539
0.39929825202382135	-0.30015604364434145	0.009405904206640003
0.39932488499753216	-0.30015019401358967	0.009427874169134431
0.3993512004406973	-0.3001444144477625	0.009449639380144814
0.3993763782818264	-0.3001388705473284	0.009470512884993953
0.3993923748542784	-0.3001353491170735	0.009483797230574187
0.3994232016160897	-0.3001285787899586	0.009509459778721863
0.39946935782703735	-0.30011841882303103	0.009547997948209319
0.3994977920223962	-0.3001121662512308	0.009571806336101885
0.3995133852567533	-0.30010872758634777	0.009584881469240525
0.39954764956661487	-0.3001011810439226	0.009613664744957062
0.39957497126541164	-0.30009517166171956	0.00963667020584219
0.39959862415399916	-0.3000899594451323	0.00965661654028016
0.39962200556854055	-0.3000848129430017	0.009676366740081488
0.3996594967730549	-0.30007655764153374	0.009708086898220614
0.3996726754796343	-0.3000736486733229	0.009719251736410084
0.399695707649607	-0.3000685703190384	0.009738787036870533
0.3997260310226117	-0.3000618884278253	0.009764547634756093
0.3997478659259953	-0.30005707639377427	0.009783125285550587
0.39977893906129713	-0.3000502233971687	0.009809601650178579
0.3997992890104973	-0.30004573999205714	0.009826968413287784
0.39981879209282234	-0.3000414380294861	0.009843629763041373
0.3998376086591299	-0.3000372864191169	0.009859719845348891
0.3998565250011724	-0.3000331138081724	0.009875912003583731
0.3998743477831466	-0.3000291778610285	0.009891183714300977
0.3998996097155747	-0.3000236041159356	0.00991286049261092
0.39990956541447287	-0.3000214084325606	0.009921412911267136
0.39992318049561265	-0.3000184007148971	0.009933115672653425
0.3999376713698555	-0.30001519872627785	0.009945581586015217
0.3999532097548323	-0.3000117671463008	0.009958963912697183
0.3999685126399337	-0.30000838194173335	0.00997215729538592
0.39997803063543874	-0.3000062788148059	0.009980374924322688
0.39998684460018663	-0.300004330204765	0.00998799108658105
0.39999352868015103	-0.3000028490071513	0.009993771310748745
0.4000015046988172	-0.3000010800732497	0.010000677346423237
0.40000574991719023	-0.3000001362797262	0.010004358257386103
0.40000777807636384	-0.29999968390106374	0.010006119804390923
0.4000095428064204	-0.2999992854722852	0.010007655818120798
0.40001095980209733	-0.29999913140744483	0.010027659627043994
0.400026160334368	-0.29999927755831884	0.010463288711756724
0.40006741542481683	-0.29999864092443257	0.011706181197999654
0.40010960994942457	-0.29999655940929226	0.01305091917057638
0.4001386070420745	-0.2999943600413137	0.014015006813047903
0.40023222403344677	-0.29998578646905744	0.017247382335247807
0.40030783769177697	-0.29997372424163543	0.02011676553684394
0.4004195600963251	-0.29995890940686365	0.024344956441021193
0.4004700520853219	-0.29994497392502706	0.026591328982296214
0.40054421472474366	-0.29991680778834784	0.030266330667501617
0.4006900450211756	-0.29986126606269103	0.03774706819238788
0.4007504983498027	-0.2998387284681092	0.0409207364559232
0.40086151629447486	-0.29979363662553304	0.04705267048831313
0.4009467270339606	-0.29974745209473763	0.05245017963103327
0.40098500580499374	-0.29971756404399374	0.055387550090443216
0.4010734680843859	-0.29963420620127806	0.06306128787921383
0.4011311384164896	-0.2995685485132954	0.06885296236895933
0.401199435176403	-0.29952900093083956	0.07408694839384722
0.40125563819223103	-0.2994669234185916	0.08017749868358104
0.40131525621944125	-0.2993808556326362	0.0881941537163482
0.40137174761282995	-0.299319191875388	0.09532557809162362
0.4013723331006487	-0.2992274930751877	0.10144625901120385
0.4013752156146704	-0.2991744011401865	0.10546323451767486
0.40139020344018705	-0.29905077429807647	0.11703513999592086
0.40138067890512646	-0.29900530130814057	0.12052834817129543
0.4013664798314219	-0.2989256678454133	0.1291038892747018
0.40131098310010976	-0.2988338703500798	0.1352151655709664
0.40127952413618223	-0.29878821269879385	0.13916512538692766
0.40118882706219205	-0.29869075163878445	0.14772747504066663
0.40110651087510946	-0.29862432328551675	0.15381104518451438
0.4009526260057856	-0.2985258211301248	0.16222343999563466
0.40084729340234715	-0.2984882436785824	0.1674601439024942
0.4006943976982926	-0.29841650301693756	0.17278796562127796
0.40044840175395324	-0.2983277206995178	0.18009898311150485
0.40031574949476506	-0.29830606876051363	0.18365817817393912
0.4001206338480717	-0.29826962091407383	0.18809409817898293
0.39992831353914754	-0.29824248910053214	0.1919388186178725
0.39957024144245323	-0.2982034487152845	0.19783952045789774
0.3992745045153537	-0.29818814269423216	0.20169747231619525
0.3988136917704427	-0.2981555234233708	0.20650605859430407
0.39845690344857027	-0.2981450202727703	0.20940355827120222
0.3981017824244903	-0.2980762328129907	0.2117659689484509
0.3976946104748391	-0.29774404919217423	0.214164068058631
0.397205398335076	-0.2970336503015253	0.21667947614154642
0.3967094416623998	-0.2959945868070982	0.21887031082831043
0.3959319220018952	-0.29405366860380405	0.22193527800579932
0.3953022236869298	-0.29223146186343824	0.22412881397504564
0.3943652908786849	-0.28914896650139377	0.22696794596500589
0.39395108203085066	-0.2876993398797917	0.22813687984060174
0.3929568009510868	-0.28399972405004187	0.23068568645828758
0.39220219257511235	-0.2810205926296546	0.23240394462591168
0.39113668082199543	-0.27663367495117197	0.2346535934172627
0.39032848202744025	-0.2731624924803848	0.23618456169183494
0.3894878463993334	-0.2694432516518244	0.23767247238732006
0.38862594626406377	-0.26554962159745543	0.23911314679392118
0.38808919386855006	-0.2630711930226709	0.2399379990712253
0.3867474255438719	-0.256760771755993	0.2418331314272113
0.3856715514474626	-0.2515364699092197	0.24329286625179938
0.3847607421898603	-0.24706259078770598	0.24434880184770555
0.38350990685120623	-0.24080703045039742	0.24578118366988674
0.382832470783227	-0.23736805103224307	0.24648344549476595
0.38192628347194213	-0.23275635483511975	0.2473539393213946
0.3803613295750732	-0.22466949760728688	0.2487739996133574
0.3789951612980996	-0.2174794884693394	0.24985642506116343
0.37793726955626866	-0.21181082892614994	0.25063994738880724
0.3770057330824509	-0.20680148347895372	0.2512953682830681
0.375935488399967	-0.2010021879940978	0.251980137213884
0.37444677227413403	-0.19293879730203162	0.2528002110624091
0.37341030848484497	-0.1872882346526614	0.25333485750621076
0.37283165079790975	-0.18406937790727107	0.25363052435015165
0.37105451625012387	-0.17427740006149497	0.25433329558996853
0.3699681110371044	-0.16816552297969492	0.2547622752171331
0.36891133819717953	-0.16219194645811508	0.25513056513196974
0.3679865172875602	-0.15698614662320545	0.25537326084610396
0.366614640189547	-0.14923799902248308	0.25570547142963146
0.36556137923373194	-0.1432821806575393	0.2559540599492066
0.3650507234864818	-0.14036809216497997	0.2560417479280004
0.36370698174227245	-0.1327538765057223	0.2562237297349671
0.3627586499303241	-0.12735790659632973	0.25633283310477795
0.36139238168842364	-0.11952883962643786	0.25642851581884424
0.36045285754815937	-0.11410271167446372	0.25646537826634463
0.359533412695764	-0.10878579491781538	0.25648525438823333
0.3589711667179195	-0.10553121972609318	0.25648633940521415
0.3582082987461588	-0.10114761702473081	0.2564400271340463
0.3570131273204163	-0.09424704540807054	0.25635175328524307
0.35597511315159935	-0.08821905468875145	0.2562561717489633
0.35518349394191984	-0.08359664376551838	0.25614409909846814
0.35451555499051896	-0.07969959206250153	0.25603640023966
0.3538478176830039	-0.07582598212618995	0.25591973807866986
0.3530004487067223	-0.07086877216234132	0.25572223590582
0.3524050064726698	-0.06738551623337559	0.255567559758046
0.351870683770548	-0.06425228821011743	0.2554264891609933
0.351388056625095	-0.06140879325425978	0.2552794211901024
0.35093240230698813	-0.05871101968842869	0.25512797584335856
0.3505551314400904	-0.05647290152727953	0.2549940535675027
0.3500987503155506	-0.05374135150148528	0.25480143247425246
0.349852397261779	-0.05226382398634964	0.2546893145776359
0.34958387971919647	-0.050641306104889386	0.2545532551377857
0.3494398334830445	-0.04975618488536647	0.2544622110278778
0.3493054827575914	-0.048914550392355774	0.2543532390900755
0.34927742412251034	-0.0487194913610116	0.25430181973438537
0.34928443310908586	-0.048732000448004006	0.2542600572531445
0.34928967574909486	-0.04874153288399262	0.254229081829143
0.34929986813388636	-0.04875998629474469	0.25416875559455093
0.3493074780915911	-0.04877369357695667	0.25412359282216834
0.3493112688263168	-0.04878049647671677	0.2541010804894452
0.3493179226622206	-0.04879240827973376	0.25406153791567276
0.3493269458477592	-0.048808513708667275	0.2540078422821407
0.34933073194307696	-0.0488152602728288	0.25398529613554033
0.34933823176017964	-0.04882861105356441	0.2539406121185316
0.34934793317565205	-0.0488458514136214	0.2538827781386168
0.34935347287139124	-0.04885568914637288	0.25384974366076973
0.3493599227322025	-0.04886713279957243	0.25381127593345953
0.34936606478467636	-0.04887802730929171	0.25377463496582586
0.3493716410046249	-0.048887914001390906	0.25374136560244404
0.3493799019953822	-0.04890255328776895	0.25369207825934414
0.3493855963934571	-0.0489126416478942	0.2536580996780442
0.34938927860783753	-0.0489191635084678	0.2536361294332545
0.3493973125676414	-0.048933392968693076	0.25358818482199347
0.34940284530703974	-0.048943189915350224	0.25355516890985264
0.34941069943228287	-0.048957096621460125	0.2535082964686108
0.34941657501359413	-0.048967497886895514	0.2534732364869168
0.3494216921346561	-0.04897655493379614	0.25344270663480295
0.3494249237978154	-0.0489822743469608	0.2534234271023448
0.3494322604140245	-0.04899526150315915	0.2533796442392915
0.34943949527799656	-0.04900806630220651	0.25333647669354054
0.3494444209130503	-0.04901678470254027	0.25330708393045015
0.34944974891091357	-0.04902621572664807	0.25327528784871706
0.34945326800848475	-0.04903244391653554	0.2532542909129112
0.34946195949183156	-0.049047824535881315	0.25320244092632477
0.3494668959088212	-0.04905656020639339	0.2531729921124337
0.34947199192896317	-0.049065577109963635	0.253142597065916
0.34947642010397484	-0.04907341373497799	0.2531161792741553
0.34948102379517093	-0.04908156163055789	0.2530887117772246
0.34948785280245437	-0.04909364774054813	0.25304796929969686
0.3494905139600111	-0.04909835678153969	0.25303209622634437
0.34949761401078744	-0.04911092116379644	0.25298974489932446
0.34950202416981974	-0.049118725097539104	0.2529634409515219
0.34950460870935096	-0.0491232980350509	0.2529480282509361
0.34951326325491633	-0.04913861171166918	0.25289641522264994
0.349515795995363	-0.04914309391497863	0.25288130806957326
0.34952177593828043	-0.04915367564693669	0.25284564457088665
0.3495261086119	-0.04916134248101582	0.2528198058078493
0.3495325293809058	-0.0491727050685825	0.25278151178832886
0.3495370576598905	-0.04918071738912848	0.252754510971796
0.3495411181891915	-0.04918790195170121	0.25273030033546073
0.3495451549182859	-0.04919504596049672	0.25270622510934343
0.3495475155731942	-0.04919922267885053	0.25269215106957776
0.34955328066430746	-0.049209423678144945	0.25265777725281446
0.3495580962815057	-0.04921794571067749	0.25262906061736956
0.3495635510754747	-0.04922759753203025	0.2525965394011655
0.34956793356994215	-0.049199031854268035	0.25257045443295445
0.34957223609457705	-0.04911484301322762	0.2525448935579607
0.3495751682109667	-0.049020888279313515	0.252527503628438
0.349584597814421	-0.04859721022639639	0.25247148530864555
0.3495903480685111	-0.048267622982346006	0.25243718191094955
0.34959594681422906	-0.047894531332896326	0.2524038022902058
0.34959937543788944	-0.047645849765212786	0.25238333820083864
0.3496096981883432	-0.04682704698647826	0.2523213611145373
0.34961845307509376	-0.04605000165466659	0.25226829056678796
0.34962313801811096	-0.045602732006147687	0.2522397684928847
0.34963178285962765	-0.04474050802328945	0.2521869446033703
0.3496383640091733	-0.04403997638071079	0.25214612784653945
0.34964619836672883	-0.043184765219282176	0.2520979884997835
0.34965542205562017	-0.04213054151479605	0.25204091952716073
0.34966299246365656	-0.041215566824141806	0.25199325868381267
0.34966729753704456	-0.04069761396440526	0.2519666147569427
0.34967863635097673	-0.039291670877868404	0.25189604742941807
0.34968860045158057	-0.037949628280416356	0.25183184866128666
0.3496931894086081	-0.037367124748637084	0.2518036497837941
0.34970363670794374	-0.0358941023802032	0.25173585641551743
0.3497143461152159	-0.03432805194984996	0.25166558337795975
0.3497191773525873	-0.03364525510855822	0.25163484031298755
0.34972969820356875	-0.03210944466060221	0.2515669863344917
0.34973696149497063	-0.030999791322607648	0.2515191662562928
0.3497455824308287	-0.029717952852175364	0.2514637449999806
0.3497560968497957	-0.02810781430290603	0.25139536438100063
0.34976051123815993	-0.027427055396514036	0.2513666700533063
0.34976759504805827	-0.026318268527447744	0.2513204063857333
0.34977985408980283	-0.02440382704833298	0.2512409235332117
0.34978826863263657	-0.023014368940296417	0.2511847609003578
0.3497984486030304	-0.021353040354671796	0.2511176944599997
0.349802905799896	-0.020603762971580855	0.25108787581735187
0.34981025865531523	-0.01937562887742912	0.25103902120533705
0.3498178747631787	-0.018206483344672023	0.2509911803691163
0.349828497057002	-0.016410195970334038	0.2509205939974969
0.349838511003366	-0.014740989818783592	0.2508549598053941
0.3498457662026323	-0.013505049765939678	0.2508069224897167
0.34985246077679083	-0.012387353704021956	0.2507632603174682
0.34985658539204906	-0.01168369163717721	0.25073604628605994
0.34986386998726077	-0.010498109136702724	0.250689492053152
0.34987618558245137	-0.008398095996580965	0.25060876000787724
0.34988220229751094	-0.007357426027462824	0.25056910162925217
0.3498857891805045	-0.006766821113965385	0.2505462179001576
0.34989276478940723	-0.005611247920729409	0.2505016213593858
0.34990265727924064	-0.003955978335870788	0.25043816227703763
0.3499075881209164	-0.003181398209589417	0.2504078115951073
0.34991439184675377	-0.0020933841527860236	0.250365567440811
0.3499192680894533	-0.0012767064870543438	0.2503345101567078
0.3499246507545841	-0.00043977784843317325	0.25030179177117806
0.3499296132120094	0.00035208717857930505	0.25027122687973175
0.3499339975204997	0.0010431587685217486	0.250244472040954
0.3499381163006902	0.0016840292103318805	0.25021958177017267
0.34994311819045393	0.0024192183109244952	0.25019039147323274
0.3499492344203168	0.0033243799951306746	0.25015468642189664
0.3499524132056762	0.0037699173366206457	0.2501367308080442
0.34995440185663224	0.004051468976617026	0.25012547613223923
0.34995758860380977	0.004490815190182115	0.2501077498049121
0.3499596149305488	0.0047525321816127425	0.25009690571802984
0.3499613503180426	0.004964556212702351	0.2500879231410604
0.3499626621482131	0.005109941946461347	0.25008150071293656
0.3499634535031796	0.005158787642444443	0.2500785481297655
0.34996378754004626	0.005157340401236568	0.25007782268380996
0.34996398948370394	0.005156456445115462	0.25007738227616777
0.349964588406937	0.005153839410753133	0.2500760811818771
0.3499648843711128	0.005152545704536951	0.2500754377067764
0.3499651918223558	0.005151202363239252	0.25007476987981897
0.34996551033282536	0.00514981174540087	0.2500740791605082
0.34996597587967987	0.005147780404835059	0.2500730709174766
0.3499662739508566	0.0051464795932753965	0.2500724251316341
0.34996659568115923	0.005145078052849403	0.2500717308023387
0.34996678201662446	0.005144266169353914	0.250071328496423
0.34996712576701694	0.005142767161667158	0.2500705849798226
0.3499675697638652	0.005140832254918112	0.2500696259680033
0.34996794416180743	0.005139199910966938	0.2500688164877987
0.34996812346294665	0.0051384180743156566	0.25006842871804014
0.3499685163395202	0.005136706928151866	0.2500675811575006
0.3499687923492487	0.005135504750019629	0.2500669856743296
0.3499690660449457	0.005134312613641043	0.25006639514159695
0.34996936148249724	0.005133026852409253	0.2500657588312456
0.34996975137299013	0.0051313296244269585	0.2500649186601288
0.3499700286806054	0.005130122429865894	0.2500643210367536
0.3499701839241812	0.005129447284325198	0.25006398717324196
0.3499706934143344	0.005127229183618617	0.25006288900672546
0.3499709507429075	0.005126109049460523	0.25006233452197757
0.349971089848615	0.005125503992606598	0.25006203525785775
0.34997146959416076	0.0051238516221688984	0.2500612176473329
0.34997176535282665	0.0051225647666129775	0.25006058092817185
0.3499720350499319	0.0051213920915224725	0.25006000111967014
0.3499723026109752	0.005120228342131619	0.25005942552798477
0.3499726779596726	0.005118595264027956	0.2500586175300845
0.34997291756371196	0.00511755342300961	0.2500581023878905
0.34997324453272377	0.005130808526160227	0.2500573958905781
0.3499738930309719	0.0051895299506058284	0.2500559871277353
0.3499744827963528	0.005262313266476734	0.25005470326529544
0.34997510677901655	0.005347542706354555	0.25005334362430254
0.3499759082358334	0.005466102090337474	0.25005159458753135
0.3499764848503473	0.005556575106055603	0.25005033254909426
0.3499779127002844	0.005789629678551414	0.2500472056212481
0.3499790027535768	0.005976539969046582	0.25004482289870034
0.3499799876953593	0.006148243847384119	0.250042661506457
0.34998066705902736	0.006270281581347639	0.25004117555274163
0.34998215899653823	0.00654308587048151	0.2500379114617559
0.34998289520925546	0.006677565172118247	0.25003629406024197
0.3499844275678142	0.006962480556190434	0.25003293100059765
0.3499861706637527	0.007293706430587132	0.2500291087896629
0.34998731955645734	0.0075147726708923585	0.2500265890352716
0.34998850468250947	0.007745571848689084	0.2500239920321271
0.34998958098592897	0.007956007945301949	0.25002163261542437
0.3499908534907443	0.008200226220587178	0.2500188317498537
0.34999193787789834	0.008412462971841506	0.25001645115015547
0.3499934710699122	0.008713053035935767	0.25001308395311256
0.34999419815294086	0.00885708240654623	0.2500114896174312
0.34999537764159633	0.009091565297853932	0.2500089050175347
0.3499962429237968	0.0092634830470677	0.2500070091237894
0.34999701162470626	0.009414696942803683	0.2500053223271028
0.34999807432948143	0.009624208278639662	0.2500029935835338
0.3499986062935539	0.00972929471449814	0.2500018303400689
0.34999910784763816	0.009827440224082593	0.25000073268566747
0.34999956144220334	0.009917056638798147	0.24999974649973986
0.3499998716885058	0.009977542168317241	0.24999907279897748
0.35000006735596406	0.010015641180975907	0.24999865322388487
0.3500001232553656	0.010026458855059109	0.249998544546511
0.3500001225024917	0.010026313185468164	0.2499985525278265
0.35000012069438363	0.010025966239157011	0.24999857127480826
0.35000011955007176	0.0100257382550408	0.2499985837666433
0.3500001182863826	0.010025491265678935	0.2499985972233267
0.3500001170892046	0.010025256767768886	0.24999861001594215
0.35000011597746117	0.01002503488373982	0.24999862219932822
0.3500001143014287	0.010024705010333188	0.24999864023740287
0.3500001126540182	0.010024379480500584	0.24999865806541294
0.35000011152835164	0.010024155245310015	0.24999867037918672
0.3500001105067411	0.010023952171763342	0.2499986815237832
0.3500001094501262	0.010023741294470229	0.2499986931112138
0.35000010823138566	0.010023494869328159	0.24999870670560495
0.35000010725616115	0.010023297621352859	0.24999871758733966
0.3500001058795578	0.010023018674680528	0.24999873298307596
0.35000010528983516	0.010022898850177514	0.2499987396011735
0.35000010390690917	0.01002261589719404	0.24999875525929943
0.3500001028952526	0.010022408262912424	0.2499987667579266
0.3500001010167066	0.010022024595443949	0.24999878796980343
0.35000009999016035	0.010021813492235618	0.2499987996617663
0.3500000992168528	0.010021656060342873	0.24999880835432675
0.350000098506894	0.010021508995198838	0.24999881651412326
0.3500000972131634	0.01002124280462073	0.249998831252453
0.3500000957737005	0.010020946155348293	0.24999884768051173
0.35000009516478864	0.010020820326558308	0.24999885465275232
0.35000009392553477	0.010020562939923663	0.2499988689323697
0.3500000929699045	0.010020365437858711	0.24999887987213043
0.35000009203145166	0.010020170174702928	0.24999889070604867
0.3500000912164934	0.010020000732725451	0.24999890010367598
0.35000008995008225	0.010019737247610308	0.24999891471668637
0.3500000863566403	0.010004112920806066	0.24999893624909844
0.3500000642245527	0.009920411710623162	0.24999902227075665
0.35000002570520194	0.009802407666364671	0.24999915546584717
0.34999978030089324	0.009237745970411104	0.2499999136684903
0.34999942857345306	0.008781169598176847	0.25000085606623534
0.34999892870883503	0.008264039909901405	0.2500021440866883
0.349998442114847	0.00783291309628259	0.2500033717084015
0.3499975204294162	0.006806898258775937	0.2500057793790919
0.34999657437452925	0.006048800431730353	0.25000814614108513
0.3499947699606265	0.004761711839350605	0.250012612923986
0.3499940882789249	0.004087838272523861	0.2500143631632847
0.3499928633704545	0.003098061224361806	0.250017441817029
0.34998958745828773	0.0009148011174024279	0.25002553720544685
0.34998757756088655	-0.00038462538561402637	0.25003051454862346
0.34998461365906935	-0.0017548763749934831	0.25003771019278925
0.34998197109667617	-0.0032659507946913996	0.25004422869415033
0.34998028060200487	-0.004115120968917793	0.2500483779958352
0.3499740696054755	-0.007126860583009306	0.25006366403972563
0.3499723654983431	-0.008212538578736786	0.2500679260955887
0.34996973327610287	-0.009914318398285174	0.2500745314809415
0.3499634552033335	-0.012368743839370075	0.2500900569094313
0.3499599151151579	-0.014282982376447664	0.25009894638961605
0.3499538868461122	-0.016906811903758243	0.25011408003389024
0.34994994803006224	-0.018419096355045697	0.2501239866734949
0.34994635516529693	-0.020309953532490918	0.25013310548289663
0.34994116941073244	-0.02284517829559947	0.2501463365665584
0.34993475461563683	-0.025079273465382787	0.250162712840414
0.349927782062509	-0.028182361368901995	0.2501806976640373
0.34992283257159496	-0.030218614057529694	0.2501935434962439
0.3499170319135726	-0.03218458672696707	0.25020866559275257
0.3499146768764539	-0.03350708952479471	0.25021480698284254
0.34990910507423667	-0.03598116412031259	0.2502294669401497
0.34990032229213264	-0.0400360142497503	0.2502527305715819
0.34989448256646816	-0.04225410881751894	0.2502683809307227
0.34988877290733317	-0.04439792083348003	0.2502837660981684
0.34988275836598326	-0.046644780564262564	0.25030007469487364
0.34987946336936365	-0.048014430452293214	0.25030902436364244
0.34987376042589835	-0.051242592442084414	0.25032448549774505
0.3498697146747703	-0.05339051125355525	0.2503355444131927
0.3498621187195068	-0.05660866494918619	0.25035658841207853
0.34985849961708343	-0.05816428931241864	0.25036668429061415
0.3498510262377396	-0.06116189101351159	0.2503876830897852
0.34984376278663853	-0.0644163827936514	0.25040816142830674
0.34984137843932467	-0.06583693568811318	0.25041483563571565
0.3498370563248834	-0.06809324525112649	0.2504270872691616
0.34983410493107414	-0.07004318002595052	0.25043536386872384
0.3498309148089601	-0.07206364157315402	0.25044440044148114
0.34982257531519423	-0.07585545967308828	0.25046859740040817
0.3498188311702917	-0.0779655835934271	0.25047945847449904
0.34981514637154404	-0.08003838688812036	0.25049020253858123
0.3498122087140756	-0.081900417181672	0.2504987556560462
0.3498094084085253	-0.08442633506040868	0.25050671997005247
0.3498068875690133	-0.08651443658584136	0.2505140283208046
0.3498042927012222	-0.08830338436215636	0.25052172613864176
0.34980350962006257	-0.08935662450063193	0.25052390830376076
0.3498012689113074	-0.09162239659202513	0.25053047395409156
0.34979911633420574	-0.09402477007129238	0.2505368338449899
0.3497983202221576	-0.09551147703684669	0.25053910158541437
0.3497978513878	-0.0969637371002574	0.2505403706882946
0.34979732327467694	-0.09829806065786055	0.25054192404321907
0.34979720299741596	-0.09959471478345532	0.25054220773160063
0.34979708258103526	-0.10101295091717157	0.2505419346901341
0.3497967663451118	-0.10266150236935999	0.25046852511668316
0.34979719193526077	-0.10387870119729566	0.25032356921561405
0.3497981765861021	-0.10503744989696613	0.25012455361032915
0.3498002975661057	-0.1067545378563607	0.2497251449723591
0.3498025295310346	-0.10792221684306562	0.24937410781577254
0.34980516385338173	-0.10907356617135681	0.24898237371931192
0.3498084201389122	-0.11027285327262228	0.24851952913288525
0.3498120168825789	-0.11136677320408801	0.2480447334681477
0.34981979419566284	-0.11317707720805396	0.2471569935937944
0.3498234747324548	-0.11384557054644746	0.2468030159843706
0.34983318862330653	-0.1154851922408671	0.2458677136235828
0.3498374568580573	-0.11614427025731182	0.24545833035782957
0.3498536507436324	-0.11841046384279012	0.2439728987612843
0.3498634113430075	-0.11954914553908387	0.2431768999731106
0.3498716803937032	-0.12060514535160415	0.24239659187435258
0.3498819394391981	-0.1217035047407276	0.24155548000960705
0.34990275386078995	-0.1233645808613106	0.24022462624662716
0.34991197610179614	-0.12400973042426928	0.23966789448226195
0.3499325645285076	-0.12516630807881512	0.2386669717930916
0.34995668955672826	-0.12659808014559548	0.23738714132862357
0.3499772371690477	-0.1278072854800128	0.23623951770046137
0.3500038277501414	-0.12915436842764882	0.23495133559468118
0.3500292238773411	-0.1302206994607537	0.23392656708254406
0.3500470328325471	-0.13120118712695616	0.23291194803069032
0.3500791911848707	-0.13272306415901108	0.23135618795623897
0.35010844039654265	-0.13354695256033766	0.23048410258542218
0.3501452515243751	-0.13467376324411384	0.22921505875167522
0.35016903677868133	-0.13520888128132807	0.2286086538981353
0.35024822050027915	-0.1369026857282461	0.22665141746720963
0.35028824981936213	-0.13779283146155763	0.22556616279433198
0.35032714502188783	-0.1385909942562465	0.2245800444947555
0.3503872746084064	-0.13950581892564112	0.22349330858433114
0.3504485311036942	-0.14032601329493694	0.22250661215592346
0.35051714835996783	-0.14122475701083276	0.22138231459529017
0.35060477199503887	-0.14213260006910128	0.22023031681979116
0.3507061770940226	-0.14317250174765156	0.21886688258436096
0.3507701424421948	-0.1438725321003856	0.21789458266970074
0.3508346056343153	-0.1445858815927223	0.21691553839367103
0.35092569894617326	-0.14553776080345449	0.21564192224297668
0.35098410462981516	-0.14618696591744657	0.21468822011581107
0.3510366650479314	-0.14676934983697648	0.21386039559635076
0.3511450380484447	-0.14764614164662487	0.21259924721491372
0.35119654008801365	-0.14820899053020054	0.21173939453852783
0.3512713613199421	-0.14875336088299146	0.2109091728569406
0.3513432647668344	-0.14928932519196464	0.2100659515900444
0.3514321251851675	-0.1499602591063932	0.20901109515651622
0.351469154593982	-0.15039040225054368	0.20827119994449106
0.3515028503543203	-0.1507632650726638	0.20764663072908088
0.3515428412714238	-0.1511760259357337	0.2069359330229279
0.35155267798791145	-0.151505068929367	0.20631585579376688
0.35158876517588483	-0.15194372893113717	0.20550320569128808
0.3516103163478591	-0.15221364118170694	0.20498716611660653
0.3516156831369981	-0.15241987432372828	0.20455980797263135
0.3516181595470695	-0.15257697340181292	0.20422455902931536
0.35161566670228744	-0.1527407574506801	0.20385819272245256
0.35160387087514783	-0.15296203975037698	0.20330953602186713
0.35159199557742976	-0.15303890387912739	0.20307953175371385
0.351585853398799	-0.15306673256783077	0.20298308844471305
0.35156722473203567	-0.1530892106054796	0.20282544583525186
0.3515515000519356	-0.15306677860211154	0.20277800106589575
0.35153021102788307	-0.15302318281032867	0.20273970940590047
0.35151533254956996	-0.15299306430440923	0.2027130838357792
0.35150805419081266	-0.15297842258132122	0.20270007517135497
0.3514906026674774	-0.15294348435594823	0.2026688897335687
0.3514751210820973	-0.1529126022817745	0.20264123927299732
0.3514603704270196	-0.15288323878641052	0.20261489119581658
0.35144812288596317	-0.15285892248322897	0.20259301960731382
0.3514301651547067	-0.15282330120991355	0.20256095219234832
0.351416443819595	-0.15279612712439372	0.202536449801326
0.3514017165279533	-0.1527669888261814	0.202510152234702
0.3513838100145437	-0.15273159030014827	0.20247817760019543
0.35137218653563723	-0.15270862596951112	0.20245742176899054
0.35136013183188786	-0.15268481789376287	0.20243589381193478
0.3513470911585328	-0.1526590705652212	0.20241260575247352
0.3513304358258112	-0.15262619571713665	0.20238286131098276
0.35132352031510045	-0.15261254767494536	0.20237050996269695
0.35130503406342334	-0.15257607311467808	0.20233749658448238
0.35129822794666493	-0.1525626463910314	0.20232534220442588
0.35127652646140395	-0.15251983609419073	0.2022865815764473
0.35126529484962776	-0.15249768242932482	0.20226652109212265
0.35125869803850407	-0.1524846716560717	0.20225473903984062
0.3512431486944886	-0.1524540014458025	0.20222696260089743
0.35122679272541263	-0.15242174254810342	0.202197745387097
0.3512150370452462	-0.1523985569158705	0.20217674464126056
0.35120388370201566	-0.1523765589187998	0.20215681869755867
0.3511923309234888	-0.15235377507243458	0.20213618059995833
0.35118467848396573	-0.15233868424851543	0.2021225108375928
0.351165815672056	-0.1523014818912053	0.20208880964062526
0.3511546279763791	-0.15227941774915116	0.20206882153930247
0.35114448595493947	-0.15225941434035684	0.20205069951889315
0.3511344427747392	-0.15223960503289352	0.2020327528027163
0.35112400469170263	-0.1522190188261247	0.20201410248942286
0.3511083234579025	-0.1521880902805689	0.20198608137523527
0.35109856766348596	-0.15216884904350353	0.20196864874274184
0.351091084413464	-0.1521540899643818	0.20195527683672718
0.35107846181663016	-0.15212919276895814	0.2019327187549465
0.35106854678214855	-0.15210963619733409	0.20191499938153112
0.3510553253443201	-0.15208355771383653	0.20189137036426036
0.35104563472197803	-0.15206444253086365	0.20187404998461297
0.3510360317661226	-0.15204550009879664	0.20185688588934175
0.3510293842432746	-0.152032388269929	0.20184500530777721
0.3510125891387314	-0.15199925815543347	0.20181498455288738
0.35100368019540346	-0.1519816844725962	0.20179906011974125
0.35099484965021777	-0.15196426520557776	0.20178327537139173
0.3509821523653807	-0.15193921758757228	0.20176057742266357
0.35097273183337163	-0.1519206337924126	0.20174373672066964
0.35096727683942636	-0.1519098727203601	0.20173398490872588
0.35095494167322844	-0.15188553809132627	0.2017119317174319
0.3509454177903963	-0.15186674909855946	0.20169490381470362
0.3509370966910536	-0.15185033346599502	0.20168002709104937
0.35092777448192225	-0.15183194251030013	0.20166335985342687
0.35091503134033747	-0.15180680129275675	0.20164057368957636
0.35090968132188854	-0.15179624641361628	0.20163100773318585
0.35090130998095453	-0.15177973086435992	0.20161603952727675
0.35089051774388647	-0.15175843855113497	0.20159674140302006
0.3508820581953363	-0.1517417482957792	0.2015816140927246
0.3508703558322539	-0.15171865995885203	0.20156068760564944
0.3508651432585038	-0.15170837516072821	0.20155136510575747
0.3508575454288348	-0.15169338417307354	0.20153777685031787
0.3508472864440866	-0.15167314245281172	0.2015194290160455
0.35083950658199664	-0.1516577919943028	0.2015055144667045
0.35083213450253514	-0.15164324592123957	0.20149232876260875
0.3508211651844587	-0.15162160241872524	0.20147271001298278
0.3508165724321125	-0.15161254005322838	0.20146449475615658
0.3508032343073099	-0.15158622174717157	0.2014406372014245
0.3507958405442146	-0.1515716325464867	0.20142741199626896
0.35078884912855096	-0.1515578368187923	0.2014149053246388
0.3507819121444422	-0.15154414847535452	0.20140249602686838
0.3507747201779155	-0.15152995692307458	0.201389630483106
0.35076668773153036	-0.15151410647025093	0.20137526020174618
0.35076086609224744	-0.15150261856249048	0.20136484504844698
0.3507535766730637	-0.15148823412630202	0.20135180360642088
0.35074067982073004	-0.15146278414827746	0.201328729531879
0.35073416627142984	-0.15144993048123878	0.20131707557135378
0.35072711974904514	-0.15143602498915176	0.20130446794179832
0.3507230383611073	-0.1514279708014743	0.2012971654546882
0.3507121895554031	-0.15140656136726094	0.20127775295341183
0.3507049962466411	-0.15139236564494873	0.20126488101590362
0.35070103635986755	-0.1513845509931156	0.20125779538883315
0.3506920937204996	-0.15136690276129233	0.20124179244796575
0.3506825312632805	-0.1513480311217918	0.20122467996210572
0.35067860703064074	-0.15134028654326892	0.2012176572990943
0.3506721100655463	-0.15132746441717515	0.2012060296738992
0.3506661986840165	-0.1513157979263084	0.2011954501873685
0.3506579589365103	-0.15129953608408686	0.2011807031592846
0.35064948655892647	-0.15128281485948658	0.2011655386064977
0.35064334728895313	-0.15127069822196604	0.20115455021586748
0.35063717071975026	-0.15125850788047374	0.20114349497451517
0.3506330925607502	-0.15125045897350842	0.20113619521324197
0.3506257660384074	-0.1512359987762208	0.20112308070348922
0.3506200173177559	-0.15122465254157375	0.2011127901102452
0.3506165441520722	-0.151217797518174	0.20110657277824961
0.35060600261433733	-0.15119699135864562	0.20108770155622874
0.3506028475642554	-0.15119076407973903	0.20108205340330673
0.35059683211022563	-0.1511788909991738	0.2010712841550679
0.3505873986581113	-0.15116027138872434	0.20105439535166733
0.3505838620786634	-0.15115329087235962	0.20104806365873557
0.35057796910272926	-0.1511416592093266	0.2010375128880083
0.350571063366555	-0.15112802842274253	0.2010251480786576
0.35056809134762457	-0.15112216209816837	0.2010198266771373
0.35056038765206937	-0.15110695602293223	0.2010060329662036
0.3505527894186439	-0.1510919579391703	0.20099242753810995
0.35054792831077025	-0.15108236255265972	0.20098372293696776
0.350543116006802	-0.15107286344538673	0.20097510534236035
0.350540291393355	-0.1510672878464865	0.20097004711549338
0.35053083323196643	-0.15104861787323254	0.2009531094089804
0.3505278638872384	-0.15104275648356302	0.20094779158023707
0.35052322946898895	-0.15103360823382034	0.2009394916457434
0.3505163422805713	-0.15102001290084993	0.2009271571141631
0.3505118001641564	-0.15101104666197457	0.20091902224483782
0.3505048499677145	-0.15099732666092375	0.20090657440280268
0.3504998069938876	-0.15098737153575287	0.20089754191885625
0.35049680976410674	-0.15098145480801162	0.20089217333771084
0.35049264083728154	-0.15097322501353316	0.2008847059690193
0.35048635408073864	-0.15096081434390063	0.20087344486243847
0.3504818830286861	-0.15095198796410225	0.20086543593564576
0.35047534789585905	-0.15093908672618156	0.20085372931488926
0.3504711630135612	-0.15093082511035666	0.2008462326450657
0.3504683383770648	-0.15092524883909042	0.20084117238658264
0.350462549461297	-0.150913820511753	0.20083080156760535
0.35045811474108185	-0.1509050655153532	0.2008228566033064
0.35045188604409466	-0.15089276877742208	0.2008116971884188
0.3504477507632247	-0.15088460475075494	0.20080428837321196
0.3504436352070209	-0.15087647963829737	0.20079691458247179
0.3504395590271947	-0.15086843221558532	0.2007896111224073
0.350437097877627	-0.15086357325802202	0.20078520125318108
0.3504299665204451	-0.15084949394557606	0.20077242302935908
0.3504267059704428	-0.15084305666827375	0.20076658036445927
0.3504222812219715	-0.15083432084511111	0.20075865142128863
0.35041839546519643	-0.15082664904047022	0.2007516883675288
0.3504127287605238	-0.1508154610174951	0.20074153337477402
0.35040844339648675	-0.1508070001342518	0.2007338536472323
0.3504048527104621	-0.150799910753124	0.20072741866182453
0.350400816137654	-0.15079194100058846	0.20072018428964306
0.3503968086837156	-0.15078402860734974	0.20071300215366578
0.3503933170146489	-0.1507771345522702	0.2007067442094636
0.35038970783984746	-0.15077000849784689	0.20070027533440757
0.3503844261593309	-0.15075958006605872	0.2006908086177445
0.35038258003267747	-0.15075593495575063	0.200687499580545
0.35037861433624645	-0.15074810481351836	0.2006803911589146
0.35037559037957383	-0.15074213405597386	0.2006749706827335
0.3503712362453125	-0.15073353673599216	0.20066716589423167
0.35036636004188215	-0.15072390860998347	0.2006584246654725
0.35036298938023747	-0.1507172530706749	0.20065238233690538
0.3503595034556639	-0.1507103698789728	0.20064613326346634
0.35035605902605715	-0.15070356862958595	0.20063995826292463
0.350353780697923	-0.15069906989376353	0.2006358737115862
0.35034801035554386	-0.1506876758199141	0.20062552839354508
0.3503446761467088	-0.15068109205205638	0.20061955047978747
0.35034178023048707	-0.1506753736710379	0.20061435834793567
0.3503386357007683	-0.15066916432383004	0.2006087203551279
0.35033404625011005	-0.15066010173026906	0.20060049132749144
0.3503309731638839	-0.15065403336003658	0.20059498109146234
0.3503289869851249	-0.1506501112849017	0.2005914196274361
0.3503254448159094	-0.15064311659863205	0.20058506788696637
0.3503231029775746	-0.15063849215203556	0.20058086848329487
0.3503178326480899	-0.15062808470942252	0.20057141737616307
0.3503145295910615	-0.15062156198306992	0.20056549400103868
0.3503128885457743	-0.15061832128637226	0.20056255109469617
0.3503088995852821	-0.1506104440320069	0.20055539722917337
0.35030483243750515	-0.1506024122525364	0.2005481030104056
0.35030215580386725	-0.15059712644516088	0.2005433023845862
0.3502992619462676	-0.15059141162168743	0.20053811204788194
0.35029734878769686	-0.1505876334766575	0.20053468058163448
0.3502927551724539	-0.15057856179509274	0.20052644128218533
0.35028980563564044	-0.15057273684783135	0.20052115072420246
0.3502873724767128	-0.15056793165373433	0.20051678626748534
0.3502848425744465	-0.1505629353531205	0.2005122482211894
0.35028126946985433	-0.15055587883275545	0.20050583861460866
0.35027851348777567	-0.1505504359825659	0.20050089470425164
0.3502761746006523	-0.15054581682887164	0.20049669892186966
0.350273749142336	-0.1505410266985745	0.20049234768180485
0.3502723249938123	-0.1505382140725729	0.20048979274670667
0.3502674547557425	-0.15052859551970804	0.20048105519613796
0.3502649960032075	-0.15052373949856607	0.20047664391410383
0.35026350835840503	-0.15052080137955365	0.20047397489033592
0.3502601455631902	-0.1505141598110502	0.20046794137022778
0.3502587931083296	-0.15051148868550723	0.20046551472100477
0.35025415975684965	-0.15050233760831466	0.20045720114365265
0.35025172845068886	-0.15049753566007634	0.20045283843468287
0.35024951416012623	-0.1504931622598154	0.20044886512917917
0.3502473179931603	-0.15048882461896357	0.20044492427441152
0.35024514519807004	-0.1504845331391862	0.20044102521197893
0.35024230899320874	-0.15047893131265244	0.20043593554916805
0.3502404662515382	-0.15047529164861512	0.20043262863978703
0.35023825546845605	-0.15047092503440146	0.20042866115560296
0.35023607025019193	-0.1504666089194317	0.2004247393841571
0.3502329631441411	-0.15046047185364197	0.2004191630508239
0.35023082320468557	-0.15045624508222716	0.20041532236464854
0.3502284106568981	-0.15045147982923657	0.2004109922943495
0.35022533086284074	-0.15044539656363648	0.20040546451275365
0.35022407172910747	-0.15044290950744144	0.20040320444174048
0.3502220138193711	-0.15043884464953522	0.20039951060588876
0.350219088723471	-0.1504330668148206	0.2003942601390855
0.35021698933201295	-0.1504289199527587	0.200390491629455
0.3502150832637311	-0.1504251549355886	0.20038707005392756
0.3502128514855431	-0.15042074651578974	0.20038306370890663
0.3502114855500643	-0.15041804835035433	0.20038061166842291
0.35020878628406565	-0.1504127164262674	0.20037576591647147
0.3502059563136713	-0.1504071262680975	0.20037068534624652
0.35020398494734123	-0.1504032321320462	0.20036714606071016
0.35020267843004454	-0.15040065127420388	0.20036480039569232
0.35020024980778364	-0.15039585380195286	0.20036044006669015
0.3501982501356488	-0.1503919036530082	0.20035684974588264
0.3501958779259683	-0.15038721756361118	0.20035259041722264
0.3501940768421926	-0.15038365964676703	0.20034935648340862
0.3501924494984231	-0.15038044493587432	0.20034643441049854
0.3501904563008425	-0.1503765074932833	0.2003428552889958
0.3501878941399892	-0.1503714460043808	0.20033825446812992
0.35018651698716896	-0.1503687254481581	0.20033578148283276
0.35018458108130046	-0.15036490107447548	0.2003323050101611
0.35018288452560115	-0.150361549508584	0.2003292582918334
0.35018134742560103	-0.1503585129214179	0.20032649788564233
0.35017953890652964	-0.15035494013820327	0.2003232499218184
0.3501772476531058	-0.15035041364847357	0.20031913491430137
0.3501763257773406	-0.15034859242644422	0.20031747921453774
0.3501740094700739	-0.15034401640167572	0.20031331897539234
0.35017275528462355	-0.15034153863559513	0.20031106635832874
0.350170822313018	-0.15033771983632027	0.20030759450527552
0.35016925276798344	-0.15033461901449013	0.2003047753138534
0.3501670254876047	-0.15033021872136437	0.20030077459997617
0.35016555490308393	-0.1503273133504885	0.20029813303600996
0.3501640345142889	-0.15032430957974874	0.2002954019126267
0.3501618776123381	-0.15032004824265427	0.20029152728781488
0.35016038897396723	-0.15031710714347912	0.20028885306817396
0.3501589178925236	-0.15031420073074914	0.20028621028474303
0.3501574554352881	-0.15031131131514325	0.2002835829852142
