0.34867863199386867	0.13695575879622704	0.20693482452864714
0.34867863199386867	0.13695575879622704	0.20693482452864714
0.34857119634892153	0.13683880873655413	0.20696721306925564
0.34837681537395493	0.13653453134354482	0.20710656832431798
0.3480897636454539	0.13611166781936845	0.20730624959369387
0.34784613807460907	0.13576471374332616	0.20746652275595942
0.347480601900023	0.13538120457070296	0.20761228405850943
0.3468066997617348	0.13467989507259387	0.2078810379726606
0.3465002104608602	0.13428100399436943	0.20805931338405947
0.34620195174588475	0.13386496435396122	0.20825357919319776
0.3459235597659972	0.13347672902507102	0.2084355270928781
0.3455432248240093	0.13304923004632707	0.208612532195196
0.3448848090081328	0.13238246134796844	0.20887118348330896
0.3444130164066352	0.1318706058337108	0.20908608382074223
0.3440839828592808	0.13143428499983162	0.20928974754109458
0.34375247079747284	0.13099501884467973	0.2094957760889127
0.3435006667716224	0.1306504321652499	0.20965751306991287
0.34332339774212267	0.1304168333525148	0.20976688340307162
0.3429001208664427	0.12997407354372187	0.20995145157802825
0.3421972669232372	0.1292683831183692	0.2102344842165339
0.34194664912935596	0.1289414868510133	0.2103874731772179
0.34181984782961516	0.12877617251802048	0.21046520521344653
0.34148124932573104	0.128349176159053	0.21066588805015474
0.34135046621541315	0.1281828209439289	0.21074418930892844
0.3410769018644986	0.12783214538222054	0.21090957249749986
0.34104296652814153	0.1277850606936735	0.21093160598653762
0.3410434475956323	0.1277853038511459	0.2109316791085539
0.34104813036278286	0.12778803164113445	0.21093111360710268
0.34105209822316357	0.1277889092980679	0.21092991413414452
0.34110178948034986	0.12767544816829163	0.21094893079567018
0.3411929328872631	0.12745954490766342	0.2109862516482664
0.34124717057056936	0.1273298145544275	0.21100819875535096
0.34130604112255747	0.12719228980054786	0.21103184212350634
0.34134358416934063	0.1271041656409475	0.21104690752867858
0.34143942378721914	0.1271025599730724	0.2110285751640758
0.3416456315391293	0.12775649506959535	0.21082067827971507
0.34178484978070917	0.12803637139733354	0.21072108428344544
0.34214703204561375	0.12875538509346324	0.2104670632405363
0.34240846133517244	0.12931692475405676	0.2102740946102019
0.342756911911469	0.1299769407055002	0.21003706851269632
0.34329440339545514	0.13096799919687607	0.20966939229709683
0.34369010372489	0.131829174222637	0.20936407110694025
0.34400335036753893	0.13273762495575636	0.20897181102155507
0.3443284749355895	0.13393167359807223	0.20830004145820663
0.3447532586330174	0.13510234362234586	0.20770260044895753
0.3452045832224667	0.136321610576066	0.20709711730476277
0.3457683999280414	0.1379198455519059	0.20623492926460435
0.3463276834715382	0.13956434059368833	0.20539730781818916
0.34686480274067466	0.1408726963021169	0.20475289206660588
0.3478695219091487	0.14349066041130443	0.20345166122877328
0.3489481818708015	0.14639899337157897	0.20195231709616857
0.3494223149901223	0.14763770304849338	0.20134382089521816
0.35062945398848655	0.1506291262521725	0.19986179273272997
0.35154828193161314	0.15308728023193563	0.19861291574759612
0.35247933111598445	0.15555379399212638	0.19738875737073985
0.35380423259511834	0.15884877405653677	0.19586330615626674
0.35547011716297705	0.16334156342461992	0.19377846215859956
0.356248963581351	0.1652778340298932	0.19290166239104756
0.3577472911555405	0.1691127739446826	0.19123554381848215
0.35924772491559226	0.17283335943218364	0.18966795687880847
0.3614257642949273	0.17874737628980114	0.1870750159746525
0.363942324717623	0.18515321122197392	0.1843944641730001
0.3659374695204963	0.1904321378308727	0.1822382759476584
0.36675595671549577	0.192751813741859	0.18125813461963233
0.36942455461755086	0.19987427988278628	0.17823243667287728
0.37064550817044406	0.20305372136711308	0.17693901244289892
0.3727485737913623	0.20836747643502213	0.17481664464027757
0.37489448159901645	0.21387005276567067	0.1725904135760792
0.37804048151088143	0.22182821010171228	0.16920917983134795
0.38074234218898206	0.22861559159456968	0.16630546480497266
0.3826888214164505	0.2337198847443439	0.16424210331503386
0.3849746666522751	0.23902495200653368	0.16216616292728053
0.38650688780662423	0.24230708602039386	0.1608372921154414
0.3885983329376547	0.2466695800170487	0.15901532104689747
0.3914876133538589	0.25265196726772227	0.15634381057636348
0.3931319373974495	0.2559748919450909	0.15483223939204
0.39691848806788915	0.26322185928624775	0.15127748720122475
0.39895500256642014	0.2670796052452877	0.14931072221829933
0.4002226656860093	0.26939167765645045	0.14809961471358096
0.4029817555579671	0.2742813166925475	0.14538787789273183
0.4056797268106926	0.2788447140364969	0.14273121092430519
0.4077564313358565	0.2822102499446405	0.14065065599731702
0.4101058749421508	0.28595043190249786	0.13825942013148745
0.4121426410346012	0.28915008840232737	0.13612208733047276
0.4141225356213955	0.292175159383489	0.13404315631297714
0.41708728890561003	0.29627131374429594	0.1314049335846908
0.41994757085473816	0.2997639371164023	0.12930995618575886
0.4224926298350363	0.30289063802965815	0.12736857931217588
0.4250797908149466	0.30579226141723037	0.1254214317543007
0.42727480104059934	0.30819402011926805	0.12363989140960208
0.4306593556847056	0.3117659899324101	0.12106791870478734
0.43358915926365305	0.31457995107932885	0.11911686892903811
0.43517313250836653	0.3161153971340622	0.11796935223891836
0.43840249411358106	0.31947379914042656	0.11528502077209585
0.4405991083602995	0.32173468813058775	0.11357470457627733
0.4419982324900311	0.32311994062013816	0.11253841533065079
0.4465493050182151	0.3281281089714345	0.10843990623180161
0.4488159728779261	0.33056727055272683	0.10649941449682587
0.4500661144532118	0.331947113420952	0.10541193316919983
0.45316416952257654	0.33559522177355683	0.10242209999537721
0.4551293485368555	0.3380326254730113	0.10035524078397129
0.45705023281003543	0.34045734280208784	0.09849810652969537
0.459666446358396	0.34411634311049155	0.09550187162648249
0.4613950592065876	0.34659753635065044	0.0933777936481604
0.46310634512248655	0.34933902565014874	0.09136467997281966
0.46450394582415566	0.35180034140103633	0.08949333325060949
0.4658926617998062	0.35482669493264546	0.08710698340828477
0.4668316385213116	0.35769648215113914	0.08463870617915487
0.46788129972926984	0.36150240537221323	0.08129952100516857
0.4683751821772513	0.36351574761350214	0.079204799551715
0.46869580198210115	0.36535361835900926	0.07688752397520365
0.46878720060476176	0.3663405938854738	0.07560201916828124
0.4688470419106989	0.3678899127618395	0.07268346591972669
0.46879104997989296	0.36892657134054957	0.06986531163342907
0.4687506688572055	0.36955489621847987	0.06813092033451718
0.468706155505086	0.36997155474016885	0.06668992016890662
0.46855630970122075	0.37077669400122193	0.06416873121931638
0.4684290678791552	0.37136707908877253	0.06205834739958099
0.46823068405631424	0.37207573452536485	0.05995018137549196
0.4680986262601323	0.3724444327597493	0.058668707153509525
0.46802486979354363	0.3734685216631337	0.055523379549196006
0.46811790212473187	0.37416561344838817	0.05372138065252258
0.4681120296959822	0.37468383646967585	0.052588248019141526
0.4681257894791182	0.3755132611182931	0.0504897777780664
0.4681630645022197	0.37616230363876796	0.04880155875657688
0.46819214828482275	0.37647872786160197	0.04790452605200224
0.4681548068808075	0.37759227937615153	0.0448458590297498
0.46819492751687813	0.3780575006172071	0.043785552568646635
0.4682992490788123	0.37885118618077485	0.041934139819937766
0.4683536364707012	0.379423501569872	0.04042538596769735
0.4682929310987515	0.3802363645090354	0.03835712955621462
0.4683010650104411	0.3808373565935562	0.03673110332281032
0.46837603098215025	0.3814437077897156	0.03541847660385966
0.4684234429075707	0.381763646310661	0.03460166133435216
0.4684645168536935	0.3822801238172625	0.03318424102805084
0.4684090534548187	0.3832689064250762	0.030717522563908417
0.4684478585090722	0.38365029539544115	0.029873860924165996
0.46851400637583324	0.3844511416365854	0.028230464847908476
0.46851610108946246	0.3847619587623057	0.02736680427353022
0.468501632622744	0.3855547279742772	0.025500037369728112
0.4685961095667043	0.38605978493375676	0.024368712230094236
0.4686405169862139	0.38690357644632695	0.022510318583113254
0.4685925146850136	0.3872030403215758	0.02179246153201897
0.46866869234718944	0.38790023535539975	0.02028051424694366
0.4687248238187827	0.38819626739019847	0.019701533247451886
0.46870832721450123	0.38908243900089506	0.017687961389128815
0.4687609936068867	0.389615562847169	0.016622613442316192
0.46882438045736663	0.3900984194754591	0.01578640591442876
0.46887727542884183	0.3903558044924949	0.015284862045686354
0.46883017371899405	0.3913106679777559	0.013361355308968759
0.46892465419258084	0.39177466540654216	0.01249664847656734
0.46891341998555613	0.39223655757256554	0.011576431349873018
0.4687754703125168	0.3927368340883754	0.010641818298996297
0.46873770231718714	0.3932242078591723	0.009837481689086547
0.4688001466984734	0.3938634125201955	0.008714031944408007
0.46883893996791176	0.3944073459120462	0.007877208970758887
0.4688898296346505	0.3948428506441439	0.007186474587544789
0.4689466484096174	0.3950878180321916	0.006860255798287085
0.4691599996337326	0.3957374216415226	0.006167836488657985
0.4694709895379787	0.39646419312910486	0.00570238082213087
0.4696899363630467	0.39686825968602546	0.005266638312727168
0.4699027744928777	0.3973173968679329	0.004917833699722762
0.47016582963470066	0.39776953824717176	0.0047057979367352565
0.4702822789577867	0.3981700057606688	0.004470777667599457
0.47060335840260004	0.3988051670510033	0.004038963151918762
0.4708975247116578	0.3992849823456967	0.0038704486220714207
0.47102302049804257	0.39968087617631615	0.0035644425926384393
0.47126613252834326	0.4000982093823363	0.0034325434322973747
0.47159096815594215	0.4008462980370252	0.003208225121209607
0.47175097345249495	0.4011657928758079	0.0030183944091581316
0.4719149669660309	0.4014993308626028	0.0029641705421831754
0.4722142417513661	0.4020184777766626	0.002895782611930131
0.47233920130451534	0.4022872267969721	0.0027429275226263927
0.47252676961965817	0.40263495752526957	0.0026861223469575868
0.4727687381975485	0.4030907255255302	0.0026722684745680847
0.4728557507885301	0.40344702226160045	0.002547940778982627
0.47289970196451797	0.4041568533464844	0.002294126640695171
0.4730109975714534	0.4046819878941656	0.0021899273510879724
0.4729192732187515	0.4053338852968715	0.0019174415635259123
0.4728902566364272	0.4058165859080843	0.001616662492511578
0.4728553394538394	0.40661522066319156	0.001289566038342238
0.47274778416256813	0.40722137348586407	0.000963764863132266
0.4726035051182447	0.40793101224247647	0.0005853256075977753
0.47247437662419384	0.40864855491761	0.00026506534503206725
0.47228420614344824	0.40931683549288167	-0.00013481467989145957
0.4720503500109101	0.41019807501848105	-0.0005239844626997447
0.4718034579233352	0.41115174515396696	-0.0009958426067201986
0.4715668263972428	0.4118177643095599	-0.001427661488780485
0.4714263792526605	0.4123565494755733	-0.0016507061185235816
0.4711991427180183	0.41340323084958663	-0.0021537696740328016
0.4711075123831456	0.41434086524637753	-0.0025663478025680364
0.47098730957721785	0.4151794441851533	-0.002881455467498184
0.4706573294148787	0.4164049124233104	-0.003617619631429092
0.4705499430047692	0.41706006702322174	-0.003951854963503032
0.47031348130186146	0.4177172230735275	-0.00439611420240521
0.4699895212009071	0.41865978270110565	-0.004932007608339839
0.46973512144593876	0.419496293738167	-0.005419137839684118
0.4698459349999769	0.42114741873041517	-0.005879772897976143
0.46987270488218175	0.42199643445306523	-0.006158353064746325
0.4699221785973481	0.42254474999806835	-0.0062982093018546514
0.4699813990005993	0.42387293904217793	-0.006619881471589317
0.46994752843098897	0.4243169158565728	-0.006787972935507869
0.46999089193086807	0.4252116933142899	-0.006981711679853286
0.46997540317407926	0.42700008041705295	-0.0074548247851692895
0.4699997342772079	0.42780997251964253	-0.0077655201217191605
0.4700866327664697	0.4285288212904662	-0.007900020688449305
0.4701396321722595	0.42922828346894726	-0.008052759549623922
0.47006015494198006	0.43032411618449845	-0.008393608810072783
0.46993196372214713	0.431182166851775	-0.008722399442151696
0.47005592073883073	0.43234236892089006	-0.008990087191670104
0.47007413773291806	0.43321539179949475	-0.009234881812426488
0.47014236250824915	0.4337060976974295	-0.009310245857029609
0.47012911437538013	0.43462199768799903	-0.009661574987004873
0.47009890379661856	0.4354277531592666	-0.009847790659049893
0.46994097771670607	0.4360799546808503	-0.010139875177464397
0.4699436696181441	0.43689770961575686	-0.010315477490773994
0.47005511759695057	0.4378972671031716	-0.01058646475338837
0.47012307626330607	0.43833265083664713	-0.010666725003794286
0.47004901927535425	0.43911146314077154	-0.01088517299602898
0.4699881741063203	0.43960472353500574	-0.011058832426134868
0.4698523052596993	0.4401975048713283	-0.011282715961492884
0.4697344183755056	0.44073383975268327	-0.01148961322828812
0.4694577174358146	0.4410651212946191	-0.011845811654475902
0.46897844735594824	0.44165959167502034	-0.012351421933026685
0.468825537263942	0.4419103815706038	-0.012541338552105041
0.46880558897715835	0.4423235211600992	-0.012702403790119998
0.4687563321577419	0.44271687109269026	-0.012908557486364103
0.46866889747970597	0.44294856681694833	-0.013040876359604547
0.4686085479563084	0.44336886046212515	-0.013120859354937509
0.46861052439218603	0.44364831281898354	-0.01314295096398782
0.4686169107038238	0.44412179254373374	-0.012947644998439367
0.46870412266952277	0.44436043828029453	-0.01277753306412871
0.4689457094033032	0.4450242632128324	-0.012300696595839489
0.4690207169474007	0.44530660792951166	-0.01212027735605764
0.46907213390105273	0.4454594751423264	-0.012013978157544514
0.46932207220157646	0.4453823864712173	-0.011759639307440117
0.46959675142321655	0.44554737712658304	-0.010033959618525323
0.4696797137746551	0.4456075975821045	-0.007768615499990306
0.4696534956571391	0.4455804183465218	-0.006370879083452408
0.4696229873433392	0.44547471668595773	-0.004224571411004463
0.4687714863139666	0.4459656092332583	-0.0008809055771976659
0.4666302567071667	0.4471619316742155	0.0031438120724538443
0.46538754286406253	0.4479736864921585	0.004982534030730179
0.4618236462743945	0.45032279666639236	0.009123629307165426
0.45966585678529287	0.45172837304106866	0.011307820760605158
0.4558306512484561	0.4543766246654492	0.01494917418108005
0.45396225589786954	0.455662207365897	0.01660509345970035
0.44633066323475135	0.46113555327792627	0.023361267891845172
0.44384373172509284	0.4628839808862508	0.025500201723126448
0.4391032867941553	0.466369853509936	0.030001581626922402
0.43463701929603654	0.46964077245981506	0.03453402305398923
0.43117028665424173	0.47225781811109535	0.038482721948521426
0.42750321931770824	0.4749769456810775	0.04288579523279373
0.4227480692708783	0.4786026104281554	0.04927082941685684
0.4193096526453373	0.4811495898170589	0.054250863844548136
0.41671967801800924	0.483334326264528	0.058814600234699255
0.41415537141262454	0.48565752535357043	0.06387698806714281
0.4115225562530628	0.48818417266852643	0.06992090747652624
0.41009891135454196	0.48951976431958344	0.0736144590178695
0.4081423798427716	0.49146124176512046	0.0801932309317821
0.40606253609455784	0.49370790998010267	0.09126264760684949
0.4058108451974031	0.4941178583516961	0.09512988360570063
0.4054639072692933	0.49458497273432567	0.10300128607435516
0.4054470623254684	0.49460508096219635	0.10953581828723907
0.40567229643409375	0.49423437730695063	0.11403994975754961
0.4063937815537751	0.49376151665632884	0.1196659749609334
0.40739332328052713	0.4928840080167934	0.12842376880057083
0.4083126784176296	0.49209416921775334	0.13640312608733213
0.40895994594664437	0.4914423992101896	0.14198990009955176
0.40959357944501107	0.4909303142492496	0.14703209364488873
0.4101644219135515	0.4904640012121577	0.15193957267025782
0.41106207492742575	0.4897586181229051	0.15817974022918718
0.4116178882453357	0.4892897599807958	0.16228659671874962
0.41224855007265987	0.48880980943878694	0.16596427056542767
0.4125282921297592	0.48863357556161896	0.16794878677894848
0.4132839585299251	0.4877354946266885	0.17268681472465802
0.4136004966693099	0.486518683430494	0.17564001588174163
0.41364359061028405	0.483642039788254	0.179865195859456
0.41356398587917886	0.48111330239722033	0.1827193336833208
0.4132669583002116	0.47836745631225674	0.18518842148343154
0.41287559567692494	0.4757358684222043	0.1871754123000578
0.4117909605547737	0.4693215247434279	0.19108889962823922
0.4110289470955528	0.46511152802745337	0.19349651953877728
0.4105332886212237	0.4622160123427069	0.1949404988008196
0.4095092621663932	0.4574359637651804	0.1971889478999905
0.40751000544960236	0.4483054524885133	0.20084364715480718
0.406825508697301	0.4454862758523468	0.20184367216139842
0.40531082065614904	0.4395597098469492	0.20379104709769547
0.40357693897484054	0.43278162820911226	0.20579874723432334
0.40258688917259594	0.42950466095316653	0.2068269304762094
0.4004726393612176	0.42283493170420866	0.20859810248135624
0.3998381596778185	0.42008169326409694	0.20918428685545426
0.3983791276802571	0.4151943670460782	0.21013367994387613
0.39558747702078373	0.4066385240486632	0.21173546021685574
0.39440800381499846	0.403332211441285	0.21224853116112272
0.3918423129679154	0.3972196346306441	0.21265533390489083
0.3895560570294941	0.3917512459182442	0.21292558726307192
0.38690945996554726	0.38622020690926523	0.21310783788915955
0.3850093756699686	0.3829336668938677	0.21297172306085846
0.3800187346064913	0.37415384044890937	0.2123018243345286
0.3776529143246136	0.3698043257734543	0.21180864193194635
0.37402923146441497	0.3630116416946276	0.21074859141436472
0.37229209104216715	0.35971074896859284	0.2101532600677612
0.3692294756245763	0.35399128930215873	0.20895321664425812
0.36421968163019075	0.3444538459943345	0.20659331080253623
0.3622015105348037	0.34053416077107934	0.20554343297285152
0.3587190792729627	0.3337215931718311	0.2035652609943883
0.3558837732087467	0.328034942016329	0.2017984534314044
0.35280203680575833	0.3216230766669372	0.19986714833950264
0.35004231951647347	0.3156563604711033	0.19800056031631927
0.344822435909469	0.30376156863919535	0.19428943431489862
0.3431883731406485	0.29987716761940175	0.19314686945710297
0.33924402808916154	0.2902267271928044	0.19037416008516744
0.3377517360238207	0.2863542888766101	0.18931579935578724
0.33390202249965056	0.27602034523664387	0.18678834373152842
0.33250230191052266	0.27202623253229724	0.18588707701070492
0.3291373812566508	0.26202895338291216	0.18393937955308567
0.3267053263611246	0.2543212259400774	0.1827121297786934
0.32352113958321577	0.2433592823677388	0.1814760340751231
0.32154974224872107	0.23607177932689272	0.18090008290098045
0.3205090727358451	0.23201949764886043	0.18075516649870363
0.3180496563628422	0.22212480134435408	0.18079351321989245
0.31691581650999395	0.21722443150055132	0.18103307268654253
0.3156481087848759	0.21127133542386622	0.18156049865861376
0.3142656337861117	0.2040964166239837	0.18248519185911857
0.3125781491365698	0.19394938942818607	0.18391088238250308
0.31181981296500927	0.18824122857785658	0.1846977784140056
0.31125597036408204	0.18355300323525842	0.18536915067063256
0.3109216166963465	0.1801866254222822	0.1858492838244075
0.31024581076815455	0.17416169513868845	0.18680952876665238
0.3100350175126113	0.17176745470475346	0.1872552074627047
0.30970572360621734	0.16661516670068452	0.18828692631841826
0.30975562649006927	0.1645358533756316	0.18880715646337795
0.30988744361774134	0.1633554736547185	0.18927218031215748
0.31011689862442976	0.16205269191054367	0.18974531646520904
0.3107720639746437	0.1602326573973955	0.1907172290596424
0.3112088884687537	0.1592066621838345	0.19135085958615355
0.3115611023992721	0.15814240988473827	0.19189814946821226
0.3117914688665023	0.15754012309365106	0.19223338107762922
0.31223516914048194	0.1562347197057639	0.19293667921185945
0.3128023905629906	0.15490587689002802	0.19371570555578352
0.31313432951466824	0.1539367646396818	0.19418097990757013
0.3135025888918625	0.15290283487400452	0.19478110281519878
0.3137199548290806	0.1523994964540955	0.19505996657543123
0.3141736332389947	0.1511067694164227	0.19574309774235313
0.3145714748121767	0.14998697151569007	0.19639429264376423
0.31491673969397815	0.14915084803110956	0.19685090098144298
0.31543709290564476	0.1478060873858808	0.19758285537288223
0.3156201839113876	0.14723459065293432	0.1978860906219105
0.31604880290523163	0.14614870719476897	0.1985629609822414
0.31631866252341856	0.1452844733346992	0.1989712853227354
0.31661972930117777	0.14431605004544562	0.199405443562687
0.31713749722144585	0.14307384262881795	0.20008936099284735
0.3175636911201184	0.14221133022313698	0.20078727143227057
0.31784450713966894	0.14174753754974434	0.20109913250543968
0.31817547437961075	0.14086608810135046	0.20165082058727474
0.31835613368767535	0.14047152411356054	0.20189978181516874
0.31866967956271053	0.13940256588952496	0.20259656140531582
0.3190454489571525	0.1380789415554456	0.20321419450031636
0.3192742477929146	0.13719185436174913	0.20360019460904782
0.3195040120901413	0.13634581868700524	0.2039062490605923
0.3197009606542472	0.1353559020815864	0.204388234609593
0.31993388915404675	0.13452395788124216	0.20474019552705144
0.32014261255415605	0.13370047182620887	0.20514299082671805
0.32039796677090343	0.13268398965547315	0.2055963678615031
0.32070314162006813	0.13148064038223373	0.20612376688396686
0.320881328928868	0.13086879477300928	0.20637217255120188
0.3210756758530747	0.1299165187681368	0.20684704203961354
0.3212201982373717	0.1293822895798653	0.20710563233489762
0.3215374659010546	0.12823076602919198	0.20761493093528544
0.32180291640700376	0.12715270506775236	0.20808920909438994
0.32208663474321036	0.12628328256538562	0.20850268204896738
0.322266478906911	0.12546358427307858	0.208927335832267
0.32240600185759327	0.12499841149056008	0.20912758328950298
0.32263405816401747	0.12428170143050764	0.20945354686714232
0.322950306341659	0.12309500957539275	0.2100718579249466
0.3232763559708204	0.12212910882952278	0.21050108708622578
0.3234043343670064	0.12167522241460486	0.21074645548070864
0.3237543975893683	0.12054892296119653	0.21127990360698665
0.32395279952125217	0.11988316576993664	0.21160049459987168
0.3242059437744084	0.11894734287180596	0.21211226204919212
0.3244857015227204	0.11816045976555732	0.21244178043538212
0.32469362473480035	0.11747646601650667	0.21281303534717988
0.3248975273257684	0.11674252232083711	0.2132050483924317
0.3251652831638095	0.11598139010608295	0.21355108981174953
0.32548726042013687	0.11487452916483047	0.21411536597974823
0.32572544161794653	0.11414387164739624	0.21446027461416958
0.3260459634955178	0.1132338276353957	0.2148872771241005
0.32659350063401366	0.11170407648650875	0.21557461329132813
0.32689938376466104	0.1108985479750723	0.21600371694672194
0.32753647765413574	0.10931861082445431	0.21677758764561128
0.32799651945649105	0.10804184646797414	0.21736415286550587
0.3283915388818198	0.10641547308353895	0.21792637581784086
0.3288564233044168	0.10395765294390073	0.21874351810045223
0.32904107283726075	0.10295454695639629	0.219070848396427
0.3296316740785645	0.10033263325547885	0.22001196586889704
0.3300426618443713	0.09852727837076218	0.22054862381940363
0.33030757941680033	0.09727094161840323	0.22104578758575677
0.33076526051936894	0.09517167526231897	0.22171348504157745
0.3313291886680432	0.09213756428286289	0.22268709633149225
0.33168001281705967	0.09057306879339887	0.2231833524221516
0.3324011687918673	0.08726514783294682	0.22429815208336393
0.3328817921794979	0.08480102503995986	0.225070844488406
0.33337178862233396	0.08225107288833262	0.22586622812970464
0.3341088228510656	0.07892020424239603	0.22694294683710925
0.3344788181379291	0.07666074797523413	0.227697288090148
0.3352429776689322	0.07282137098564838	0.22887754743045996
0.3357959839372235	0.07011853805579675	0.22977619228951895
0.33607866669235903	0.06882352596843021	0.23006295959794348
0.3367871884357254	0.06506286549855171	0.23121626721929378
0.3371032018280348	0.06346085834304323	0.23180117080830442
0.33805084634035887	0.058539591186151776	0.2332455758386207
0.33853913659617335	0.0560343279942956	0.23403777383030278
0.3390469453202539	0.053093695516058234	0.23495157055256846
0.33936639325925183	0.051761338650296904	0.2352955256209847
0.3400600692271775	0.04825157450732505	0.23637662618160363
0.34049518103717163	0.04557840084457716	0.2372210209275359
0.3410532882290855	0.04277280340536492	0.23800168018036905
0.34176041312551164	0.0392313773063311	0.23908201666833642
0.3420388652253559	0.03736829427680728	0.23967618002026475
0.34256717256004177	0.034800223567984526	0.24036640196692516
0.34320082799008655	0.03160732938261275	0.24134309069007767
0.3437885277681083	0.0281375791365905	0.24236065240838361
0.3442521816081136	0.025850507176334928	0.24303638449849657
0.344710122212021	0.023421663908134424	0.24375798402016532
0.3449610436381513	0.022042373788474443	0.24412494400840204
0.34555135396301345	0.018664508176822678	0.24509110575574827
0.3459866994113624	0.016683535910467215	0.2457164574852825
0.3464519258562252	0.013788716306607038	0.24652307492274783
0.3468875517621616	0.011781693301867749	0.24706325303137588
0.34708926063456114	0.01050770902539859	0.24745875460248437
0.3474221515571074	0.00864069307444347	0.24803048164331445
0.34789025543320956	0.006356168984368429	0.24855672837087292
0.34815954358913664	0.004704685069296208	0.24911196722551354
0.3484170840227577	0.003115984294067106	0.24959020226188117
0.3487593432907884	0.0017060357084545813	0.2499057588945034
0.34912753088692333	1.7402623366871706e-05	0.2503404719183616
0.3493763718609869	-0.0007922915189216423	0.25069485953669013
0.34973978663318195	-0.0017508753067237842	0.25103381678806963
0.34999409055842723	-0.002460347584934311	0.25132026780164346
0.35044066574598903	-0.0033831621072759194	0.2513529495143174
0.3506557320098952	-0.004163072042596402	0.2513860924875271
0.35072066019632664	-0.004596420595400261	0.25135320140424244
0.3507537583870493	-0.004810988253527201	0.2513263058446529
0.35080077369955576	-0.00513835317287549	0.25132135715594267
0.35074387696677334	-0.00518948994347386	0.25124992609730207
0.35056982164359946	-0.005181207262176815	0.2512069932450348
0.3503936599292563	-0.00516691672204618	0.2511682166611672
0.3502122842631405	-0.005117556162635692	0.2510616131506034
0.35024193645657087	-0.005074541469802976	0.2508909009731045
0.3502675883959971	-0.005039887421446523	0.25074379848460154
0.3502002857557367	-0.005036577708745479	0.2506857662036373
0.34997757841269506	-0.00506599782461821	0.25064844531786956
0.34982652421941957	-0.005059957241077259	0.2506235144331007
0.3498272691428474	-0.005025745634993264	0.2506113184261815
0.34986887672101746	-0.004968450031870866	0.25039764480818383
0.3498819050192835	-0.0049570044092280136	0.25030608300981816
0.34981313719120244	-0.004962767673983501	0.25026448797640777
0.34957167900477526	-0.004999096625912261	0.2502409249291026
0.3494985856130575	-0.004971055470862476	0.25022543888340565
0.34950460735717	-0.00495095477249495	0.250222719308381
0.3495167830661467	-0.0049182704098409	0.2502201197203532
0.34951777654765614	-0.004915978532785956	0.25021965166608795
0.34952053948403977	-0.004914907986800707	0.2502042678720017
0.3495398631179938	-0.004915116816576984	0.2500133701492936
0.3495267868550809	-0.004917415631734048	0.2500080525132109
0.34935414587175084	-0.004945815403482476	0.24999030424859328
0.34932869183312365	-0.004924229664712801	0.24998090399217504
0.34933765806654704	-0.004901863747238208	0.24997619555633097
0.34935255279020927	-0.0048655669203628155	0.24996796461725246
0.3493543335449647	-0.004863896758584965	0.2499697776252181
0.3493546703886199	-0.004863671591618449	0.24997040622232047
0.34935502065716584	-0.004863711366693127	0.24997120025004183
0.34935576592845824	-0.0048637739835378085	0.24997250568502588
0.3493576205449775	-0.004863433278703186	0.24997315200837616
0.34935871525926	-0.004864397838935011	0.24997474595661584
0.3493598348702237	-0.00486398710377349	0.2499756049006899
0.349360035014706	-0.0048648519939071405	0.24997609084708153
0.34936124874724356	-0.0048646681773607675	0.24997201226130197
0.34926960617823927	-0.004891305988641584	0.24986149226195256
0.34927025553717483	-0.004915321996810065	0.2496583750934351
0.34937838063561905	-0.0048854247152286395	0.24953921776304172
0.3493997884430627	-0.004928878361522435	0.24949575074879207
0.34943725190285624	-0.005122426390496412	0.24960109160553734
0.34953158852205096	-0.00546669805543136	0.24976625807757852
0.34959446790261295	-0.005819662183245797	0.2497665449173515
0.34962894040681297	-0.00606460321797965	0.24974515609655365
0.34966781864137436	-0.006303392652340908	0.24970440905594693
0.34969156262145745	-0.0065660155731639	0.24970789920098133
0.34972510447904037	-0.0067750943633044375	0.2496719997184071
0.3497371003863647	-0.006899663224400568	0.24965170549726454
0.3497830447376698	-0.0072067584560635	0.24954486674086232
0.34979385064446755	-0.0072329030643629305	0.24940025870010019
0.3498036558339383	-0.007251617926579981	0.2492728635939055
0.34982646958437585	-0.007351026653065987	0.249234453004019
0.34985670728123025	-0.007721677644730238	0.24943139244447343
0.3498662783725332	-0.0077658974650143126	0.24942560810603354
0.34987741960210506	-0.0077802632596147975	0.2493219869987527
0.34988618109654324	-0.0077934270475750606	0.2491708635287689
0.3498833133921744	-0.007797742154031381	0.24915346043613015
0.34988334836829227	-0.007800463210028211	0.2491469037950364
0.3498846856689767	-0.007799047199716344	0.24914558767249517
0.3498937539729325	-0.0077788303327988445	0.24913925056827804
0.3499051717793014	-0.007748413146748026	0.24913090433995264
0.3499085830743469	-0.007735458502725681	0.24912698296437458
0.3499095568621648	-0.007732860518303866	0.24912612823493818
0.3498450914588842	-0.007794585545428598	0.24913928756785644
0.349869747174074	-0.007793558407648463	0.249125789570753
0.34987362916059567	-0.007787903048281988	0.24912666284788232
0.3498754475571147	-0.007783846084078491	0.2491264383693661
0.3498779355788342	-0.007776926962549821	0.24912813988123195
0.3498863018513958	-0.007766130508320659	0.2491315399875992
0.34992372236320296	-0.007729617408875553	0.24914354977089523
0.3498898335603043	-0.00772781830800677	0.24913613848890762
0.34989095501209894	-0.007723267460737829	0.24913156966541308
0.3498992445831914	-0.007715345809934368	0.24911915762521072
0.3499261076709714	-0.007692401876758445	0.24906822719825197
0.3499283891850704	-0.007689682567653303	0.24906751867415944
0.3499316881193325	-0.007686377565328403	0.24906769043041482
0.34993149563614084	-0.007686970930982459	0.2490711856381127
0.3499328934025428	-0.007686817144639549	0.24907322052502467
0.34993381103733967	-0.007686510097260887	0.24907401081631694
0.34993592158875253	-0.0076870302432475585	0.24907705651957643
0.3499850440516655	-0.007679071592280803	0.24908423623290687
0.3499825078850976	-0.007680265121696964	0.24908654082382845
0.34997484523712663	-0.007682038336132138	0.24908620791399297
0.34996724891826203	-0.007684649424194903	0.24908858129845204
0.3499571953982083	-0.007687005288321433	0.24908918244458872
0.3499211424379624	-0.007693669789301402	0.24908644908236163
0.3498713860614192	-0.0077339512673697125	0.2491882823454764
0.3498725993027685	-0.007733767771748848	0.24918739444124452
0.34987550563574404	-0.0077324098094762456	0.2491834112324959
0.34987919735863193	-0.00773026323987526	0.24917933725922997
0.3498831520245951	-0.007727917516548902	0.24917392587864004
0.3498885831411488	-0.007725270866854636	0.249166897206301
0.34989281602140054	-0.007722906963729084	0.24916019225888247
0.3499005959183294	-0.0077163435345086046	0.24914504373031246
0.34993824818743047	-0.007682446940946344	0.2490537969189071
0.3498805131178385	-0.00769039953465854	0.24904749513076754
0.34971875227420385	-0.007423012222660383	0.24909653647271074
0.34971810963598005	-0.0069840185921323655	0.249156172515814
0.34972380736990505	-0.006355857403877244	0.24921495996229046
0.3497250642989911	-0.005650437546215345	0.24930460792095585
0.3497217320394173	-0.005174681300152709	0.24936732083235352
0.3496091020168007	-0.004253959261358867	0.24948572845991313
0.3495706186201483	-0.0030271903229442815	0.249699609435373
0.3494372636675359	-0.0016270850129776332	0.24995327411861237
0.3493578785387741	-0.0009452934751010139	0.25005120159245536
0.3492478393631052	0.0007913472109356973	0.25052802267991775
0.3491197688765813	0.0020181897423485057	0.2506835079196442
0.34903897870914047	0.0028095775042470267	0.25087960964494144
0.3489051630859312	0.004927648054116399	0.25125668997686657
0.34894718720910556	0.007000796716283161	0.2511968829441187
0.3489513677386476	0.008533550466919823	0.2512171693041921
0.3489523287768888	0.010363694992391162	0.25119301853131204
0.34898822601117485	0.01153853681041224	0.25121643632720503
0.34894077083826974	0.014643972182863466	0.25130966988209497
0.3489574219961785	0.016619739740090303	0.25123506365216963
0.349001361113033	0.0185863209351161	0.25123483946017705
0.3489728527366973	0.02018135004284506	0.2512633060112861
0.3489737130454019	0.022620564492665488	0.25141307074445607
0.3489929936849873	0.02468444884905098	0.2513536457363178
0.3490050136285988	0.026865940956646142	0.25134592577920767
0.34898197166211964	0.02988847608295718	0.25148313053683463
0.3489559202864762	0.03210151183721312	0.25148749444407814
0.3489831314474868	0.034374323457455516	0.2514846069135458
0.3489766564161591	0.036438883825872945	0.25156795223425016
0.34897650338627556	0.03768146334683818	0.251582057494662
0.34896775177689504	0.03996791030986442	0.2515914120875498
0.34897962812753547	0.04412111131595693	0.251714581486002
0.3489795544908151	0.045520729631899695	0.25167192357272206
0.3489912020369544	0.04862091803827838	0.25175675551271715
0.34894207034831115	0.05081427004419038	0.2517805922041807
0.34900319849477973	0.052892746952712996	0.2518146166108461
0.3489693239502877	0.05621963156522529	0.25196381738198376
0.34897303249913947	0.0586603974584055	0.25190855510996746
0.3489918835642791	0.06076713878027161	0.2520242887911347
0.3489711989065849	0.06266208808245753	0.2519700315829668
0.3490237443816793	0.06497644659303085	0.2520255457765685
0.3489947351560462	0.06718941140457264	0.252048679057038
0.34897718950788376	0.07040780905928885	0.2521208820742388
0.34904218470559606	0.0725813304063072	0.2520971796661992
0.3489973202012773	0.07433753939145789	0.25220162756351144
0.3489996989503863	0.07647937405700779	0.2521957931380274
0.3489976937900693	0.07861518510988726	0.2522052795723214
0.3489869280568863	0.07979510222927923	0.25219628544671197
0.3490372216301	0.0826153522853272	0.25221975568578237
0.34900143429078934	0.08516188437518123	0.25217913752047444
0.3490419600178815	0.08703361207268089	0.25220013905469657
0.34896260446506255	0.08926344373412827	0.2521698686963968
0.3490298680534374	0.09065780169129369	0.2521740755955055
0.3489532135191912	0.09275823099527543	0.2521656685885839
0.3489755897813557	0.09448163552133167	0.2520935250596539
0.3490236438180898	0.0958380337394072	0.2521758734085609
0.34897429737217284	0.09738509072873135	0.2520768910947818
0.34900697099531786	0.09886478130997021	0.2521166367618107
0.3489776954147341	0.0999713386756587	0.2521347098632535
0.34899825393921524	0.10179237529876274	0.2519979757484637
0.3489737410173317	0.10238976163588163	0.2519615044087761
0.3490104943869526	0.10479185852549867	0.2516151903759254
0.3490431381727525	0.1059581542145716	0.2515420743765907
0.3490174260589966	0.10703395062859684	0.2511484542109712
0.3491263330169233	0.10815417445631063	0.2507558705734103
0.3492266599027247	0.10925509219293907	0.25034652424332826
0.34934343153869246	0.11075654279804782	0.24966037291032425
0.34938198332009696	0.1112404118726711	0.24934243485824578
0.3494820515971249	0.11289757360655404	0.24853856245700903
0.34949080897978907	0.11375594142214755	0.248040175531393
0.3495682527637309	0.11538329748546443	0.2471203821691032
0.3497340448399832	0.11719892343719311	0.24601325395024368
0.34979787973704624	0.11836073065377549	0.24523735896097348
0.3498054232878978	0.11920784642371958	0.2445907245816017
0.3498828491622981	0.1202283994809943	0.24387890741664747
0.35017961504037615	0.12259449783834388	0.242091216419493
0.35025839925717456	0.12343370323067025	0.24138493866560676
0.3503285233433686	0.12503103003479601	0.240061596184775
0.3504291482810616	0.12581753925925993	0.23942243941006103
0.3505881427078502	0.1273360278690765	0.23808960555828618
0.3507157441949625	0.12849307129976417	0.23700872987247365
0.35081381267448464	0.13000343027590222	0.23574398068668345
0.35089777952767903	0.13065145205299128	0.2352727961651243
0.3508868065282583	0.13165986446898184	0.23447435063340125
0.35079995074000053	0.13244367565574966	0.23394658035240828
0.35073753969642557	0.13274479885124418	0.233719528585404
0.35065994758725116	0.13322973642419453	0.23356054060424494
0.3500967829896165	0.1336062865087985	0.23336993769907524
0.3493905483778627	0.13362509103626824	0.23349502561767194
0.3489537593896881	0.1334168839206294	0.23365891848872566
0.34797558749487895	0.13301475737348578	0.23413584080408256
0.34699303548870886	0.13246723086693163	0.23449890002161677
0.34580098089240485	0.13185744184651965	0.23504456554672007
0.3448507523926336	0.13140509192002797	0.2354146195614361
0.3441721838942712	0.13105649188617663	0.23564878528482738
0.3433394262011873	0.13065226427543464	0.23600269039975574
0.3423696563060942	0.13021921564272773	0.23633870114958677
0.34092229528318213	0.1295933030831593	0.23669117754109675
0.3397141281506823	0.1290772576596718	0.2370269037869889
0.3379474568848189	0.1283377077701552	0.23740047654576174
0.3366120462177565	0.12776614122248484	0.23759590163562444
0.33567283555702404	0.1274111242405821	0.23772262338583564
0.3337217417831505	0.1266239379694747	0.23792910594826275
0.33079134797287	0.1255472261449127	0.23794570853143288
0.3287364762156916	0.12475556118618807	0.23793890342032026
0.32648316879810274	0.12392189203256686	0.23794023733065456
0.325384535340655	0.12351593952584908	0.23794805370093888
0.32232144590490325	0.12235509407988521	0.23802148468437134
0.3188408719325048	0.12109477590508451	0.23793538037196713
0.31744131384420426	0.1206298508132587	0.23786670141769048
0.31359433844404816	0.11931652349236263	0.23775503384882637
0.31215486965006817	0.11888812806978824	0.23770423903201054
0.3083628536782368	0.11781442248557789	0.23746471026876753
0.30595569536212047	0.11714742927402826	0.23732323944898104
0.30332227387813565	0.11652901864951291	0.23703817530564414
0.301890226494483	0.11625859250061815	0.23681309888287183
0.3008522277047516	0.11617209107363961	0.2365550566253365
0.3003427264299935	0.11614434838659324	0.23640965394646885
0.30021124523469794	0.11641191185225837	0.2360705649422642
0.3006766883834084	0.11673985574200192	0.2358095882166775
0.3012851653535564	0.11723736913375571	0.23536370960270941
0.30162235119383757	0.11738407424153688	0.23520512108257235
0.3021046687999117	0.11760803226369579	0.2349035690125674
0.30292772823098113	0.11808523845295858	0.23442962670440826
0.30324853260152046	0.11828435687924979	0.23425306544308883
0.3037906598632462	0.11878791322776337	0.2336927068734757
0.30401219255188555	0.11901804213598238	0.23343496969526273
0.3042503577482194	0.11926902338956476	0.23318176457654421
0.3046294111737518	0.11965749189431955	0.23284382541013676
0.3048211534169269	0.11988734877013102	0.23264520723466642
0.30565320886324193	0.12073500217972652	0.23201226726157823
0.30611240932564443	0.12122464686112432	0.2316506346722728
0.30638561334619	0.1216086236057279	0.23132887573854694
0.3065926785839163	0.12187576991417602	0.23111907037763807
0.30713492745347637	0.12250495506102889	0.23066004823279876
0.3073723347455127	0.1227897716512647	0.2304570268898532
0.3079183461029113	0.12348251602272745	0.22995011471324528
0.3081698562529926	0.12384999202550959	0.2296666503154485
0.3084882367104521	0.12425001137727829	0.2293834363894226
0.30888775359388443	0.12478345502609212	0.22900106731005435
0.30925221460838564	0.12522298408092383	0.2287147860209224
0.3096566164188047	0.1258246601025893	0.2282730434272468
0.3099859232406089	0.1262905535970596	0.22794145496556018
0.31014226257407995	0.126498034745487	0.2278003379040137
0.3105876826101818	0.1271125358991171	0.2273754274484569
0.31084071905874794	0.12741220107290013	0.22719041213032218
0.3110870857629263	0.1277642528126048	0.22695411209802682
0.3115350339137115	0.12851125025685925	0.2264135371997073
0.31171517754913375	0.12878348891830682	0.22622449981774226
0.31214905644090346	0.12933847395748857	0.22587432410304803
0.31233817279095305	0.1295982930682214	0.2257048921626263
0.3127526684324782	0.13019700082959745	0.22531615032991215
0.31300431411102403	0.13061051561876877	0.22502968489908315
0.313278887714763	0.13107320218919732	0.22470892370401443
0.31365522519620886	0.1316509196977595	0.22432966647578326
0.3138883725033117	0.13200657571209884	0.2240973725227411
0.3141114477651207	0.1323170827641149	0.2239003955276898
0.3145183890024457	0.13286792588372887	0.22356597388777932
0.3147337554571486	0.1331449745833361	0.22335568495391206
0.3151826580975091	0.13334881918702157	0.22301378713547537
0.3153856150929504	0.1334297285571173	0.2228633253833336
0.3157119829733087	0.13355188985122415	0.2226592781367232
0.31602887218158277	0.13363848422209346	0.22236959904442966
0.3161319417250001	0.1336443726451892	0.2222659601294598
0.31654930188608704	0.13367567357725368	0.22201799224406865
0.31701827514483716	0.13368823805172475	0.22188243894525922
0.31762400225223353	0.1336806189792042	0.22179372735530326
0.31810955467350854	0.13384252370973387	0.22166265795167256
0.3184163867818977	0.13391975418306945	0.2215851452697366
0.3189037069350727	0.13397293570697436	0.22148081310434137
0.3192259732632286	0.13393764028588068	0.22142855655794885
0.3196338416237376	0.1338936422476801	0.22136243221390736
0.3202497098164592	0.13407022136044094	0.22120708108688114
0.32064041059668535	0.13418115805049322	0.22110674779638897
0.3212381409844584	0.1343041053302994	0.22096681434670226
0.32169121391034167	0.134294318822679	0.22088644280863623
0.32214392246588913	0.13432982758846823	0.22079661416276963
0.3225481166218636	0.13437444836562823	0.22071216393643922
0.32296269238362607	0.13452142651061394	0.2206023572280475
0.3233746093901636	0.13466409435169102	0.22049318041670518
0.32386028279300827	0.1347872789587355	0.22037542169851512
0.32434280190669534	0.13481420981695505	0.2202825516940985
0.32478724075259185	0.1348278433011008	0.22020042698942144
0.3254588470533828	0.1348867639217834	0.2200668293594042
0.32586841289744095	0.13504992337761887	0.2199549978453238
0.32634472112607327	0.13524947991076322	0.21982227750439767
0.32695369997479484	0.13539997178437496	0.21967810133901386
0.32727886991808236	0.1354367381704911	0.21961226727051422
0.32772375335703874	0.1354593384118983	0.2195281442116989
0.32835569044025986	0.13547309213890785	0.219383187247145
0.3286726421824826	0.13552692767408564	0.2192690697633103
0.32898001314905856	0.13567588207657952	0.21916489896838112
0.3295219848670583	0.1359000929458376	0.2190136906564237
0.3300106411754012	0.13595383441293696	0.21891476625584438
0.3304079280394597	0.13598169536739463	0.21883848220562455
0.3310662311845741	0.13606271814412355	0.2187049840192491
0.33130515770483726	0.13608266172949163	0.21865797712825844
0.3317174693196916	0.13627068158032773	0.21848492628617028
0.33183182174613157	0.1363200646659934	0.21842662627756523
0.332519042619884	0.13639556771618358	0.21827277943046497
0.33292621982600545	0.1364295742039568	0.218194282013303
0.333183526833246	0.13646065973164664	0.21814205781508325
0.33356991314870155	0.13650562594284227	0.21806496280691154
0.33405189094269555	0.1366926990829505	0.21793443793548986
0.334597953533187	0.1368507807332469	0.21780106115570896
0.334991743714902	0.1369126513936899	0.21771915736436626
0.3352530086421141	0.13697259152804037	0.2176609474610372
0.3357274668404605	0.13700262665968238	0.2175530285786242
0.33602803570779166	0.13699533644719591	0.21742996012764798
0.3363119126007445	0.1371570468647022	0.21732600987392042
0.3366111312742006	0.1373575685041527	0.21722800034581713
0.33693539015983115	0.13764418589286492	0.21711155726676845
0.3370776557641001	0.13777618130863245	0.21705934712397817
0.3375864480204446	0.1382500447521	0.21687318026417096
0.33783937524708846	0.13848859461049606	0.21677989146067048
0.33802576000350587	0.1386645803432346	0.21671115427052037
0.33839380444009987	0.1390142486745013	0.21657517701272572
0.3386897172018956	0.13929619448335684	0.2164657592265961
0.33893353386491826	0.13952931047439043	0.21637560463290761
0.33910067009240263	0.13968991796282443	0.21631357531863984
0.3393880222989381	0.13996728095276584	0.21620694965546705
0.33962436026020115	0.14022694251879647	0.21611612691996832
0.34011881045633313	0.140855645492035	0.21591399531782884
0.34035380767264006	0.14115636381297827	0.21581595255364608
0.3404842083242637	0.1413194268555652	0.21576333403956427
0.3408159516696438	0.14171696724128602	0.21562985085944109
0.3410495821757078	0.1419523756200192	0.215541298855428
0.34135286354979705	0.14230681550411955	0.2154198813170202
0.34159746300706917	0.14261366851591478	0.21531872064058358
0.34178714219844153	0.14286079238110325	0.21523903539835407
0.34202252600858246	0.1431567451709329	0.21514114799274647
0.34225513501052435	0.14339702191524373	0.2150519570013117
0.34255749618495723	0.14372499706888117	0.21493389446895522
0.34274512962972903	0.1439776180690302	0.21485253404227966
0.34298360315834353	0.14428932467809952	0.21475171535066495
0.3431675187726915	0.14453724522306732	0.21467208525171758
0.3432650305351707	0.14467004837784622	0.21462913325537328
0.34344637059440264	0.14488000668851206	0.21455513631861176
0.3438484853847728	0.14528785668041397	0.21440294903127527
0.3440067530791166	0.14548964298982076	0.21433547486068316
0.34412469999343154	0.14565659275900172	0.21428323133275362
0.34430942515805457	0.14592193124100186	0.21419937585757134
0.3446362200679531	0.14638142195350845	0.21405239149593874
0.3448129405139986	0.14658280489283737	0.21398181801295457
0.3449182838952671	0.14669247926109538	0.2139403461652123
0.34517257406212415	0.14698130448230706	0.2138390597466702
0.3452527260423184	0.14714045251609673	0.21379363344288974
0.34523841790381815	0.14722947287870525	0.21378092199236604
0.3452367389362199	0.14724209890688267	0.21377977442618395
0.34523502058008354	0.14724542328661727	0.21377992748142755
0.3452351907551398	0.14724445472913528	0.2137796744953789
0.34523450907966396	0.14724357297505725	0.21378040454664285
0.34523207187176297	0.1472408284228373	0.21378092531433035
0.3452322996594473	0.14723800847807067	0.2137818899111809
0.3452318194435601	0.1472375918295303	0.21378203578442928
0.3452304919760402	0.14723542215749819	0.21378268956984797
0.34522891424093666	0.14723308949024982	0.21378342317576904
0.3452284214131883	0.14723103682722768	0.2137838991263123
0.3452271180485652	0.14722985021455404	0.2137839135335417
0.3452257879756168	0.14722818814969485	0.21378476230647986
0.34522583366967413	0.14722740529698958	0.2137850680044473
0.34522500243775356	0.14722544104844631	0.21378559126754604
0.3452244123177697	0.14722453011673836	0.2137858655539222
0.3452241094652007	0.14722357237828276	0.2137861031674996
0.345223315010927	0.14722243282676584	0.21378646634580345
0.3452228950029102	0.14722123399230716	0.21378677679124705
0.3452220355285007	0.14722100440442223	0.21378683415651134
0.3452225953806848	0.14722079450087516	0.21378761950622927
0.34522204025007597	0.14721934385924654	0.21378731033171208
0.3452208191318742	0.14721950170721174	0.21378734751991835
0.3452211105538271	0.14721952442482666	0.213787429350321
0.3452212600005035	0.14721860130397918	0.21378812235707242
0.3452209589841964	0.1472190535120016	0.21378754333990044
0.34522117279327813	0.14721724704152694	0.21378842435289525
0.34522138595907326	0.14721759218540603	0.2137884772385497
0.34522048858001125	0.1472186934217265	0.21378755754741868
0.3452206279755848	0.14721870603169945	0.21378821965682826
0.3452208176666705	0.1472173520759722	0.21378844672314296
0.3452199226231186	0.14721762391429985	0.21378782748674435
0.3452205097355603	0.14721782430211328	0.21378786511382702
0.3452196695163632	0.14721846721851745	0.21378773306090465
0.3452200137476988	0.14721758884757336	0.21378786256788512
0.3452199972334567	0.1472184957204629	0.2137876927387939
0.34522094081802074	0.147217167839983	0.21378848568684083
0.345219814230164	0.1472182658408026	0.21378777474647573
0.34521938353732184	0.14721785750193572	0.2137879305930763
0.34521987408164123	0.14721867995784338	0.21378765377652773
0.34522042341008957	0.1472184932923551	0.21378829894059603
0.3452211239632764	0.14721894148726547	0.21378822220433685
0.3452214908104315	0.1472179338075159	0.21378835203530694
0.3452202183134941	0.14721780158671421	0.21378778328321252
0.34522064266242913	0.14721780806028006	0.21378838828861782
0.3452209045228773	0.1472171620525019	0.21378860783888856
0.34522101696648133	0.14721866914789516	0.2137883236971974
0.3452205209796337	0.14721843369123055	0.21378832115023327
0.3452204446157715	0.14721863570898316	0.21378769243528073
