0.34699726407315556	0.13330941387343292	0.20749790637417473
0.34699726407315556	0.13330941387343292	0.20749790637417473
0.34657551880947035	0.1329010852166162	0.20763492733309982
0.34626755134451415	0.13255120028617978	0.20778182302871614
0.3461082567545328	0.1323354773527775	0.20788329483725954
0.345778469775387	0.13187479950281666	0.2081009145343953
0.3455270630607268	0.13151962432418068	0.20826802895950974
0.34511333157386287	0.13104749831071227	0.20846937382078
0.3445470665449692	0.13049930038430985	0.2086738058070882
0.3440999821871167	0.13004050783659798	0.2088561426036859
0.34380809162738435	0.12966400827345997	0.20902637678367053
0.343636195164297	0.12943436022669658	0.2091348116590507
0.34305988239576846	0.1286763403050467	0.2094894713670826
0.3427459491667847	0.12835933236640057	0.20961509198861147
0.3423149801823833	0.12793509813134002	0.20977967258699753
0.3417790353843254	0.12736341002424162	0.2100154731540829
0.34155042248574347	0.12707448375378383	0.2101495553452985
0.3412751795741858	0.12670900745812647	0.21032198320467987
0.340878517752077	0.126179541661332	0.2105712735141091
0.3405780324459082	0.1258495705475659	0.21070677835195661
0.3399768472546586	0.1253007768228684	0.21090885224516137
0.3397084156784873	0.12497902114680566	0.21105268809551456
0.3396022432300137	0.12483176476340828	0.21112022025120344
0.33936420156396296	0.12450544569310375	0.21127259932953255
0.33934667012068287	0.1244183542203889	0.2113086681604346
0.3393756351228499	0.12434902163424041	0.21133341511365172
0.3393935940119421	0.12431638239515948	0.2113450525974747
0.33939880916229204	0.12431646713042292	0.21134479938189513
0.33940254668339265	0.12431864523583776	0.21134377433577747
0.33940528263984626	0.12432125894928751	0.21134271441698252
0.3394096552581471	0.12432531678699814	0.21134061996713766
0.33941485926457554	0.12433020446186717	0.2113389257043838
0.33942018182843253	0.1243343108408534	0.21133695853163253
0.33946063714546115	0.12461918026267137	0.21125548410808842
0.33957055761780225	0.12517854638926712	0.2110881887657866
0.3397557243357052	0.12567553135764092	0.2109221625530022
0.3400275719432011	0.12616655165869328	0.21074034501139105
0.3401744905930506	0.12645769853564437	0.21063593538301018
0.3404391107299634	0.12701589666389712	0.21043535930474877
0.34110342315884984	0.1284314635784728	0.20992113374736715
0.34133625849121646	0.12890199545128678	0.20974870781642238
0.3417640725735459	0.12985031576284928	0.20941191899379835
0.3421871291624111	0.13072852812814978	0.20909629019300638
0.3428042303139681	0.13214019330204935	0.20852318720148258
0.34324713261114137	0.1334605672528421	0.20783050348038584
0.343802336555708	0.13489777715218387	0.20708801871659482
0.34465865893916764	0.1370266265673884	0.2060543804054098
0.3454360147761515	0.13880195108043847	0.20520073636149297
0.3459262736574367	0.1400236993642342	0.20458285597421072
0.34684740983588364	0.1423830184333974	0.20338157939295307
0.34770819324688235	0.1444278632937958	0.2023651381190032
0.3491675551787799	0.14763862923225518	0.20081355754424743
0.3501189374586648	0.15002857910477935	0.19960424049400738
0.3508286471494141	0.1517740809400518	0.19871389092181646
0.351764968947699	0.15392181475097438	0.19765817765259303
0.3529965288857234	0.15666987690693884	0.1964062008994283
0.3546398791062057	0.16075365867619223	0.1944618914461797
0.35678090548096747	0.16561780375331178	0.19229277223540037
0.35779552453796065	0.16785617124153718	0.19135241278478
0.36006147673033617	0.17323604353863414	0.18898563120871245
0.36095700548432824	0.17538357537429017	0.18805359011554013
0.3643335867436622	0.18342749819154075	0.18463862736921022
0.36625755276758004	0.1879642445047875	0.1827515987144958
0.36736517663485885	0.19068051541408876	0.18160385719914085
0.36916654621861383	0.1952008210770329	0.17969387921819058
0.37227065541782356	0.20251194810551976	0.17667157653591575
0.37532910463051067	0.20947529427902978	0.1738934605942635
0.37754600850378245	0.21448391161640684	0.17182401707644068
0.37981455303113365	0.219674623698773	0.16956817531579585
0.3822286156084082	0.2253064174693818	0.16727651535409455
0.38492560299166245	0.23112615779080437	0.16506100836793083
0.38659523994455813	0.23430395742920102	0.1637542701092451
0.38887944974324407	0.23879460578012518	0.16186092547550324
0.3931417884059535	0.24665514880223394	0.15832404843405473
0.3952602691514937	0.25056145325344376	0.15649407663527165
0.39753595891883303	0.25459685525353776	0.15450708532103596
0.39921118755464047	0.2574434699242872	0.15307763791135687
0.40211811316611273	0.26224103890849465	0.15054922319844616
0.4044414300118854	0.265897377174432	0.14851136128123726
0.4065682673277448	0.2692721634843486	0.14660727048244587
0.4091145248782819	0.27298329643191044	0.14433380290681752
0.4123981745282688	0.2777544857891201	0.141306009644037
0.41455037811516326	0.2807752994565165	0.13931814710597673
0.41702002693940754	0.28387380243754534	0.13719005987216026
0.41967479861890905	0.2870283855776387	0.13516702874082065
0.4211947830044322	0.2887017436361971	0.13414783029720606
0.42494140281913406	0.2928247834035955	0.13152423995158685
0.42844084351528283	0.2964752400772722	0.12897885730215575
0.43122657699295075	0.29916678226491594	0.12711482733279061
0.43413878116200283	0.3017826924019763	0.1253447447331955
0.43566035303270545	0.30311655017362704	0.12431469962191971
0.4390897534375754	0.306027964261746	0.12183735811424395
0.441914152824154	0.3086705913315727	0.11982343158160863
0.44599839117891743	0.3124334169240823	0.11694811952302325
0.44819637480545105	0.31453356955531353	0.11512149780815434
0.4503632611646173	0.31658668160390424	0.113282131833082
0.4528815074879038	0.3189013114076588	0.11143188596548087
0.4553264518366422	0.3212793528579614	0.10954497154458209
0.458659700990397	0.3246800638656923	0.10638261599761978
0.46114529804215765	0.32729082369695595	0.10427137277003057
0.46338073860361706	0.3297317110396627	0.10221946573391527
0.4645723556348809	0.33117144143054594	0.10093173446142784
0.46710251902324845	0.33439842980199364	0.09804743711539654
0.4688798302584614	0.33663002115040336	0.09622909313216083
0.47012634936687464	0.33834391753141424	0.09491638673780811
0.4732475262547915	0.3432554793617363	0.09071781593583711
0.47418291060555084	0.3450787417819124	0.08926631275316721
0.47608076214803174	0.34907081188168215	0.08623962107609073
0.4769973118074409	0.3516919626384556	0.08402152425174775
0.47731516979122385	0.3530335346712328	0.08268472595418758
0.47791126353910734	0.35572732305825394	0.07971871957364668
0.4782894494307222	0.3581284708909172	0.07655832749680508
0.47835668011387167	0.35941736829868765	0.0741964610525569
0.478391402602454	0.35990782081421413	0.07305997496241834
0.47837215037784414	0.3608945582645125	0.07055073189034694
0.4783334677242908	0.361650849305155	0.06843792873667742
0.47824822453798244	0.36238306582190355	0.0662297111915936
0.47815983731819867	0.3630258825871119	0.06443981840423313
0.47798785287123974	0.3639771807043728	0.061720660665446236
0.4778226097153059	0.3645361754432529	0.05982778244327619
0.4776811100599736	0.36523835327338733	0.05781638362288488
0.4777672810043668	0.3656819351094623	0.056726351743874914
0.47789422381264157	0.36675714055968844	0.05436733221088402
0.477912976337476	0.36716276969890355	0.05332756020440649
0.4779884992312863	0.36852506154577985	0.050000313805819985
0.47800398316903875	0.36910804082533955	0.04865324540991739
0.47807698649625757	0.3697983492724348	0.04709609527610298
0.47816491807146816	0.37049568322137977	0.04547871042259921
0.4782807607517508	0.3712148829639985	0.04382673391268699
0.4782785717764675	0.3718339044079412	0.04229976726503609
0.47823284377048625	0.372453046692679	0.04071520674803564
0.4783612840050879	0.3733723562036711	0.03872280901500735
0.4784258279194139	0.37399517624180306	0.037365678272996694
0.4784886405607516	0.3746787905195581	0.035847977270060616
0.4784895637591528	0.37549064953082617	0.033755873984940066
0.4785453029051518	0.37590962487118756	0.03294202815608588
0.4786058199037824	0.3764722965601917	0.031804222781810776
0.4786024356825087	0.3771353714745088	0.03030949269110733
0.4786960414177652	0.3781148964143433	0.028107517781961355
0.4787660864801182	0.3786058910207545	0.027194577707355228
0.478835501593077	0.3794356951178525	0.025400186949505577
0.4787898336470534	0.3798107288973482	0.024486440532676734
0.47884174748508557	0.38031059550976815	0.023434832349490065
0.478968014959003	0.38116750788904713	0.02196963169825089
0.4789738827489744	0.38194408842979755	0.020149778918791827
0.47905827142471513	0.3825067920640663	0.0191993351135748
0.4791036647974712	0.3828939525565307	0.0185880262154276
0.4791410210338445	0.383386718898227	0.017501973357356204
0.4791425801381344	0.3839933770368624	0.016319426851123586
0.4793194529706165	0.384730748194005	0.015063857678186965
0.47924200820794227	0.3854575840812411	0.013635944834895664
0.4793226852080105	0.38602273796717185	0.012717180784209081
0.47942214534839894	0.38656093465967684	0.011952503459934316
0.4794150972396291	0.38704008338850254	0.011059500659851007
0.479581803864055	0.3875062959988119	0.010485949663867511
0.47986086989832083	0.3881945305454122	0.009856665180726198
0.4800055261982567	0.3886162608550028	0.009305613079284125
0.48041161048352077	0.38945028787498776	0.008611716785320078
0.4806858507566825	0.38983315943914254	0.008208342369125321
0.48097559813343943	0.39066806713280755	0.007619601119355002
0.4810945818117001	0.39099482466171975	0.007399586000862046
0.48135918545178474	0.3916209264014879	0.006804674471522276
0.4814953826932119	0.3919434505152612	0.006615265086814093
0.48178678291813737	0.3925439959287274	0.006313719723754441
0.4819149327082689	0.39299488456809234	0.005942148654967616
0.4822847972842014	0.39370133315041916	0.005634010217450136
0.4823955626350276	0.39400305763988547	0.005461669946534853
0.4826133654363443	0.3947400530922417	0.005090997183202883
0.48290321448585666	0.39535371285565485	0.004912940313725633
0.48300343233294873	0.39577066188708204	0.004650043343750632
0.48313417863711733	0.3960124359702765	0.004593098025336251
0.483364648043401	0.3966871020008417	0.004473579313797826
0.4835992145463091	0.3972511057525811	0.004281166316880858
0.4837334345420947	0.39783544185241776	0.0042040385473443576
0.4838561566606741	0.39830256147249227	0.0040983713566055124
0.4838502177305266	0.3987554743394724	0.00385936882312915
0.4838855107768376	0.3990998614664877	0.0037568373802540633
0.48396807095488004	0.39991572288725663	0.0034871609770575906
0.4838273780378216	0.40080680743999697	0.0030211705671013833
0.4837651571682297	0.40151161478301495	0.0027375927178533432
0.4836126216327944	0.40210835475421824	0.002359733820566201
0.4835378784880808	0.4025508221857484	0.002138788173188244
0.4833746409587869	0.4034775282846394	0.001720331001133113
0.48300663352382134	0.4046400192033794	0.0010265492140783539
0.4829006336173977	0.4050720017672355	0.0008316590845365845
0.48267965011968106	0.4060004143878665	0.0003270921798601001
0.482636240426292	0.4069850616419793	-0.00013230080261511512
0.48260949388489693	0.40742660515494195	-0.00032736467732191743
0.48227640057446886	0.40871319268161516	-0.001080443928770769
0.48206824251670893	0.40962470695999287	-0.0015559685217732544
0.48178063129744275	0.4103903459966184	-0.0021848388926264395
0.4816869696558629	0.411716843427376	-0.002691244798478487
0.4817647931963939	0.41253192427911234	-0.002955284627716215
0.4819092352584623	0.4133376171131482	-0.003073916808566002
0.48201337043095055	0.4146504896072701	-0.0034601713253734068
0.48217101139345253	0.4155320266111325	-0.0036709522170765285
0.4821441809724213	0.4166253153978288	-0.004060984417631142
0.4822873937134964	0.4179474929616911	-0.004406480012372205
0.48230475355121316	0.4185202707886434	-0.004611521259720142
0.48244669307148014	0.41991274761864905	-0.004978266440866019
0.48250262119640586	0.4208928079037003	-0.005224135807616659
0.48255730525175905	0.42188871056666055	-0.0055992092501542245
0.4826832303126484	0.4229219843049408	-0.005823414113468761
0.48272704425111335	0.4243450985089443	-0.00619118951708264
0.48273087711270224	0.4251521837724934	-0.006546458850581416
0.48283976961694763	0.42608978246083046	-0.006780268881283746
0.48287278167828834	0.42675719363916703	-0.00699397060655732
0.4829982342742472	0.4283541785027527	-0.007447339907264483
0.483029561357087	0.4292434782670711	-0.007675629180752319
0.4831126413402955	0.4301125436402219	-0.007951173846064252
0.48315691423989526	0.43103853727163627	-0.008237987546429903
0.48321584178919824	0.4318514368386477	-0.008419415226937288
0.4832659963648579	0.43260612734143367	-0.008649686431512926
0.4833703945870209	0.43378311603288644	-0.00898578556609897
0.48337330597424105	0.43457257478882655	-0.009279229394846544
0.4834214378070781	0.43497511229819863	-0.009387505155566078
0.48349144391442517	0.43609909826119475	-0.009682499854453686
0.48347045098429403	0.4367483393031961	-0.009910848529026017
0.48347369419286373	0.43713837349154855	-0.010004290090063928
0.48334209881735807	0.4380323984924456	-0.010313927421420954
0.48329375661486657	0.43855970876190187	-0.010523263177083464
0.4833751032102768	0.4393316529169401	-0.010749423604287045
0.48337721195036304	0.43986284800204467	-0.010902171017331819
0.4833170355397204	0.4404080762545429	-0.01104053853568715
0.4833601887291717	0.44059328094577	-0.011092263161587457
0.4831671622294408	0.44130309472188795	-0.011430363577241143
0.48291613171571784	0.4416248331170502	-0.011733363121532059
0.4827079557931983	0.4418434515218896	-0.011960859102450871
0.48260638406619694	0.4421600743140118	-0.012150795450555307
0.4826840927469855	0.4423494053940775	-0.012176972057371671
0.482757348322735	0.44253139915346856	-0.012129892205174075
0.4833192521876881	0.44286554535514244	-0.011780367842716022
0.4834850421460379	0.4433703041538748	-0.011441209001967434
0.48359285866901913	0.44392689114782935	-0.011108146079687464
0.48377788497171825	0.4440293652512993	-0.010842801093617072
0.4838966569435435	0.4437986871631152	-0.01055487279998224
0.48393309146305596	0.44412251952939075	-0.008788455921367289
0.48390521165903677	0.44409596613649693	-0.006961744179853402
0.48304644070109204	0.44441700141605534	-0.005300057290078375
0.48135219663703444	0.4451543516805613	-0.003682069747176442
0.4792052798460341	0.4462065386821491	-0.0024801193195244653
0.47519237489506894	0.44810163579768975	-0.00099550192651493
0.4679104968154888	0.4517506972982183	0.0008885865308876917
0.4615371657129086	0.45495915605184123	0.0020318386711732916
0.4544484776641462	0.45815433635204317	0.002877507204530394
0.447291375554817	0.46094192961966646	0.003365571463772532
0.439523453255075	0.4635435287738102	0.003552099795223418
0.43233580530117627	0.4657065663588006	0.003453695767573428
0.42426247871185396	0.4680428739033051	0.0035127463539132986
0.41672426606996943	0.4702724942823313	0.0039060876287411173
0.4127288204017051	0.47146022967710616	0.004261726920175235
0.4017360863669498	0.4747800215194694	0.005771343814017504
0.3940546289521763	0.4772334526364685	0.007450748265594609
0.3895376279385743	0.47876023368728127	0.008772469609828248
0.381395917325957	0.4816999345722006	0.011760554382469035
0.37615879597101276	0.4837763627743355	0.014210023955403439
0.3702312274370807	0.4860838262263053	0.017354690334291045
0.36325802874105917	0.4891847546175949	0.022041150188097824
0.35871519758149994	0.49143477759459797	0.025797960007632348
0.3547446440606722	0.4935706777694022	0.02955333057616244
0.35152147453572263	0.4953686572211093	0.03295189070211674
0.34745966822057284	0.49791377457243247	0.03796519064145654
0.3438104300920031	0.5005212007721471	0.04340411175755671
0.340850588538451	0.5028668635069179	0.04844254209055937
0.337378830363386	0.5059875072551886	0.05566436790789714
0.3350782627793079	0.508011941196854	0.06101212824893576
0.33328590616017867	0.509628540885049	0.06630000222962917
0.33203729118259434	0.5110342570945181	0.07189682336269848
0.3312151451885239	0.5122492511363631	0.07754927901521402
0.331222057174024	0.5131985909580125	0.08497198018040814
0.3316000756506835	0.5133125266872087	0.09023618236884412
0.33228755975040913	0.5129668618094326	0.09505500567389136
0.3335942127720183	0.512456035792874	0.09980349688854245
0.33468024145224695	0.5119580073894826	0.10310671143234007
0.33698990035276977	0.5105809940567246	0.10998642390598573
0.3381707965237403	0.5097176148125374	0.11330481504655926
0.3392154338580853	0.5082646704350557	0.11654652359936252
0.33988948914503453	0.5059119691651386	0.11993739129684772
0.3403690409279709	0.5028274417084786	0.12359010908485979
0.3408854872805218	0.4987065704200614	0.12762015589273312
0.34098829950094195	0.4948218062398624	0.13061106348412926
0.3409968430679703	0.4920208941036872	0.13250705153264303
0.34079283973540697	0.48728487837915646	0.13554660985488476
0.34050405562010655	0.48020697002133217	0.13967094331566549
0.3402937234582832	0.47454982659203243	0.1427677393670551
0.34005305107938505	0.4676590733040419	0.1463544665129768
0.3398220226285718	0.462304045072158	0.1489706632897353
0.3395682989380324	0.45682232793251815	0.15155585006738725
0.3393215129955324	0.4521270323220095	0.15370051627009024
0.33908523910864763	0.44702523481144496	0.1558108631792256
0.3387580036446902	0.44173923246584457	0.15781096744466117
0.3380424938620581	0.4355620074295958	0.16021755336094468
0.33757250180256115	0.43076554040320125	0.16172593400397028
0.3370095538984348	0.4258818939432897	0.16315862439347234
0.3354343825693974	0.41787412154244274	0.16475023319590965
0.33418358314793994	0.4126264659142496	0.1655735441855675
0.3325970140347123	0.40723761480308873	0.1661842081673527
0.3307746502644731	0.4018174174831637	0.16668623732180918
0.32874927306212276	0.39632626061638937	0.16702872977963598
0.32626006816876335	0.3901710063309122	0.16732201325979315
0.3227960864633848	0.38320711743981883	0.16733734999284247
0.3195971013825602	0.37733671048209694	0.16724247334179182
0.3177158390567696	0.3737334807131589	0.16713252949285334
0.3131626713779327	0.3649548839322966	0.166634116856545
0.3102735014508033	0.3594143760384212	0.16608957422768256
0.3056667409929418	0.3501244657107758	0.1649737357476807
0.3026782505850336	0.34404092088857396	0.1640682185994778
0.29952183851328845	0.33740503875119415	0.1630507175709039
0.2964073377657478	0.3309751239404357	0.16196904351344854
0.2933679359741472	0.32437186792363387	0.16075105656427158
0.289237538830316	0.3150268372811152	0.15906936259028637
0.2874520594435545	0.3108613556026587	0.158297255323534
0.28466380041431544	0.30425313362197076	0.15715070220198274
0.28086846801284876	0.29454587568590135	0.15542733804720366
0.27899983060155936	0.2896079761643605	0.15463932863534574
0.2744391946943558	0.2763905917636492	0.1528147468559265
0.272451470047553	0.2704345257198666	0.15214359011516032
0.26992553790044826	0.26221106696024843	0.1513932799581889
0.26788721071843186	0.2549252377556562	0.15094421763452054
0.2668445900294803	0.25086730261104506	0.1507379931136461
0.2638667338541465	0.23839593610360388	0.15058847993558072
0.2622610070030108	0.23084496780914626	0.1509061779897229
0.26096757580551994	0.22385761353468142	0.15148452193118883
0.26002228888596834	0.21704546800154195	0.15231481244545758
0.25936466873244524	0.21068042135710147	0.1533285511734913
0.2590815951094074	0.20724386901642605	0.1538665063723259
0.25846504498509887	0.19751580521244744	0.15560141637896302
0.2581338465685032	0.19185183585568877	0.15674860112507516
0.2579530835286957	0.18701345759845656	0.15780195237534334
0.257935762657769	0.18463818597872866	0.15831861146064202
0.2581022291518031	0.17988224548219156	0.1595441598158468
0.2583582964530196	0.17702313126056546	0.1603715680629652
0.2588426396202334	0.17466527916096067	0.16116872462716908
0.2597761334716715	0.17195888284155708	0.16237703607468307
0.2606467567065639	0.17067463161569824	0.16332305330688468
0.26141689568599236	0.16965155183613811	0.16402410189991612
0.26191468901514325	0.16892752741755637	0.16455248082960683
0.2631031407599515	0.1673906787279048	0.16567188495260465
0.2638744036743973	0.166381757633348	0.1664031664307426
0.2647938719013444	0.16520110303692132	0.16731962007615514
0.2658557902262298	0.16381134911581136	0.16832610850642374
0.266625576769676	0.1628356353169781	0.16908863100999036
0.2670297467583853	0.16222731732150963	0.16949470539856382
0.2683637126159935	0.16049830282562275	0.17077560160342595
0.2690114903096239	0.1595768559994971	0.17141918350022506
0.27018542647639987	0.15803750608827155	0.17255641593640328
0.27068619842422803	0.1574083593266115	0.17297491636807172
0.27166085053053113	0.15620970921105648	0.1739410045057568
0.27210866169464754	0.15551574341719926	0.17443765178908022
0.2732025902185008	0.15414609239722946	0.175451160900092
0.2739003518127283	0.1531493331387363	0.17599240538331146
0.2748255490780306	0.1521050431055308	0.1767919483324255
0.27588805733961486	0.15098068484575966	0.1778310792813843
0.2762799358246141	0.15051939900304287	0.17828662258018213
0.27688695640006	0.14982914187565	0.17893187602534893
0.2778529417420456	0.14838400132940635	0.17996301971965528
0.2785108768359953	0.14732761032820685	0.18068683321979187
0.2791511077953963	0.14633934256412195	0.1813458330320925
0.2798085961607996	0.1452197183932778	0.1821611923208535
0.28060982077216634	0.1438417759533968	0.18304274693442502
0.28117089257349426	0.1427747404583738	0.18366247003800534
0.28141046443185447	0.142370693947998	0.18387175496072525
0.2824417210807544	0.1403772804195969	0.18500085334621874
0.28298038877384185	0.13924990285062336	0.1856632262299471
0.2832874570813409	0.13870213813345258	0.18593773066517572
0.28395312241972565	0.13741918978492074	0.18669602040698696
0.28448721405635186	0.13640973971872078	0.18726866836311018
0.28480082750434405	0.13582009600635517	0.18761108428772344
0.2854775262115724	0.13445306232598264	0.18840656137501557
0.28619379032357056	0.1330678893589698	0.18918731629176883
0.28667270804828915	0.13207613821250075	0.18972936946455551
0.2871475133828328	0.1311663593231549	0.19020847723208448
0.28740392119739494	0.1306562312380523	0.190502775486116
0.28809377820338483	0.12931619191059918	0.1912794760257659
0.2885385036183827	0.1284163214767065	0.19180081718489003
0.2887847855975114	0.12788574424003996	0.19212284097161436
0.2893973112572991	0.12672533435660788	0.19274770140115385
0.28965670252160663	0.1261617121285501	0.19308166549576272
0.2903000484750935	0.12485958129645781	0.1937365767744176
0.29091669096089645	0.12355900018816939	0.19452039695223441
0.29118321359931876	0.12305067447325194	0.1947810236959827
0.2915395434287282	0.12234430534168646	0.1951781091574355
0.2919406681600838	0.12150736246339795	0.19569051816533312
0.2925360275034636	0.12031243610523065	0.1963161398882512
0.2930653975808946	0.11918839143847045	0.19693590082219267
0.293303826140154	0.11870836605717885	0.19721687263618323
0.29383865335431186	0.11771315041224051	0.19788165285165538
0.2945820384067846	0.11620010769661333	0.19866122875412195
0.2954603491768168	0.11448610048810719	0.19957490470149636
0.29583944577180055	0.11375766931347779	0.19995698167746653
0.29693199207281706	0.11171532383934331	0.20098800314023552
0.2973740120707496	0.11081168456667641	0.20146022979771586
0.2986301394976862	0.10848960998177941	0.20267375093452045
0.2999185093873375	0.10609702005215775	0.20390562350583596
0.30083690085413684	0.10441083821148787	0.20473726773857384
0.3018014835799635	0.10258257321469981	0.20571412595863992
0.3029856097449161	0.10040109721352115	0.2068214041286417
0.3044864267449805	0.09766166668387831	0.20819802708645088
0.30515602088923793	0.09641275361192621	0.2088030087531984
0.3066430139127901	0.09366035601032303	0.21020589833565256
0.30747534578268215	0.09214481402242213	0.21092585701660088
0.30913742004132017	0.08902391767898714	0.2125020413580841
0.3109426998425267	0.08555089398123074	0.21418256259471696
0.31169070080863953	0.08422179873800593	0.21485642149091072
0.3127604368289318	0.0820923945154206	0.21591428587253084
0.31411071836759014	0.07953043673006073	0.21716425499477424
0.31536832082855387	0.07720801988772714	0.21821537209473837
0.317804407323957	0.0724635338655188	0.22053917655489919
0.3186858808825963	0.07081510950509816	0.2213029579669451
0.3204697979380822	0.06733007475594642	0.22295728956713332
0.3217881822561944	0.06473333723885573	0.22418301577094119
0.3231097269428205	0.06212254750450065	0.22541529447801326
0.3250301457902811	0.05840941019820724	0.2271286587351593
0.32636292966978414	0.055631415418979493	0.22848842483531595
0.32720109086273164	0.054073954491297885	0.22911758626551537
0.32840197975622126	0.05152442752149132	0.230399209880752
0.3308042684822538	0.046702531277893464	0.23256520909598846
0.3315484402923395	0.04527107954404354	0.23316336744351707
0.33312925232017637	0.042019275963100136	0.23464147389611026
0.3344028693804672	0.03936247517612064	0.2359002511121934
0.3361114838411706	0.03586504164725947	0.23742886725863027
0.33735096514780727	0.03324349851559917	0.23862446201269472
0.33823860756195456	0.03145475021253456	0.23940140290471396
0.33962638776489884	0.02847126119970371	0.24072725175787424
0.3402953269185136	0.027184467417320266	0.24125607302431892
0.34175063293999564	0.024001061300953544	0.2426913591633041
0.3433909436501506	0.02059760538363921	0.24411188065358627
0.3442496897804341	0.018651527804161197	0.245049129274534
0.3453348687566276	0.016386951525501	0.24595840841091196
0.34627018062985165	0.014455797945900864	0.24670272973141202
0.34668467602668646	0.013432730047101951	0.2472122102478172
0.34784692706859366	0.010776102719373556	0.248362993732514
0.3484039133000259	0.00962095063085032	0.24880421302481653
0.3497919152318726	0.006540446152358423	0.2500024865724546
0.35043759012572956	0.00494651149695928	0.2507090142333771
0.35101067933585894	0.0035603123320343405	0.25124098431873465
0.3513329009783397	0.002778979020625197	0.25156027478982157
0.35177775395878996	0.0016963738488855046	0.25195539619592855
0.352268899316	0.0006932928994394932	0.25221367872626066
0.3530051457504702	-0.0008138489994701931	0.2524105527031124
0.35320694702769534	-0.0012530461136021492	0.2524634143805227
0.35346745685666003	-0.0020493071258436274	0.2524876648117047
0.3535236563204962	-0.002460122907809184	0.25252367101910045
0.35357017633081644	-0.0028130934588311146	0.2525435796023716
0.3535832567994448	-0.0028582190496918153	0.25235441504389156
0.3535193699447779	-0.0028444673362492817	0.25223832971475574
0.353379032021972	-0.002822935309188715	0.2521500841227332
0.3531840438115634	-0.002790443499019732	0.2521048110306293
0.3530390057075664	-0.00276629175024197	0.25206587443331463
0.35294736847095043	-0.00272785001839472	0.2518332699012048
0.352965204791211	-0.002683142764139959	0.2516655626783305
0.3529221380076258	-0.0026671616005786297	0.25159486939505427
0.3527952662727582	-0.0026485488351559033	0.2515534355550806
0.35259764941101124	-0.0026250263562404147	0.2515102025844878
0.3525131340297242	-0.002614918379526529	0.2514852670042357
0.35252062563346864	-0.002608947827245009	0.25131906518702646
0.352545824397909	-0.00257739496280536	0.25115337681284067
0.35254474916448414	-0.0025429154790628933	0.2511323049299879
0.3523964449520099	-0.002534907783003179	0.25110480507289584
0.35226841103133344	-0.0025506126694011116	0.2510900118727284
0.35216164772001207	-0.0025667154312051937	0.2510792756448816
0.35216558725149105	-0.0025544079335335784	0.25103838782160676
0.3522057211215901	-0.002499841342754258	0.25080687842691174
0.3522174563612031	-0.0024778138967680857	0.2507676799327464
0.35203796918288266	-0.002506062762310149	0.25075032827162336
0.3519048428658601	-0.002526899067596858	0.25073892440867185
0.3519078197732403	-0.0025038795011717158	0.2507338658534045
0.3519221916945524	-0.0024664905646749197	0.2507243574513055
0.351928114577896	-0.002453864778919221	0.2507244928854252
0.35193047262165955	-0.002452640818817922	0.25072588762488396
0.3519308373548784	-0.002453320887787977	0.25072792310221936
0.35193195278385186	-0.0024531931570035553	0.2507292168455497
0.3519323343153038	-0.002453757625309763	0.25073085610105805
0.351933762533045	-0.0024532791530449544	0.25073200392008455
0.3519342415152105	-0.0024554185979589055	0.2507332289747927
0.3519351501500517	-0.002455232185541681	0.2507341820357334
0.35192599051387036	-0.002460639067769624	0.2507363742174954
0.35179255760696077	-0.0025031720289161313	0.25072529565239704
0.3518700002250764	-0.002501675164367931	0.2505449857066205
0.3519913391119419	-0.0024682202026101024	0.25026254702289613
0.35201400015647516	-0.0024636747556352617	0.2501962555559839
0.3520333091624601	-0.0024411617141869985	0.25005562521588526
0.3520498556063429	-0.0024078762013068217	0.24998174776275797
0.3521151950696687	-0.0026724920045024247	0.24997739720330595
0.3521823697617131	-0.002876961697861627	0.24999642378969852
0.35222824172238093	-0.0031745702952950122	0.25001920686120044
0.35226438690159967	-0.003465748471364702	0.25003012984240536
0.3522950039317475	-0.0037111050713663635	0.2500308939451288
0.3523241302134424	-0.003967814330204877	0.25001535681153886
0.35236603838506253	-0.0043308075834850995	0.24998071598700777
0.35238307774403577	-0.004467053738195267	0.24995757529112314
0.3524037890361211	-0.004794633667350459	0.24989181419944817
0.352446288543787	-0.005003359360588613	0.24983338122984822
0.35247941861430404	-0.005063239476308892	0.2497187513611676
0.3524780200139537	-0.005080954787291578	0.2495573186673253
0.3525083586860056	-0.005243588158388643	0.2495058718774642
0.35253345938455766	-0.005430583519909396	0.24951695160683368
0.35258379608199397	-0.005764306480470785	0.24970129994167733
0.35258727591314587	-0.005772033239248395	0.24970649597595096
0.3526015035240507	-0.005773411497584077	0.24962169213653454
0.35260306075835646	-0.005772026821588103	0.24961170979584982
0.3526047111043431	-0.005770184858536712	0.24961128244185193
0.3526049382306529	-0.00576700370898868	0.24960972169882184
0.35260497315182227	-0.005764758723711502	0.2496100942018355
0.35260512184380244	-0.005762688125063739	0.2496083900059291
0.3526054417325663	-0.00575967972752707	0.24960808976559476
0.35259732215578	-0.005770739689989465	0.2495872147840007
0.35260156421987005	-0.005767658480267265	0.24955902769401772
0.3525995717698693	-0.0057670320287160765	0.2495666284883756
0.3525997581407252	-0.005765601892737768	0.24957445991630967
0.35259660752406075	-0.005761504519864	0.2496082034861933
0.35259672016016713	-0.005757500177251781	0.24961061587496586
0.352597669859178	-0.005754944974857137	0.24961057704585995
0.35259797951784627	-0.005750504118143443	0.24960917346415598
0.3525980101081135	-0.005747971753325851	0.2496079986392422
0.35259839686102756	-0.005745814548916414	0.2496076283250487
0.3525997571609228	-0.005742549071888328	0.24960543000349664
0.3526001089636047	-0.005741138026129702	0.24960471551404764
0.3526004668001355	-0.005739724580167069	0.249605120977518
0.3526006719472528	-0.005739086125469903	0.24960424958922922
0.35260117228564747	-0.0057386331182725375	0.24960407153528108
0.3526018082348939	-0.005737220337708418	0.24960348724172793
0.35260301859825177	-0.005736560328074389	0.24960308955477858
0.3526024987544085	-0.005736787783297351	0.24960308568197279
0.35260292949969707	-0.005736366698390602	0.24960389733771443
0.35260325883656307	-0.005736161746389454	0.2496028551480346
0.3526045211862575	-0.005735447934435631	0.24960213506842144
0.35260491684270023	-0.005734759383042257	0.2496027511134619
0.352605629572963	-0.005734498545518982	0.24960247669717636
0.35260522904301117	-0.005735489910105626	0.24960266466710423
0.352605277753335	-0.0057353450858679406	0.24960261738407935
0.35260494452091296	-0.005735966287620506	0.24960343920718225
0.352605880749003	-0.0057351806040350645	0.249602602466336
0.35260601540444614	-0.005735039183707116	0.24960254673678137
0.35260731996164185	-0.005733870485173834	0.24960257490689833
0.35260729560884124	-0.005733942899714031	0.24960259855192704
0.35260736994183195	-0.005734462411106908	0.24960374606425675
0.35259411286559184	-0.005736786579619832	0.24960230629223915
0.35233992347303467	-0.0057419383185382394	0.24958238285667433
0.35230432322233673	-0.005551249526951144	0.24959630700095078
0.35229772761517436	-0.005231867706773821	0.24953975087289298
0.35217527080549654	-0.004338428158616001	0.24954026445274322
0.3521432611575902	-0.0036624240021846527	0.24961638122308144
0.35212062205759426	-0.0028037920974691016	0.24974414060880812
0.3520861451760566	-0.0023517749569703233	0.24980456992782235
0.35194169155802435	-0.0013953156425996621	0.24987821365877894
0.3517437279145346	0.0004297758552458536	0.2502145591849406
0.3517142162265986	0.0011848857977489885	0.2503046837442501
0.3515306616628682	0.002239167186788557	0.2504677277552688
0.35138720412632257	0.003494756200038876	0.2507108151908377
0.35117246380657946	0.005388843221458703	0.25105240794893835
0.3510018244723756	0.006793607498065998	0.2512585239417082
0.35081459641198864	0.008745871185771761	0.25156665458200167
0.3507292166550869	0.009786353683279361	0.25158892442983005
0.35076582616098423	0.01230039771494891	0.25151075733608946
0.35070034572741887	0.013159353943164878	0.25150972488385553
0.3506575660598823	0.015132384131405982	0.2514995504111149
0.3505529146319543	0.01747458962969435	0.25152480577534697
0.3505294316626836	0.01955124707720289	0.2516262100051865
0.35045584614825365	0.02236370353680904	0.2515633330350039
0.35044536379787816	0.024373581874298347	0.2515170483601743
0.3503257046071226	0.026196777249939365	0.25158350503260296
0.3502543877136102	0.028293239966167325	0.25161982012267525
0.3502285136516657	0.03133427324842482	0.25161126318648797
0.3501138044462693	0.0333553360862147	0.2516643145349423
0.3501321790586605	0.03479119498930465	0.2516896126277758
0.3500350320002015	0.037595058172836274	0.2516970631052494
0.34998830759408844	0.03976177047905792	0.25174820863221925
0.34990165303178977	0.04287904844641978	0.25178149130622207
0.3498705877264662	0.04410461364035716	0.2518345363901766
0.34983311616592083	0.047337246050597984	0.251824204639558
0.34973375420190234	0.049382762897569696	0.2518930018469485
0.34966669196814154	0.05246182404416215	0.25189011621834806
0.3496224711896379	0.05476091190447045	0.2519854049948415
0.34957875653912274	0.055972555984629704	0.25203937423864686
0.34956828133821694	0.057993985576854964	0.2519848952858561
0.3494424913432539	0.06122258713392777	0.25207409997091257
0.34945518206558107	0.06441769744853311	0.25208720008553637
0.34937297878807594	0.06642942192382316	0.25214131770338755
0.34941087593701664	0.06843764369640291	0.2520897300098721
0.34928249793160826	0.07081407425651397	0.2521760516402931
0.3493297197043246	0.07289183386842561	0.25214378177217955
0.3492220263724081	0.07430016261300586	0.25224814874595464
0.34922849988241994	0.07628417775522102	0.2522294372560047
0.34915774634152813	0.07929144223353975	0.2522404915856663
0.34916673896803196	0.08201325766510707	0.25228273974055354
0.3491213972993021	0.08297494883207727	0.2522476343174239
0.3490829304726649	0.08573582322271735	0.25225299237377263
0.3490798640755926	0.08746629009452757	0.2522530552161133
0.34899933574071274	0.08925953431961549	0.25221964711941947
0.34902825901399037	0.0918080618339006	0.25217820258705204
0.3489459453819875	0.09344505284733141	0.2522422426275662
0.3489746402770145	0.09513729358391097	0.2521145772979461
0.34898407214806926	0.09596793333301103	0.2521863841703055
0.34892853301210375	0.09740942041638721	0.2520864540503972
0.348963944521913	0.09890451663959061	0.25212027037638357
0.3489968162480124	0.10106841312311708	0.25207921345727496
0.3489669355412528	0.10218029150857479	0.25204315076373296
0.3489707432871866	0.10348280718759396	0.2519434899386467
0.34901224583318824	0.10431198281541669	0.25180206771440766
0.34900886349206306	0.10589123581725389	0.25163010138241865
0.34899155243776253	0.10699602094737222	0.2512803166695641
0.3491058820147625	0.10812153175611249	0.2508677416750708
0.3492023927144545	0.1092241595375305	0.250463362726714
0.34931754752380995	0.11057683344253579	0.24985325887703558
0.3493618426038321	0.11121483276467413	0.24944931592315406
0.3494149982852342	0.11242246026072071	0.24880906267896305
0.3495406403831423	0.11469848852839355	0.24761746743958685
0.34963552130681474	0.11589126018670477	0.24691961124412506
0.3497139048129308	0.11720263902314969	0.24605228997722786
0.34979073436316827	0.11827379588699531	0.24535046558506796
0.3497867464170172	0.11896704919723229	0.2448304527158922
0.34995849394815154	0.12129557275724813	0.24319747682436063
0.3501593155298181	0.12262502547971792	0.2421180613368451
0.35025714053307583	0.1238221410900147	0.24111324789148042
0.350306131084857	0.12501385362708728	0.24012884140034083
0.3504466291540505	0.12612230173062902	0.2391923158169033
0.35055189829439415	0.12716888815145183	0.23828150530658
0.3506824264637001	0.1284207392247329	0.2371118963293017
0.3508343383409643	0.13005834576244646	0.23577625339201697
0.35089345941120365	0.1308742885599909	0.23515901018739432
0.35084118882438214	0.1313557375206751	0.2347656628063479
0.3507783484417689	0.1322916069031042	0.2341389447843153
0.35067446016513254	0.1326490807108242	0.2338558287251386
0.3504511161934903	0.13332207187705972	0.23352284251651248
0.3499610143001924	0.13355891245810303	0.2335356473142329
0.3494473758503585	0.13358079701104175	0.2336071281988677
0.3489196705954119	0.13339112471802442	0.23376164352685408
0.34815331513697734	0.1331454435391899	0.2340992089187675
0.34736453817829305	0.13272230278836458	0.23439376465249234
0.34601551810324416	0.13201005334383747	0.23497186387576074
0.3447122216216011	0.1313793258422472	0.23547562401252153
0.3441725913830045	0.13112605896397278	0.23567447295958793
0.3428246011978168	0.13048923709821814	0.23622703323684557
0.3422456907926352	0.13024506209007763	0.236398477412247
0.34024588190098476	0.12935952640258164	0.23695740337156107
0.33955903366992285	0.12906907446929755	0.23713828287568456
0.3378260064755659	0.12836893438354768	0.23744234166696343
0.3362122609633998	0.12773574381413072	0.23764026236871122
0.33473225489411507	0.1271046030508835	0.23788705658413514
0.3331240708910449	0.1265011627600207	0.23798834436059985
0.3313124115155294	0.12581686503403133	0.23801574516869708
0.329846244917657	0.1252833874562262	0.23799038196328964
0.32697717116474184	0.12420214826551777	0.23798608865739895
0.32385209247863594	0.12303634051835866	0.2380347787067665
0.32157846782696736	0.12216211364174752	0.2380990312672212
0.3189982890958621	0.12123698786312205	0.23803922996943377
0.3166122565406229	0.12042195144655596	0.23794521189339568
0.3143879801422817	0.1197012271745653	0.2378629457163801
0.31068882893337196	0.11861337254722797	0.2377136541511094
0.3089037222744468	0.11809917805441168	0.23760531158516832
0.3059007606791702	0.11727806583311157	0.23739462732885108
0.3033466604051363	0.11669445670899617	0.2370879952167994
0.3020678977839632	0.1164703013899484	0.23689553948516168
0.3009755302496583	0.11636630950418644	0.23661888646090945
0.3005622153059003	0.11636928617488652	0.23648273360020772
0.300585355102449	0.11669596356291481	0.23612743558283653
0.30126890663140515	0.11717942670981145	0.23571916622788802
0.30174550116914933	0.11754600411800076	0.23539893011423244
0.3020702383583599	0.11766323603006247	0.23524082302260213
0.3027166446287046	0.11798677801200184	0.23481166718645424
0.30314250875936716	0.11824824664172982	0.23456155735120396
0.30378846219230415	0.1186634038093775	0.23418184073822554
0.3040314443750252	0.11895560773805952	0.2338283671563436
0.30433315070036443	0.11930458679952782	0.23344051420321674
0.3047282759133488	0.11966758290871755	0.2331520264765961
0.3052570283698373	0.12016634713651085	0.23276605029547404
0.30562079633638517	0.12060321173217733	0.23240110766112893
0.30600024444029084	0.12103453507388319	0.23206043053954434
0.3064095509272721	0.12145937960442144	0.23175743829942383
0.3068154858149964	0.12193949226501405	0.23138997759738333
0.30724565746794563	0.12249908954349001	0.2309527490034631
0.3075256797870642	0.12285595618906135	0.23068536295710598
0.3079502093068422	0.12336591679729113	0.23032223323428308
0.3081498185070337	0.12360790930906444	0.2301535450241475
0.3085961119993307	0.124225690420277	0.2296889043262612
0.3089429783223439	0.12471816578173234	0.22932177113826294
0.30927996241981587	0.12515076805989636	0.22902056364772932
0.3097116869993078	0.1257223327554695	0.2286264982907904
0.30994976401057883	0.1260401492614485	0.22841113360508547
0.31020181090095	0.12642337147327495	0.22812741009493992
0.31060266678443776	0.12700454997871014	0.22771362313205099
0.31092724082593004	0.12744736806654944	0.2274134587069167
0.31140615325087745	0.12810245911103285	0.22697848641579932
0.31161048515843937	0.12837832823627338	0.22679942900876443
0.3119165084188127	0.12891417343603712	0.2264048583095165
0.3120582103636543	0.12915250101700776	0.2262335336647884
0.31249402521219066	0.12974481543655086	0.22584857272454706
0.3128174368608796	0.13018628213345984	0.2255646471092267
0.31321896071168	0.13076327462286658	0.22519298322292278
0.31337289396651563	0.13102300987758358	0.2250143892374673
0.31359090791326116	0.13141220112528001	0.22473826685182197
0.31382473501763086	0.1317810304998735	0.22449033382023306
0.3143063730327317	0.13251692183267302	0.22401047835459062
0.31447333371141445	0.13277444337857383	0.2238418919880492
0.31474490143431294	0.13315953844806172	0.22360082303915838
0.3151080915116605	0.1336553494857342	0.22327968824082967
0.31532338850502384	0.13377327245857762	0.22311763959647146
0.31587995084410025	0.1340069307351948	0.22271095556002693
0.31609911349300823	0.13408741987410552	0.22256643995564282
0.3162802921449025	0.13411389260923035	0.22238378373826367
0.31650715014946657	0.13415560073386357	0.22215062779201541
0.316894642379083	0.13419547490961503	0.22194557008815746
0.3171078408263555	0.13419927276685534	0.22183933631183958
0.31799628288780496	0.13423479257963555	0.22165520362386645
0.3182783570068416	0.13419004330715045	0.2216114168736094
0.31874618225640994	0.13429362110101767	0.22149706470720595
0.3189573842341257	0.1343562172464264	0.22144202362628287
0.31947455954136617	0.13448250816923685	0.22131233686100737
0.3199936972833455	0.13451502130776571	0.22120884040016506
0.32026919595547226	0.13449679451714638	0.22116238252887876
0.32090939025293086	0.13448245281511345	0.22104766358082006
0.3214347780518615	0.13463574942939616	0.2209123785583277
0.3216786951771985	0.1347158118059118	0.220848626003374
0.3222431630844019	0.13489146544148944	0.22070336731769205
0.3226678674249328	0.13488701598828692	0.22062662896842855
0.3233229107483942	0.13490126937920094	0.22050467465182588
0.32375319655400353	0.1349166684223151	0.22042355733943364
0.324044941835235	0.13502700291038283	0.22034453656776815
0.3246041424857856	0.13524055631204718	0.2201916164249324
0.3248394232450987	0.13531204552584067	0.22013154769670248
0.32549032309002074	0.13535425000370654	0.22000422818884713
0.32614790393504933	0.13540749613297262	0.21987595468185805
0.3265897386578798	0.1354780037816138	0.21977984227466224
0.3270300358914231	0.1356798726303716	0.2196533098458168
0.32759879798937536	0.13584551645624846	0.21951145561871013
0.32813824899891636	0.13590132735480726	0.21940372060786323
0.3285046440189186	0.13590770088205145	0.21933692433937238
0.32882902579946593	0.13591653531721054	0.21925659114540164
0.32918178185779595	0.1360499134316468	0.21910864440717343
0.3296411487767862	0.1362579003781441	0.2189564338038048
0.33007107641382083	0.13630666233037564	0.2188676044532311
0.33064858846888284	0.13635064592910942	0.21875529361579532
0.33109352904370204	0.13638678433460993	0.21866864448431234
0.3314140600456572	0.1364274351011906	0.21860333826760645
0.3319644745550663	0.13662942969164266	0.2184511901714078
0.3321125930732834	0.13669931172494326	0.2183775027867726
0.33245914573884994	0.13678359305990265	0.2182611231392155
0.33283847094995606	0.1368285980217227	0.21818265405041684
0.33326592442180464	0.1368859129878306	0.2180940345994392
0.3339525526588227	0.1369193053343195	0.21796636336247632
0.3342097046129941	0.13699280632055091	0.21790342825653752
0.33465640529543594	0.13722971220418173	0.2177669021947321
0.3350580814079421	0.13736907557174483	0.21766378495998195
0.3355125226354924	0.13746146395922865	0.2175644193280175
0.3356989270242642	0.13747358099053178	0.2175261182280599
0.33615066317533215	0.13741914335459265	0.21737490169688495
0.33647403744980175	0.13742292898670067	0.21731164679934237
0.33672252165434435	0.137461816265682	0.2172594315773393
0.33726679250301517	0.1376476082357368	0.21711997662690533
0.3375633242280958	0.13782413877816668	0.21702457199781555
0.33796416953333164	0.13817821315874657	0.21688060594851838
0.3382536724780159	0.13845044109800486	0.21677374777773165
0.3384342581800686	0.13862150805803414	0.21670677156149953
0.3387814603908137	0.13895252393796576	0.21657761446219378
0.33913401512915814	0.13928833561300524	0.21644766785116887
0.33940511159036574	0.13954892708988642	0.21634629971909192
0.3398078074214919	0.13993828909822287	0.21619679767163869
0.3400559252790263	0.14017839541007382	0.2161044029804266
0.3403326839598914	0.14044823138240176	0.21600087430093012
0.34048670814273485	0.14059705330449923	0.21594355314374353
0.34086184788416884	0.14097526321738957	0.2158010996506959
0.3410946807976472	0.14125996207295893	0.21570739227315905
0.3414755064685117	0.1417638327236738	0.21554693701896915
0.3416508301194411	0.1419871353903493	0.21547349256947593
0.3419791933583452	0.14240045991652972	0.21533812742164682
0.3422257982705258	0.14267853468663172	0.21523953939788773
0.3425128718892508	0.14296402144566392	0.21513201236745155
0.34273919072141	0.14322878584245707	0.21504067251601255
0.34304858975016705	0.14363594963892545	0.2149083056352584
0.34319709299377615	0.14382724293589333	0.21484641599373944
0.34351292211755635	0.14423952546859675	0.21471185900205972
0.34369749617845907	0.14448237975301353	0.21463277896246702
0.34400634643928985	0.14484640146480693	0.21450682138600088
0.3442624895570117	0.14510847600540097	0.21440885106217206
0.34444290336700356	0.1453329866483703	0.21433248000932964
0.3446881501324295	0.14566206123825698	0.21422564427939897
0.34481147206718865	0.14583189345762973	0.21417120051853933
0.3450907209255568	0.14621940888119217	0.21404741623249793
0.3453020274732093	0.1464761786113595	0.2139581472284503
0.3455547075269905	0.14673844366487432	0.2138608572847106
0.34569039835566434	0.1468990647393395	0.21380548071539224
0.34587542110245373	0.1471647324836199	0.21372040144695686
0.34615632681666747	0.14756026679433065	0.2135936618202255
0.3462722428642494	0.14772089287668783	0.21354148028292314
0.346435241743589	0.147910801836133	0.21347466180319766
0.346679430562088	0.14819461378452498	0.21337483950912667
0.34691604853759206	0.1485491434503704	0.21326253698858505
0.34705376453891623	0.14876920408727418	0.21319510117968477
0.3470601030790233	0.14879286732885308	0.21318940409080261
0.34706138066576414	0.14879728010633297	0.21318822284923425
0.347060204333543	0.1487964538339856	0.21318858024602014
0.34706038153917346	0.14879598677395445	0.21318865817423968
0.3470599325382026	0.14879543642310272	0.21318882611474593
0.34705980720477936	0.1487937591809136	0.21318989559263582
0.3470585621940643	0.14879041619631472	0.21319076380857518
0.34705820183053715	0.14878963066443018	0.21319098189311844
0.34705747036396534	0.14878762941341728	0.21319152421348997
0.3470570257603091	0.1487861129436283	0.21319187656866959
0.34705551187580846	0.14878460948796246	0.21319244844770854
0.34705513282538014	0.14878321361947378	0.21319280863765613
0.3470540303168928	0.1487820615971912	0.21319321448786716
0.34705319767171683	0.14878163323609367	0.21319345239925416
0.3470528066661355	0.1487811408786867	0.21319362010022452
0.34705042623805576	0.1487860590204544	0.21319310326520166
0.34704106003924334	0.14882761205525386	0.21318689979580946
0.34703868230788854	0.1488347678281083	0.21318599670121893
0.34703566995286284	0.14884232402381783	0.2131851119884892
0.3470360081247151	0.14884295002853237	0.2131853621651719
0.3470350999117176	0.1488443741836286	0.21318482558985777
0.34703529638884	0.14884322317308235	0.21318508264201283
0.3470343174368298	0.1488425866026005	0.2131853156100974
0.34703500456189673	0.1488418610649559	0.21318574624124717
0.34703417224660266	0.14884116271040804	0.21318593825141363
0.34703354397316444	0.14884147579834142	0.21318553886818925
0.34703456161965157	0.1488414169941538	0.21318592821310028
0.34703439543555004	0.1488418302921527	0.21318588019396933
0.3470343226031387	0.1488405021547769	0.21318603683712326
0.34703346740696606	0.14884048395214639	0.2131858789893851
0.3470339449576912	0.14884003095340115	0.21318574084133723
0.34703345220654264	0.14884004540994614	0.2131862647495915
0.3470332566126139	0.1488390128483707	0.21318649962304725
0.3470341763287593	0.14883948117824602	0.21318637225594492
0.3470341869371221	0.14883945306620172	0.21318639915054424
0.34703371550062767	0.1488392239574931	0.21318639638406012
0.34703387632935184	0.14883859045312198	0.21318659961431888
0.3470340201710432	0.148838293823064	0.2131866529283422
0.3470340201710432	0.148838293823064	0.2131866529283422
0.3470344396212864	0.14883865972166938	0.2131865038917225
0.3470336457975187	0.14883919483408936	0.2131863916825116
0.3470336084545413	0.14883780230477095	0.21318668932030005
0.3470338524007786	0.14883719619345748	0.21318643767170625
0.3470333990197201	0.14883840562424355	0.21318661293530644
0.34703366611534153	0.14883754894157625	0.21318672712802894
