0.3484072491279876	-0.1478212695754299	0.20138170490286092
0.3484072491279876	-0.1478212695754299	0.20138170490286092
0.34840630842157405	-0.14781979111935128	0.2013827052726621
0.3484073053184734	-0.1478201918912675	0.2013818387424988
0.34840652848844206	-0.14781925304070048	0.2013822646109925
0.3484074299868282	-0.14781978326265965	0.2013824273414608
0.34840668168566963	-0.14781972772693103	0.20138220720033473
0.3484060998430449	-0.1478193272603326	0.20138172044480737
0.348407356012019	-0.14781947610820662	0.20138264017381813
0.34840675565941337	-0.14782003488102818	0.20138199436807985
0.34840646078592635	-0.14781929131803423	0.20138273722775762
0.34840684292944807	-0.1478194153111258	0.20138226450914049
0.34840761975888057	-0.14782035416285333	0.20138183864073575
0.34840723134462226	-0.14781988473655355	0.20138205157481273
0.3484068598833845	-0.1478198256590093	0.20138200719983648
0.3484069169039157	-0.14781972246554814	0.20138205167662027
0.34840625788593516	-0.14781946424324216	0.20138151328092901
0.3484063149059653	-0.14781936105121507	0.20138155775727398
0.3484075627373189	-0.14782045735721933	0.20138179416323543
0.34840611679654776	-0.14781973760646533	0.2013814631354601
0.34840729899196243	-0.1478195793029362	0.20138259569721134
0.348407705842164	-0.1478204538707113	0.20138232539639225
0.3484068598833845	-0.1478198256590093	0.20138200719983648
0.34840669863837953	-0.14782013807417838	0.20138194989101488
0.3484068598833845	-0.1478198256590093	0.20138200719983648
0.3484069169039157	-0.1478197224655482	0.20138205167662024
0.3484069169039157	-0.14781972246554814	0.20138205167662027
0.3484069169039157	-0.14781972246554814	0.20138205167662027
0.3484077444274998	-0.1478199455337333	0.2013824272402674
0.3484073729662548	-0.14781988645729893	0.20138238286454402
0.3484076197588805	-0.14782035416285327	0.20138183864073572
0.3484064882577751	-0.1478197966856174	0.20138150750935424
0.34840717432383433	-0.1478199879305125	0.20138200709782567
0.34840714407338097	-0.14782050430649185	0.2013817814342237
0.34840726874236805	-0.14782009567810878	0.20138237003263265
0.3484069169039157	-0.14781972246554814	0.20138205167662027
0.34840669863837953	-0.14782013807417838	0.20138194989101488
0.3484077444274999	-0.14781994553373318	0.20138242724026734
0.3484067556594133	-0.14782003488102818	0.20138199436807985
0.34840647146868453	-0.1478193562337543	0.20138222013472198
0.3484067859094336	-0.14781951850467734	0.20138222003266676
0.3484070415710479	-0.1478193138377134	0.20138264027505595
0.34840631916456444	-0.14781928959755686	0.2013824059390192
0.3484074299868283	-0.14781978326265954	0.2013824273414607
0.34840652848844206	-0.14781925304070048	0.2013822646109925
0.34840802660493597	-0.1478193988068372	0.20138252753251926
0.3484067231066327	-0.147819545118122	0.20138258301682843
0.3484071743238343	-0.1478199879305125	0.20138200709782575
0.34840675565941337	-0.14782003488102818	0.20138199436807985
0.3484071743238343	-0.1478199879305125	0.20138200709782575
0.3484070415710479	-0.1478193138377134	0.20138264027505595
0.3484070701002542	-0.1478201971521031	0.2013819942662722
0.3484068598833845	-0.1478198256590093	0.20138200719983648
0.34840768740666966	-0.14782004872887017	0.20138238276314724
0.34840723134462226	-0.14781988473655372	0.2013820515748128
0.34840647146868453	-0.1478193562337543	0.20138222013472198
0.3484070130789633	-0.14782030034575078	0.201381949789004
0.34840807582046085	-0.14782051815567576	0.20138216982933405
0.34840723134462226	-0.14781988473655372	0.2013820515748128
0.3484078120737577	-0.14781964010128051	0.20138297136274372
0.34840683218690777	-0.14781991683326856	0.20138256384360625
0.34840768740666955	-0.14782004872887006	0.2013823827631473
0.34840669863837953	-0.14782013807417838	0.20138194989101488
0.3484077444274999	-0.14781994553373318	0.20138242724026734
0.34840761975888046	-0.14782035416285338	0.20138183864073583
0.3484065522754457	-0.14781929414213169	0.2013822461345247
0.3484070009727183	-0.14781955229582533	0.20138205734567
0.3484068598833845	-0.1478198256590093	0.20138200719983648
0.34840717432383417	-0.14781998793051226	0.20138200709782578
0.34840647146868453	-0.1478193562337543	0.20138222013472198
0.3484078055210581	-0.14781983496736678	0.20138247489422217
0.3484069169039157	-0.14781972246554814	0.20138205167662027
0.3484073724333988	-0.14781961137303695	0.20138210172040016
0.34840741665303665	-0.14782020954485992	0.2013823156856273
0.34840723134462226	-0.14781988473655355	0.20138205157481273
0.34840669863837953	-0.14782013807417838	0.20138194989101488
0.34840595555148146	-0.1478200500216792	0.20138140582705527
0.34840717432383417	-0.14781998793051226	0.20138200709782578
0.3484073275023528	-0.14782092041565303	0.20138173477003854
0.3484078855162393	-0.14781967217024355	0.20138247738610654
0.3484070415710479	-0.1478193138377134	0.20138264027505595
0.34840723134462226	-0.14781988473655355	0.20138205157481273
0.34840723134462226	-0.14781988473655372	0.2013820515748128
0.3484065414180951	-0.14782005693837713	0.20138194994226707
0.34840827393132023	-0.14782014159686568	0.20138226445257443
0.34840601257245435	-0.14781994683023536	0.20138145030392737
0.3484074299868282	-0.14781978326265965	0.2013824273414608
0.34840756273731877	-0.14782045735721938	0.2013817941632355
0.34840685988338455	-0.14781982565900936	0.20138200719983662
0.3484074585139223	-0.1478206665781469	0.20138178133246057
0.3484072163386812	-0.14781988947300612	0.20138204977015017
0.3484074299868282	-0.14781978326265965	0.2013824273414608
0.34840652848844206	-0.14781925304070048	0.2013822646109925
0.34840717432383417	-0.14781998793051226	0.20138200709782578
0.3484068766715891	-0.14782026611177407	0.20138129457415208
0.3484073729662548	-0.14781988645729893	0.20138238286454402
0.3484068598833845	-0.1478198256590093	0.20138200719983648
0.34840678480871023	-0.14781953729431385	0.20138221182124577
0.34840636724452945	-0.14781956545643643	0.20138220730218667
0.3484076197588805	-0.14782035416285327	0.20138183864073572
0.34840806519656525	-0.14781976489651905	0.20138247732857728
0.3484070870515734	-0.14782060750004927	0.20138173695664555
0.34840752616184084	-0.14782036114407754	0.20138232545403786
0.3484074299868282	-0.14781978326265965	0.2013824273414608
0.34840682536471806	-0.14781954001227748	0.20138221013757257
0.3484072482971686	-0.14782029508513594	0.20138179426520186
0.3484068598833845	-0.1478198256590093	0.20138200719983648
0.34840807582046085	-0.14782051815567576	0.20138216982933405
0.3484061738170179	-0.14781963441471047	0.20138150761205115
0.34840611679654776	-0.14781973760646533	0.2013814631354601
0.34840621002396716	-0.14781948432117414	0.20138220735335954
0.3484068803271776	-0.14781962625341827	0.20138258296596254
0.34840723134462226	-0.14781988473655372	0.2013820515748128
0.34840675565941337	-0.14782003488102818	0.20138199436807985
0.34840792410789295	-0.14782003826004314	0.2013824271827379
0.348406842929448	-0.14781941531112597	0.20138226450914057
0.34840747802169264	-0.14782065172541575	0.2013823063324256
0.34840723134462226	-0.14781988473655372	0.2013820515748128
0.348406842929448	-0.14781941531112597	0.20138226450914046
0.3484069169039157	-0.14781972246554814	0.20138205167662027
0.3484069169039157	-0.14781972246554814	0.20138205167662027
0.3484069169039157	-0.14781972246554814	0.20138205167662027
0.3484074971002422	-0.14781920274449323	0.20138269031988942
0.3484068803271776	-0.14781962625341827	0.20138258296596254
0.34840647146868453	-0.1478193562337543	0.20138222013472198
0.348407356012019	-0.14781947610820673	0.2013826401738181
0.3484073053184734	-0.1478201918912675	0.2013818387424988
0.348406842929448	-0.14781941531112597	0.20138226450914057
0.3484067859094335	-0.1478195185046774	0.20138222003266681
0.34840644328806986	-0.14781924457539086	0.20138223654956697
0.3484068670247559	-0.1478196621832945	0.20138207902103308
0.34840721106481937	-0.14781982372802094	0.2013821144856267
0.348407356012019	-0.14781947610820662	0.20138264017381813
0.34840723134462237	-0.14781988473655372	0.20138205157481265
0.34840723134462226	-0.14781988473655372	0.2013820515748128
0.34840647146868453	-0.1478193562337543	0.20138222013472198
0.3484077444274998	-0.1478199455337333	0.2013824272402674
0.3484068751333658	-0.14781979667266898	0.20138201448361845
0.3484064714686845	-0.14781935623375453	0.201382220134722
0.3484069169039157	-0.14781972246554814	0.20138205167662027
0.34840727276650013	-0.14781970212710793	0.2013824273923043
0.3484077613803455	-0.14782035588352432	0.20138216993068636
0.3484061089474713	-0.14781891810430287	0.20138241887417463
0.3484072875415364	-0.14782027306768192	0.20138184686065308
0.34840652848844206	-0.14781925304070048	0.2013822646109925
0.3484074299868282	-0.14781978326265965	0.2013824273414608
0.3484072482971685	-0.147820295085136	0.2013817942652019
0.3484073729662548	-0.14781988645729893	0.20138238286454402
0.3484069169039157	-0.14781972246554814	0.20138205167662027
0.3484069169039157	-0.14781972246554814	0.20138205167662027
0.3484069169039157	-0.14781972246554814	0.20138205167662027
0.34840647146868453	-0.1478193562337543	0.20138222013472198
0.3484077444274999	-0.14781994553373318	0.20138242724026734
0.34840702261003215	-0.14781950803706523	0.2013822644512348
0.3484077252543229	-0.14781994326182596	0.20138241320215636
0.3484070701002542	-0.1478201971521031	0.2013819942662722
0.34840647146868453	-0.1478193562337543	0.20138222013472198
0.3484069169039158	-0.1478197224655481	0.2013820516766202
0.34840647146868453	-0.1478193562337543	0.20138222013472198
0.3484060428230917	-0.1478194304521776	0.20138167596852632
0.3484070130789633	-0.14782030034575078	0.201381949789004
0.34840723134462226	-0.14781988473655355	0.20138205157481273
0.34840636724452945	-0.14781956545643643	0.20138220730218667
0.3484069169039157	-0.14781972246554814	0.20138205167662027
0.3484073729662548	-0.14781988645729893	0.20138238286454402
0.34840723134462226	-0.14781988473655355	0.20138205157481273
0.3484074299868282	-0.14781978326265965	0.2013824273414608
0.3484073729662548	-0.14781988645729893	0.20138238286454402
0.34840761578547863	-0.147819297792059	0.2013819520721012
0.34840647146868453	-0.1478193562337543	0.20138222013472198
0.34840631022426916	-0.14781966864917923	0.20138216282563495
0.34840652848844206	-0.14781925304070048	0.2013822646109925
0.34840723134462226	-0.14781988473655372	0.2013820515748128
0.3484070910771012	-0.1478202139490793	0.20138179431643186
0.34840636724452945	-0.14781956545643643	0.20138220730218667
0.3484073729662548	-0.14781988645729893	0.20138238286454402
0.3484072482971686	-0.14782029508513594	0.20138179426520186
0.3484075627373189	-0.14782045735721933	0.20138179416323543
0.3484066584045665	-0.14782068171946128	0.20138119278870478
0.34840717432383417	-0.14781998793051226	0.20138200709782578
0.3484057974766295	-0.14781893628580367	0.20138173341357415
0.3484068598833845	-0.1478198256590093	0.20138200719983648
0.34840652848844206	-0.14781925304070048	0.2013822646109925
0.3484073729662548	-0.14781988645729893	0.20138238286454402
0.34840667904882644	-0.14781887570855	0.2013828390133044
0.34840723134462226	-0.14781988473655355	0.20138205157481273
0.3484069169039157	-0.14781972246554814	0.20138205167662027
0.34840668168566963	-0.14781972772693103	0.20138220720033473
0.3484077444274998	-0.1478199455337333	0.2013824272402674
0.3484069169039157	-0.14781972246554814	0.20138205167662027
0.3484070701002542	-0.1478201971521031	0.2013819942662722
0.3484070415710479	-0.1478193138377134	0.20138264027505595
0.34840647146868453	-0.1478193562337543	0.20138222013472198
0.34840621002396716	-0.1478194843211742	0.2013822073533595
0.3484071743238343	-0.1478199879305125	0.20138200709782575
0.3484069169039158	-0.1478197224655481	0.2013820516766202
0.34840621002396716	-0.1478194843211742	0.2013822073533595
0.34840652848844206	-0.14781925304070048	0.2013822646109925
0.3484069169039157	-0.14781972246554814	0.20138205167662027
0.34840652848844206	-0.14781925304070048	0.2013822646109925
0.34840723134462226	-0.14781988473655355	0.20138205157481273
0.3484067859094335	-0.1478195185046774	0.20138222003266681
0.34840677429737515	-0.14781999876948493	0.20138200099223166
0.3484070130789632	-0.14782030034575078	0.201381949789004
0.34840636724452945	-0.14781956545643643	0.20138220730218667
0.34840723134462226	-0.14781988473655372	0.2013820515748128
0.34840717432383417	-0.14781998793051226	0.20138200709782578
0.3484064233884998	-0.14781908037468433	0.20138241877207802
0.34840600472314487	-0.14781912732760377	0.20138240604091273
0.34840723134462226	-0.14781988473655372	0.2013820515748128
0.34840643123704806	-0.14781989987786975	0.20138146303256
0.3484068598833845	-0.1478198256590093	0.20138200719983648
0.34840705450102516	-0.14782011773660175	0.20138232560637986
0.3484068598833845	-0.1478198256590093	0.20138200719983648
0.3484061089474713	-0.14781891810430287	0.20138241887417463
0.34840648040779226	-0.147818977181513	0.20138246324807266
0.34840647146868453	-0.1478193562337543	0.20138222013472198
0.3484072497807439	-0.14782028987841367	0.20138199420839198
0.3484077444274999	-0.14781994553373318	0.20138242724026734
0.34840721172129197	-0.14782019887243697	0.2013823255554347
0.34840717432383417	-0.14781998793051226	0.20138200709782578
0.3484066125575022	-0.14781908287034662	0.20138227028078753
0.3484077444274999	-0.14781994553373318	0.20138242724026734
0.3484071119193117	-0.1478202192403199	0.20138197727990367
0.3484074299868282	-0.14781978326265965	0.2013824273414608
0.3484069169039157	-0.14781972246554814	0.20138205167662027
0.34840707010025396	-0.14782019715210315	0.2013819942662723
0.3484074299868282	-0.14781978326265965	0.2013824273414608
0.3484069169039157	-0.14781972246554814	0.20138205167662027
0.34840644668181553	-0.1478192108235647	0.20138226463759884
0.348406842929448	-0.14781941531112597	0.20138226450914057
0.34840717432383417	-0.14781998793051226	0.20138200709782578
0.34840647146868453	-0.1478193562337543	0.20138222013472198
0.348407924107893	-0.14782003826004314	0.20138242718273805
0.3484070226100322	-0.14781950803706545	0.20138226445123483
0.34840707010025396	-0.14782019715210315	0.2013819942662723
0.34840631022426916	-0.14781966864917923	0.20138216282563495
0.34840761975888046	-0.14782035416285338	0.20138183864073583
0.34840668168566963	-0.14781972772693103	0.20138220720033473
0.34840730531847336	-0.1478201918912675	0.20138183874249888
0.34840698455124813	-0.14781941703194534	0.20138259579865253
0.3484078184016926	-0.14782025268847776	0.20138221440811627
0.3484069582804447	-0.14781962598169535	0.20138221211933754
0.34840652848844206	-0.14781925304070048	0.2013822646109925
0.348407356012019	-0.14781947610820678	0.20138264017381804
0.3484070870515734	-0.14782060750004927	0.20138173695664555
0.34840662466515243	-0.14781983092017142	0.20138216272357978
0.3484067859094337	-0.14781951850467723	0.20138222003266673
0.3484072482971685	-0.147820295085136	0.2013817942652019
0.34840740149185795	-0.14782076977220193	0.20138173685467908
0.3484068598833845	-0.1478198256590093	0.20138200719983648
0.3484071817241882	-0.14782037426212208	0.2013819516361086
0.3484070130789632	-0.14782030034575078	0.201381949789004
0.34840723134462226	-0.14781988473655372	0.2013820515748128
0.34840670266316737	-0.1478197445232428	0.20138200725108882
0.3484061089474713	-0.14781891810430287	0.20138241887417463
0.3484074693156263	-0.14781966245709027	0.20138237692122749
0.34840698455124813	-0.14781941703194534	0.20138259579865253
0.3484074299868282	-0.14781978326265965	0.2013824273414608
0.348405728382292	-0.14781926818135332	0.20138167607147084
0.34840720163990424	-0.14782058045964008	0.20138197508628147
0.34840807582046085	-0.14782051815567576	0.20138216982933405
0.34840723134462226	-0.14781988473655372	0.2013820515748128
0.3484077444274999	-0.14781994553373318	0.20138242724026734
0.34840714407338097	-0.14782050430649185	0.2013817814342237
0.3484076381942411	-0.1478207593047891	0.20138178127460568
0.3484070701002542	-0.1478201971521031	0.2013819942662722
0.34840723134462226	-0.14781988473655355	0.20138205157481273
0.34840652848844206	-0.14781925304070048	0.2013822646109925
0.348406842929448	-0.14781941531112597	0.20138226450914057
0.34840652848844206	-0.14781925304070048	0.2013822646109925
0.34840652848844206	-0.14781925304070048	0.2013822646109925
0.3484072482971685	-0.147820295085136	0.2013817942652019
0.34840723134462226	-0.14781988473655372	0.2013820515748128
0.34840723134462226	-0.14781988473655372	0.2013820515748128
0.34841369199893363	-0.1477997912461752	0.20138516280202842
0.3484258245033217	-0.1475648656805708	0.20141062771538623
0.3481667234929786	-0.14651498104410215	0.20156902623819684
0.34813260586976297	-0.14620883291964393	0.2017282832526914
0.3480962402839939	-0.14538953885085887	0.20225649509216007
0.34806095792871555	-0.14490094329906844	0.20254713724143572
0.3479817407291639	-0.1440450356045423	0.20302956955206744
0.34803916969008813	-0.1420541031525817	0.20413857440040117
0.348134789049951	-0.14141887653240426	0.20452894506163183
0.34822497345598247	-0.1402164840835387	0.20520641353000724
0.3484111793186449	-0.1386262545464515	0.20616630113692
0.34857049932197687	-0.13730093985298786	0.20692715750423982
0.3487003561210298	-0.13592221847428532	0.20766600852464678
0.3489595336980907	-0.133333059011989	0.2092307032519637
0.3490583668995396	-0.13242293700152719	0.2098307242842806
0.3491173963299026	-0.13108487244754402	0.21066181241894696
0.3492317064840998	-0.12935937775243594	0.21181292728683693
0.34950079191278427	-0.12728551926343645	0.2130558031447398
0.3500039355537823	-0.12467523995953854	0.2145125664706663
0.3504765205678361	-0.12370899121556471	0.21515219254856277
0.35141475609882794	-0.1221420082666811	0.21624968111308396
0.3530461498778805	-0.12045591123164799	0.21753372811850574
0.35451564207337755	-0.11942642810514732	0.21837015994858705
0.35534302547456365	-0.1190155675833565	0.2187067922427552
0.3576494314267339	-0.11814450141170023	0.21915413669033307
0.3604740214138677	-0.11771935832617013	0.21922229431898993
0.36274170136545236	-0.11774979333156939	0.21898221442067597
0.36454816095116344	-0.11787250326449021	0.21849123311769136
0.3666948800895256	-0.11817401120105052	0.2176912710210066
0.36795019878616203	-0.11833138396336375	0.21714989925786277
0.3707568986944653	-0.11858334410030137	0.21560388736989286
0.3728736982544208	-0.11854610538239037	0.2140797709303161
0.3743027248996342	-0.11850481800427336	0.21284646628132695
0.3756627119264735	-0.11837548317165818	0.21163710914927897
0.37686397703414576	-0.11820594925052215	0.2104455014523982
0.37804377194858646	-0.11786281128186414	0.20918345811039452
0.37873905928974	-0.11755077391774339	0.20820566974374244
0.38018230386962387	-0.11642788402930206	0.20597026394912826
0.380589257371383	-0.11598001861178893	0.2051781333140667
0.3810923556833822	-0.11508841087186224	0.20401292692355966
0.3815549852467577	-0.11405935714363953	0.2028211258299398
0.3819388932958298	-0.1124253102843857	0.20139880946667432
0.3820954837307102	-0.1113793785920446	0.2007417052477792
0.3821282115471348	-0.11057688892582997	0.20026138692681908
0.38212969732311763	-0.10850518572869712	0.19939940881551263
0.3820351314737556	-0.10665796335034068	0.1989956365884991
0.38194487961064844	-0.10559982155289228	0.1988614597255496
0.3816849049760351	-0.10352189807848293	0.1988627292256174
0.38147191339721553	-0.10201778368558946	0.19914467403185124
0.38119436589296185	-0.10051602390977103	0.19956625586601126
0.38105265513660436	-0.09954865831022021	0.19997298046938705
0.38055144279159464	-0.09689499143212167	0.2016862096653964
0.380337082825043	-0.09600224284973145	0.20231644228067172
0.3800001013581931	-0.09457391646307424	0.2034559717102779
0.3798098222164773	-0.09376292029941442	0.2040908656381798
0.37923037688474825	-0.09182649787383544	0.20554500590224783
0.3789575895558029	-0.09101687982687574	0.20623800290703043
0.3787017466937282	-0.09034185749030867	0.2068154671545193
0.37853921352291625	-0.09001305615650622	0.20710577970831157
0.3782228158191769	-0.08941071579429664	0.20760442265163337
0.377896594095937	-0.08908899428681462	0.2078607133189739
0.37765941284177995	-0.08886400237961302	0.20818814739712446
0.37752671385737097	-0.08860428308224681	0.20855781174747262
0.37722093252210614	-0.0880753407995513	0.20894642695290638
0.37685511513926184	-0.08747271969289884	0.20921259979896314
0.37662148657551914	-0.08709206259655337	0.2094015403870305
0.376208238431811	-0.08657036720165946	0.20973854769859632
0.3759158367605011	-0.08622656050120865	0.21006949678459727
0.3755566666510753	-0.08581081444743814	0.2104931425320238
0.3752940025688892	-0.08549647193524361	0.21070040551793912
0.3751054371588622	-0.08524836130684692	0.21091847172947126
0.37477262536331407	-0.08482290502359206	0.21132441935955087
0.37460318358267125	-0.08462701476793157	0.2115272545155391
0.37411758044172944	-0.08403145903683308	0.21206972708500066
0.37385176481083293	-0.08368548346288175	0.21237768914106972
0.37362382350633877	-0.08337602034750473	0.2126039164768177
0.37348523671095235	-0.08319981394897398	0.21276202588417664
0.3731654403583579	-0.08279343625784118	0.21322952282568441
0.37291930608312546	-0.08248738571081722	0.2134736075451949
0.37260014527138674	-0.08208206795793026	0.2137981588337649
0.3724291299066647	-0.08186431727663064	0.214012532246983
0.3721292686827539	-0.08150912325794225	0.2143937010663109
0.37199500434125565	-0.08134260260806535	0.2145516090550094
0.3717179643053289	-0.08096736229580377	0.21483597917505975
0.37144608989342925	-0.08059314054919507	0.21522558427958596
0.371102920963534	-0.08019156969210485	0.21557515961357912
0.37097062865679986	-0.08003987138065476	0.21573876136029208
0.3708469041301255	-0.07988602337280752	0.2159041419627144
0.3705590516014868	-0.07949243476392757	0.2162960239049112
0.3703386759692253	-0.07920304962723175	0.2165948781418623
0.370121066419449	-0.07892618490514199	0.21683225253325392
0.3698682890277127	-0.0786085712678785	0.21714101531435073
0.36962039741195457	-0.07829119284099297	0.21752603832059417
0.3695170106120634	-0.07814712586687882	0.21767526705849713
0.3692070614531721	-0.07753484110122606	0.2181869389077878
0.3690482234236449	-0.07705192136175805	0.21855182015776245
0.3688547727169264	-0.07676385785127644	0.21883681262699914
0.36866044403582976	-0.07653526341643711	0.2191522469032307
0.36855896715092534	-0.0764187157746034	0.2193178254932599
0.3682759516421522	-0.07603244164954485	0.21977854338775737
0.36808307031529847	-0.0756614366584183	0.22011330953399066
0.36786929714114014	-0.0753351591195673	0.22051190154772574
0.36769814655788935	-0.0751065593405003	0.22082063301366422
0.36758441074127923	-0.07496245869267805	0.22100644894904653
0.36735318849707504	-0.07465304256478437	0.2214327439994125
0.3671594302422799	-0.07404024742084682	0.2219398712321193
0.3670250345218629	-0.07360389568431704	0.2223093437678325
0.3668573141450073	-0.07318865364855702	0.22275407574395933
0.3667226295361175	-0.07304103918012868	0.22303829462926467
0.36649068400183016	-0.0727218319542857	0.22349619363319545
0.36636185413990313	-0.07239590891813057	0.22378180568414813
0.3662340221652082	-0.07189091858687548	0.22420819629164906
0.3661320373499332	-0.07134124542385843	0.224640745525346
0.36595192548415467	-0.07062294918835134	0.22504190701654903
0.3656689762449215	-0.0694846600036461	0.22559807770344872
0.3654923666116943	-0.0685327782825824	0.22605548347862459
0.3651934997582011	-0.06723932363586256	0.22665297410536356
0.3649570672635316	-0.06611908245738936	0.22718215534957736
0.3647446109282999	-0.06516404631733004	0.2275919213170974
0.3646156179968322	-0.06449555415614348	0.2279298692925324
0.3640701634750874	-0.0621558309929945	0.22891724527649018
0.3638421629515667	-0.06103908807786727	0.22939471239350406
0.36354379783901813	-0.05978736675285261	0.22989715668340932
0.3632371773555306	-0.05851440152821254	0.2304407919385059
0.3629558922859776	-0.05723408701712175	0.23091945514341727
0.36258010648673195	-0.055714493073235075	0.23155699271548633
0.3621239393281253	-0.05388214595340125	0.23225852612784634
0.3618908261793688	-0.05294423923832321	0.2325274395046064
0.36139027776398047	-0.05105854428835695	0.23324626975462184
0.3611058211101143	-0.050147688973019675	0.23358160869496203
0.3607941953147025	-0.04880492833777923	0.23405704093007268
0.3602118708777766	-0.04581533707523876	0.2351282485011278
0.36001471365695203	-0.044827806503747	0.23552844163839756
0.3595465341365157	-0.04245597273074726	0.23635454136742257
0.35915618821227385	-0.04058345569407627	0.23697108330037683
0.35867524650400273	-0.03817105213460352	0.2378248976047489
0.3583199862143977	-0.036358243324461845	0.2384814901277185
0.35795066181924495	-0.034564917009725846	0.23914099576624656
0.3576617579895945	-0.03293927527663011	0.23962633425414248
0.3572702903178696	-0.03107667563251025	0.2402557875753941
0.3570991989996277	-0.03011016564029574	0.2405783201493214
0.3564221428189621	-0.026843470973663783	0.2416974891876178
0.35621704364092033	-0.025716712254286386	0.24207097882279277
0.35572246569024024	-0.023321683207276275	0.24290430479754985
0.35552271361135673	-0.022259907430035183	0.24316883990434698
0.3550368825567181	-0.0198608304544194	0.24394255848273722
0.354698051925078	-0.01815252664518159	0.24450069659509585
0.3543933018879593	-0.016488529559601464	0.24500041697987468
0.3540600312186557	-0.014937352335768109	0.24554341305952948
0.35371082996346104	-0.013148231082486958	0.24609466066917496
0.35338610790576547	-0.011472166877227533	0.24661668193666797
0.35303480871066395	-0.009765368094823743	0.24715287417467624
0.3528625664649248	-0.008902825072376566	0.24739258599392347
0.3524145692676701	-0.006552867895855227	0.24811639963765306
0.35223922972978744	-0.005796511072725122	0.24834879209990185
0.3519711942809247	-0.0041357191789798825	0.248796002598397
0.35165562064295475	-0.002857729704444964	0.2492474739706869
0.35151328365564943	-0.001779920157488582	0.2494929707204082
0.35125860091496885	-0.0006644454719770404	0.24984317549306176
0.35103498865416427	0.00039665082841207344	0.25018897326414224
0.35083152867365014	0.001564218310044399	0.2504445313749796
0.35070515522924145	0.002355628712656835	0.25065247338689844
0.3505227056111773	0.0030780567281645105	0.2509325323927434
0.3503311028596863	0.0038511006316313406	0.251109396329952
0.350246280924537	0.004167890194804444	0.2511146997392897
0.35017521128382373	0.004432088690738814	0.25104331480850295
0.3502001440698986	0.0045114044893414945	0.25091921832913366
0.350197916450911	0.004524306786658286	0.2508904459648579
0.3501929830127405	0.004525456713199871	0.25089242848758475
0.3501894475049458	0.00452392176669307	0.2508915422019954
0.35018610481302315	0.004520290264070623	0.2508920836360485
0.3501848912870419	0.004518049553771289	0.2508931185509473
0.3501812932917281	0.004514640448418553	0.2508930907608976
0.35017990737999055	0.004510572835556462	0.2508933996703558
0.35017950099878076	0.004506988027745837	0.25089158104902
0.3501785964277888	0.0045012905507270246	0.250891651148846
0.3501780265327118	0.004499935891243909	0.25089174991965724
0.35017784729639867	0.004497807701805204	0.2508917146392773
0.3501795848989044	0.0044942539839547685	0.2508905447687681
0.35018043661613657	0.004492839219666936	0.25088939289783624
0.35018119151376087	0.004491667088139348	0.2508898340400152
0.35018140169214895	0.0044916752042005875	0.2508891205660057
0.3501825518029119	0.004489813068437279	0.2508894722237017
0.35018427088778764	0.004489145635236211	0.25088765182872874
0.3501847353448825	0.004488409076291874	0.25088706392800225
0.3501851815181076	0.004488229862502344	0.25088729397205367
0.35018630134912865	0.0044872180995222805	0.2508866761982531
0.35018727039477393	0.004486563987112488	0.2508856349326619
0.35018720061510583	0.004486320231812516	0.2508856156432363
0.3501882097287147	0.004485462986952418	0.2508843842795515
0.35018867639592016	0.0044850440444056255	0.25088415786492146
0.35018867639592016	0.0044850440444056255	0.25088415786492146
0.35018870031274885	0.00448520440268986	0.25088425094557837
0.3501889841183616	0.004485597803642841	0.25088402247872393
0.3501889819414812	0.004485636248165434	0.2508840469874432
0.35018911963980154	0.004485431308899876	0.2508836700923809
0.35018954407539465	0.004485053285658083	0.25088378255256766
0.35018995691013194	0.0044846346812559695	0.2508838569545707
0.35018942811563775	0.004485457029705167	0.25088427703661864
0.35018990297336416	0.0044858398705285435	0.25088434210541993
0.3501900992424972	0.004485377977686236	0.25088385115487394
0.3501901962990627	0.004484993245762861	0.2508829114273283
0.3501899335108761	0.004485589450448815	0.2508831850489977
0.3502191652416	0.004470132953028547	0.2508827038291903
0.35041289583296464	0.004390237562850466	0.2508831021683624
0.35037116241533706	0.004394856446458775	0.2508596444421801
0.35030403423298206	0.004410896938716366	0.250842461821867
0.35026670687126005	0.004427059931668989	0.25083576956552256
0.35026196971816315	0.004429215578267351	0.25083546934644646
0.3502278506130512	0.004425202562280309	0.25083336582390237
0.35007165585218014	0.004500987109157237	0.25084078799291276
0.3501535298468827	0.004474958535362367	0.2508506653754723
0.3501843290397857	0.0044695516601666735	0.2508571359629524
0.3502036708596275	0.004465356547165192	0.25086247967610686
0.350209106265516	0.0044619987534837285	0.25086268349654484
0.35021178886948173	0.004462578402062503	0.2508657282171731
0.35020757565348676	0.004467805430504054	0.25086686574866324
0.3502067398545065	0.004468101277364453	0.25086626366480086
0.3502056365585253	0.004468891260105398	0.2508636299523176
0.35020766978317364	0.004466601814451895	0.2508623931875262
0.3502058817783234	0.00446985144170213	0.2508666616123443
0.35020326978814204	0.004471987565789634	0.25086799411444516
0.35020263015547215	0.004473714403471454	0.2508688202046718
0.350201359583842	0.004475038350114632	0.2508683849158071
0.3502008073592051	0.004476129052987596	0.25086937965115175
0.35019995997021447	0.00447767862243191	0.2508701800182763
0.35019869728458697	0.004479387810082766	0.250871382169227
0.3501981367797639	0.004480864105955731	0.2508739725723862
0.3501952975600953	0.0044837028060102785	0.2508755513949592
0.3501898113183233	0.004488680865124037	0.2508775466232219
0.35018702501541876	0.004492075922413921	0.25088001925737297
0.3498358149067534	0.004707203679415559	0.2509681465731851
0.34992643636912785	0.004701531137774176	0.25103629313189013
0.3500383324154235	0.0046527994494482	0.2510398035437994
0.35010378443284446	0.0046106172155152975	0.25103816428709635
0.35014670149478144	0.004566660671843706	0.2510083861806898
0.3501852704712473	0.004529049609635252	0.25093585116589834
0.35018962250085933	0.004522084605723356	0.2509229456072995
0.3501967247911617	0.004507390279008053	0.2509014043605603
0.3501982855843216	0.004496608274287314	0.2508901491559966
0.3501970498095524	0.004488186960475968	0.250884015170764
0.3501972009384311	0.004485346094494844	0.25088123290343795
0.3501961768800431	0.004481993991330188	0.25087899544814063
0.35019663924268485	0.00447862902981315	0.25087658901040366
0.35019590822193086	0.004478601274880659	0.25087772130203284
0.35019510235971113	0.004477934255225316	0.2508771050747036
0.35019520614920047	0.004477700933077769	0.25087719212445714
0.3501945149951249	0.004478615767241664	0.2508772807398703
0.35019375740068676	0.0044790120619898205	0.2508773368091322
0.3501937310276499	0.004478655304049298	0.25087733255213485
0.3501931812870654	0.004478929536485807	0.2508768853734832
0.350193214625663	0.0044795065666586725	0.25087723492593017
0.350193214625663	0.0044795065666586725	0.25087723492593017
0.350192435516379	0.004479751836180337	0.2508781533754122
0.35019195308286105	0.0044806102824577615	0.25087889201098357
0.35019226745393883	0.004481195095669729	0.250878759992397
0.3501917027304545	0.00448221580894935	0.2508785553955442
0.3501919834178715	0.004481500637898053	0.2508788587662292
0.3501918192774748	0.004483091551833143	0.25088030198101136
0.35019177942696644	0.004482546540008639	0.2508799741468343
0.3501914013510371	0.004482974869192871	0.25087924704489334
0.3501918192774748	0.0044830915518332265	0.2508803019810115
0.3501920206109915	0.004483321467679394	0.2508809515088194
0.3501898493939421	0.004483947886894699	0.2508896557597221
0.35017761783038176	0.0044566715643143545	0.2510634055338515
0.3502491873900828	0.004050821303480653	0.2512106116944919
0.3502780962210513	0.003669320162617992	0.2512581197591285
0.35029810369199565	0.0030964402364568183	0.2513445123941207
0.3503703645666537	0.0016520359512382649	0.2516331422007786
0.3503942677546447	0.0009428960946456927	0.2517969660201502
0.35038527669815783	3.622615587602074e-05	0.2520109694473648
0.35038438981147735	-0.0006057252306730238	0.25218158939864904
0.350428789388096	-0.0021037980306331944	0.2525713787673528
0.3503768434841582	-0.0036710194509038813	0.25300959867923134
0.35040429661575795	-0.004404803826511247	0.25319928719564944
0.3503862692089217	-0.006085787335548834	0.2536779293155278
0.3503825649871722	-0.007490852363934833	0.2540372923645199
0.3503541562272192	-0.008915471850409598	0.254476866161277
0.3503089554998066	-0.010415894069311774	0.2549250511963659
0.3502841739804481	-0.011986451153498848	0.25539093902725307
0.3502229195156056	-0.012903575128109426	0.2556717658473043
0.35015431016753773	-0.01536635451824682	0.2564176294489858
0.3500426528612064	-0.017803265098054924	0.25719833355472543
0.34996720301608886	-0.018726926654597006	0.2575002308996661
0.3498991160208986	-0.02050407454966159	0.25808641258000053
0.3497691895205047	-0.02206572447159809	0.25862710711085085
0.3496841617672405	-0.023847573620558962	0.2591782064572413
0.34965655404569357	-0.027571961247636737	0.2598591413206245
0.3496749469845979	-0.029551795090917696	0.26014517173995266
0.3496479976078625	-0.0315480616689975	0.26043255294542533
0.34968747202602996	-0.033422112220076114	0.26067974556306084
0.3496413854365856	-0.03464312597837736	0.2608653804145027
0.3496228530601848	-0.03676441470824611	0.26122557988870854
0.3496331472903745	-0.039990121567160544	0.26152894026479506
0.34962504986739773	-0.04272100233041	0.2618139319532726
0.349571821095989	-0.044724871986070266	0.2620595371065907
0.34958468726986164	-0.046996870243924196	0.2622027560244017
0.3495580102444937	-0.04921181350380403	0.2623673896561717
0.3495212086050575	-0.0520451250251497	0.2624968754389614
0.349564081936832	-0.05424746027923964	0.2625246323599082
0.3495380465504964	-0.05640400969642155	0.26258999834117525
0.34952866449488607	-0.057764492390957725	0.26256448219204975
0.34951504423712987	-0.060014775919549054	0.26255032064053463
0.3494817598558102	-0.06319453111454183	0.2624401085370533
0.34949489478130213	-0.06615175761308677	0.26225605286175957
0.3494659955971741	-0.06760993684231949	0.26216903382923956
0.34945660844945314	-0.0702493949960211	0.26187605826982874
0.3494604537128257	-0.07292501340156031	0.26153728124416453
0.3494151551031536	-0.07509693202212957	0.26121915974065757
0.34943223171177323	-0.07726028878193704	0.26082729595072435
0.34940710993757323	-0.07999183002119757	0.26024259060351884
0.3493907872798295	-0.08131021238927981	0.25993832837925723
0.3493796792890443	-0.08414232575699994	0.2591700980757737
0.34938118842849203	-0.08520445337939968	0.25881633772345014
0.3493670701249116	-0.08813526614961613	0.25786856280628034
0.34935176772976195	-0.09071323820440473	0.256807563486359
0.3493372158499642	-0.09263909819440695	0.25599699056654734
0.349318176653176	-0.09440905463629597	0.255076422330339
0.3493091339004768	-0.09532717531938488	0.25461681411315107
0.34933340372714444	-0.09789220862764288	0.2530988989717782
0.3493262988378775	-0.10026014892965839	0.2515617096255185
0.3493293018460095	-0.10184877215108142	0.2503417070730743
0.34946807497110793	-0.10350920672458973	0.24907193950680587
0.34988446219603425	-0.10514030217004129	0.24794596531029794
0.35044012153234494	-0.1067684366870056	0.24665302324506633
0.3517557154373845	-0.10947485442768305	0.24426120482556263
0.3525445440956388	-0.11081227254337493	0.243108398086675
0.3539561909764238	-0.11296973321529953	0.24119134945341328
0.35551216854969003	-0.11521110068100691	0.23921266733392862
0.3570336511082735	-0.11706705568309429	0.23747924494609662
0.35823034092363326	-0.11839184442852473	0.23628474860299942
0.3618131581673162	-0.1220688835831208	0.23287149307334729
0.3641763447432973	-0.12436437836673687	0.23063893759815277
0.3663021871496676	-0.12625250717640224	0.2288531581872264
0.36774986390402015	-0.12754607252892097	0.2275538021333523
0.3714068505236912	-0.13060126244954767	0.2245648407951003
0.3741162913973123	-0.1328255737484001	0.2223628679035469
0.375786638554001	-0.13412529473718526	0.221093649277446
0.38146915837489176	-0.1383984899347288	0.2168308592990313
0.38448788703259257	-0.1404605651436791	0.21484440843331226
0.38743489415984966	-0.14241724217697715	0.21305942681065765
0.3905552365518386	-0.14444222753749308	0.2112428685763674
0.39327835480761014	-0.14609801512920428	0.20973739239352207
0.3980485020411641	-0.148791829024413	0.20721056727893922
0.4008753821875943	-0.15034726641002233	0.2057227185978435
0.40382144158976574	-0.15190035295161985	0.20431774691576904
0.40672719957908676	-0.15336491682743297	0.20314716937439267
0.40963304955468394	-0.1547624912549515	0.20198816881074003
0.41322400986039576	-0.15629227645250238	0.20030813479410547
0.41567070687480784	-0.15739000685190047	0.19898393089986574
0.4177616748212889	-0.1582608220172198	0.19781753767898005
0.419931309033359	-0.15896925407603174	0.19666864829996966
0.42180605299491436	-0.15945792208512533	0.19552484920200974
0.42359436123208727	-0.15988231375114736	0.194328942014737
0.4246163152138703	-0.16001045563711508	0.19356105213761982
0.4267930625576825	-0.16024804000666532	0.19170659761694714
0.4279361933005534	-0.16031371250100784	0.1904301054262203
0.42883373327126895	-0.16032782312070443	0.1894037314052831
0.430917858968439	-0.1602216318902544	0.18656066018096618
0.43155985408242264	-0.16008997638483202	0.18567209070600846
0.4331189111795054	-0.15982804696946246	0.18308359195375726
0.4341646416267066	-0.15996907224724927	0.18094797991449244
0.4346708619866683	-0.16003912824076277	0.17966339798602465
0.4357271729558446	-0.1597294567248948	0.17732888798205554
0.43619502163080454	-0.15947694552842412	0.17623904343448965
0.43732086736442377	-0.1587711721781498	0.17335056541517235
0.43808803175678496	-0.15820695583748856	0.17120440438080867
0.43846079081914136	-0.15783994464261009	0.16998189224911123
0.4397291843566673	-0.1566245084575133	0.16637509542563128
0.44041006809766964	-0.15592015908594747	0.16434728001971255
0.4412105650555311	-0.15534892882458223	0.16239000161220907
0.4420113510929885	-0.1548307674780865	0.16042942227377027
0.44249333877056213	-0.1544981683759422	0.1591231120078816
0.4432456382733268	-0.1537589365340103	0.1565474701534993
0.44380436839424403	-0.15322071344634713	0.15418062859540677
0.4443884649882736	-0.15279797481440466	0.15126069862422692
0.4447740949603324	-0.15261230922716024	0.14899516472313956
0.4451233688305731	-0.15255752376943538	0.14667922045133486
0.44516151970638534	-0.15243989725938012	0.14523838872939687
0.4451488867561954	-0.15215651422903537	0.1429121204934889
0.44520186189782757	-0.1520060643533911	0.14059922726703966
0.4459208830315517	-0.15247781790181247	0.1369002029450463
0.4461987221736805	-0.15271203923202892	0.13540739933688395
0.44665157807805034	-0.15313490328157492	0.1324888559466113
0.44710769124202976	-0.15364568477666773	0.13029206079033934
0.4475972289375368	-0.1541228802336042	0.12799712886709624
0.44822129827990936	-0.15479157138024024	0.12468685165650895
0.44862373265480127	-0.1551998773549753	0.12239741854072866
0.4488954176786418	-0.1555050743937733	0.1208820885660114
0.44929695529862634	-0.15594320732522637	0.11846930097807928
0.44969176085390233	-0.15635958287093543	0.11628279531849217
0.450187896264998	-0.15700365116636128	0.11304184905937575
0.45057852657846786	-0.1574104195252864	0.11086246740243483
0.4509370357181125	-0.15792878683276024	0.10806425887848331
0.45126507275991823	-0.15834519544350534	0.10592292625882394
0.45180343423161023	-0.15904261389166424	0.10246377401752238
0.45207244438627714	-0.15952451454052058	0.10013837411491433
0.45250058596114195	-0.15992371510628955	0.09771520240182324
0.4527299754025139	-0.1601355240338606	0.0962408394309498
0.45324281313916515	-0.16062436969065452	0.09326205430457302
0.4535378534410829	-0.16109462232884292	0.09081696382669352
0.4537565200111134	-0.1613800254530694	0.08966221560925797
0.45430616291706877	-0.1620962771365677	0.08557533234593323
0.45472800540186564	-0.16239215191832584	0.0834712109699951
0.45509232764734747	-0.1627752262890717	0.08124553344670243
0.45527530190968934	-0.16305908505706185	0.07983612814641572
0.455721529687683	-0.16362000751920114	0.0769694983378646
0.45601121715881177	-0.16405346021402506	0.07461225660529086
0.45642226313511525	-0.16456502912089388	0.07178903493669303
0.45663258007559865	-0.1647265654808685	0.07075679115019423
0.45716558960317993	-0.16521649577793512	0.06780937186540997
0.4574268098474293	-0.16560054921465445	0.06593976593827638
0.4577142236656732	-0.16599425236725224	0.0639669450643347
0.45784821957685323	-0.16621405571828501	0.06289899331280147
0.45825892845218497	-0.1667810638678236	0.06020422290696342
0.45869701111249395	-0.16720706359714588	0.058479385761652236
0.4592111176664671	-0.16754561421259112	0.056968543521528026
0.459845464452574	-0.16810476938086205	0.054784238561594145
0.4601639303987656	-0.16840834642300512	0.05335266677052736
0.46057834052354607	-0.16882317323305385	0.0517407587898252
0.4608784367066692	-0.1691851367180066	0.05026814950765918
0.4612842802862452	-0.1696183499848719	0.04817958248524723
0.46143650479558496	-0.16981427901267432	0.047161027955773205
0.4617915096125101	-0.17036018423768545	0.044660432547679096
0.461884440993369	-0.170561104974904	0.043678596910415646
0.46202040455138466	-0.17085224669575233	0.04220829723058023
0.46211629775709195	-0.17118515826537523	0.040469568989105975
0.46219844131731225	-0.17142791945032293	0.03909411586631184
0.4622031765705176	-0.1716719478751827	0.03778019525784876
0.4624195110060534	-0.1720083154341318	0.03649215170616954
0.4627894653161393	-0.17232206391598148	0.035500784989616674
0.4632711444200834	-0.17277208481255063	0.03422794691270176
0.463506342950693	-0.17297205754980743	0.03371359677335828
0.4639224578575019	-0.17321974107271243	0.032866461753445986
0.46436543620076504	-0.17347205138263372	0.03187896749229241
0.4645800148989858	-0.17355762037903666	0.031539488838227436
0.4650848664965498	-0.17383079150825376	0.030978070918397105
0.465633285948754	-0.17420194596609495	0.03014542044441748
0.46594049656164976	-0.17447910652269388	0.029669396064214537
0.4662570554138595	-0.17473587834099474	0.029349661379554248
0.466490091183955	-0.17487788107686497	0.029214215392444398
0.46689598328665666	-0.17519690609031857	0.028937006599259518
0.4671873698617793	-0.1754550285733915	0.028712962479589155
0.467545442251762	-0.1757632520732323	0.028536550107311376
0.4677483605136081	-0.17589398601846273	0.02844846780259752
0.46802898654945596	-0.1760625459455734	0.028285039735295447
0.4682885724931259	-0.17627424317678003	0.028048504670451502
0.4687344773465235	-0.17660752031050525	0.027850969405151693
0.4690489620848117	-0.17687227597219962	0.02768913776585552
0.4693727732053039	-0.17716421937830495	0.02743675377390975
0.4695241134949598	-0.17726498031782323	0.027339200774440464
0.4700953175672965	-0.17766057141496672	0.027075170141173444
0.4702833126619689	-0.17780646409075296	0.02695718543157888
0.47057984006132814	-0.17803157792676033	0.026695863674211062
0.4707521996069008	-0.17814372033233788	0.026642811655880283
0.4711460678147563	-0.1784873869025388	0.02643586083577726
0.4715495069791009	-0.1787771283084304	0.026211260528828384
0.47187007227960986	-0.1789127020700506	0.026023459181994224
0.4722001187688266	-0.17898916051656566	0.025905214836833335
0.47252903226452747	-0.17922060485914182	0.02578359366258426
0.4727812804340228	-0.17942409714303154	0.025651640937889075
0.47300691738357337	-0.17953165529204687	0.025425423270071634
0.47318652110898424	-0.17965782053730656	0.025272814203470217
0.4735577532243351	-0.1797766838607766	0.025162425040639647
0.47388911354561103	-0.17990549662862232	0.025055148043255704
0.47417502686278085	-0.18012256104340052	0.02489939007943659
0.4744568664354951	-0.18033740924379177	0.024702690427482632
0.4745585379493834	-0.18035394338751332	0.02454994796709037
0.47485018163160075	-0.18039040669844042	0.02444495751201292
0.47525771517039717	-0.18053557081769456	0.024351857436762714
0.4755885594618783	-0.1807020806460634	0.02423875714196788
0.47610815084844194	-0.18095161044058583	0.024269080538606547
0.47633350839220034	-0.18102339922342087	0.024283604145953153
0.4768495656407237	-0.18109764939585626	0.024360767921829618
0.4770832338861949	-0.18110532994056527	0.02435386716448701
0.47761730501358035	-0.18119574747353656	0.024310672839556402
0.47793653895555155	-0.18131966068317507	0.02429719147580861
0.4781360373586604	-0.18140930437632435	0.02428669797704247
0.47863845939125416	-0.1814407301656069	0.024393258297522258
0.47920311966199525	-0.18147055429496928	0.02443438174488105
0.47949657045221394	-0.18155518242215835	0.024435475392887207
0.47976871225770434	-0.18167316408716994	0.02442458202571074
0.480155544155472	-0.18172566760776476	0.024475793841021054
0.4805679049804756	-0.18173319325368736	0.024554701560390635
0.480982743435835	-0.1817170787387531	0.024600657662823433
0.4813398929312771	-0.18184249956007675	0.02458682661328676
0.48149430738920224	-0.18190586591278923	0.024571468256273044
0.4817465623558432	-0.18197164133079158	0.024525607517103087
0.48187861302461393	-0.18189735474756347	0.024372360896582457
0.48201495581811576	-0.18180673689459526	0.02419790947806061
0.482131523815776	-0.18239547676536355	0.02393342376355584
0.48228989436093483	-0.18290934478363757	0.023813770926547517
0.4825454555834303	-0.18336409297555145	0.023851515395508394
0.4827859540445745	-0.183883933054671	0.023852234384851345
0.4827737823648095	-0.1843358571294072	0.023649956520037207
0.4829521645415036	-0.18484535582008915	0.02360155572464495
0.48316718755958854	-0.18531472535342164	0.023601957353627967
0.4834919676042748	-0.18601141253394088	0.023608015365300383
0.48370629022184075	-0.18648009299289992	0.02361067000278333
0.4838713954107187	-0.18680909353227154	0.023626493395944304
0.4840629820339584	-0.18746804147694285	0.023542687595080547
0.4841446171968625	-0.18789986791715063	0.02344779697433169
0.4846873622390603	-0.18824951433210385	0.023888062309176672
0.4848419674845338	-0.18842749044290852	0.024307345306702255
0.48502016927598535	-0.1882537024234831	0.025151341202723165
0.485057103795143	-0.18827630008663865	0.025749329682112965
0.4849390110678471	-0.18836376176696185	0.02729321269381335
0.48512473863003475	-0.18839559575404546	0.02890118937128855
0.4852642287688176	-0.18852532310839243	0.030346159825542007
0.48538590441991036	-0.1886715224856947	0.03238038996152287
0.48563005637957807	-0.18879679146123945	0.03521014100571124
0.485767788327621	-0.18887656493239818	0.03831420431020077
0.48587611674345277	-0.1889570119802449	0.04093094446871315
0.4859802977215211	-0.18906000885166502	0.04343876079505321
0.48604795503093806	-0.18914007388963483	0.04590492512666039
0.4861597160768009	-0.18924789394284353	0.049804047416773634
0.4862595107833311	-0.18932074912884378	0.05313074789996958
0.4863725560247785	-0.18942213344771686	0.05793760190184699
0.48637388031652273	-0.18949378208260337	0.06013630329351871
0.4864544456467302	-0.18956001790039217	0.06483157748161877
0.4865241857790242	-0.1896220581877992	0.06841949985303036
0.4866277456718735	-0.18970663994423187	0.07292839677287027
0.4866884465464466	-0.1897851832938799	0.07842650615014163
0.4867384099406811	-0.18983154503510202	0.0821088517444239
0.4868104428532815	-0.18988897184649628	0.08638870994445746
0.48687624910295874	-0.18990065752517898	0.08859827012603866
0.48689111902025173	-0.19003547623596462	0.0949292064434763
0.4869455955521174	-0.1900444881669503	0.10125718933958389
0.48699824446920364	-0.19007382901222708	0.10592645083400953
0.4870250520154736	-0.1901398371479608	0.10966156733748761
0.4870733418249139	-0.19020914140912126	0.11417131835069827
0.48711824074485555	-0.1902149865052783	0.11890646806088834
0.48716768219495854	-0.19023679038847024	0.12305845051686987
0.48720186316674874	-0.1902796143638319	0.1273529712870744
0.48724813979066806	-0.19034519220865687	0.13239211097978199
0.48728931189215935	-0.1903454746525718	0.13662413362775977
0.48733704240200393	-0.19036336502103374	0.14249274711842136
0.48742049624137623	-0.19041233446890732	0.14683496657362466
0.48742866930818585	-0.19045178822551134	0.15035356725049226
0.4874801343831759	-0.1904830326460249	0.15556813968983313
0.4875412668033868	-0.19051237070915678	0.16048574110397956
0.48758227352356187	-0.1905495554505245	0.16280192860433118
0.48761683223675406	-0.1905685673809447	0.16621918110608339
0.48769915820015447	-0.19061218223780674	0.1696834954471319
0.4878108595253124	-0.19068277248200644	0.17476079635238134
0.48789960556965234	-0.19069977059044257	0.1792828366570032
0.48792217808937854	-0.19075638325907723	0.1813255475116065
0.48804181814761544	-0.1907637151105671	0.18566856628734651
0.4881484154307578	-0.19086901754858682	0.18860687427200945
0.4881968791349189	-0.19086256541628566	0.19235190393981288
0.48828644726464926	-0.1908991575770655	0.194035920516247
0.48835756042106787	-0.1909627411452559	0.19613639546019565
0.4885051990532839	-0.19104716703510977	0.19906009183656398
0.488615244916582	-0.19103624245943168	0.20015639185332812
0.4888716282698125	-0.19127801868016336	0.2033602889319958
0.4889399263765112	-0.19145791117089517	0.20472871182313385
0.4889684727966147	-0.19162433475253526	0.20586728322521225
0.48903987694950185	-0.191655358401295	0.2065404013534464
0.4891344726049516	-0.19162335445738854	0.2075473426768345
