0.34766051247778346	-0.14740758377644536	0.20159585978567693
0.34766051247778346	-0.14740758377644536	0.20159585978567693
0.3476604707292999	-0.14740711211372665	0.2015960027338605
0.3476601743387229	-0.14740762686502806	0.20159549163243157
0.34766051210788695	-0.14740760443835838	0.20159585309997205
0.3476612254181311	-0.14740775357872954	0.20159574470311642
0.34766051210788695	-0.14740760443835838	0.20159585309997205
0.3476606525213182	-0.14740733073242146	0.2015959032733065
0.34766051210788695	-0.14740760443835838	0.20159585309997205
0.347660628147515	-0.14740719285166304	0.20159600263167443
0.3476606111424479	-0.14740683840776936	0.2015960529078768
0.3476604707292999	-0.14740711211372665	0.2015960027338605
0.3476604905598601	-0.14740713596145855	0.20159599188433006
0.34766080993946374	-0.14740741147049347	0.2015959031711309
0.34766051056017916	-0.14740758602349152	0.20159585869684918
0.34766080993946374	-0.14740741147049347	0.2015959031711309
0.3476606525213182	-0.14740733073242146	0.2015959032733065
0.3476602385021359	-0.14740755412461082	0.20159588099063086
0.3476606525213182	-0.14740733073242146	0.2015959032733065
0.3476601573339694	-0.14740727242099594	0.20159554190799675
0.34766011091625665	-0.14740692756983476	0.20159600296804606
0.3476604707292999	-0.14740711211372665	0.2015960027338605
0.34766011091625665	-0.14740692756983476	0.20159600296804606
0.3476605226235445	-0.14740701698449382	0.20159604318601004
0.3476606525213182	-0.14740733073242146	0.2015959032733065
0.3476604707292999	-0.14740711211372665	0.2015960027338605
0.34766051210788695	-0.14740760443835838	0.20159585309997205
0.34766101610475764	-0.14740776797038252	0.20159570435236282
0.34765997554209005	-0.14740705380234526	0.20159564136890187
0.34766051210788695	-0.14740760443835838	0.20159585309997205
0.3476606525213182	-0.14740733073242146	0.2015959032733065
0.3476606525213182	-0.14740733073242146	0.2015959032733065
0.3476608448288773	-0.14740696189690622	0.20159599389935673
0.3476599251060038	-0.1474077144302497	0.20159542016493393
0.347660628147515	-0.14740719285166304	0.20159600263167443
0.3476604707292999	-0.14740711211372665	0.2015960027338605
0.3476607929347071	-0.14740705702656814	0.20159595344721454
0.3476606525213182	-0.14740733073242146	0.2015959032733065
0.3476617107685034	-0.14740804698384535	0.20159597916524863
0.3476606525213182	-0.14740733073242146	0.2015959032733065
0.3476608756908442	-0.1474080416761117	0.2015956541792453
0.3476606525213182	-0.14740733073242146	0.2015959032733065
0.34766031475213144	-0.14740735315903525	0.2015955418055244
0.34766041511508905	-0.1474069623950135	0.2015959534848398
0.3476606146109925	-0.14740687967608546	0.2015960403649682
0.3476599092495578	-0.1474075087945339	0.20159592902293444
0.34766026906243924	-0.1474076933387412	0.20159592878879937
0.347660628147515	-0.14740719285166304	0.20159600263167443
0.34766080993946374	-0.14740741147049347	0.2015959031711309
0.3476606525213182	-0.14740733073242146	0.2015959032733065
0.3476606821341326	-0.1474076881883749	0.20159584759027355
0.3476606525213182	-0.14740733073242146	0.2015959032733065
0.3476606525213182	-0.14740733073242146	0.2015959032733065
0.34766086183416167	-0.14740731634085202	0.20159594362359584
0.34766031475213144	-0.14740735315903525	0.2015955418055244
0.34766068004187833	-0.1474070977221989	0.20159604308391776
0.34766051210788695	-0.14740760443835838	0.20159585309997205
0.34766031475213144	-0.14740735315903525	0.2015955418055244
0.3476611735227642	-0.1474078487087256	0.20159570425020806
0.34766051210788695	-0.14740760443835838	0.20159585309997205
0.34766011091625665	-0.14740692756983476	0.20159600296804606
0.3476603303161097	-0.14740738581976714	0.20159595256041754
0.347660244517952	-0.14740750885213033	0.20159588348952362
0.34766011091625665	-0.14740692756983476	0.20159600296804606
0.34766051210788695	-0.14740760443835838	0.20159585309997205
0.34766029270843385	-0.14740714618821987	0.2015959035074683
0.34766118239800486	-0.14740774557052694	0.2015962272700381
0.34765983512886367	-0.14740732750841162	0.20159559119570064
0.3476601848546469	-0.14740703941183975	0.20159568171854436
0.3476604877343837	-0.14740746655773368	0.2015959524582316
0.34766066952609137	-0.1474076851764604	0.20159585299779656
0.3476606525213182	-0.14740733073242146	0.2015959032733065
0.34766029270843385	-0.14740714618821987	0.2015959035074683
0.3476612497917617	-0.14740789145970634	0.20159564534500918
0.3476606525213182	-0.14740733073242146	0.2015959032733065
0.34766029270843385	-0.14740714618821987	0.2015959035074683
0.347660628147515	-0.14740719285166304	0.20159600263167443
0.34766029270843385	-0.14740714618821987	0.2015959035074683
0.3476603303161097	-0.14740738581976714	0.20159595256041754
0.3476613228113397	-0.14740747186458653	0.20159627744362277
0.34766051210788695	-0.14740760443835838	0.20159585309997205
0.34766080993946374	-0.14740741147049347	0.2015959031711309
0.3476604707292999	-0.14740711211372665	0.2015960027338605
0.3476606525213182	-0.14740733073242146	0.2015959032733065
0.3476606525213182	-0.14740733073242146	0.2015959032733065
0.3476606525213182	-0.14740733073242146	0.2015959032733065
0.34766068004187833	-0.1474070977221989	0.20159604308391776
0.34766051210788695	-0.14740760443835838	0.20159585309997205
0.34766115651862883	-0.14740749426473665	0.20159575452605388
0.3476617763705258	-0.1474082960312439	0.2015959074920792
0.3476608756908442	-0.1474080416761117	0.2015956541792453
0.3476607929347071	-0.14740705702656814	0.20159595344721454
0.3476607929347071	-0.14740705702656814	0.20159595344721454
0.34766086183416167	-0.14740731634085202	0.20159594362359584
0.3476610492057172	-0.1474074215533413	0.20159630533403897
0.3476608756908442	-0.1474080416761117	0.2015956541792453
0.34766080993946374	-0.14740741147049347	0.2015959031711309
0.3476606525213182	-0.14740733073242146	0.2015959032733065
0.3476604707292999	-0.14740711211372665	0.2015960027338605
0.3476607181254117	-0.1474075797765056	0.2015958316011913
0.3476603303161097	-0.14740738581976714	0.20159595256041754
0.3476607929347071	-0.14740705702656814	0.20159595344721454
0.34766029270843385	-0.14740714618821987	0.2015959035074683
0.3476604707292999	-0.14740711211372665	0.2015960027338605
0.3476604707292999	-0.14740711211372665	0.2015960027338605
0.34766056400287515	-0.1474075093092001	0.20159589355257213
0.3476607929347071	-0.14740705702656814	0.20159595344721454
0.34766068004187833	-0.1474070977221989	0.20159604308391776
0.34766051210788695	-0.14740760443835838	0.20159585309997205
0.34766099501386233	-0.14740774260685896	0.20159571589145542
0.3476602513295391	-0.14740665386394652	0.2015960531420623
0.34766051210788695	-0.14740760443835838	0.20159585309997205
0.34766070441589725	-0.14740723560301144	0.2015959437256778
0.34766095035279393	-0.14740713776460979	0.2015959533450389
0.34766080993946374	-0.14740741147049347	0.2015959031711309
0.34766000185171475	-0.14740771315046708	0.2015957995776263
0.347660628147515	-0.14740719285166304	0.20159600263167443
0.34766080993946374	-0.14740741147049347	0.2015959031711309
0.3476606525213182	-0.14740733073242146	0.2015959032733065
0.34766080993946374	-0.14740741147049347	0.2015959031711309
0.34766070441589725	-0.14740723560301144	0.2015959437256778
0.34766045466223183	-0.14740689213153596	0.20159596148040634
0.34766080993946374	-0.14740741147049347	0.2015959031711309
0.3476603303161097	-0.14740738581976714	0.20159595256041754
0.34766092428973194	-0.14740793627661286	0.2015956327818048
0.3476613383102911	-0.14740771288410642	0.2015956550655557
0.34766051210788695	-0.14740760443835838	0.20159585309997205
0.3476603303161097	-0.14740738581976714	0.20159595256041754
0.3476604707292999	-0.14740711211372665	0.2015960027338605
0.3476606525213182	-0.14740733073242146	0.2015959032733065
0.34766056400287515	-0.1474075093092001	0.20159589355257213
0.3476606525213182	-0.14740733073242146	0.2015959032733065
0.34766056070747614	-0.14740749903802436	0.20159583170353285
0.3476604707292999	-0.14740711211372665	0.2015960027338605
0.3476604707292999	-0.14740711211372665	0.2015960027338605
0.34766070112158876	-0.1474072253326164	0.20159588187784597
0.34766011091625665	-0.14740692756983476	0.20159600296804606
0.34766051210788695	-0.14740760443835838	0.20159585309997205
0.34766013296032167	-0.14740713454024906	0.20159564126641905
0.3476599251060038	-0.1474077144302497	0.20159542016493393
0.3476602513295391	-0.14740665386394652	0.2015960531420623
0.3476602905160156	-0.14740716268766407	0.20159590259674587
0.34766031475213144	-0.14740735315903525	0.2015955418055244
0.3476604707292999	-0.14740711211372665	0.2015960027338605
0.34766016281022993	-0.1474068324411308	0.20159604341998116
0.3476606111424479	-0.14740683840776936	0.2015960529078768
0.3476606111424479	-0.14740683840776936	0.2015960529078768
0.3476604707292999	-0.14740711211372665	0.2015960027338605
0.3476603303161097	-0.14740738581976714	0.20159595256041754
0.34766031475213144	-0.14740735315903525	0.2015955418055244
0.3476604707292999	-0.14740711211372665	0.2015960027338605
0.3476603303161097	-0.14740738581976714	0.20159595256041754
0.3476604707292999	-0.14740711211372665	0.2015960027338605
0.34766070441589725	-0.14740723560301144	0.2015959437256778
0.34766064566050126	-0.14740677660429125	0.20159608517132416
0.34766086183416167	-0.14740731634085202	0.20159594362359584
0.34766076856060385	-0.1474069191456755	0.2015960528056909
0.347660628147515	-0.14740719285166304	0.20159600263167443
0.3476607462686337	-0.1474079703501257	0.2015955335554926
0.3476611060805614	-0.14740815489619247	0.20159553332102273
0.3476606525213182	-0.14740733073242146	0.2015959032733065
0.34766070441589725	-0.14740723560301144	0.2015959437256778
0.34766066952609137	-0.1474076851764604	0.20159585299779656
0.3476604331219573	-0.1474068724824354	0.2015959536813763
0.34766011091625665	-0.14740692756983476	0.20159600296804606
0.34766103310890956	-0.14740812241448498	0.2015956540770904
0.34766051210788695	-0.14740760443835838	0.20159585309997205
0.3476613139365764	-0.14740757500304946	0.2015957544238991
0.34766100315363474	-0.14740773005556057	0.20159572443946988
0.3476606525213182	-0.14740733073242146	0.2015959032733065
0.3476605226235445	-0.14740701698449382	0.20159604318601004
0.34766086183416167	-0.14740731634085202	0.20159594362359584
0.3476606525213182	-0.14740733073242146	0.2015959032733065
0.3476603822107634	-0.14740729069078623	0.20159599301279604
0.3476606426488262	-0.1474073289169795	0.20159590427969168
0.3476603303161097	-0.14740738581976714	0.20159595256041754
0.3476604707292999	-0.14740711211372665	0.2015960027338605
0.3476607929347071	-0.14740705702656814	0.20159595344721454
0.34766066952609137	-0.1474076851764604	0.20159585299779656
0.34766051210788695	-0.14740760443835838	0.20159585309997205
0.3476608431878965	-0.1474074462137539	0.2015963268319878
0.34766070441589725	-0.14740723560301144	0.2015959437256778
0.34766051210788695	-0.14740760443835838	0.20159585309997205
0.34766051210788695	-0.14740760443835838	0.20159585309997205
0.3476604707292999	-0.14740711211372665	0.2015960027338605
0.34766065252131817	-0.14740733073242146	0.2015959032733065
0.3476608448288773	-0.14740696189690622	0.20159599389935673
0.34766070441589725	-0.14740723560301144	0.2015959437256778
0.3476604707292999	-0.14740711211372665	0.2015960027338605
0.347660152294868	-0.14740741989408762	0.20159585333413405
0.3476606525213182	-0.14740733073242146	0.2015959032733065
0.3476605226235445	-0.14740701698449382	0.20159604318601004
0.3476606082722774	-0.14740799269595628	0.20159582922630753
0.34766026906243924	-0.1474076933387412	0.20159592878879937
0.3476603446027416	-0.1474070510593386	0.20159594395962524
0.34766086183416167	-0.14740731634085202	0.20159594362359584
0.34766037891604973	-0.14740728041901574	0.201595931164479
0.3476604842698864	-0.147407394345907	0.20159596270095853
0.34766029270843385	-0.14740714618821987	0.2015959035074683
0.3476607929347071	-0.14740705702656814	0.20159595344721454
0.34766037891604973	-0.14740728041901574	0.201595931164479
0.3476604707292999	-0.14740711211372665	0.2015960027338605
0.3476604707292999	-0.14740711211372665	0.2015960027338605
0.3476606525213182	-0.14740733073242146	0.2015959032733065
0.3476607929347071	-0.14740705702656814	0.20159595344721454
0.34766031475213144	-0.14740735315903525	0.2015955418055244
0.34766013296032167	-0.14740713454024906	0.20159564126641905
0.347660152294868	-0.14740741989408762	0.20159585333413405
0.3476603698716566	-0.14740738793521047	0.2015959484871565
0.3476603303161097	-0.14740738581976714	0.20159595256041754
0.3476606525213182	-0.14740733073242146	0.2015959032733065
0.3476604331219573	-0.14740687248243534	0.20159595368137626
0.34766066952609137	-0.1474076851764604	0.20159585299779656
0.34766080993946374	-0.14740741147049347	0.2015959031711309
0.347660656292191	-0.14740758342556115	0.20159570458647724
0.3476606474051361	-0.14740708926995655	0.20159600458149335
0.3476609674525743	-0.14740812974629486	0.2015956660416996
0.34766115651862883	-0.14740749426473665	0.20159575452605388
0.3476608055803661	-0.1474072065822019	0.20159627777895
0.3476616251414638	-0.14740821662327241	0.20159605475223666
0.3476615289769383	-0.14740782836453353	0.20159607862527465
0.3476604707292999	-0.14740711211372665	0.2015960027338605
0.34766101610475764	-0.14740776797038252	0.20159570435236282
0.3476606525213182	-0.14740733073242146	0.2015959032733065
0.347660854181144	-0.14740710118348976	0.20159625638390258
0.347660656292191	-0.14740758342556115	0.20159570458647724
0.3476615289769383	-0.14740782836453353	0.20159607862527465
0.3476606525213182	-0.14740733073242146	0.2015959032733065
0.3476604707292999	-0.14740711211372665	0.2015960027338605
0.34766080993946374	-0.14740741147049347	0.2015959031711309
0.3476615289769383	-0.14740782836453353	0.20159607862527465
0.3476605158781432	-0.1474078571312213	0.2015956544133597
0.34766128352827347	-0.14740757193632859	0.20159575754369505
0.3476602041895849	-0.14740732476545815	0.20159589378651985
0.3476606525213182	-0.14740733073242146	0.2015959032733065
0.34766103310890956	-0.14740812241448498	0.2015956540770904
0.3476606525213182	-0.14740733073242146	0.2015959032733065
0.3476606525213182	-0.14740733073242146	0.2015959032733065
0.34766051210788695	-0.14740760443835838	0.20159585309997205
0.34766051210788695	-0.14740760443835838	0.20159585309997205
0.34766029270843385	-0.14740714618821987	0.2015959035074683
0.34766051421043387	-0.14740723745465628	0.20159596998332224
0.3476606525213182	-0.14740733073242146	0.2015959032733065
0.34766051210788695	-0.14740760443835838	0.20159585309997205
0.3476606525213182	-0.14740733073242146	0.2015959032733065
0.34766080993946374	-0.14740741147049347	0.2015959031711309
0.3476615289769383	-0.14740782836453353	0.20159607862527465
0.34766070441589725	-0.14740723560301144	0.2015959437256778
0.34766076856060385	-0.1474069191456755	0.2015960528056909
0.34766115651862883	-0.14740749426473665	0.20159575452605388
0.3476603633522368	-0.14740724775771735	0.201595520409865
0.3476611735227642	-0.1474078487087256	0.20159570425020806
0.34766101610475764	-0.14740776797038252	0.20159570435236282
0.3476606525213182	-0.14740733073242146	0.2015959032733065
0.34766065222818937	-0.1474073313038135	0.2015959031685635
0.3476604707292999	-0.14740711211372665	0.2015960027338605
0.3476603303161097	-0.14740738581976714	0.20159595256041754
0.3476604707292999	-0.14740711211372665	0.2015960027338605
0.34766079670619676	-0.14740730971998423	0.20159575476016822
0.347660628147515	-0.14740719285166304	0.20159600263167443
0.3476605988442484	-0.1474072819790631	0.20159591036581942
0.34766172128565065	-0.14740745952780543	0.2015961692519238
0.3476606525213182	-0.14740733073242146	0.2015959032733065
0.3476606525213182	-0.14740733073242146	0.2015959032733065
0.3476610680000058	-0.14740767284061784	0.2015957448051774
0.34766066952609137	-0.1474076851764604	0.20159585299779656
0.34766080993946374	-0.14740741147049347	0.2015959031711309
0.3476606525213182	-0.14740733073242146	0.2015959032733065
0.34766101610475764	-0.14740776797038252	0.20159570435236282
0.3476606525213182	-0.14740733073242146	0.2015959032733065
0.34766066303628346	-0.14740674327828474	0.20159609335979733
0.34766070441589725	-0.14740723560301144	0.2015959437256778
0.3476606525213182	-0.14740733073242146	0.2015959032733065
0.34766037891604973	-0.14740728041901574	0.201595931164479
0.3476604707292999	-0.14740711211372665	0.2015960027338605
0.3476661127734369	-0.14739378332764874	0.20159797254778178
0.34762450640512615	-0.14692338793537946	0.20163783539172658
0.3475187589746216	-0.1459219775139487	0.20190539943210944
0.3474653079932108	-0.1453458704393108	0.20225217964599151
0.3474505092636375	-0.1447051334579832	0.20266354511872764
0.34739409482565603	-0.14401758652041674	0.20305879814956357
0.34743342649285475	-0.14249395497154077	0.2038816195249061
0.3475778323399701	-0.14167415527803373	0.20440306761979826
0.34761975021656455	-0.1410162707751066	0.20479442226528835
0.3476636063348683	-0.1398392676577075	0.20543128956671944
0.34801872621474744	-0.13744923300575745	0.20683894863246727
0.3480655693299119	-0.13648941130688297	0.2073268687905676
0.34821485842855593	-0.13465633070577754	0.20836724946819332
0.34846015834128397	-0.13254405130354485	0.20966641643161393
0.348563396354812	-0.13145776559522465	0.2103554499524586
0.34868505045127146	-0.12928049325400903	0.21176042279804286
0.34882620496971406	-0.12840837578984388	0.21236229465668544
0.34914125471891444	-0.126603124730837	0.21342085958570028
0.35006161331076396	-0.12362992837850566	0.21520477586872583
0.3505419152436571	-0.12262577127463677	0.21587605522810657
0.35172065089566174	-0.12101884370606784	0.21699522812837588
0.35307070080666647	-0.11984413594496691	0.21792405136334367
0.35465859331945276	-0.11890471715321664	0.21873066775410904
0.355621253744582	-0.1184514946407517	0.21905182579744586
0.35862932025065686	-0.11760742079494059	0.21951791791213282
0.3602582826095542	-0.11747168635949078	0.21950325852635258
0.3628964061755361	-0.11755076330897309	0.2191188238886075
0.36417325505819453	-0.11766255751163433	0.2187683622572118
0.36637648609658546	-0.11794244306025282	0.2179858371185152
0.36968605429802914	-0.11831079516790556	0.21638086710058682
0.37085086269055845	-0.11837847621588025	0.21564066691172562
0.3727703163400994	-0.11836967134106845	0.21429719978059356
0.37402330068407985	-0.11819626777164381	0.2130974858317377
0.3753994407830988	-0.11810828589650686	0.21184224370068228
0.3765678249516701	-0.11792265526788558	0.21070272169811255
0.37809142815437935	-0.11744424869901628	0.2089834199458007
0.37895846247549875	-0.11690465472148974	0.2076689255214747
0.3800720661828863	-0.11603938272304508	0.20595974986769577
0.38040935355522126	-0.11561012781679385	0.20529631553912372
0.38109737293725854	-0.11433158622739974	0.20362875572606437
0.38130447330409306	-0.11378812208994314	0.20308605506991018
0.38169249235594616	-0.11225508123929047	0.20177417260901226
0.38181784193613927	-0.11152020827330493	0.20125652056439597
0.38196333064079835	-0.10901993238327824	0.19995384340363032
0.3819103843515693	-0.10756492080891016	0.1994781671378891
0.38186964545409063	-0.1067158077456619	0.19925926560716178
0.3816777208765187	-0.1045833953618683	0.1990784897105549
0.3815555175815763	-0.10348774068285375	0.19906897046165675
0.38133598440332	-0.10212679698858905	0.19930288192667175
0.3810660362448843	-0.10040416465186826	0.19978644012356775
0.380620347313781	-0.09784853569415851	0.20108953043150699
0.38034148764656955	-0.09644525161676497	0.20209941407602053
0.38006612362612313	-0.09522942728983198	0.2029657875826481
0.3798558743546164	-0.09441105758912492	0.20361660778677138
0.37944861296293636	-0.09281109235890082	0.20488151257414208
0.3792147824992421	-0.09209054918488045	0.2054203659915181
0.3787448243695778	-0.09065931913299462	0.2065764964177895
0.3784867258027066	-0.09002397476543374	0.20714089437848454
0.3782990331394659	-0.08964938895463519	0.2074926867343626
0.37800644320329346	-0.08913045552031056	0.207967827629507
0.37760534818255664	-0.08882401410295247	0.2082446370032903
0.37740365721578834	-0.08855704661957227	0.20865509891175923
0.3772762084914168	-0.08830501822776114	0.20904872057270704
0.3771437676484193	-0.08807070270251523	0.20925961235003993
0.37669397933554294	-0.08733180547607837	0.20957323174219938
0.3763672110541439	-0.0867837997242882	0.20980594874285288
0.3759600075195355	-0.08611506738690648	0.21027378472196825
0.37570982448025997	-0.08582731209948317	0.2105472022566661
0.3755724001833411	-0.08568081086879241	0.21067324489387743
0.3751607257614697	-0.0851712176919436	0.21107358485280095
0.3748744473979727	-0.08480432783693186	0.21137327125777602
0.374650073472631	-0.0845436029732906	0.21162120931523523
0.3742625598284157	-0.08406462326967938	0.21207321433405446
0.37409412241473183	-0.08386220790100297	0.21224444683642504
0.37380954408606504	-0.08349872163238155	0.21252936355628452
0.37358103318190033	-0.0831927383006363	0.21275691895371598
0.37331089075280877	-0.08283410397536008	0.21313853251376183
0.3730092664986789	-0.08246138879903069	0.21346845750465107
0.37278845768010915	-0.08218395896760071	0.21366843969132174
0.37260815037335393	-0.08195058994662154	0.21388929243756133
0.3722723833153134	-0.08153486208262985	0.21428117407811131
0.37213960180938754	-0.08138425655167282	0.21443444338714812
0.371877574889623	-0.0810450357287366	0.21472045018982625
0.3715167601307022	-0.0805502160259033	0.2151936248833182
0.37126323504512226	-0.08022419262277077	0.2154398405240314
0.3710662037842184	-0.08001363812905703	0.21563173425780535
0.37088033471527276	-0.07979010878375882	0.215880076567667
0.3706431536217468	-0.0794594136650419	0.21620628616539095
0.3704131776202607	-0.07916200307869471	0.21650027750841985
0.370229436277599	-0.07893958443134678	0.21669553980093675
0.3699296300665328	-0.07854981004148416	0.21703385501695274
0.36976175792737465	-0.07833473582714577	0.21727820472609372
0.36956451473793756	-0.07807790753284787	0.21758836858397906
0.3693626630233971	-0.07781781048980833	0.21784633572284856
0.36917427611896503	-0.0775868868622215	0.21806780384693938
0.36894116874285054	-0.07700075591441517	0.21851509367112873
0.3687878815906287	-0.07648874189285472	0.2188994068316284
0.3686333321322124	-0.07626840156500546	0.21916599230264544
0.36843685782082186	-0.07602198393661326	0.21949224542707543
0.36821105483036615	-0.07574181408552792	0.21980820979693746
0.3680285580449965	-0.07550928560571422	0.2200889459447982
0.3678148409122572	-0.07524519679380005	0.220450286384013
0.3677103958971566	-0.07502727384173442	0.22065247916410344
0.36752838642487373	-0.07443300167656965	0.2211529676443107
0.36737369293779254	-0.07406250623113249	0.22156048608546441
0.36714868912630905	-0.07383593047347904	0.22191533752514747
0.36690990731200096	-0.07354167456009612	0.22234135537858973
0.36674850870290887	-0.07334612260789992	0.2226330600516801
0.36660898095327327	-0.07313926936495242	0.22290339528641973
0.366531178437343	-0.07289759602420944	0.2231185853031318
0.36627192181667584	-0.07197172623007546	0.22397536011269578
0.36618480376408347	-0.0715177939987507	0.22435626362636144
0.3660373610006346	-0.07085113240794362	0.22479222564876783
0.36583522009147773	-0.07007398590018464	0.22524883371041116
0.3656484565173733	-0.06917580826133223	0.22562194367344357
0.3653980947939408	-0.06794343286006026	0.22630640972656715
0.3652101540257031	-0.06703658016145096	0.22664386234390077
0.36496313029980215	-0.06591882118327462	0.2272093152561484
0.3647740522164916	-0.06495719346173574	0.22763401138424913
0.3645181914891143	-0.06380586400668996	0.2281677979569909
0.3641328069441973	-0.06211650275092241	0.2288745893161154
0.3639135780403993	-0.0610248480635175	0.22933349129631092
0.36372689565806327	-0.060232723217868864	0.22967888396416958
0.3634127744739173	-0.05891902759873881	0.23018550786546862
0.3630151039806703	-0.05716401562658015	0.23089106419255057
0.3627566447004661	-0.05619024841039551	0.23130818392145244
0.3622704727609609	-0.05418565085949585	0.23209512899133303
0.36195427475961056	-0.05286953988874736	0.23251600224859212
0.36159412862547374	-0.051444027232896136	0.2331309444973906
0.36108785545401406	-0.04952755582932093	0.23386638776764054
0.36077110632149206	-0.04823520657794901	0.23426308695635234
0.3602567404173005	-0.045826766079003226	0.23510336445814292
0.35987649038633335	-0.044001737254977594	0.2357680447206217
0.3597165824339358	-0.04307336573699268	0.23610730067207583
0.35922769689905787	-0.04067696811905021	0.2369045050338351
0.35901687063099175	-0.03957025291817935	0.2373373147620927
0.3585426892804241	-0.037286362451993696	0.23814421242007924
0.3580336384788588	-0.03470820120929209	0.239061563310054
0.35769078672549276	-0.032858236068580335	0.2396362622199782
0.35747808989292	-0.031922290476539675	0.2400038444915858
0.357020318224626	-0.029570297393380837	0.24078784498749503
0.35670989828951116	-0.02787602412822328	0.24123099628663253
0.35630864338270124	-0.02597680887658664	0.2419785182900795
0.35584001270733223	-0.0236026365630307	0.24275688198238088
0.35561721229913157	-0.022462841390834196	0.24306368714347798
0.3552721161729461	-0.0207026474064141	0.24368075434946845
0.35483967542119504	-0.018573833329469422	0.24432229317734844
0.3546309969512992	-0.01752263682988346	0.24468262144843933
0.35408795688961225	-0.014750379506138125	0.24556311042215587
0.3537831191987306	-0.013172497774281491	0.24603775872974343
0.35357361613287863	-0.012235912182982353	0.24635375268411522
0.3531477576872423	-0.010036502547700846	0.2470189289245517
0.35288594877434765	-0.008628830324329831	0.2474255183314712
0.35266507962532606	-0.007410013171672766	0.247772417561073
0.35223938498557755	-0.005434373641452647	0.24841450541419569
0.35215616626211	-0.0046819002842529295	0.24858089111484
0.35183876369434736	-0.003392259620485019	0.24904624571748551
0.35159033858153793	-0.0018990177399281355	0.24944165578100655
0.35137534925451674	-0.0008394591913112731	0.24971727141390235
0.3511351377142935	0.00023836932391933796	0.25010523629061454
0.3509819362725212	0.0011543976562940622	0.25033939910576175
0.35078154979216203	0.0022824600714311666	0.250585868539536
0.35065481736116605	0.0028888725715765368	0.2508231104023672
0.3504716723938209	0.0036382470980302756	0.2510481062857231
0.3503676640087581	0.004124202071648361	0.2511758017872493
0.3502451306494886	0.004575252678515121	0.25114993556716636
0.3502481497962191	0.0046827916909139705	0.25105606060676366
0.3502946710151017	0.004754347202663753	0.25083286782307224
0.35029393156647004	0.004754191227555785	0.25083110198444214
0.3502908629047733	0.004752026151046709	0.2508302720138564
0.35028706798736037	0.004750159331861112	0.2508302429706676
0.3502840434492963	0.004747643812808219	0.2508309010903287
0.3502815689404466	0.004743159115211407	0.2508301781060719
0.35027769826052146	0.004738468302349599	0.25082957164257424
0.35027554917593723	0.004731651946721774	0.25082770362449636
0.3502750867508639	0.004728236495382884	0.25082826107077605
0.3502754276527759	0.00472511245855993	0.2508272248956735
0.350274886881316	0.004722799672408004	0.25082699456421775
0.35027535667146953	0.0047210313072210824	0.250827584167694
0.3502763179670065	0.004719459469475287	0.2508269600012778
0.35027725425487943	0.004717687955605829	0.25082699834083366
0.3502787701128249	0.004716194901253759	0.2508266343067534
0.3502787214815712	0.0047163111785173545	0.2508256483692113
0.3502790953601282	0.004715877800392607	0.250826025967842
0.35028028034127173	0.004715308953833805	0.25082553051837964
0.3502809290935669	0.004714705360859647	0.25082568430081087
0.3502814971554688	0.004714701806166968	0.2508252999432963
0.350282660296592	0.0047133800805511245	0.2508242121408062
0.3502822945766261	0.004713626700480186	0.25082474526970233
0.3502836311591748	0.00471297464344235	0.2508233520882782
0.3502838684150708	0.0047125060959909565	0.2508225857960119
0.35028406065434536	0.004712511048946197	0.2508234098297054
0.3502845561588147	0.004712456691486802	0.2508235183363734
0.35028441594954446	0.004712550765312726	0.2508224988157108
0.3502853143669808	0.004712563625928964	0.25082344709361426
0.35028573734929747	0.004712946848869928	0.25082244591509184
0.35028496377303214	0.004713319323054285	0.25082310515472794
0.3502859751817938	0.004712382306022375	0.2508216194835168
0.3502858747119374	0.004712294048592872	0.2508220636604621
0.35028527990577957	0.004713576222677832	0.2508226848047785
0.35028646551069187	0.004712754672911032	0.25082218057613737
0.3502864638996976	0.004712784496238673	0.2508221997032921
0.3502867823621596	0.004712951332230722	0.250822385419188
0.35028650253974386	0.004713263521237396	0.2508224869642921
0.35042200385676203	0.004668250558956186	0.2508310888118573
0.350460875925345	0.004614960095174328	0.25079729060732336
0.35036302690788984	0.004645666167073917	0.2507881339116077
0.35035157819588547	0.0046540302898218505	0.25078796528897646
0.35035634296137447	0.004648157273649603	0.2507890696291134
0.35033890772438825	0.0046571183633287855	0.25079559787903394
0.35029479094282123	0.004682147667009931	0.2507980183236976
0.35030078390875186	0.004675917127743082	0.2507978402714153
0.35027095983247086	0.004703306422140743	0.250802559660899
0.3502450429771416	0.004726304286944524	0.25080760904637667
0.3502610047261407	0.004715543986504603	0.25080768973953343
0.3502585257437537	0.004717479019857487	0.25080832717755097
0.3502602090075238	0.004718368760196254	0.25080986811415235
0.3502863834484321	0.004709526182404264	0.25081000692464617
0.3502907552119446	0.0047078031600098075	0.2508081999402011
0.35029474642147335	0.004704604277733129	0.25080749089313004
0.3502935960515401	0.004706934809477828	0.2508100112051054
0.3502950947391208	0.004706451699571998	0.25081412222332444
0.3502946730875609	0.004706352579427239	0.2508130971525539
0.35029365201654133	0.004706726082169946	0.25081236799204765
0.35029288900120376	0.00470717623320592	0.25081242228314615
0.3502916960125086	0.0047072677109564615	0.25081101926663546
0.3502906178880662	0.0047078573470052815	0.2508114301870701
0.35028840982035336	0.004709506018138285	0.25081233455671187
0.35028465174422124	0.004711893958188759	0.25081336114707187
0.35028220477946626	0.004713842060897297	0.2508132631443166
0.3502816607622507	0.004714808715647514	0.2508152475890383
0.3500970469482923	0.004856648786092224	0.2508606512095971
0.3501271106712262	0.004861026317360226	0.2509139364416716
0.35017639390408906	0.004843425983213009	0.25091671001549254
0.3501864600460222	0.0048351400795864224	0.25091307303004207
0.3502493617364383	0.004797110575299121	0.2509116714143805
0.35027081477631583	0.004772923691833117	0.2509020144533186
0.3502762115790567	0.004761701191564646	0.2508749485341232
0.3502782300510504	0.004747561919071594	0.25086279010277823
0.3502783232595851	0.004741355076613787	0.250856897003256
0.35028045798403673	0.004725027078564356	0.250842305320291
0.35028650210680046	0.00471492467098443	0.2508224207424923
0.3503000687814639	0.0047011993587931095	0.25079158693738857
0.35030201797524363	0.0046966019823127675	0.2507857209114791
0.35030207992804185	0.004695205915288589	0.2507868789024741
0.35030656472462873	0.004689798685062238	0.2507903097991624
0.35031375057590297	0.004681926455007021	0.25079305887291925
0.350315984583445	0.004679367705682266	0.25079556776403916
0.3503129538064559	0.004680862572376751	0.25079777546597476
0.35030975831630995	0.004683969076325081	0.2507992183946952
0.35030496918169474	0.004686562550657039	0.2508020209459486
0.35030277561790535	0.004689142868038967	0.2508038419376941
0.3503015683776581	0.004690940339963104	0.2508049848651954
0.3503002799305174	0.004692967456517719	0.25080565107684233
0.3502972099947922	0.004696453559192612	0.25080733209016803
0.35029655109237107	0.004698403472915516	0.2508098233016168
0.350295904493932	0.00469981412118449	0.25081034033052196
0.3502946342614374	0.004701854208144826	0.25081206741037754
0.3502944732884211	0.004702524683073903	0.2508133632793178
0.3502942423726252	0.0047042324119008355	0.25081492830774815
0.35029274339828664	0.004705605086376949	0.25081580583795293
0.3502922262221912	0.004708127016735994	0.25081742079969027
0.350290445808684	0.0047098416868683185	0.2508184190248298
0.35028978628400176	0.00471079629380132	0.25081912556476027
0.3502829826485526	0.004711970805729007	0.25085427915583275
0.35024645676427013	0.004659427037664546	0.251131120004452
0.35036213727565074	0.003848750479471627	0.2512463513926829
0.3504072882488893	0.003180086123852774	0.2513230850967201
0.35043305016631	0.0027417675559352345	0.2513993187473715
0.3505007944185048	0.0018136889565098374	0.2515873747385411
0.3505357219490484	0.0006381343364421505	0.25186276394950624
0.35051531235681044	0.00012752851860022008	0.25199118143806537
0.3505531980379418	-0.001360286119769391	0.25238486299385743
0.350502024191584	-0.002975336865428127	0.2528042896979117
0.3505029052780377	-0.004158492467465261	0.25314407732764954
0.35052320727612124	-0.004907893853147174	0.2533350313745792
0.3504695654965526	-0.006714247744325677	0.2538413490644751
0.3504827943286491	-0.008047225339475425	0.25424171146373
0.3504081662166942	-0.010003511125588019	0.25480288713101185
0.35040228347651703	-0.011659060496297322	0.25526915149909957
0.350322935241665	-0.012628034183406286	0.25559591390711095
0.3503059573785222	-0.014072071734862454	0.2560086970122584
0.35021635138085433	-0.01565155868211622	0.2565178339311456
0.3500402799060079	-0.01874896950837139	0.2575108037897299
0.34999860063433064	-0.020162746025628578	0.25797962075865644
0.34984277013732124	-0.022264913434740977	0.2586883930673333
0.3497301372233036	-0.024111762098035186	0.2592730590097017
0.34965073493578047	-0.025282602642359972	0.25961309039473074
0.3496650356450962	-0.027753026487761054	0.25998826038085787
0.34970002527086896	-0.028990776776288182	0.2601548730808533
0.34973143202284973	-0.03305336758767251	0.2606362416945787
0.34968466540785914	-0.03498754404189748	0.26093489894962696
0.3496984293441406	-0.03615821692682496	0.26113230145297683
0.349658033135026	-0.038304565030629026	0.2613924814798778
0.34968622762622315	-0.041188580573750785	0.2616205482586041
0.34964862767896604	-0.04340333931761815	0.2618951008209117
0.34961623169512634	-0.04656119313941186	0.2621914887382181
0.34962120721580064	-0.048720050568793735	0.26227911491695477
0.34960121469507954	-0.050693003127105465	0.2624226574212586
0.34958048766302896	-0.05240005576331318	0.2624663021669923
0.3495558034114596	-0.05529922841527586	0.26254296069148664
0.3495606526500149	-0.05847108954511872	0.26253018447504956
0.34954173307388414	-0.060462801745300096	0.2625211884888334
0.3495174661053861	-0.06261435285551707	0.26243689891113886
0.3495148870591649	-0.06499927594730089	0.2623033208965394
0.3495176846637896	-0.06612802035073077	0.26222760041447996
0.349506870724663	-0.06837767358456241	0.2620787040674002
0.3494790417125724	-0.0722611641117797	0.26159383749643406
0.3494464129166941	-0.07437507060798472	0.26133402110119586
0.3494672041066887	-0.07660380995288903	0.26088505561931685
0.34944096467593444	-0.07782512386964315	0.2606876952501248
0.34939523113297954	-0.08076611275767802	0.2600248416514706
0.3493964929806465	-0.08346888360537492	0.2593200979865804
0.3493954950530172	-0.08547044589274659	0.258677797811142
0.349391078339188	-0.08735987648984005	0.258074788802197
0.34938699133877776	-0.08851321681781386	0.25766912994165236
0.3493605809383237	-0.09178352522878706	0.256303342720289
0.3493569794983203	-0.09375978946739401	0.2553617930032838
0.3493158323611123	-0.0953435909304385	0.2545468423631946
0.34932435137125606	-0.09635433492065	0.25399682103588056
0.3493524087452463	-0.09813558588106096	0.2528722037147281
0.34931479224398493	-0.10053459109132075	0.2513097139551167
0.3493753443635206	-0.10276821896913078	0.24954943691088077
0.34955141465228157	-0.10375489541348736	0.2487748172742582
0.35022163171470255	-0.10606159367155289	0.2471207037881544
0.3514040894567489	-0.10869065112153835	0.24475293149609056
0.3523594034525961	-0.11040337365468393	0.24331181335609847
0.35356606645769323	-0.11223625595116933	0.24166833648621705
0.35490272150803076	-0.11414751532487867	0.24002520827577162
0.3564478864130579	-0.11616284072792181	0.23814331926917193
0.3582191711254072	-0.11816527083992452	0.23634806316332357
0.3608045812962283	-0.12084313210762436	0.2338432272609562
0.3622436151695724	-0.12231159970708881	0.23247959307896282
0.36458930901928377	-0.12456288074427622	0.23030179951371402
0.3671185955501859	-0.12682181998877534	0.2281061320823499
0.3710676270322867	-0.13017952785100168	0.22484379432320853
0.3731293239529707	-0.13188955112386147	0.2231011033861922
0.375283247112564	-0.13358504755909456	0.22144505601785014
0.37925436685319786	-0.13661794284124484	0.21842952878533484
0.3825233391844372	-0.13891432932780828	0.21629697785304153
0.3842207529634272	-0.1400683475629994	0.21515062276702834
0.3890789213666175	-0.14321414562919782	0.21222249173796315
0.39313396961341635	-0.1457286814891094	0.2098962328678479
0.3963581097903629	-0.14763367223117352	0.2081523884930941
0.39838248992985825	-0.14873684515874236	0.20703770846470312
0.4010580725240719	-0.1502159625975229	0.2056188546258354
0.40512333909135606	-0.15230852469834538	0.20376162161866462
0.40953789345422986	-0.15454939366546994	0.2020408544503381
0.41101204669252334	-0.15525313460514262	0.20147747217133224
0.41361863224768436	-0.15635709476553655	0.2002338542086869
0.4165654807951058	-0.1576154725311416	0.198671297305275
0.4197684791199062	-0.15873759368666945	0.19690951581940627
0.4209920276587184	-0.15906541486809	0.1962106485250753
0.4232261352218899	-0.15957565676559793	0.19482315764804684
0.42471040228630297	-0.15983330313152883	0.19365564019853954
0.4260548502015241	-0.15996771460031045	0.1925077540454336
0.4280129262406927	-0.16018985407347264	0.19059485218620825
0.42893570052093993	-0.16022752785168165	0.189544290527776
0.42992298815907337	-0.16020719286834956	0.1881907701883652
0.43099978514024334	-0.1600931984958997	0.18661906374427065
0.43243259897283765	-0.159745448363376	0.18458738865439125
0.43335583411861006	-0.15955782405143598	0.18283863706138212
0.4347010861692477	-0.15974926723639088	0.17979244832767208
0.43557777137122966	-0.15954551421793783	0.17791638202012974
0.4361344682293188	-0.15926623678967822	0.17667015611553077
0.43713083224483557	-0.1586873010402965	0.1742103943751877
0.43777010440185077	-0.15825342732647274	0.17248672402253407
0.43851945703203493	-0.15754219035138545	0.17003563738578317
0.4395317625806867	-0.1565763971402227	0.16714017518531696
0.4399624699147152	-0.156196017850525	0.1659011486072847
0.4409801969830969	-0.15541125678724088	0.16321985073893752
0.44183496518482324	-0.15491269008822034	0.16126054192117922
0.44253777089946883	-0.15441440780117371	0.15935687076572275
0.44339775380225155	-0.15359919914885828	0.15653416327295738
0.443683282281489	-0.15330816702469224	0.15550358196672076
0.4443288392475752	-0.15273749494521976	0.152375912580682
0.4447151321763597	-0.15251066809138702	0.1502243757546276
0.44505605216361166	-0.1524011131767013	0.14813291233104053
0.4452980410878632	-0.15210956344570498	0.14471887044049225
0.44526028257018546	-0.15184742833234716	0.1426782670213143
0.44529826012174895	-0.1517680961063958	0.14118645471597802
0.44567555170542694	-0.1519057800875928	0.1384347032736783
0.4461377943970032	-0.15227256866473204	0.13632102787022465
0.4465350794926898	-0.1526587927399618	0.1340188966926934
0.4470424785412143	-0.15323510091439185	0.1315368645182679
0.44745707628750725	-0.15369874012291207	0.12931083937549337
0.44809773601440733	-0.15439451762542	0.1260216792731939
0.4483365386955498	-0.15465963214244022	0.12460146343518058
0.4487157257196888	-0.15507374132567525	0.12240969278118724
0.4494176796937932	-0.1558867199697644	0.11828321695330518
0.449828198231107	-0.1563470788722751	0.11587817279854201
0.4501701317948255	-0.15680788076339164	0.11355758349309147
0.45036805141898906	-0.15707815335654918	0.11223528638020491
0.45076489530637476	-0.15757085852606045	0.1097335345599646
0.4512869588759672	-0.15820800413092345	0.106566805216045
0.4515572358281866	-0.15867974447047195	0.10412971700214635
0.45195405347053386	-0.15916903176220537	0.10156472501462627
0.4525109767989854	-0.15963048186710976	0.09855926488184691
0.45278072582127976	-0.15993320937775463	0.09696837232177757
0.45302240695087	-0.1602380026198877	0.09509844639489956
0.4533797246769733	-0.16065074289416564	0.09279597798102684
0.45386920566654804	-0.16134975379142164	0.08940622489376526
0.4542215805330437	-0.16188522726635568	0.08664557834608771
0.4545990394513861	-0.16222604308411231	0.08437358576668286
0.4550162256910822	-0.16254365440869567	0.08228005520832532
0.45516625623666973	-0.16271962384517885	0.08118400552425553
0.4556098001899748	-0.16334900176643968	0.07807115403012777
0.4559971488088556	-0.16393864549792908	0.0749910603574998
0.45618467867447976	-0.16423086658814756	0.07366186343682163
0.4564228664272354	-0.164550671646517	0.07189084271170271
0.4570135173699919	-0.16498557319894802	0.06909853195228599
0.45734137205021985	-0.16533569997139397	0.06708094398891812
0.45770125579579046	-0.16583139407211195	0.06457590344433567
0.4578462853461075	-0.1660626077525671	0.06343033291510802
0.4582474489549071	-0.16661022153871835	0.06070557238019786
0.45859401626800755	-0.16703400276383973	0.05897003770723269
0.45913508134632386	-0.16748271686707888	0.057174928689394555
0.4595628594402444	-0.16789833832912704	0.05558824212996083
0.46008415222549304	-0.16840444473096616	0.053489875754885396
0.4604108977456932	-0.16876274128438035	0.05224369570381171
0.4608129039892368	-0.16925617487207928	0.05016482708986486
0.46106348142961545	-0.16949938810250026	0.04881403636649928
0.46121158877831775	-0.169737965033409	0.04794910362561633
0.4615208614884803	-0.17023158462714694	0.04557002277277522
0.4617029839104626	-0.170549796444944	0.04418019157681974
0.46185346624015733	-0.17094306676765358	0.042205275159150735
0.46189315651579715	-0.17109921424131674	0.04141877394904042
0.4619866276255046	-0.17148059552494227	0.039517075681206715
0.46199706955071534	-0.171637973703615	0.03860300802018185
0.46207706195242426	-0.1719838123544562	0.03699456099954335
0.46253613027224727	-0.17249726119732328	0.03548250355771987
0.46282564079000665	-0.17274072418827602	0.03472244401667457
0.4632239766814891	-0.1731583462938066	0.03367399967612622
0.4634908529507527	-0.17331495600438312	0.03309049250876006
0.4637931575594259	-0.17354674935412667	0.03235805324495811
0.4642640346814561	-0.17381399456564978	0.03143615254452098
0.46452104239453595	-0.17394927286933132	0.031163853031573707
0.4649300248984848	-0.17418933624629784	0.030540825255986392
0.4653396506025606	-0.17432781476427878	0.03012798732234051
0.46583979030686345	-0.17480013235823305	0.029351619094864112
0.4661896843188302	-0.1750538886219402	0.029105390610758564
0.46647122436660116	-0.1752364188345477	0.028908372727544818
0.46674512324301387	-0.17548307030791666	0.028685310568112576
0.46696307054046093	-0.17564749191098106	0.028578414599018553
0.4674352590212569	-0.1760485154878692	0.028331992494801117
0.4677326273138272	-0.17621979580643704	0.028185066413488946
0.468105631893292	-0.1764941648346442	0.027895123407994937
0.46844444874063995	-0.1767279979030542	0.027768266489261118
0.46875267818550403	-0.17697039621799193	0.02761072279586907
0.4689538157320623	-0.17716484775020241	0.027462177007427813
0.4692729714073622	-0.17741531640223035	0.02722322679194522
0.4695851046670255	-0.17763025198015403	0.02709265235613434
0.46997887373243324	-0.17791204738144956	0.026881627033116307
0.4701941321313993	-0.178089567222119	0.026702019546362032
0.4704672858936557	-0.1782473433832052	0.02653600561600228
0.4708972137662721	-0.17860664820821437	0.026350187111830348
0.471193656232672	-0.1788377244166714	0.026172807187278324
0.4714598526039837	-0.17898262975016288	0.02602505771864405
0.47178622718002194	-0.17909162178194243	0.025852130759578595
0.47202477657798686	-0.17913948590227202	0.025785413938553103
0.4724395612776922	-0.17943669153643815	0.025566427829630534
0.4725808056907172	-0.17950878172080714	0.025488607116729567
0.4727436353601017	-0.17959839663913707	0.025318831037238476
0.4731301367067405	-0.17985129983411519	0.025098636352186343
0.4734834858637746	-0.17993918788399843	0.025011361196761617
0.473775659796038	-0.18003361568970178	0.024932974723740897
0.47409442138824576	-0.1802910594648901	0.02468047021355335
0.4741893700770636	-0.18035527913981886	0.02460225657793419
0.47438381717684325	-0.18047009849347717	0.024440979783244166
0.47468729323038483	-0.18054630406439104	0.024334984628276657
0.47539360916407	-0.18079080439813833	0.02421166080543602
0.47575797493985406	-0.18094026227393856	0.02423351840223037
0.4761114851143736	-0.18105802941497318	0.02426986712542989
0.476320841733241	-0.18112194953088112	0.024290803797938354
0.47699391315677586	-0.1811595802331376	0.024297416515252357
0.47722526321177483	-0.1811921634826661	0.02430779618850687
0.4776962081673115	-0.18137062246166613	0.024356243550406553
0.477866387822579	-0.18144569071480315	0.024348429437308916
0.4783051249593223	-0.18158775961803836	0.024381771229542604
0.47880463070817325	-0.18155471113490768	0.024487522389776195
0.47919783204488475	-0.18156391137206046	0.02451482775608138
0.4795563605687607	-0.18164862252073466	0.02453317819839379
0.4798961613251504	-0.18178429108435662	0.024537285221451155
0.4802171618756272	-0.18190343066011855	0.024567350067073335
0.48061743355061426	-0.18191906246445105	0.02462908883953091
0.4811828623286178	-0.181933507509684	0.024686282484374655
0.48156252682048534	-0.18197399738390607	0.024721099893991794
0.48179775401439107	-0.18202465285954023	0.024698731451365807
0.4821244657631908	-0.1821831664140483	0.024653618667927757
0.48246011410741035	-0.18220811482846455	0.024684095392042527
0.4826032785559072	-0.18212645950684292	0.02454366494011978
0.48268689624694555	-0.1820379036770174	0.02443647740707583
0.4827729974995602	-0.18196938652563638	0.024307627258306264
0.48300781160047723	-0.18236833981584938	0.02397832593304794
0.4830668949763772	-0.18281570772015354	0.02378942851374438
0.48319975120892156	-0.1831916163629027	0.023740167840991644
0.4834691042058043	-0.18364947022520967	0.023792070266627274
0.4836332478815117	-0.18392941836713328	0.02382732186788039
0.48411582319864715	-0.18485821189032703	0.02387938169665721
0.48425403073754886	-0.18514917646443924	0.023883241475411376
0.48449304784022124	-0.185671480168769	0.023884575525022433
0.4848846466274719	-0.18634778606370983	0.023970244102515303
0.4852062139507934	-0.18681019528765602	0.024089827763116356
0.48550450129268197	-0.18712028686238003	0.024444636079077653
0.48563600970027615	-0.1873176789721832	0.02482523247444779
0.48579990127900047	-0.18722505709015802	0.02546487548387566
0.4858125081032208	-0.18732928659196857	0.027492636382396463
0.48575888154937663	-0.1873759874987757	0.02821993978455306
0.48598945663587945	-0.18754591653115704	0.03057604889746729
0.4861205488420669	-0.18761985574092999	0.03253860278798654
0.4862597644790318	-0.18775675068127967	0.034635353619774434
0.4863482533947215	-0.18785929068238372	0.0361060348498487
0.48642877615273267	-0.18793979826576163	0.03827404947402541
0.48657452054143646	-0.18806907792857236	0.04211653548026939
0.4867285501790556	-0.18822354987271822	0.045825824070871046
0.48676992152699816	-0.18828970297564562	0.04750040641293257
0.4868419662905384	-0.18834198449018813	0.05102057632200768
0.4869633438546264	-0.18847374506971937	0.05542103637965051
0.48706484312046416	-0.1885954322950968	0.060074523008891156
0.48713413053420174	-0.18867764674381898	0.06382139161894235
0.48719279158518325	-0.18874766633766465	0.06768939490601017
0.48720515359690136	-0.18879081927672925	0.06995165481806292
0.4873417874649145	-0.1889271746562864	0.07708534792017441
0.4873515543996615	-0.18897373602735146	0.07984945725426351
0.48742285522709766	-0.18903113390976606	0.08499581916517412
0.48746385478461757	-0.1890646276648293	0.08912132975815967
0.48751182171744295	-0.18917304085904668	0.09348603143362094
0.4875408086138741	-0.18923760632084852	0.09876257399291383
0.4875746500291521	-0.1892549338075421	0.10366532379706472
0.48763003740398847	-0.18934555303665485	0.10776406523333898
0.4876769943878832	-0.18940417375314605	0.1119086253133793
0.4876903500668122	-0.189411727839017	0.11471948862653697
0.4877499530269092	-0.18951620055735385	0.12272414891452327
0.4877943181973429	-0.18954997923226957	0.1259969486752962
0.4878212606744261	-0.18953726377320623	0.1316001105363191
0.48786383890503743	-0.1895864335005279	0.1358612375912484
0.487884664078808	-0.18964993401193747	0.13970744622361947
0.48792650835196727	-0.1896853713615313	0.14370918010955303
0.4880111012326601	-0.1897389281450581	0.14977327563664738
0.4880340622993298	-0.1897701292251559	0.15362889444566047
0.4880917057042342	-0.18978288036604352	0.15759849481429017
0.488117406600167	-0.18985394787392346	0.15978642558255135
0.4881372488110062	-0.18987000648955282	0.1634389868032773
0.48826230928378694	-0.18996536374281137	0.1704739646979367
0.4883606171754012	-0.18995752614693495	0.1740619854330395
0.4883695444391691	-0.19001285587376532	0.17623060316186057
0.4884573782391352	-0.19007235087733299	0.18082628185113658
0.4885023204535177	-0.19014364378494675	0.18380644960562648
0.4885925259612965	-0.19015696895630801	0.1872996365391178
0.48868810534413176	-0.19026702253823546	0.19007836448287607
0.4887167675132435	-0.1902640858807329	0.19275208920647408
0.48884731588473856	-0.19032282781153792	0.19614555252172208
0.48897220756174087	-0.19039417110317863	0.19818865824335144
0.4891776108258486	-0.19047440670871935	0.2012102601734173
0.4893331112530802	-0.1906618425380751	0.20292157133697303
0.48944054041444995	-0.19084952426642193	0.20441923247450136
0.4894718315458886	-0.1910027964895119	0.20564879287844073
0.489564900388621	-0.19112159658236794	0.2067955656791529
0.48965204469322093	-0.19110141339944686	0.20758734447595986
