0.344196141264428	0.14835099866293983	0.212604235081869
0.344196141264428	0.14835099866293983	0.212604235081869
0.34411302186111875	0.14835269172999666	0.21262084590514196
0.34396235331869524	0.14825436571690662	0.21266999362584715
0.3436270281631611	0.1479392509027116	0.21279784323903939
0.3434081474502323	0.1477104415941331	0.21288507462760767
0.3430434267798616	0.147323781144242	0.21303340941702523
0.3427270748076721	0.14706616538812312	0.21314304200502993
0.3424777978917822	0.1470054695775716	0.21319295717955974
0.342123057846531	0.14688666133195122	0.21327415154007429
0.3418163296733374	0.14674852043872333	0.21335670462798573
0.34141961324611353	0.1464473558576182	0.2134974977684508
0.34111400635525124	0.14617568542544207	0.21361264838997202
0.340763439973852	0.14589916205962972	0.2137335424556095
0.34033218721295655	0.14573175427483714	0.21383844173561906
0.3400920857568997	0.14562860184536197	0.2138990294529527
0.3397761067632917	0.14536186525726683	0.21401199939926144
0.3395472960029517	0.1451268187958534	0.21410521101360144
0.3390581400739245	0.1446210573697959	0.21430378929640803
0.33876485880391866	0.14431848336550696	0.2144231227570867
0.33862177002109006	0.14418705431306622	0.21447735315952837
0.33831840580001366	0.14410547904806195	0.21454400735517587
0.3380845897408511	0.14399531662788978	0.21460617947495864
0.3378497196658946	0.14376033846401515	0.21470021007627854
0.33783892109360303	0.14374831781358613	0.21470475439666192
0.3378390788460145	0.1437478961444865	0.2147048229009134
0.337840183770198	0.14374661631951074	0.2147044519048701
0.33784141573563886	0.14374735542151418	0.21470497153010165
0.33784294490488487	0.1437474401736627	0.21470423529921032
0.3378441495115718	0.14374806937320841	0.21470349583902335
0.33784640051395914	0.143747717023825	0.21470323175146225
0.3378481037663392	0.14374774642887997	0.2147033995845123
0.33785017581647436	0.14374818902176145	0.2147022703268712
0.3378196734257454	0.14374657864279006	0.21467963211576735
0.3376768859354901	0.14381199134269296	0.21445866039262526
0.33771521040709407	0.14423692889468387	0.2139223146690033
0.33787639618906995	0.14442563294332528	0.21355019745118978
0.33829306646261165	0.14452431257076065	0.21303366048187647
0.3385333167170703	0.14459407713739736	0.2128087963866263
0.3388564672677275	0.14471407125680552	0.21237153103362297
0.3392021894111465	0.1448503748648553	0.21168163523274358
0.3397105418791183	0.14503366878200596	0.21108114946342574
0.3402141919963679	0.14524527900062634	0.21044096275441332
0.34094262993228713	0.14547393809180895	0.2094134246568989
0.34130116620137607	0.1455803184193001	0.20899663571920069
0.34182910266694083	0.14578356870527331	0.20824432346462513
0.3428800774675609	0.14592130594509267	0.20705378899528876
0.34332467020327845	0.1459857609872886	0.2065425743941084
0.344190523897034	0.1460673136908902	0.20556767597667908
0.34564241704739007	0.14628103050311397	0.2038868577779425
0.3462082817035451	0.14641316971016555	0.20329004502817527
0.347170743776391	0.14641826126060792	0.2021289902494227
0.34876052672362773	0.14649819224528504	0.20050565336994408
0.3500917201035906	0.14650307893614467	0.199127361956208
0.3512569473520056	0.14652620229778246	0.19787195888231973
0.35326023662039885	0.1461194180679598	0.1958100875145713
0.354378478450439	0.14580194599114776	0.19476992053083497
0.3560498435924256	0.14508765241641725	0.19319525943133017
0.3587609208407323	0.14358387540867357	0.1907285182893519
0.3608171940698649	0.14236460100598214	0.18897772138632474
0.36288628020015934	0.14096472225967338	0.1871392314328736
0.36594932787170686	0.13888500440718698	0.18453873109725133
0.3683238562148924	0.1370917052940453	0.18253205308978843
0.3709204128299448	0.1350535631050111	0.18027531714649642
0.37243882912765386	0.13379619118831287	0.17903644107763264
0.37556568450735095	0.13118243437511679	0.1763830873401603
0.3789439513331638	0.12825210629228412	0.1736049392787375
0.3815380344596207	0.12590610237247313	0.17141222564582517
0.38430670095706393	0.12343569529751995	0.1692235720666641
0.3886319887499289	0.11942910977562547	0.1656212826317321
0.3914728104836765	0.11680504989096145	0.16308131037666507
0.39462188170202495	0.11413600467325426	0.160286206948825
0.39638543565143464	0.1126755054949631	0.1586725646070044
0.39987257979990104	0.1097159104739195	0.1554135057285571
0.4022403637248777	0.10782474807790877	0.15310545190731012
0.4058441740780643	0.1049331784933366	0.1495148847326594
0.41020742640526264	0.10147575274817904	0.1451053998776608
0.4120948488076983	0.10003641593787936	0.14314674252045678
0.41606094246212305	0.09695586249200049	0.13892624793097125
0.41805746520606285	0.0954086397470925	0.1367992312319824
0.4228242393636772	0.0916377469673597	0.1315094081907503
0.4248238758457127	0.0900647211313599	0.12936805340876534
0.42757324088275095	0.08792932637533858	0.1263875566987916
0.4315727236688049	0.08478001828523686	0.12209187923056158
0.43312207554742904	0.08345998274253912	0.12028801676677786
0.4371990827742987	0.07997661433482038	0.11557155666982916
0.44005757113800426	0.07749328352491579	0.11228205594179974
0.44381972626793115	0.07400686175312572	0.10793877438455701
0.4467893366551337	0.07122067863335414	0.10458687891065205
0.44838222443193376	0.0695937597194564	0.102737776758555
0.45235285210669	0.06562082965537729	0.09828651568258256
0.45393309681641997	0.063880090703977	0.09651026916323358
0.4575823079025636	0.059826427858390666	0.0925476206304176
0.4613238521590837	0.055477567174278	0.08859997054763968
0.46301991368566364	0.05325776143156351	0.08670316313316057
0.46533652543076015	0.050333051322994996	0.08432603787395654
0.46787101985816804	0.04701883876772213	0.08168381205955333
0.4703247747212298	0.04377690043630318	0.07907279334293393
0.47290351528993146	0.04027583750425788	0.07614711445969674
0.4763155131720148	0.03581296344017	0.07225531431108817
0.47819820114252337	0.033271547422923695	0.06998915779542236
0.4793890207355049	0.031629292744738594	0.06845354165738382
0.48115423582127187	0.02935160706783617	0.06625906798398512
0.48298114531142733	0.026845289901542488	0.06384245747542217
0.4850536886293982	0.023999334262944108	0.06074637615294015
0.48718656160950763	0.021139194693945942	0.057621584653358815
0.4885703206937161	0.019439102781043896	0.05576433639928474
0.4893335064295685	0.018471400296558874	0.05465912679936974
0.49076476675842207	0.01666123136749613	0.052275378184525656
0.49136757794244457	0.015780808906268803	0.05101426217703242
0.4921546822831345	0.014444255264018616	0.048608471332344916
0.492459094003742	0.01368794570103489	0.04674434099566366
0.49259945141225014	0.013128525297119761	0.04507229631419829
0.4926642429495606	0.012719302599838653	0.043003929626274306
0.49286642256783736	0.012482663416622172	0.041060298782506555
0.49305307301401136	0.012319795176918766	0.039861991869321434
0.49318386431680616	0.012133486973184157	0.03852614138048549
0.49321297846887596	0.011961957806973636	0.03783644969182648
0.49326184628037245	0.011694814683656143	0.03587497921087296
0.49337197970925495	0.01155500493005214	0.03463154488663284
0.49349924008313456	0.011455146572494065	0.03387754809512583
0.49369993120672995	0.011074193835618293	0.03164572668487731
0.49373121580868096	0.01081693352351322	0.030484130741819715
0.4937524080050836	0.010701807871298527	0.029840568312660798
0.49393269641088444	0.010561485386864647	0.028860332399065547
0.49402736035215455	0.010307318523221073	0.027871582070570777
0.4941678445427534	0.01015621825580286	0.026863535750861478
0.49422816582307916	0.00981940743381017	0.025393854945042593
0.4943802049119624	0.009651086475756673	0.02419730243259821
0.49445417953877335	0.009546105778545907	0.023015117451649247
0.4945273209915253	0.009357579144868997	0.022125819442463335
0.49454598868106026	0.009199261997752159	0.02119316694012252
0.4947178400350413	0.009030995186755583	0.020504620682266606
0.49482566160174246	0.008833698944962429	0.019763467117051958
0.49495013857794073	0.008754112496188307	0.018991369566573768
0.4950027111043125	0.008350409706310555	0.01796605934331963
0.49518388894051135	0.008259894528794873	0.0171478885620287
0.49526322418267854	0.008204147490532568	0.01651345102521551
0.49523827108168206	0.008078866294900386	0.015872253716942564
0.4952254987358398	0.007955439371198733	0.015476406568602052
0.4953339924935084	0.007864989565515082	0.014853807081162351
0.49552184023722484	0.007751892255539031	0.014302460224687508
0.49566640943469786	0.007381562310401865	0.013434797144189659
0.4957049808370198	0.007319409286651188	0.01293354031300914
0.4957482529916103	0.007257573688744509	0.012237991868794984
0.49581987897423835	0.007168731791368246	0.011808331792223459
0.49593673351259554	0.0069918254706719946	0.011431656254213718
0.4959684835253358	0.006856624525058683	0.011023472213018748
0.49607095553645486	0.00671247303599716	0.010427877266950658
0.49611117868532617	0.00668568629357684	0.010228716189412845
0.4962601707029689	0.006561213160472271	0.009645714134796424
0.49627406791044637	0.006426447876397193	0.009367636828589876
0.4963141086348814	0.006206848426777226	0.008933665377639288
0.496435125941188	0.006209526630097814	0.008649425392204924
0.49648641082868195	0.0061564040641601675	0.008288116346445551
0.4964993420138855	0.006084964302271831	0.008051039882622513
0.4965140527566037	0.005754166849814044	0.00792113805767386
0.496625858202852	0.0054786129975770564	0.007875265489752536
0.49668532527326703	0.005268108128197377	0.007858090979684818
0.4967783090603972	0.005038307787036775	0.007881589701079328
0.49681909399997604	0.004788558069322921	0.007864031354188616
0.4967820437513679	0.004455657758471301	0.00781743872400259
0.4967810980770377	0.004264969417038952	0.007811917065900176
0.49686396264611676	0.004137317583050595	0.007848665707500424
0.4969265760260833	0.003966393021009526	0.007846422481257886
0.49692896063204506	0.004117928067517165	0.007772231083848724
0.49679073256213435	0.004454046017858718	0.007523609938347775
0.49674564139882527	0.004687043683961903	0.007386974983599193
0.49674632512133543	0.004939503944006232	0.007276921876198383
0.49682033201576126	0.005171892171562623	0.007111251203272717
0.49686469162630004	0.005247364692408316	0.007048221149349554
0.49691182038988047	0.005439147904541211	0.00690504935957148
0.4968687193682769	0.005566154935812875	0.006827012000998445
0.49685620732816044	0.005912149381720147	0.006682483098036318
0.4969301451761172	0.006032647373145919	0.006609823658932368
0.49699715843664233	0.006145013885894876	0.006526642753415968
0.49707647151383727	0.006268153599274309	0.006444867336505011
0.4971518951616107	0.006400622884264087	0.006344653521911325
0.49719013574952364	0.006461880882376134	0.006302366123950853
0.4971771997785696	0.0066582348710940015	0.006236938806720049
0.497241573755966	0.006891592601325033	0.006318017962786027
0.4973495389372697	0.006989330070355834	0.0063942057025755394
0.4974946198102358	0.0071549259894778255	0.00635060561841666
0.4974799380652614	0.007151842110349263	0.006333412032968444
0.4974786640711817	0.007150277335940661	0.006332107690543876
0.4975306227240699	0.007170976195904524	0.006363162038466097
0.49776679148848985	0.007269769942879048	0.006509839366843184
0.4980065602010206	0.007404206851775133	0.006667564544383775
0.49789490467307596	0.0075487431839579705	0.006648123760446767
0.4978213644635811	0.007627120237044607	0.006630649014804257
0.49781122134780925	0.007632887781747963	0.006628517899026631
0.4978088866946206	0.007633777601026168	0.006626302332330858
0.49789792480462336	0.007669167235228494	0.006682242852695974
0.4979501080248752	0.007698974152032176	0.006697359075091558
0.49800107363202467	0.007722017719360388	0.0067240730062796406
0.4980154295629088	0.00772565374521976	0.006731303685705847
0.49801744630938494	0.007725588823118509	0.0067319607708387075
0.49802127929875517	0.007727252901015738	0.0067327756140614925
0.49802138801987755	0.007725886750376956	0.00673349407017676
0.49802297517743294	0.007726821280767279	0.006734090388886171
0.49802505870645675	0.007724429617147463	0.006735750167268129
0.49802581305976834	0.007724103918525946	0.00673630383683721
0.49802536811126763	0.007724174569586753	0.006735926753069721
0.4980256821691827	0.007723836527592828	0.006736002110651063
0.498026833910149	0.007723969716920062	0.00673673494065391
0.4980274212198859	0.007724410237515314	0.006736894012714045
0.4980275647894648	0.007723360260216569	0.006737675003528842
0.4980287385203281	0.007723760440450547	0.006738203989634373
0.49802931551513124	0.00772144473818108	0.006739381324008031
0.4980300398422965	0.007722883880146067	0.00673965500642304
0.49803080031622576	0.00772222673061633	0.006740190495426346
0.4980321037940037	0.007723915226050912	0.006740825429865427
0.4980315017641074	0.007723915792808997	0.00674022782966488
0.49803229632743085	0.0077220705365346615	0.0067414393778164605
0.4980320413408039	0.007721922053647176	0.006741141552089547
0.49803288243672433	0.007723223412915078	0.0067415876693170396
0.4980328370799962	0.007723718950293709	0.006741119040066301
0.498032622925358	0.0077218702020735025	0.006741941814375985
0.49803284906055273	0.007722269271304968	0.006741731350445868
0.4980329875516655	0.007722682733159833	0.006741616457388078
0.498033047777859	0.007722620907292074	0.006742034972199995
0.49803383629547515	0.007722644886603167	0.006742446465066054
0.49803361579260264	0.007722921761316462	0.006742071530576765
0.49803262569817736	0.007723156052618987	0.006740808751815208
0.4980334443622952	0.007721738444778095	0.006742052764693973
0.4980330522386104	0.007723117738508242	0.006741342092194846
0.49803371590435047	0.007721662679608235	0.006742524402856609
0.4980329427904182	0.007722582596102409	0.006741751051927314
0.4980334982086756	0.0077232490273305004	0.0067420381115163575
0.49803406669922123	0.0077230372680629905	0.006742510791216405
0.4980333996020784	0.007721638306675729	0.006742187360629759
0.4980329888592224	0.007722536368960961	0.0067418699875216315
0.49803300882115253	0.0077216445690628105	0.006742222389390595
0.4980332098544722	0.0077227801791988765	0.006741836577411675
0.4979857504716981	0.007720210117506801	0.00682237724762963
0.4980161752611979	0.007642006619938843	0.007163678520331673
0.4981872616000842	0.007193570338191332	0.008472990289289661
0.49812787849325624	0.006945882166587522	0.010430547820661606
0.49809519565534716	0.006835805375807066	0.013338538855335258
0.4981552549436112	0.006678354045819332	0.01614510289757387
0.4982588806250319	0.006555032099979249	0.01920229532293266
0.4982237240766465	0.006371516993272999	0.02204365230251476
0.49821742766545013	0.006174465853429581	0.025748742707531302
0.49818303437889266	0.005875267609744869	0.03173568040604785
0.49825776361669905	0.00578613646292285	0.03566893391148168
0.4981600629822802	0.005592751977879992	0.03836788551561676
0.49814566162721674	0.005398670651179202	0.0434295528374129
0.498098941654058	0.005137836413483907	0.04984582336435078
0.49802679710235914	0.004909291232687671	0.055384669579318646
0.4980168832352952	0.004713072272500188	0.06077504258871069
0.4978945287116981	0.004379869896030689	0.0686998722449485
0.49788666642288415	0.0042911732446796885	0.07188120710762819
0.49782186590611566	0.004029528644634503	0.07815207927136175
0.49771852632301716	0.003718257470617145	0.08632307249531607
0.4976828549777496	0.0035180846481117217	0.09228196980517878
0.4975885058767793	0.003288510624610011	0.09827726889250948
0.4975229203365729	0.0031000040053754813	0.10403401964680126
0.4973422987520481	0.002775419776470431	0.11267620174039683
0.4973165135274007	0.0026138581822804513	0.11613945249174057
0.49734075325873384	0.0020683078909908142	0.12440825670646583
0.49724878193959315	0.0018119654802649238	0.12806427172267504
0.497207244884787	0.0013882506388485233	0.13937890979289375
0.4971420885298882	0.001245533487164066	0.14534909735067214
0.497025408188753	0.0011920796173600506	0.15090051244019875
0.49698375198980427	0.001207439305283678	0.15444184077027834
0.4969176860021402	0.0012091657606420753	0.1592827096223432
0.4968800900129434	0.0012871960321165915	0.16683949135144893
0.4967244795832251	0.0013107805768120678	0.17328497030477488
0.49666749149153994	0.0013312674813755893	0.17767326476836576
0.49668790810955277	0.0013503971279307109	0.18080807495285037
0.4965970996384744	0.0013373598274698945	0.18623261198075491
0.4965812708631113	0.001270450614512711	0.19088882713809308
0.49662408989243106	0.001185319758328987	0.19392774050978065
0.4966280813640772	0.0009863898968972135	0.198473455853299
0.4966097461574411	0.0007339027882660581	0.20152593045881467
0.496521806964654	0.0004894957979556108	0.2042858432589846
0.49595403704711316	0.0007562191703949367	0.20793263029396078
0.4953201215474746	0.0010586470888546001	0.21046095671655524
0.4948251419803813	0.0012006281595680207	0.21172078521622428
0.49406225776032786	0.0015746312371543308	0.2137822745503887
0.492845632400314	0.002179940830805596	0.21669559473110578
0.49177342802569823	0.0028906349925479774	0.21875298256057568
0.4906215198949137	0.0037922501235374134	0.22088844416332482
0.4892630400824139	0.005194400102667238	0.22350175881691958
0.4883861404544215	0.006292601700905551	0.22507553904409014
0.48755826152435094	0.0074439234998550236	0.22656271697170322
0.48699872560741386	0.008359654704790817	0.22764923311812071
0.4858120007152353	0.011722422490416759	0.23029166853237223
0.4855248182405229	0.013116765377692172	0.23107660166833877
0.4851931817989563	0.015536184822408025	0.23212724266580625
0.4848418931198028	0.018472467073703994	0.23314749001703022
0.4846602174849831	0.020929210767678688	0.23373208920388064
0.4845420349848773	0.02391676141776221	0.23415490165579703
0.48454902558726043	0.027536384026467284	0.23432636948210392
0.4845854014413117	0.029472571424649693	0.2342782741028235
0.4845957808400236	0.034097666392827145	0.2338593591589703
0.48471260487446144	0.037915663116641005	0.23318516758529684
0.48462981903569524	0.04254031679579999	0.23211462341645284
0.4844049398790039	0.04608717706989211	0.23107619316878664
0.4841387768500758	0.0498630903694859	0.22991710422896686
0.48362302457517803	0.05348281661558292	0.22853205918381267
0.482662554700643	0.05855623393324756	0.22642220690422848
0.4818875963153828	0.06204181075397029	0.22480079720003357
0.4812735413697404	0.06415205114117879	0.2237315122216734
0.4799032497825618	0.0688354570671073	0.22138912365405428
0.4781445452091624	0.073826368291819	0.21869242548159676
0.47708235335699406	0.07636557534516057	0.21724995385195592
0.4760695323589297	0.07876965343668348	0.21586609821162112
0.473956715178555	0.08312079712832744	0.21317230683178773
0.47234026577662197	0.08589917256359379	0.21130753786209144
0.46970393464742893	0.0899816110287696	0.2085313384442221
0.4681858424639194	0.09240547572204176	0.2069206098959973
0.4662238531462511	0.09491895657476439	0.20503681152322506
0.46490518675235876	0.09648290365198457	0.20379752801494827
0.46105886187957656	0.10031889743260362	0.20048457117854718
0.45961385321439346	0.10173039148255829	0.19937976811837732
0.4574466795884425	0.10383937546189555	0.1976725836897737
0.45388897700859276	0.10637899864243235	0.19505043251143422
0.4514534602424517	0.10776789397239082	0.1933600300336981
0.4488181477048	0.10918788024042685	0.1916565523515487
0.4457403848707604	0.11055663998650826	0.18969354280747958
0.4438497079397748	0.1114222930884232	0.18858492350285724
0.4407406345923721	0.11252821519597518	0.18684408603323682
0.4380703642972605	0.11331860930761785	0.18559287282502376
0.4344831363077013	0.11425084957145319	0.18403506607391676
0.433042897283488	0.11451721574814257	0.18356277784538144
0.4311535692469112	0.11486189839782872	0.18288747250074738
0.42897839278499594	0.11503387146397971	0.18243411272900364
0.426357687315302	0.11518491569212595	0.18200670072164976
0.4240995809446991	0.11512725002299505	0.18213442310700803
0.42312259987347306	0.11493759786521886	0.18253937008875215
0.4216937069699799	0.11463864678377385	0.18320513577565437
0.4200743325031698	0.11410682245170546	0.18410760786585137
0.41918102681631353	0.11367614474174446	0.18458010933384608
0.4186757936888393	0.11337671342256582	0.18475996727061125
0.417717657898572	0.11245990049473438	0.18582689082039536
0.4167491489152464	0.111548608077248	0.1867624490423955
0.41615610082112164	0.11096971170486679	0.1873246230143659
0.41556331180761885	0.11047377910269239	0.1878141654914594
0.41492011814690527	0.10985795190200869	0.18841074058519203
0.41451937920153903	0.10952527549285822	0.1888541208185813
0.41366600072554827	0.10876269465678447	0.18950874398619133
0.4131687248312264	0.10830179735218508	0.19004111631849566
0.41205206185468535	0.10730261386799549	0.19104149872289772
0.4116398750951341	0.10688556671335582	0.1914120031867144
0.4110381025339389	0.1063619361062202	0.191957937966904
0.4102105495362659	0.10561061635759993	0.19270908667568626
0.409678607363147	0.10513138095799344	0.19319203992160375
0.4091262887698442	0.10462821329545803	0.193750498657862
0.4083317756235922	0.10390123373648057	0.1944962203979957
0.40777099845944875	0.10343219134900551	0.19495770815362734
0.40725360449876424	0.1029005953078427	0.19541638439285375
0.4069240840497542	0.10261742481980655	0.1957659923145982
0.40637832329068435	0.10213852981316453	0.19627256087709555
0.4054548790919824	0.10127975941557556	0.19713749019888646
0.4050050658592337	0.1008463130937547	0.19754581399923413
0.4042852370949393	0.1001973840584252	0.19822661586029422
0.4038228450622139	0.09978575417674691	0.19868433320181192
0.40332464983402416	0.09933558144172903	0.1990799835238659
0.4029916001757356	0.09902272888288481	0.19945694493489355
0.40226280242119006	0.09834676828262513	0.20015384380297796
0.40177044647674026	0.09791159357937311	0.20054853278901474
0.4011164085028785	0.09730921023401139	0.2011953472168645
0.40058140206485215	0.09683349149540744	0.20161297929129038
0.40032222309414034	0.09661205828781495	0.20196970616415197
0.3994361919718852	0.0957777295082136	0.20277332853878544
0.3989450246442988	0.095302177319974	0.20323840187944558
0.39852041415890044	0.09494448739556856	0.20357951980412542
0.3979041761629821	0.09445781623627826	0.20406110094011407
0.39757144749076195	0.09421046788345207	0.20424066848853073
0.39722661610012466	0.09389973723877533	0.20460218314762108
0.3965546617840701	0.09331035009245624	0.20516276738835137
0.39593352937385	0.09276821900055544	0.2056890748483373
0.3955402746927367	0.09248099379139287	0.2059549623013351
0.39489218150919303	0.09200420416845083	0.20639943449602122
0.3944948121943597	0.09165649828839277	0.2067236988696153
0.39398722230451544	0.09121531874918541	0.2072203775477409
0.3936853777525348	0.09090798593613737	0.20749458962630254
0.39301826284779495	0.09043135641318543	0.20785354272992532
0.3923680960578131	0.08993303701661694	0.20814385909914446
0.39189456868170996	0.08958765703866757	0.20837113205018226
0.3914734758439849	0.08926444014537914	0.20879251241015967
0.3910043986652173	0.08891977913058134	0.20897238933693696
0.3905863650496505	0.08860172679861573	0.20909388052508981
0.3899265379588932	0.08812686702632465	0.20944339288518804
0.38966264500265424	0.08788665674901024	0.20951155499383076
0.3889321884033705	0.08701855919060426	0.21007434920855556
0.3884590819415518	0.0864165614695226	0.21038250315448584
0.3879208439138929	0.08562046179513065	0.21092077002996973
0.38741416020400143	0.08484333255127634	0.2114092704183018
0.38658237415774854	0.08338964709130835	0.21235345622328133
0.38623384842565256	0.08274302309750099	0.2128141010483798
0.3856289679227611	0.08168262544229409	0.21341056699774602
0.3847157872579374	0.07988387717067648	0.2143940115658402
0.38380202032292077	0.07802497696317336	0.2153630979995374
0.3834135719959832	0.07723722968810547	0.21577162741838724
0.38246684225748817	0.07518915235092118	0.21685088795661356
0.38204781318080694	0.07427442892436066	0.21729351199039645
0.3809819191289828	0.07188987603828594	0.2185165889630729
0.380002161015234	0.06966281318216182	0.21960888216708446
0.3792830597814062	0.0679655229750439	0.2204840387740422
0.3784911013165735	0.06614002577811952	0.22130119726579178
0.3777331023224621	0.06445665334884608	0.22211140965519935
0.37679756973940726	0.06237346669004952	0.22310978493930692
0.37563564026650714	0.05961786308325022	0.22437660648175253
0.3748825566258348	0.05784018232544734	0.22521208550101626
0.37434594736906684	0.0566014471777201	0.22577361811516303
0.37316903909403226	0.053728451987156325	0.2270695731298406
0.3724124909987432	0.05168955121604622	0.22797827147928962
0.3715862381165753	0.049331000644488684	0.22907451875126048
0.3706951262610391	0.04692921461732795	0.2301355697562103
0.3696747160629855	0.04410180573613144	0.23138546395565576
0.3685549824978599	0.041022183966508405	0.2327580006980578
0.3680542335226836	0.03962542450890265	0.233350119781788
0.3668121175959421	0.03639592792543038	0.23483428379962829
0.365960547428081	0.03414848227956842	0.23581421319576232
0.36512040780495714	0.0319452811613128	0.23669686219449665
0.36426998867911814	0.029846903475459804	0.23759437774231698
0.3633518102435611	0.02756171623230698	0.238568990119945
0.3626231934717714	0.025757222195055177	0.23930817147567673
0.3616540317191876	0.02336401394220604	0.2402644088015607
0.36110438946276874	0.022168267096968716	0.24084337112367932
0.3599817964240624	0.01953906450336544	0.24183072235094222
0.3595072440447685	0.018481449976073525	0.2423304263935245
0.35814982798406436	0.015398300503782505	0.24348635322017811
0.35747211241152826	0.013963488521654563	0.2441251021878152
0.3570579245738204	0.013114140924357351	0.2443842170043193
0.3562098706076398	0.011300279153005952	0.24510378408334715
0.35516109115508904	0.008839610049665367	0.24608187262971234
0.35456987538960694	0.007338209135539883	0.24666541732268335
0.35403395168690055	0.005959809596545143	0.24723912295983713
0.3534812177352447	0.004581529389638225	0.24772709580336416
0.3531646973883151	0.0037623466814089984	0.24808635241229576
0.3522495676799169	0.0018347985951206597	0.24874872014096147
0.3517243515193788	0.0008367990494820149	0.24915326062490534
0.3513472037760055	3.483506385140722e-06	0.249339897461604
0.35094679866661915	-0.0009148065682672152	0.24973362651580513
0.350591448958083	-0.001803849687748979	0.25014568543064897
0.35033044570834826	-0.0023353730160412672	0.2501942616903654
0.3499168986317369	-0.00304657235779153	0.25041449002007865
0.3498117520976396	-0.003253269880828455	0.2505071377513263
0.3496098230455561	-0.0035978071696175645	0.25063736613195725
0.3495458262658025	-0.003694120593450076	0.25058816349815705
0.34954304015776394	-0.003695630266028052	0.2505835903636984
0.34954433271263985	-0.0036917871462768675	0.2505787010705408
0.34954563005831	-0.003687496109646013	0.25057325726432167
0.34954606966630597	-0.0036848879744391244	0.25056927655796013
0.3495520586496077	-0.0036754101015795543	0.25055414953911215
0.3495570236657473	-0.0036683713045214256	0.25054376922862154
0.34955952988116695	-0.003663790465185182	0.25053802968808536
0.34956236772881183	-0.003658415936936013	0.25053223929358004
0.349562039334853	-0.003658061774370433	0.2505318017425405
0.34956418922907573	-0.0036536735689387118	0.25052893210568894
0.3495659507550732	-0.003651110769778934	0.25052803145536967
0.3495661554317875	-0.003648340179407586	0.25052782786584216
0.3495668702012999	-0.003647104566789558	0.25052730737555295
0.34956736163432284	-0.003645722780555513	0.2505270558046138
0.3495682292603869	-0.0036440553167802897	0.25052660915956737
0.34956948950337396	-0.0036418604340288513	0.2505258797013493
0.34956934923835703	-0.0036418983528274523	0.25052685537218156
0.3495690059499298	-0.0036411580279846617	0.25052618899453466
0.34956966836862713	-0.00364041184266313	0.25052686053184636
0.3495703630709378	-0.0036391536168457056	0.25052630810951637
0.349570872961688	-0.0036391135650672285	0.2505265022996894
0.3495712912566912	-0.0036376087444637134	0.25052581353198594
0.3495714917683931	-0.003637651062603428	0.2505259997238335
0.34957187004465845	-0.003637260862807065	0.250527266373624
0.3495718695565198	-0.0036370699642634258	0.25052632341245307
0.34957170931653225	-0.003637480604259405	0.25052646401685486
0.3495726713099975	-0.0036364839425596512	0.25052643700758137
0.34957259168658583	-0.0036363438279922305	0.25052629670396054
0.34957280985283384	-0.003636433465596847	0.25052597660073317
0.3495729694107115	-0.0036365081555997797	0.25052633375472855
0.3495730603830793	-0.0036361481132884538	0.25052707529791135
0.34957337305096486	-0.0036361721660099905	0.2505268498271009
0.34957274422812773	-0.0036362013322128323	0.2505270375474016
0.3495735831653269	-0.003635648498086383	0.2505266764083716
0.3495738775342692	-0.0036371374853527566	0.25052806849480047
0.34957334000605783	-0.0036359229909995044	0.2505268908092363
0.349455980200988	-0.003662850277319815	0.2505197968622146
0.34946422515643266	-0.0036621550468773495	0.25051954836966794
0.3495233644666752	-0.0036519578315707263	0.25052606176258374
0.3495365901550101	-0.0036504791356170435	0.25052779495065036
0.3495603949410499	-0.003646169596610696	0.2505304060348258
0.34956495872020565	-0.0036452503754005883	0.2505306868935454
0.34956580201136966	-0.0036449064636637912	0.2505321760608126
0.34956665341637694	-0.003643967976394727	0.2505304345229529
0.34956678541893493	-0.003645275590463279	0.25053093170004626
0.3495914721014583	-0.0038347351412205827	0.2506434362166295
0.3496967110542833	-0.0041989337195322135	0.2508662277853317
0.34971969711817136	-0.004325169040653817	0.2509403160734968
0.34972084977800966	-0.004371834582680159	0.2509598209855832
0.3497324109075784	-0.004387545846908661	0.25080454028912263
0.34972901096327735	-0.0043955891925104434	0.2507297147166322
0.3497181825954653	-0.004400196198298276	0.2507243997391636
0.34970739921174276	-0.00440292466839369	0.2507235276821068
0.34969893086460707	-0.004406208161026506	0.25072441475974616
0.34969165623744325	-0.004409343235606503	0.25072813655443643
0.34968622875757893	-0.00441196847090862	0.2507305127701667
0.3496778483788673	-0.004417626232144492	0.25074285495532156
0.3496600720427511	-0.004431283193119986	0.25075090351253876
0.34964974404204313	-0.004439911877909361	0.2507496331420731
0.34964882340036313	-0.004438974934042286	0.2507487924105389
0.3496495469097248	-0.004437935927691136	0.2507488417714102
0.3496496424199252	-0.004436975126414153	0.2507481733933045
0.34964994533929955	-0.0044352019600655684	0.25074806672706873
0.3496619886667688	-0.004465162680626675	0.2507854423627351
0.3496574363068314	-0.004464281739511647	0.25078381202918976
0.34965410514525447	-0.004462269949000022	0.25078152559517086
0.34963615808067705	-0.004461734871493442	0.250775864086919
0.34963086205256383	-0.004460207419483178	0.25077285352967515
0.3496257717881391	-0.004458074412790877	0.2507700425944303
0.3496141247811832	-0.0044576447850828566	0.25076663920466624
0.3496160767717644	-0.004455458994373426	0.2507654991760848
0.34962025342557657	-0.004452454063898534	0.25076405518046896
0.3496259788933204	-0.004448542984764894	0.250761095438889
0.3496359153128421	-0.004443237456978652	0.25075906734919473
0.3496426196703252	-0.004439765942334209	0.250758480718519
0.34964681735094155	-0.004437263752892287	0.2507563315555963
0.34965105064421775	-0.004433018557139498	0.25075235336894697
0.34965298783208437	-0.004430522084989244	0.25074914916417335
0.34965639172033297	-0.004426671377788002	0.25074493140591547
0.34966909479161706	-0.0044145023591263405	0.25071708102034096
0.3496906041364635	-0.004395146728662105	0.25067479379364166
0.3496896452354915	-0.004395378646777123	0.2506783545245231
0.3496894415174806	-0.004394975342949817	0.25068006565361445
0.34968745605915075	-0.004396658712439702	0.25068446314181186
0.34968656877106713	-0.004396839415574866	0.25068888719773225
0.3496863584053581	-0.0043967541724554	0.25069153485843276
0.34968561569757023	-0.004397405042313243	0.2506944819114131
0.34968478467023534	-0.004397955441218862	0.2506966795700942
0.3496839771758206	-0.0043982080010187136	0.2506988829111543
0.3496814363379922	-0.004400853105983579	0.2507061623870152
0.3496209681597458	-0.004452286114932771	0.2508376011805148
0.3496219668473239	-0.004451381007371066	0.25083544032214294
0.34962462846985154	-0.004449123963341281	0.2508292474910426
0.34962775239908706	-0.004446478036060561	0.2508221611731687
0.3496303184515625	-0.00444424007618259	0.25081728607517356
0.3496564568186523	-0.004420544042754701	0.2507697220324304
0.34962290653135975	-0.004410794326480658	0.2509084211252889
0.34955558418172883	-0.00398958314144339	0.25105089066541514
0.34948991534653007	-0.003410772661430486	0.2511330825367879
0.3494691170294038	-0.003060787722029737	0.2511955913006263
0.34947763183629044	-0.0023269079076505134	0.2513232370428599
0.34946595923752327	-0.0008067387546043664	0.2516004827727143
0.34942677104561526	-0.00023959603039898358	0.25171883852570914
0.34930668672807397	0.0011237329491324138	0.252033765113338
0.3492723818896049	0.002106513262173079	0.25229749639214316
0.34926120887256196	0.002838523571882731	0.25243384603524915
0.34907095017656986	0.0044743879574542095	0.25284512815259974
0.34898694792694784	0.006312559728725395	0.25329718829268477
0.34885076608249355	0.007779018422530079	0.25359171148277504
0.34878689084007475	0.009223544891012805	0.25393461665787054
0.3487265685766426	0.010150376662263552	0.2541421704490039
0.3487452539100048	0.01239019031356238	0.25423810934664437
0.34874934563446686	0.01402076262186254	0.2543893541557479
0.3487397803906522	0.01655883533958309	0.254594536727874
0.34875251217856723	0.01773996108475541	0.2547044986812552
0.3487338313011797	0.020069602049539212	0.25485496579272304
0.3487856627382505	0.02143478926448454	0.25490028243233576
0.34879258141282776	0.02334940613905674	0.2549456246604124
0.34873460785777144	0.027010954875084245	0.25526310866732116
0.34878166119640486	0.029017597589053354	0.25538365651079115
0.34875256638200147	0.030237999524034956	0.2553858976601153
0.3488315444463074	0.03234790984426657	0.2554994225516729
0.3487706914190558	0.035044185648040474	0.25572146392430284
0.34877522956996615	0.03745604254331715	0.25578240453399237
0.3488284514638066	0.0397282032991363	0.2558694391941362
0.3487772724201634	0.0417337227671223	0.25601899605979606
0.3488167704404705	0.0439130389297306	0.25609851150057705
0.34879325167935454	0.0460720997263452	0.25612449963876066
0.3488200541336291	0.048448694234347264	0.2562310696750607
0.3488337555552248	0.05044896148262941	0.2562220455534695
0.34884797799892736	0.054799012743057554	0.2563470115563321
0.348854129779967	0.057185167364701736	0.25633757197072726
0.3488738113735744	0.05908660487315563	0.25637096368083423
0.34883855477204706	0.061304157218902075	0.2563928520536259
0.34888202736787094	0.06349372322084475	0.256371950142724
0.34885853257496524	0.065486364046084	0.25641839972770963
0.34890129742548925	0.0675517821715078	0.2562748702018558
0.3489146254451229	0.07082958606422947	0.2562047094074742
0.34893360673972745	0.07318571159328592	0.2561646057462884
0.34890012902796297	0.074935126960272	0.25599236304326445
0.3489171195986878	0.07732107622987573	0.25592281641076037
0.3489329033310903	0.07922847129861423	0.25571090710212907
0.34891260460728496	0.08042924930101862	0.2556722115732558
0.34893010015223486	0.08232126239364206	0.2555068148584554
0.3488917892870592	0.08510013611333032	0.25520375564458875
0.3489472375276359	0.08760871005245378	0.2548817290715833
0.34891394518094093	0.08924389196379275	0.254644415966536
0.34891375232688915	0.0902634564793073	0.2544872370906394
0.3489400723861807	0.09279111309196207	0.254072108460794
0.3488813179457392	0.0948047541860128	0.2536006052298483
0.3488734941076065	0.09560136679263352	0.2534372439324999
0.3489051449748373	0.09701889162755657	0.2530459767380049
0.34892890136503657	0.09896705986927022	0.25254033401500375
0.3489183630952268	0.09976199589740527	0.25231089176547966
0.3488762626171063	0.10207866132187886	0.25135408984792074
0.34886886293823166	0.10286646362662126	0.2510668733738367
0.3489367369177334	0.10433834636587942	0.25049025138805164
0.3489543648141342	0.10497266948411922	0.2502486024433058
0.3490638862701245	0.10643622519776304	0.24939769399963405
0.3491795898439701	0.10790883952799331	0.24845751716175768
0.3492694697520948	0.10873022757357696	0.24804506809340932
0.3493933260186245	0.11018707842545857	0.2470650826727062
0.34941523246558426	0.11078747404416837	0.24659930592980084
0.3495218356306392	0.1117853541829887	0.24592355804807048
0.34964972519886006	0.11292321424006245	0.24510181703741754
0.3497001710252053	0.11416669702562256	0.24429870003982207
0.3498123287153385	0.1161923033922745	0.2428280021333849
0.34991490086667126	0.11801929643939142	0.24144099526544519
0.3499852914139831	0.11922660796606176	0.24052782347403534
0.35009913952804705	0.12007943431873123	0.23993573281425215
0.3503579699389721	0.122080115376779	0.23828961276862662
0.35042885571715326	0.12312667038438736	0.23743480979873294
0.35048441429160504	0.12422572681201442	0.23648110065550967
0.3506254625647504	0.1250208828600986	0.235859595800659
0.3508237563296597	0.12713060835643292	0.23399727116605848
0.35095358879880845	0.12808294641113155	0.23325275965375436
0.3510163565396162	0.1292598307222379	0.23223765433424162
0.35111657024408144	0.13023005178048463	0.231574691448861
0.3511214738020291	0.13110779054837723	0.23092720863505695
0.3510952192640642	0.13176388215518742	0.23061480350750785
0.35081295498740916	0.13244099048934566	0.23039337456277825
0.3503318829406006	0.13276172253115187	0.23026016576072228
0.34994570003205683	0.1329386108418115	0.23036347126254533
0.3497454333855432	0.13301392796925882	0.23048385391468587
0.3491464931207654	0.1328782677655208	0.2306438165979171
0.34807357810885997	0.1323571296628194	0.2313572366630322
0.3467770463505323	0.1317668029008897	0.23193231353153043
0.3459447924049921	0.1313551664874708	0.23241656952581544
0.34520742121212644	0.13101673572951883	0.23280605374674174
0.34426329292121394	0.13063544515190445	0.23319078013569408
0.34340475728678127	0.1302656681329757	0.23361710605429037
0.3424230747735271	0.12986602830991245	0.2340580154092743
0.34126522331560155	0.12943474082967982	0.23439228268798235
0.3400772528722847	0.1289655670797346	0.2348124243608536
0.3388489950011634	0.12845573688584147	0.2352110613977934
0.3370580939939112	0.12782143477403957	0.23553052030698135
0.33570706194176747	0.12731411782660118	0.23579546614197794
0.3333867775482211	0.12648205297203235	0.23607073249607527
0.3315286725206359	0.12581999018855872	0.2361533113409946
0.3304027405335162	0.1254581391565193	0.2361749941563428
0.32735833638145706	0.12435825560447139	0.23625664722554224
0.32598684773450154	0.1238714648756948	0.23630559812557886
0.32315115770939573	0.12285776494323157	0.23644110278615968
0.320674719213604	0.12199421346366517	0.23645619926504352
0.3167689671810111	0.12068814135952174	0.23639706750843148
0.31404999041717974	0.11988447612944701	0.23635579829150377
0.3111970858962516	0.11904322294444568	0.2363089605615818
0.30855353710588135	0.11828531677378125	0.23620649968722585
0.30740006515572194	0.11798690882515325	0.23614297457392916
0.3048926943177181	0.11734148699789768	0.23596055979601468
0.30361790881801026	0.11710344935455107	0.2358191403588883
0.302176011593909	0.11691783198393763	0.2355514481246338
0.3016177867903673	0.11694637095938085	0.23532474393687505
0.30183870409062924	0.11729460633657718	0.23498118176038316
0.3022685673838351	0.11759380265980011	0.2347709197995962
0.3027492063345561	0.1179846063346712	0.23439954075229755
0.3034164147992687	0.11827341100756625	0.2340503633499535
0.3039166817287935	0.1185895286945775	0.23371607343927794
0.3044400557529177	0.11895386095542296	0.23336229856259644
0.30459650554454815	0.11908244694939682	0.23323060944520385
0.3050594857078724	0.11941217538528157	0.23292716291126309
0.3053171911740059	0.11976805937044267	0.23250930813185672
0.3056468192155051	0.12011468950064733	0.23220847328348826
0.30625196644121017	0.12068214350174654	0.2317931309898179
0.3065058086263327	0.12097928033697597	0.2315505220390416
0.3070020318092758	0.121562686820091	0.23108319521076354
0.30728056552471145	0.12187125365816939	0.2308549589802331
0.3079526889472088	0.1226303495256153	0.23030610361783732
0.308151797558171	0.12289118469374438	0.2301070345908753
0.3084046215384246	0.12326112779260662	0.22981182435854536
0.3088914121918354	0.12386925985355948	0.22937310651388296
0.3092257607189061	0.12430941808736877	0.22905097701470808
0.30958376438512825	0.12473855755308769	0.2287666653718347
0.30997898828868875	0.1253167183244293	0.22834206748174557
0.3101451759619287	0.1255632314125451	0.22815906802036118
0.3105740410471426	0.12614111365310882	0.22775606352627722
0.3107718275150701	0.12641833000355562	0.22756092740615
0.311246388044533	0.12702563699576963	0.22715781059621354
0.31154272941255406	0.12743803385340322	0.22688267159297973
0.311815340883246	0.12789153315890894	0.2265510637856484
0.3121579716292525	0.12842812774435441	0.22617032136281615
0.3125131687569935	0.12887481621218078	0.2258891478637956
0.31281536471734667	0.1292861419604117	0.22562113175242582
0.31317096395324423	0.1297743624404292	0.22530958012458524
0.3132868491816098	0.1299740651233819	0.2251669117064019
0.31361023255031006	0.13053241001573546	0.2247729034673998
0.3140099413565144	0.13114371384304857	0.22436451405260285
0.31417538866970607	0.13140088434365504	0.22419477856035344
0.31455984258608644	0.13194582082321682	0.22384794409581454
0.31483178065644557	0.13232239689895117	0.22361245762611998
0.3151081516142981	0.13273631250215948	0.2233499283283108
0.31532365750728947	0.13311912723929203	0.22308905957331576
0.31546339926320144	0.13337641997201793	0.22291004600455505
0.31580773400661777	0.1339155674206262	0.22256428040473572
0.31607678627594993	0.13435186090661855	0.22228114863974816
0.3163656396647512	0.13482173711884313	0.22197906159822123
0.31653137162906525	0.13505632140430582	0.22183931246596267
0.3169099632620992	0.13559699143974357	0.22152019630685377
0.3170001082924967	0.13584231271079172	0.22134319421080642
0.3170944813448059	0.13617304916850903	0.22109457910706087
0.31732508215950306	0.13664970130069426	0.22076504962784213
0.3176784949562954	0.13720751195537162	0.22040962243406426
0.3178836919370582	0.1375526224525531	0.22018385172546615
0.3182089758222554	0.13791198306166552	0.22002822579633188
0.3184856629928518	0.13814867076062912	0.2199661426181435
0.3190810054136197	0.13861220981813038	0.21983078259248823
0.3192530170047032	0.1386349771482891	0.21980255612525654
0.3197524434236798	0.13866291271306427	0.2197248618171553
0.32036499960349546	0.13865904377405563	0.219625086053654
0.32059585709200666	0.13864751145735588	0.2195834693071343
0.3211943031971538	0.13866193037096675	0.21946474837780874
0.3214525708925558	0.1386358477477147	0.21941976761775756
0.3220653070891315	0.13859297595953618	0.2193097023425123
0.3224807210210532	0.13868187692776515	0.2192036173012252
0.32297925965551955	0.1388034519133342	0.2190733458395004
0.3234308758390787	0.13893527785456766	0.21895117010391454
0.3236809428714524	0.1389619243495524	0.2188957369187761
0.3242835644860319	0.13896450544043698	0.21877983528121192
0.3249007604343591	0.13892867906239104	0.21866886363233123
0.32520720889131116	0.139017768926441	0.2185879353682908
0.3255645532997862	0.13914106013099942	0.21848787904161088
0.3259680392949789	0.13928525445962475	0.21837369211746224
0.3265589812477762	0.13939505663947144	0.21823430952398684
0.3270191353736672	0.1394163351147591	0.2181423328593702
0.32738256148200107	0.13941857105802777	0.2180733052213308
0.32799194254936626	0.1395082527939406	0.21793348062540513
0.3283826378070309	0.1396792883745942	0.21781597552021656
0.32876191920324416	0.13980041334541712	0.2176573373786886
0.32897695453574943	0.1398037593738607	0.21759854177255972
0.3296042437714372	0.13980940993725566	0.21747301445646483
0.3300463927685773	0.1398329247227288	0.2173837241352678
0.3305778926286179	0.1399963443719619	0.21723885778988825
0.3309739806544429	0.14016616505815974	0.21712103355329027
0.3313837579510429	0.14018728868485897	0.21703640820837555
0.3317856620301191	0.14020672308263848	0.21695462832398815
0.3320534956049488	0.14018655225343513	0.2168723294532124
0.3323840672358527	0.14016482197252123	0.216763836437167
0.3328498652218971	0.14037333166059884	0.21660969065117974
0.33307980406518956	0.14046341980367005	0.2165411105237274
0.33341283736965277	0.14050184186515904	0.2164679520788612
0.33379085019393195	0.14051513697760953	0.21639301587218218
0.33420844172487474	0.14054695122904307	0.2163065296212202
0.33470059083423487	0.1405997618424643	0.2162026730053109
0.3351256429299677	0.14070563399679337	0.2160932430824315
0.3354756801300757	0.1408773027788316	0.21593681988606414
0.33560488406903044	0.14085607845005288	0.21588555119058278
0.3360892083076899	0.14092521660379964	0.2157698318516767
0.33644413336867657	0.1409397296191895	0.21569886629044993
0.336657530706115	0.14093468978929766	0.21566027566190352
0.33703894178295324	0.14095697654552158	0.21558306421221424
0.33742745395080614	0.14109098160145778	0.2154735951913731
0.33786121451460677	0.14131411846848446	0.21533304512163381
0.3380619787766902	0.14142334580650046	0.2152717183932124
0.33835912298394755	0.1416935118948816	0.21515978411602446
0.3385934781319116	0.14192292391498326	0.2150692895890522
0.33896197329167477	0.14228930060452205	0.21492531435953446
0.3393217148952036	0.1426485057782031	0.21478412982413211
0.33959512723363605	0.14292408094084103	0.21467683515397776
0.33986359756262446	0.14319599811282122	0.21457122655934133
0.34013203366949024	0.14346836074595345	0.2144656449003122
0.340307587760338	0.14364596228172066	0.21439684565497202
0.34056235422272174	0.14390522444112366	0.2142967485455199
0.3407886270360413	0.1441369917830882	0.21420741033836557
0.3411763571292552	0.14453284046440878	0.21405512296455914
0.3413701547682232	0.14473211353618842	0.21397868874623752
0.3416337468521496	0.14508033901904502	0.2138301277876577
0.3417293473736444	0.1453380446769259	0.21372337625762713
0.3418300035509916	0.14549491293439903	0.21367184125383065
0.34200073448170576	0.14574724228651065	0.21359122302048927
0.3422747416673944	0.14611731797687558	0.21346765394922415
0.3424688940567235	0.14632339617994408	0.21339093758912694
0.3427005111518838	0.14656329166900695	0.2132997579268508
0.34288537402333047	0.1467958188498189	0.21321958364812224
0.34306610003451943	0.14705270808653337	0.2131364581394501
0.34320992543730733	0.1472996040534938	0.21306275864037943
0.3432060673460566	0.14736137075339575	0.213052556918309
0.3432043614940794	0.1473679766623368	0.21305185363784543
0.3432038371108629	0.14736762536250203	0.2130526819774216
0.34320234584659826	0.14736700802776637	0.21305248859804568
0.3432032346582822	0.14736485441351932	0.213053678869207
0.3432008249597682	0.1473616997072804	0.21305407316603955
0.34319933408430014	0.14735880639175547	0.21305508955893931
0.34319832701613484	0.14735665665033149	0.21305597751120078
0.3431967885762989	0.147354357694774	0.21305671495373052
0.3431957125626793	0.14735300344768698	0.21305730029378156
0.34319576797300183	0.14735117045411653	0.2130580745622776
0.34319440913270416	0.14734817432659725	0.21305937301036604
0.3431927313363689	0.14734728277247666	0.21305953541278705
0.3431904056525329	0.14734401638907996	0.21306014669249365
0.34319041318919774	0.14734273659837327	0.21306050991002026
0.3431890709547226	0.1473416907753492	0.21306090007324938
0.3431881605158455	0.14733859085383952	0.21306211796642827
0.34318739455828334	0.1473391170368631	0.21306166743922694
0.3431876155278794	0.14733827301790772	0.21306227785280965
0.34318731081305526	0.14733692459422476	0.21306261204242555
0.34318608445533755	0.14733679765123817	0.21306219474250815
0.34318711664831236	0.1473360904939504	0.21306285686931775
0.34318641358298235	0.14733629256953107	0.21306277646715233
0.34318699028367183	0.1473357430750405	0.21306288204495996
0.3431867547304564	0.1473363212182294	0.21306279426546737
0.34318774672875785	0.14733542606892913	0.21306327960317847
0.3431863605939124	0.1473360003564946	0.2130624632213693
0.3431861793713059	0.14733637498048727	0.21306223503446248
0.3431868840261881	0.14733590031747812	0.21306284867859027
0.3431872224980724	0.14733606059523863	0.21306285027023622
0.34318789815824313	0.14733513255199948	0.2130633272176663
0.34318708519867486	0.14733532040331865	0.21306292233842847
0.34318765639083904	0.14733508062611414	0.21306331177446264
0.3431872404763592	0.14733552683010437	0.21306290687318502
0.3431876518135692	0.14733584874205502	0.21306323930955895
0.34318745506906706	0.147335742478246	0.21306322386107157
0.3431878529857513	0.1473352688278129	0.2130633129699853
0.3431875247896827	0.14733592897893202	0.2130627203107947
0.34318831102849257	0.14733506929356763	0.21306318848846337
0.34318751410998893	0.14733489951487994	0.2130628305867928
0.3431866686856881	0.14733531416813456	0.21306256951793634
0.34318898903806977	0.1473361060368935	0.2130629281363025
0.3431869909694824	0.14733463266167335	0.21306300355446056
0.34318774646891353	0.14733539082962305	0.21306280301140298
0.34318806787313455	0.1473340435149154	0.21306345690487
0.34318750504818474	0.14733455301742954	0.21306335640249174
0.34318783001684683	0.14733504910795886	0.2130628320715326
0.34318790465390914	0.14733711843424724	0.2130624145105203
0.34318752478968273	0.147335928978932	0.21306272031079468
0.3431882857870773	0.1473351902403648	0.21306317217361026
0.34318703471730244	0.14733556229361022	0.21306288971045595
0.3431885704133959	0.14733535657651786	0.213063299853511
0.3431885434716006	0.1473352010546815	0.21306336311160531
0.3431881440179125	0.1473353931825636	0.21306333256631002
0.34318780584235464	0.1473358862384408	0.21306255222142056
0.3431873152432764	0.1473350519796289	0.21306329397513515
0.34318784282932563	0.14733709489301666	0.21306238881055695
0.3431885585593454	0.14733659881402517	0.21306281489443768
0.34318886682566974	0.14733579977931546	0.21306294003158643
0.3431877548344443	0.147335660555438	0.21306309194753978
0.34318868241868977	0.1473353719980474	0.21306298822771877
0.34318806990740347	0.14733562999818126	0.21306258212887538
0.3431877548344443	0.147335660555438	0.21306309194753978
0.34318865177874464	0.14733641968925032	0.21306286129134544
0.3431883512842743	0.14733648498526852	0.21306250572234872
0.3431887716503008	0.14733672724998179	0.2130626857002124
0.3431883858136462	0.14733577959255917	0.21306258361357688
0.3431885683150263	0.14733640185635707	0.21306303442892865
0.34318865177874464	0.14733641968925032	0.21306286129134544
0.3431880805852278	0.14733665946488966	0.2130624718540237
0.3431888415830728	0.14733592072677446	0.21306292371603563
0.34318930260360014	0.14733625693462088	0.2130627659253992
0.3431894505415905	0.14733637181638295	0.2130627508345732
0.3431885868684841	0.1473367306968966	0.21306281933741206
0.34318865177874464	0.14733641968925032	0.21306286129134544
0.3431887716503008	0.14733672724998179	0.2130626857002124
0.3431883604237987	0.1473372595671047	0.21306275461292212
0.3431881358360874	0.14733627654046422	0.21306304494700737
0.3431887832781553	0.1473361415023502	0.21306291097221303
0.34318865717678276	0.1473354929452547	0.21306297191257345
0.3431883106301711	0.14733639104150492	0.21306284349083815
0.34318784750413006	0.14733630132511188	0.2130624393598541
0.3431885929939763	0.1473366487728936	0.21306268752455762
0.34318886682566974	0.14733579977931546	0.21306294003158643
0.3431882204490134	0.14733665100358648	0.2130628104711731
0.3431884911185578	0.14733723756807365	0.21306228143201245
0.3431889614545519	0.14733622828712295	0.21306274812417939
0.3431886165572768	0.14733729822008412	0.21306261072620356
0.3431887588517757	0.1473371589481906	0.2130628846801281
0.34318776467918943	0.1473365098700805	0.21306247036928203
0.34318878336181186	0.14733578194679398	0.2130631131691407
0.3431885868684841	0.1473367306968966	0.21306281933741206
0.3431882147688765	0.14733598770413592	0.21306360184801043
0.343188925539648	0.14733653322713136	0.21306305257571878
0.3431883858136462	0.14733577959255917	0.21306258361357688
0.3431886571767829	0.14733549294525472	0.21306297191257337
0.3431883106301711	0.14733639104150492	0.21306284349083815
0.34318886682566974	0.14733579977931546	0.21306294003158643
0.34318835194914804	0.14733637281703288	0.21306286015206496
0.34318862653601895	0.14733654063671225	0.21306284497601563
0.3431885868684841	0.1473367306968966	0.21306281933741206
0.3431892091593024	0.14733793397039877	0.21306275598019603
0.3431884110847901	0.14733583063503358	0.21306257467924025
0.34318753826269077	0.14733721073141304	0.21306238039601016
0.34318833587265596	0.14733627009455297	0.2130628598060209
0.34318892384588945	0.14733693499176806	0.21306298353429504
0.3431883604237987	0.1473372595671047	0.21306275461292212
0.3431885914350231	0.14733700965838642	0.21306258916130386
0.3431881600882134	0.14733537003599984	0.21306261514921537
0.34318897213118765	0.14733725775578002	0.21306263785038998
0.343188656225681	0.1473371081598534	0.21306263636511918
0.34318780675976196	0.14733570683394104	0.21306326572193623
0.3431885868684841	0.1473367306968966	0.21306281933741206
0.3431888415830728	0.14733592072677446	0.21306292371603563
0.3431881301125581	0.14733630555849592	0.21306284264245579
0.34318769976947344	0.14733682087356575	0.21306242841604056
0.34318888422086874	0.14733655145157282	0.21306303591442463
0.3431883877974165	0.14733631637334357	0.21306303358036413
0.3431882653945333	0.14733682800972542	0.21306231296668043
0.34318776387829647	0.14733664941351854	0.21306245841997926
0.34318856159758065	0.1473366796514582	0.21306282827159945
0.34318848564326554	0.14733683869392006	0.21306279174687434
0.3431883877974165	0.14733631637334357	0.21306303358036413
0.34318856159758065	0.1473366796514582	0.21306282827159945
0.3431885256770809	0.14733577113187094	0.21306292223088646
0.3431885868684841	0.1473367306968966	0.21306281933741206
0.34318821967856294	0.1473361985961687	0.21306251406856386
0.34318865177874464	0.14733641968925032	0.21306286129134544
0.34318886682566974	0.14733579977931546	0.21306294003158643
0.3431882042667112	0.14733598370617335	0.21306286815277767
0.3431882257262534	0.14733701806821106	0.21306228732766508
0.34318844040671015	0.1473372756624936	0.2130622612226656
0.3431881058562926	0.1473367105074202	0.21306246291978329
0.3431887940397028	0.14733681141375224	0.21306300289470265
0.3431881058562926	0.1473367105074202	0.21306246291978329
0.34318817076648916	0.14733639950262628	0.21306250487364153
0.34318949537663435	0.1473365787595246	0.21306291490876364
0.3431882653945334	0.14733682800972536	0.21306231296668043
0.3431887716503009	0.14733672724998176	0.2130626857002124
0.34318868146895987	0.14733698721236205	0.21306265268064759
0.3431886134784612	0.1473372995316227	0.21306292402676164
0.3431885531980868	0.14733758139045955	0.21306290359792124
0.3431890647385073	0.14733663693452012	0.21306303676356975
0.34318880191574025	0.14733611078695416	0.21306289807708484
0.34318805534247293	0.14733678041124354	0.21306245553881575
0.3431877899508133	0.1473365609114266	0.21306246143543203
0.34318831063017113	0.1473363910415048	0.21306284349083826
0.34318800499815744	0.14733594100165584	0.21306254017482743
0.34318846668117114	0.14733710232798858	0.21306278797825895
0.3431885363548009	0.14733680059892137	0.21306281195636229
0.3431876491003117	0.14733628537078702	0.21306248622571575
0.343188832296524	0.14733650517190133	0.21306286214039252
0.34318838478449665	0.1473360691890513	0.2130628690011444
0.34318886682566974	0.14733579977931546	0.21306294003158643
0.3431883858136462	0.14733577959255917	0.21306258361357688
0.3431869271709401	0.14733597388884248	0.21306266513981395
0.3431876473318484	0.14733649954026448	0.213062119412409
0.34318852864784927	0.14733659191667356	0.2130630087905318
0.34318874369483704	0.1473359720071058	0.21306308753039654
0.34318865177874464	0.14733641968925032	0.21306286129134544
0.34318862653601895	0.14733654063671225	0.21306284497601563
0.34318886682566974	0.14733579977931546	0.21306294003158643
0.343188550919437	0.14733565018492206	0.2130629385462901
0.3431881455237883	0.14733652044897894	0.2130624885583409
0.34318865177874464	0.14733641968925032	0.21306286129134544
0.3431891962382407	0.14733635874784093	0.21306308644482055
0.3431891122816582	0.14733574624721604	0.21306295758533927
0.3431890875561089	0.14733687684527064	0.21306268718561858
0.3431890221007967	0.14733600620954346	0.21306292456498258
0.34318785486039044	0.14733624990794453	0.21306250338891178
0.34318865177874464	0.14733641968925032	0.21306286129134544
0.3431884696155793	0.14733600828185434	0.21306290755325413
0.34318880191574025	0.14733611078695416	0.21306289807708484
0.34318782961793043	0.1473363708537871	0.21306248707375836
0.3431880192752458	0.14733723091895162	0.2130627368126759
0.34318668454097195	0.14733579688379533	0.21306268397165926
0.34318880705366056	0.14733662611965484	0.21306284582497867
0.34318839689514424	0.14733654982336186	0.21306236264737577
0.3431880795559655	0.14733694906069988	0.2130627572422826
0.3431882709630148	0.1473365811008875	0.21306281785246592
0.34318897213118776	0.14733725775578005	0.21306263785038998
0.34318874640707586	0.1473368481974719	0.21306266938459137
0.3431890221007966	0.14733600620954346	0.2130629245649825
0.34318821967856294	0.14733619859616875	0.21306251406856389
0.343188185148688	0.14733690398916793	0.21306243617807324
0.34318819498022635	0.1473365681519631	0.21306280657715565
0.3431881058562926	0.1473367105074202	0.21306246291978329
0.3431888564817358	0.14733743486501524	0.21306260093766496
0.34318865177874464	0.14733641968925032	0.21306286129134544
0.3431890623126432	0.14733699779327106	0.2130626708698503
0.34318870069064616	0.14733621878402953	0.2130628704862942
0.34318850568531245	0.14733608715286617	0.21306240802177567
0.34318806990740347	0.14733562999818126	0.21306258212887538
0.34318744150058034	0.14733693661485603	0.21306204948009036
0.34318908755610894	0.14733687684527075	0.21306268718561855
0.34318886682566974	0.14733579977931546	0.21306294003158643
0.34318851806382594	0.14733678187902116	0.21306280381069828
0.343187558875585	0.1473371189302487	0.21306237518696525
0.34318822044901354	0.14733665100358662	0.21306281047117295
0.34318805534247293	0.14733678041124354	0.21306245553881575
0.34318915414503615	0.14733690966827873	0.21306269491189167
0.3431884196617584	0.1473371542526251	0.21306272838392487
0.3431885363548009	0.14733680059892137	0.21306281195636229
0.3431891364672738	0.14733667593964525	0.21306269637988096
0.34318817076648916	0.14733639950262628	0.21306250487364153
0.3431887716503008	0.14733672724998179	0.2130626857002124
0.3431877394366754	0.14733663081592435	0.21306245405422128
0.3431885813001106	0.14733697760550918	0.2130623144513446
0.3431880452090113	0.14733693258441471	0.21306228647970815
0.34318856633151357	0.14733586507502777	0.21306258446226792
0.34318875803587856	0.14733626245007062	0.21306289465714168
0.3431880786215567	0.14733672734700184	0.21306272813947358
0.34318862653601895	0.14733654063671225	0.21306284497601563
0.3431885256770809	0.14733577113187094	0.21306292223088646
0.3431886562256808	0.14733710815985346	0.21306263636511918
0.34318838775422755	0.14733688997336916	0.2130629555608209
0.34318930260360014	0.14733625693462088	0.2130627659253992
0.3431881553549053	0.14733618461183567	0.21306285895755434
0.3431883858136462	0.14733577959255917	0.21306258361357688
0.3431889466632742	0.14733717490252732	0.2130626339569663
0.34318840530754735	0.14733590861120585	0.21306258166955674
0.34318782961793043	0.1473363708537871	0.21306248707375836
0.3431885363548009	0.14733680059892137	0.21306281195636229
0.3431882257262534	0.14733701806821106	0.21306228732766508
0.3431883258403451	0.1473367951647893	0.21306235455036232
0.34318927736026317	0.14733637788261827	0.21306274960941002
0.34318908755610894	0.14733687684527075	0.21306268718561855
0.3431882653945334	0.14733682800972536	0.21306231296668043
0.343188045499168	0.14733593109609033	0.21306307711801037
0.34318931999765484	0.14733700860814702	0.2130628618087046
0.34318805534247293	0.14733678041124354	0.21306245553881575
0.34318922981625144	0.1473372685706263	0.21306282878917568
0.3431881553549053	0.14733618461183567	0.21306285895755434
0.34318782961793043	0.1473363708537871	0.21306248707375836
0.3431886562256808	0.14733710815985346	0.21306263636511918
0.34318750820722604	0.14733658342788214	0.21306243299682343
0.343187904607165	0.14733622915360234	0.21306302388858595
0.3431886055136025	0.14733714625437705	0.2130626161556618
0.3431885363548009	0.14733680059892137	0.21306281195636229
0.3431881949802261	0.1473365681519631	0.2130628065771556
0.34318874126911664	0.14733633286371559	0.21306272163649026
0.3431881697372602	0.14733668909863795	0.2130627902616962
0.3431880707409071	0.1473358101493463	0.21306309343275556
0.3431883754689965	0.14733741467842282	0.21306224451950828
0.34318848564326576	0.14733683869392006	0.21306279174687429
0.3431881245009753	0.1473371260666352	0.21306225973800078
0.3431889614545519	0.14733622828712295	0.21306274812417939
0.34318908755610894	0.14733687684527075	0.21306268718561855
0.34318864110014974	0.14733539022279618	0.2130629715667582
0.3431883106301711	0.14733639104150492	0.21306284349083815
0.34318782961793043	0.1473363708537871	0.21306248707375836
0.34318848564326576	0.14733683869392006	0.21306279174687429
0.34318862653601895	0.14733654063671225	0.21306284497601563
0.3431883209037808	0.14733609059734554	0.2130625416591504
0.3431885868684841	0.1473367306968966	0.21306281933741206
0.34318880634512616	0.1473373982197545	0.21306262299878365
0.3431889031503837	0.14733644906336407	0.21306273538088283
0.3431886826811251	0.14733707158584777	0.21306280624545168
0.34318857619097864	0.14733570122911988	0.2130629296123968
0.34318822044901354	0.14733665100358662	0.21306281047117295
0.3431885868684841	0.1473367306968966	0.21306281933741206
0.34318908755610894	0.14733687684527075	0.21306268718561855
0.34318880191574025	0.14733611078695416	0.21306289807708484
0.34318844077416377	0.14733639815772523	0.21306236606660026
0.3431891791043841	0.14733730666512423	0.2130628085796416
0.3431885256770809	0.14733577113187094	0.21306292223088646
0.34318817521304085	0.14733708797216244	0.21306227994733642
0.34318818001051365	0.1473363886541703	0.21306248842922412
0.34318882056140493	0.14733652634407524	0.21306269489464952
0.343188335872656	0.14733627009455313	0.21306285980602083
0.34318837184773643	0.14733578739801703	0.21306258155566213
0.3431879144494983	0.14733707846843633	0.21306240231017606
0.34318831415746764	0.1473379861327285	0.21306250947893618
0.34318806990740347	0.14733562999818126	0.21306258212887538
0.3431885256770809	0.14733577113187085	0.21306292223088658
0.34318831063017113	0.1473363910415048	0.21306284349083826
0.34318901196433443	0.14733717472275396	0.2130626461643823
0.3431877132750733	0.14733765838416518	0.2130623286525528
0.34318791444949825	0.14733707846843636	0.21306240231017606
0.3431889214193272	0.1473372958502508	0.2130626176409213
0.34318786237937454	0.14733587963005745	0.21306219815180683
0.3431891245104086	0.1473358105936527	0.21306313097017482
0.34318828274952046	0.14733567037197703	0.21306268540357812
0.34318861655727695	0.1473372982200841	0.21306261072620353
0.3431883605710741	0.14733590053890888	0.2130625672980553
0.3431887421153254	0.14733676513418204	0.21306282912065333
0.34318754907511934	0.14733569601911395	0.2130630747846214
0.3431876491003117	0.14733628537078702	0.21306248622571575
0.3431883106301711	0.14733639104150492	0.21306284349083815
0.3431876490570617	0.14733685896812937	0.213062408206105
0.3431880805852278	0.14733665946488966	0.2130624718540237
0.34318862653601895	0.14733654063671225	0.21306284497601563
0.34318817076648916	0.14733639950262628	0.21306250487364153
0.3431885363548009	0.14733680059892137	0.21306281195636229
0.3431888312377347	0.14733755581273997	0.21306258462171268
0.3431884911185578	0.14733723756807365	0.21306228143201245
0.34318927736026317	0.14733637788261822	0.21306274960941002
0.343188716872408	0.14733688608193674	0.21306281280533218
0.34318813096111245	0.14733676966273085	0.21306249908094
0.34318813484593624	0.14733549098183818	0.21306259883374834
0.3431888415830728	0.14733592072677446	0.21306292371603563
0.34318822044901354	0.14733665100358662	0.21306281047117295
0.34318880191574025	0.14733611078695416	0.21306289807708484
0.34318874369483704	0.1473359720071058	0.21306308753039654
0.3431886610225575	0.1473364088437742	0.21306284484690857
0.3431887067387569	0.14733703825770056	0.21306264374553013
0.3431887580358786	0.14733626245007053	0.2130628946571416
0.34318784000075847	0.14733793887028593	0.21306217456428006
0.34318894915569603	0.14733683031645034	0.21306284554182142
0.3431886165572768	0.14733729822008412	0.21306261072620356
0.3431887716503009	0.14733672724998176	0.2130626857002124
0.3431878641473712	0.14733566546119437	0.21306256496547463
0.3431885256770809	0.14733577113187085	0.21306292223088658
0.34318782961793043	0.1473363708537871	0.21306248707375836
0.34318899737470754	0.14733713680777843	0.21306265416606557
0.34318782961793043	0.1473363708537871	0.21306248707375836
0.34318893915404236	0.14733699802660571	0.2130628436191302
0.34318839546191066	0.1473370986561095	0.21306275872747266
0.3431883512842743	0.14733648498526852	0.21306250572234872
0.3431883106301711	0.14733639104150492	0.21306284349083815
0.343187908128432	0.14733627564347268	0.2130629360761555
0.3431889214193272	0.14733729585025082	0.21306261764092133
0.34318930260360014	0.14733625693462082	0.2130627659253993
0.34318848564326554	0.14733683869392006	0.21306279174687434
0.3431880553424729	0.14733678041124368	0.21306245553881575
0.3431878747811616	0.1473372685264445	0.21306237667132916
0.3431886028441198	0.1473356964639541	0.21306311232059233
0.3431883502250204	0.1473375356250382	0.21306222820358514
0.34318814974465633	0.14733700512053124	0.2130622760538694
0.343189419396038	0.14733656580627477	0.21306290363504657
0.3431890623126432	0.14733699779327106	0.2130626708698503
0.3431881324492004	0.1473370869784396	0.2130622969268969
0.34318833518089853	0.14733738051457057	0.2130627382978917
0.34318898361850836	0.14733610865118213	0.21306307774057626
0.34318858155214116	0.1473372978854055	0.21306291091420357
0.3431886055136025	0.14733714625437705	0.2130626161556618
0.34318902933533124	0.14733673806425523	0.21306287663876367
0.34318931999765473	0.14733700860814708	0.21306286180870446
0.34318793969273437	0.14733695752235937	0.21306241862566067
0.3431890623126432	0.14733699779327106	0.2130626708698503
0.3431883451593855	0.14733568564903557	0.21306292138252025
0.34318830220294216	0.14733712078615785	0.21306294406544346
0.34318891391075	0.14733711897469148	0.21306282730358614
0.3431890875561089	0.14733687684527064	0.21306268718561858
0.3431882653945333	0.14733682800972542	0.21306231296668043
0.3431890623126432	0.14733699779327106	0.2130626708698503
0.3431885363548009	0.14733680059892137	0.21306281195636229
0.343188564200173	0.14733664733793245	0.2130628321828133
0.3431877457410327	0.1473366126426001	0.21306245636253038
0.3431882456915524	0.14733653005663358	0.21306282678626293
0.3431882204490134	0.14733665100358648	0.2130628104711731
0.3431886562256808	0.14733710815985346	0.21306263636511918
0.34318776467918943	0.1473365098700805	0.21306247036928203
0.3431882653945333	0.14733682800972542	0.21306231296668043
0.3431880666291513	0.14733691470141425	0.21306272343461977
