0.3450451906271476	0.146317502154252	0.2133779205395894
0.3450451906271476	0.146317502154252	0.2133779205395894
0.3451723758232066	0.14580824588458463	0.21343451461902116
0.34529850919729177	0.1453191239011526	0.21349019195874377
0.3453878050501327	0.14497272246838144	0.21353104024322972
0.34545891110184657	0.1446969395620668	0.2135636863305617
0.3456007228135558	0.1441596667965741	0.21362972536429164
0.34572343603519823	0.14370822926211835	0.21368723960341107
0.345787821150623	0.14305668916486786	0.21376542681274102
0.3457162489196879	0.1425927383760402	0.21381525128915363
0.34566967212491484	0.14218915286876282	0.21386004446401174
0.34580878817327854	0.14151461199963938	0.2139499443585908
0.34592290467697107	0.1411018464651852	0.21400768422625494
0.346051805773319	0.1406455920336832	0.21407354149612207
0.34624837085640414	0.13995351932460726	0.21417410189218458
0.34631843593959	0.13963487257600654	0.21422064384364903
0.3462775506616035	0.1391109694685797	0.2142875252097899
0.3462186526570374	0.138384001464052	0.2143812488775447
0.34627143659553106	0.1381424455207914	0.21441757125793198
0.3465249963194064	0.13727062248150745	0.2145543172715348
0.34665312668300474	0.13684415585870124	0.21462319106809608
0.3467810081776865	0.13644217833502287	0.21468951386053753
0.3469569725947665	0.13589482346441184	0.21478061618470884
0.3471757919048234	0.13512742679201623	0.21490765532275685
0.347260474429989	0.13469113842524383	0.2149785751896205
0.3472180028572437	0.13410463229321318	0.21506372416755365
0.34724872990596856	0.1338302187056281	0.21510770329520898
0.34740020237776587	0.13328094086036674	0.2152010365428763
0.34761886268028847	0.13255798626681375	0.2153283934989838
0.3477513302294309	0.1321318070516071	0.21540347158474815
0.3479694551371076	0.13181262084255962	0.21544102686845243
0.3482295706583677	0.13172821568623477	0.21541718538324384
0.34865983565565367	0.13163073174065798	0.21536880437163736
0.349156071234334	0.1316347262868502	0.21528117032990018
0.34942894713445893	0.1319001964713556	0.21501038509531353
0.34942347111068245	0.13220490773911603	0.21461748517373833
0.3494975540511008	0.13266005319779411	0.21410877939466585
0.3495245101040567	0.13291234106745098	0.21381884889278854
0.34949913738215216	0.13324993242086675	0.2133822431455132
0.349679235815245	0.13369441404742505	0.21271996947999147
0.3498317400836765	0.13391432045041074	0.21242627227153535
0.35016104940791964	0.13452013319601414	0.2117630465002331
0.35032571824758724	0.13545605889216117	0.21096396677814155
0.3506369840297782	0.13661004592116877	0.21009156670220291
0.3507584444772975	0.1374403341614378	0.20944084759969445
0.35100901335011725	0.13865700753847604	0.20850577504362938
0.3513082705990232	0.13973056899836572	0.2077621054853403
0.35151296597783505	0.1411222461999705	0.20674012774812386
0.35185254609802497	0.14250412641959542	0.20579422076446063
0.3522266782929145	0.14457642672936222	0.20434072759501362
0.3525594423838951	0.14607791500004363	0.20337228137778862
0.35289594238709154	0.14791684975965858	0.20210880619546184
0.3531506051532417	0.14919604387422358	0.20130533282156093
0.3534949123434183	0.15101022344424103	0.20010654235494146
0.353995934245787	0.1537242522113767	0.19838685647650053
0.35429058944645914	0.15535890529564472	0.19738210758609742
0.355008366692461	0.1592692567912825	0.19507972397795784
0.35536148293080966	0.16122470014247725	0.19395243841341664
0.3561639711708145	0.1659319903660208	0.19130046280494814
0.35692160181614563	0.17019382426193622	0.18900726132396922
0.35756544616050256	0.1740332504051902	0.18695591912194054
0.3579472625729733	0.17634018557597186	0.18573545455999316
0.35879478699088035	0.18136041997201455	0.18307976088953543
0.35962387326238776	0.18594991821413692	0.18068642905141324
0.360264041142934	0.189800031717129	0.17870565008155095
0.3610962834660687	0.1949527262811196	0.17605217824105351
0.3621841240550195	0.20169135142545302	0.17258750686964905
0.36268290586785945	0.20455418011947613	0.1711778535764629
0.36370110474626577	0.2105526992981232	0.16807661175061211
0.36450453792462834	0.21606259726590954	0.1652399219962948
0.3649561174837939	0.2189330606288189	0.16380827666143227
0.36658104262366503	0.22851870984374695	0.15892989029237242
0.36712537709687754	0.2317928127910382	0.15728333374408854
0.3683989220408222	0.2390521244438596	0.15342261504490196
0.3688706710990697	0.24196493074206027	0.15187927504924437
0.3698866245610883	0.2488671703687348	0.1482823057546397
0.37095999380059247	0.25679467300434655	0.1443725633496996
0.3714507023999874	0.2606672284637684	0.1424154571913206
0.3723840718119054	0.26583421471950197	0.13972110186164372
0.3733517869860369	0.2713459945791503	0.13673031736584013
0.37443821118267256	0.2772848677563589	0.13343952333114012
0.3753154592164844	0.2822336132551202	0.13069995250657862
0.3763556762522525	0.28823517912634766	0.1272129219433658
0.3769039769704699	0.2915108696770365	0.12527234578853247
0.3779754386818546	0.29668531209810145	0.12225470449760845
0.3791609515618268	0.3016877212460912	0.11949810191253746
0.3804415028523905	0.30724562107916464	0.11627742863381507
0.38125429341282757	0.31078335480973585	0.11409119569410625
0.38180498034559956	0.31342834447985646	0.11242579676779019
0.38337473956463286	0.32073904936503517	0.10753357748040077
0.3838883978268836	0.32352969517721386	0.10558401220969882
0.3848360090897747	0.3287051345510825	0.10195965604654694
0.3853494783258401	0.3312039421109638	0.10024233356814632
0.3866925903244139	0.3369167413852634	0.09654094594853646
0.3872610247223875	0.3392299244240473	0.09503566890608905
0.38835845111935735	0.3444201046984916	0.09149942989116816
0.3890191252494285	0.34764106283780527	0.08932276846235804
0.38996701274902845	0.35180943911497575	0.08659911839356232
0.39065717312678305	0.3554122080070924	0.08407207964281183
0.3913160058921707	0.3596923701902299	0.0810054175787141
0.3918616648710765	0.3628678481592871	0.07879963769535459
0.39247560237790824	0.3670772139333739	0.07562462904343142
0.3926613954709385	0.3689684837665168	0.07412078774772662
0.3931260762845644	0.3722884572477613	0.07167551676067324
0.39378496838155813	0.3772515933650863	0.0674907166602235
0.3942429288050613	0.3791703581584425	0.06581405561786519
0.39449069578573703	0.38131592777461065	0.06384487205727185
0.39465057386527175	0.38384416817402484	0.06101100965333828
0.39493585198448156	0.38550154710062556	0.05921354268485007
0.39506257901328257	0.3866479722913801	0.05775449609809424
0.3951030639794155	0.3880948119108537	0.0551056322083508
0.39514521091604227	0.38850812036238647	0.054211275827146466
0.39525283440207215	0.3892108432179986	0.05246909276560885
0.39499184474087534	0.3892967279114238	0.0499787327885845
0.3948043142745017	0.3892507689264566	0.048568438712289774
0.3945593822671439	0.38917714213495025	0.046967820762825796
0.3942986167508286	0.38910678321906794	0.04538134051825421
0.3942578220301366	0.3891839322967027	0.04449329961901649
0.3942837750655888	0.3893673556300908	0.04284218319891947
0.39418098872560037	0.3894711102800064	0.04124869401614112
0.3941345696873161	0.3895630323843261	0.04000784231109261
0.3941600094231918	0.3896101414991541	0.03882764559332508
0.39418481805380795	0.3897926195295888	0.03782258960819368
0.39423602964783827	0.3898771353040761	0.03684727994563125
0.39423523822873313	0.38994713960123134	0.03575129647200831
0.3942896985799087	0.39002466294263183	0.03457269926144685
0.3941905714974591	0.39012879903156417	0.03314966136960107
0.394239030307516	0.39018028061436616	0.03213420311603249
0.3943195058540707	0.39031793724164254	0.03134801905151585
0.3944162647757213	0.390480351131431	0.03009294244778543
0.39448130802502424	0.39049368781317406	0.029534394479953763
0.39451187008020594	0.3905653841962731	0.028349945924007747
0.3945350298844924	0.3906193037487103	0.027721332997966863
0.3945954565847836	0.3907252562154788	0.02662555105194786
0.39473641824834504	0.39075496892883566	0.0258957253960988
0.39481937887686924	0.3908241137849978	0.02533762935195799
0.394953384627509	0.3910639011188209	0.0242075902235504
0.39506218617582545	0.39109506733982996	0.023503008099751144
0.3951083236505355	0.39114461125026095	0.022786320128147963
0.3952328688282552	0.3912131466651929	0.022111613334921565
0.3954025364353975	0.39139083855994744	0.021294601335185903
0.395537481218243	0.39142752462139463	0.020897500380355538
0.3957613127686983	0.3914579755594626	0.02011440139680115
0.39585318336079445	0.39158035476012026	0.01960025438649632
0.3960117868851133	0.39163456997845364	0.018820018293500884
0.39619492385882116	0.39163354094915787	0.018319814703108228
0.3962399428822932	0.3917048467686136	0.018024768222404175
0.39628672446691116	0.3918926528322609	0.017285732769197037
0.3963296598077474	0.3919230944439785	0.017028237008163638
0.3965013806004291	0.39196147129078307	0.0165798344064107
0.39654907302073283	0.39211305804027835	0.016087208007931397
0.3967030583740753	0.3921475414851567	0.015539777105577635
0.3970157179367077	0.39220834122903775	0.01499882199566932
0.3972016561891582	0.3923219184164187	0.014853145111150434
0.3973915507056116	0.39244555755516486	0.014661166582708274
0.39767733350002354	0.39257288127154566	0.014472896662202972
0.39808270914562194	0.3926167043717307	0.014150340156752872
0.3983900046784019	0.39258905312678	0.013977164129188646
0.3985283329505823	0.3925543648826296	0.013665699148628085
0.39863504824342155	0.39256712598094456	0.01355046849589997
0.3989887795192353	0.39275984594399205	0.013385243602536512
0.3990935478340939	0.3928116987716228	0.013304492149350033
0.39935716164600377	0.39285992824732047	0.013166698099583318
0.3995086760681798	0.39285991385006436	0.013061516409201224
0.3998473683960077	0.39281434892138245	0.012972508638424252
0.4005111296461368	0.3927715000088722	0.012977900999243175
0.40070739951834544	0.39288801072400475	0.012910880876693731
0.4009184589788445	0.39296065659349294	0.012873978492800808
0.40102844018806827	0.3929445867496763	0.012853309891962206
0.4013800611414479	0.3926717779949147	0.012869910211566582
0.40168693308462167	0.392393614702482	0.01287677739736709
0.4017550431708608	0.3923921561779825	0.012861159010148004
0.40157524308420395	0.3925453787277116	0.012830778307262092
0.40149951039215315	0.39254781932142074	0.012818574257955961
0.4014330526223032	0.3926049458372665	0.012857115560468702
0.40128795344457313	0.3927628579260331	0.012837924850462645
0.4011859212685047	0.3929178243754192	0.012842115311232138
0.40112595850603106	0.39309863474487583	0.012885017005441424
0.40108292971322856	0.39328427405829364	0.01286971786287927
0.4010760627097857	0.39342069458405876	0.012865861600307782
0.40107672802265526	0.3934325024133366	0.012868365832661266
0.40126808527841107	0.39359306050086673	0.013062306373240296
0.4016880989478778	0.3939471776178732	0.01349096854207904
0.40189565520526793	0.3941202930063503	0.013703050870643774
0.4020032866462912	0.3944478480898104	0.013897568744579203
0.40187323579323003	0.39480421182651776	0.01393037074428427
0.4017234718037292	0.3953473702347752	0.014012977391226533
0.40177156103625444	0.3961092575679616	0.014263205196144657
0.4018265238826087	0.3966645134779973	0.014399810293843407
0.40187919462790067	0.397201789139097	0.014533600466854535
0.4019049543891978	0.3978455902771046	0.014661277680788176
0.4017809420985407	0.3984572315962758	0.014750446202700218
0.40172668643319737	0.39888216174820057	0.014854394502248736
0.4016725693798017	0.3997566909278265	0.015088268335676558
0.4017733367222781	0.4004703952684377	0.015343404034143915
0.40181531836716156	0.4009042596700325	0.015479720403742292
0.401803046661416	0.40138361312145865	0.015574693166266307
0.4017361230947419	0.4018877548899862	0.01572275511461496
0.40169770394290893	0.40221894997559127	0.015843428277338478
0.4016270141246131	0.40280379093010166	0.01601622050938506
0.40169225168978007	0.40357945739512335	0.016224935167401755
0.40168048006714824	0.40432345842115963	0.01636226806509017
0.40166771048696437	0.4048067533825615	0.01651858902195691
0.40162696213147087	0.40511862509385815	0.016644426707209725
0.4015463104835287	0.4057219575122511	0.016848116696132454
0.4015968561749079	0.4062432568648716	0.017003358215221087
0.4016193829643907	0.40653369520823013	0.01707888070108471
0.40154468353268696	0.40727538409707603	0.017172813114846086
0.4014472427819148	0.40785664679060796	0.017391269049115865
0.40145475323353236	0.4082812727825027	0.01756665283868869
0.40149138709418936	0.40861428269586997	0.017674282163082256
0.40155260406535137	0.4090707783754295	0.01782174251400437
0.40148318090730406	0.40964824501008673	0.017954981979302842
0.40135240549600504	0.40991423043095015	0.017986508503306742
0.4012127674396942	0.4104156591467966	0.018119309195565092
0.4013587966833605	0.4111032661953402	0.01840513705680097
0.4014228126310569	0.4116290930299416	0.0185715755392985
0.40146724384355326	0.41206384161342374	0.01872124442746892
0.4013400590362948	0.41232804842902987	0.018798384502868304
0.40123598194587196	0.4124953111903624	0.018829302560814942
0.401170013387056	0.4130999388369991	0.01901827557646424
0.40128116554009097	0.41323416498152493	0.019148597391782818
0.40151981151656874	0.41344321530552886	0.019408020323370467
0.4017675691487742	0.41366093122802783	0.019678076978498715
0.40172677795233364	0.41409336877540937	0.019851665721780987
0.4014915650474214	0.4145008893586105	0.019900401746156093
0.40132160530874006	0.4147241618957847	0.01993483066353957
0.4013455475886235	0.41487623646422933	0.02004913489191823
0.4013718462597667	0.4149015816715623	0.020080861306453646
0.4013809918553706	0.41491079899273026	0.020092165592299094
0.40138596658831743	0.4149130218058858	0.02009627265998193
0.40139042149291804	0.41491674763052083	0.02010094367403331
0.4013940024762736	0.4149180651677899	0.020103964806846453
0.4013979321113056	0.41491734091153	0.020105583911696367
0.40149757984661194	0.41476061548146315	0.020172729113188348
0.4016129930382579	0.41441808337018304	0.020301999292466344
0.40162954730744593	0.4141493165118781	0.020795878023729064
0.40151960444850243	0.414513174854445	0.022781912441837804
0.40140531567218707	0.4147832001870887	0.02439765100364294
0.4011437961655677	0.4150801710333406	0.026964291112489214
0.40112394547712515	0.4153096474876487	0.028957274626242258
0.40130428115995637	0.4156829628530677	0.03200170736842434
0.40141098114627244	0.4162030335715461	0.036016791338157994
0.4014577648274504	0.41670057295250107	0.03968127210640465
0.40153509593291103	0.4173055977564231	0.04552113702671162
0.4016329522317381	0.41779261317774985	0.04936200689272696
0.4016384543702497	0.4182159746304962	0.05362664137442419
0.4017339660189253	0.41872811067856475	0.0584851388128787
0.40175920306068486	0.41894117836914596	0.06171851495381375
0.40178703836232027	0.41939292203646455	0.06657622020829457
0.40187074484856805	0.42001688390865166	0.07564617786166655
0.40186212264907495	0.42032019294794903	0.08085507834913691
0.4018400852833305	0.42061510707533406	0.08597814994581843
0.40189260252868153	0.42083426091643217	0.09169108223013905
0.40191026809285546	0.42096478803652576	0.09530382725899472
0.4019009125507344	0.4211546707081777	0.10348731592387378
0.40180431051906973	0.4210823924962481	0.11054489219605951
0.40177807348576594	0.4209499618654603	0.11644190799922222
0.40169755822115666	0.4207623350740854	0.12227569683122624
0.4016327069171383	0.4204711007199725	0.12811456193219883
0.40161181774853305	0.4203341056146583	0.1312928460236632
0.40144565006494476	0.41967358519696396	0.13839424201451944
0.4012879578777253	0.4187635173503401	0.14687274714879883
0.401138163574894	0.4179547124706816	0.15211929711612976
0.40098063716322935	0.4170168341116065	0.15722757588908326
0.4008718759017984	0.41640578332534883	0.16053209868804463
0.4005176301152363	0.41425777939604824	0.1689191757701207
0.40041679039348066	0.41352770648779846	0.17150112672770546
0.39993445958711477	0.4110517792487604	0.17829104829306464
0.39968904318901816	0.4095178085471056	0.1820891172620456
0.39951302889701146	0.40829073566874663	0.1846934849113454
0.39906732115359356	0.4054060541220359	0.189790939237018
0.3988545436055767	0.4040979048526323	0.1919359651302297
0.39810655477370194	0.399367974953685	0.19764332841375903
0.3975351808779682	0.39640833355343236	0.20023746402545706
0.3971292626812671	0.3934658639294253	0.20273714576259283
0.3967408536481103	0.39105285253143135	0.20453024888443588
0.39590857635946824	0.3862003170471118	0.2073576842514287
0.3953973011611106	0.38279068297384283	0.20935365057825112
0.39431241420313395	0.37626059770709286	0.21251773029482474
0.3937264926477953	0.3723028192302169	0.21437412912794418
0.3929427685363596	0.36768313316338924	0.21628873215154673
0.39227786156038374	0.36275144538144727	0.2184154842672597
0.39148760341010025	0.35858630483283893	0.2202380077014153
0.3905202811384574	0.3525728426543943	0.22276520858549875
0.3903272401741751	0.350220934712798	0.2236708405482461
0.3899245315097283	0.3459571335933328	0.2252478311005897
0.38963565649843984	0.3416057641479281	0.22696739568679455
0.3894535235460844	0.33860332911416285	0.22794131550755156
0.38938319218572676	0.3340956741606832	0.22941806280023855
0.3893899786182069	0.3322456686371568	0.229901242114909
0.3894205803545252	0.32864634638035417	0.23049304871093512
0.3895856700451093	0.32596903842301267	0.23088661316645137
0.3895883879352511	0.3230627578398936	0.2309418466300326
0.3896416881222644	0.3202563249209576	0.23095793510721127
0.38971582638738306	0.316502453344133	0.2307108604168693
0.38955599948343556	0.31333794129620374	0.2301496463640766
0.3895125151265675	0.3112347908024729	0.2297761156287346
0.3891922694144953	0.3070282904525151	0.22867830726161104
0.38892503715403015	0.3034406403620946	0.22766053549936488
0.38865340727477427	0.29971643043137675	0.2265434692136099
0.3883173149841107	0.2960926225003867	0.22535479610525966
0.387701308007064	0.29089369553818617	0.22341064905702004
0.3871004197252818	0.28657633231296425	0.2217193474554195
0.386480621065746	0.2824666643798885	0.22009931302503913
0.3858485587883903	0.2785389937954615	0.21852038722387007
0.38513875323711855	0.27393639882357984	0.21666341106032957
0.38404013857626845	0.26817349297566667	0.21436352377931908
0.38320038631078385	0.2627665457934542	0.2122959499578783
0.38234418628174993	0.2580783636433091	0.21055640544779625
0.381462518938898	0.25304807011590263	0.20873912496304248
0.3806358141147634	0.24827160704177859	0.20713276201279246
0.37906654071530144	0.23993546572207997	0.20458280256283198
0.37805636069537696	0.23463413278545264	0.2031777175408105
0.37717862655248013	0.22961901895975068	0.20186685488087908
0.37604563364442284	0.2234395910542541	0.20060569790714972
0.3751158043155532	0.21782617913181596	0.1996157958029116
0.3736550675734248	0.20911089172819736	0.19853857372794795
0.37279102430572086	0.20363355967927976	0.1981422149124838
0.37218317766067677	0.199742664841131	0.19793902296583804
0.3711350183018457	0.19268549634172932	0.1980165571755119
0.37055543750372527	0.1884407627709921	0.19822999650460332
0.3696666816230126	0.18147968309754292	0.19897117875980383
0.36868652780135197	0.1742100145013128	0.20006231041720524
0.36831354816893486	0.1716628332832501	0.20045951721180338
0.3676207716455477	0.16726246231133812	0.20114628962807385
0.36697722352226014	0.16287139753091817	0.2018065579067243
0.3662320030219004	0.15754831959549556	0.20264890915222633
0.365736160610186	0.15418150937958952	0.20320922928001317
0.365351803447041	0.15078427637543806	0.20377428508745668
0.36491932233805224	0.14686350823807168	0.2044443559105973
0.36477513633219255	0.14505531264952046	0.20490875743548156
0.3645217304805233	0.14282764860106978	0.20536583377571765
0.3642855932821357	0.14160065617242718	0.20573201692830928
0.36399423353626853	0.13969286450997204	0.2064551665393937
0.3639439822703207	0.13925028328148065	0.20670367639592868
0.3638368796049871	0.13841020201034188	0.2072317373481363
0.3637369739393197	0.137343512730163	0.20779626878213903
0.3636989021899708	0.13644251889494075	0.20818463478986757
0.3636648171023747	0.13543014312989715	0.20877253843028612
0.36357485210429585	0.1343714011568144	0.2093942959978098
0.3634705751487159	0.13367841043756346	0.2098420588333625
0.3634099875291955	0.13327872962720522	0.21010848249801883
0.36326051892326	0.13247097740225589	0.21056072581559396
0.36304601020116894	0.13156020055079903	0.21105218775645165
0.36291371483412305	0.13097234081161702	0.2114484009845041
0.3628152006557577	0.13055532967882455	0.21170841123972217
0.3625786311992032	0.1298310163043334	0.21215146504063787
0.36247679899372065	0.12950556776846817	0.21230274768040508
0.3622633617694234	0.1287280286314506	0.21280758471130634
0.3621161388172177	0.1282000444313542	0.2131476664831408
0.3618569621319401	0.1274474448441157	0.21364552326063752
0.36175260484355787	0.1271229686474149	0.21381362077313534
0.36160428791047844	0.12662331463443477	0.21412489150588115
0.3614004284483933	0.12599839037023963	0.21456753879614832
0.36128259234899296	0.1255977731221511	0.21482951615086068
0.361125198254949	0.12509723812947682	0.21520679933493236
0.36097208819623894	0.12463790439042753	0.21548780753050634
0.3608469252718177	0.12423851225047634	0.2157363629088436
0.36064162430917557	0.12359515321740812	0.2162319667746153
0.3605421521004496	0.1232290982878907	0.21647333630319784
0.3604355491826836	0.12285160338140357	0.21676865238308426
0.36022869908374106	0.1222119979589386	0.21727448248934744
0.36018630377592226	0.12204221459321836	0.21737426842376792
0.3600833816722266	0.12166825351394477	0.2176427695884304
0.3599430618715623	0.12100102496769834	0.2181814583179371
0.359903878653022	0.1206592105596465	0.21844504974297363
0.35977174607712975	0.12011374477339641	0.21896045168799855
0.3596920106626427	0.11971812888682813	0.21944106327296664
0.35967468074135683	0.11936072088614495	0.2198664392884371
0.35962872898534903	0.11893088364939723	0.22022277239190155
0.35957361185900705	0.11848310842118077	0.22058547691456398
0.3595666992700696	0.11815031187113019	0.22083557565627576
0.35955019426281565	0.11790495388065143	0.22107170945905946
0.359492672608498	0.11736707887914415	0.22172430311031494
0.359475254671132	0.11694881198327876	0.22225050287138493
0.35947282222645693	0.11653129915908637	0.2227428875375083
0.3594571971826129	0.11631713515707519	0.22290966412505592
0.3594385467572473	0.11595448726385525	0.22318812318797088
0.35941777584086965	0.1152776357834537	0.22386500857306704
0.3594200743781952	0.11487148250997341	0.22437142397242896
0.3594706747895975	0.11453359823535457	0.22479744842517257
0.3595066147587675	0.11433479975939963	0.22504976040338492
0.35949644399775976	0.11395626714853944	0.22552586149491888
0.3594891347828273	0.11343468546437317	0.22615576506713883
0.35951605495766825	0.11307743255395729	0.22635953158512473
0.3594908324038776	0.11215329469518388	0.2268647051271988
0.35937032224704984	0.11160153653572606	0.22702132681335635
0.35918382704929663	0.11072627269340583	0.22723965335542506
0.35905442623409906	0.10953603624103268	0.22763578972245918
0.35883162369359795	0.1077294686453837	0.22803475725241984
0.3587741355977388	0.10698301519022162	0.22824471497971813
0.35855888225074195	0.10422699412181903	0.22893605027615269
0.35838009586244207	0.1024072854589811	0.2293942139253991
0.35832352321511957	0.1014616386120981	0.22963381643607417
0.3581447419705881	0.09897668343316159	0.2302222029007068
0.357963622875115	0.09710803843663592	0.23070166433049438
0.3577951531383023	0.09515912499144379	0.23114159607763007
0.35751443617853246	0.09200270665588765	0.23184518004833873
0.3573527500372623	0.08991421126572331	0.23240404431372447
0.3571830148072074	0.08793957979557422	0.23284981216537148
0.3569289664872595	0.08445074824272984	0.23367731770545844
0.3567066076752355	0.08186347185409777	0.23420619818034613
0.3565198325236907	0.07936649144312484	0.23480222473936543
0.35634250156780406	0.07730859181959256	0.2352524783682915
0.35610675349475324	0.07448481766000085	0.23587848412805665
0.35596927514455	0.07232331165851259	0.23637095318153853
0.35572947626642526	0.0696768317778338	0.2369007745007947
0.35543210299635525	0.06606411717170009	0.2377176733440179
0.35525127314221505	0.06348601514893058	0.23826406536303807
0.3550196647092646	0.06080191128682948	0.23879210157342345
0.3548273971824925	0.05822855163004774	0.23935896903352802
0.35447143504200807	0.054244755632898475	0.24021728113858798
0.35421498513392347	0.05137915288372931	0.24081441743643947
0.3539868659445854	0.04868364375948532	0.24136392117171426
0.35385632098029984	0.04710655549102806	0.24168051221637532
0.35359384928782794	0.04389167757181099	0.24231448304337358
0.3535056527284428	0.042277817204464566	0.24267893357732065
0.3531786077174768	0.038635980872156764	0.24340192187579315
0.3528588936836539	0.034830253642850986	0.2441817263727887
0.35271194979852805	0.03244791985222149	0.2445979097687392
0.3524681396052709	0.02997949988176775	0.24517099966375538
0.3523241071354557	0.028045141860412223	0.24550265394627996
0.3521286772669745	0.02549789933634984	0.24603876149852438
0.35187436903273017	0.02248214578899753	0.2466926510486892
0.3516995931354698	0.020110050806875238	0.2471464359492818
0.35151917204893807	0.017886405914412942	0.24754762711557982
0.3513770216963473	0.016008753412668178	0.24792841864652104
0.3512106293287175	0.013898692768159401	0.24828362838166507
0.3509937188679429	0.01111852534894843	0.24889073453028593
0.3508954653481445	0.009386244664977103	0.24911515998131237
0.35071138842220584	0.0074797173471581185	0.24959891108810667
0.3506218803115373	0.005803262379634036	0.2498633127466953
0.3505539942268427	0.004409056755470889	0.2500924450938064
0.3504622903941222	0.003302253526899432	0.25036330432773185
0.35029548245692044	0.0014085654177442702	0.25068409317825335
0.3502655942548825	-0.0002484700010270541	0.25091586214359035
0.3501542980584803	-0.0011556385493729088	0.25116976533752333
0.3500297758883316	-0.0024182476640738776	0.25138936333465906
0.34999153711479297	-0.003243090786136507	0.25154633877067534
0.3500801548409813	-0.0037600489158363254	0.25155839695980325
0.350208245328425	-0.004108413043491063	0.25153050150562684
0.3502488579896965	-0.0043740675524450295	0.25148527822108674
0.3503008553704423	-0.004693912769720879	0.2513524007011827
0.3502709467648116	-0.004708376853764615	0.25131792899038685
0.35015567846958495	-0.004728056605839484	0.2513076148965864
0.3499235323656057	-0.004761399305607275	0.2512863641314864
0.34983003951932634	-0.004744470948569932	0.25127074486993806
0.34984911456888657	-0.004676362647851526	0.25125656307629285
0.3498579216146534	-0.004655463436970722	0.2512566016567159
0.34985888040142227	-0.00465234515857145	0.2512568790256917
0.349860535453172	-0.004646832813642546	0.25125821449241914
0.3498637204537127	-0.004642517512340086	0.25126052435235746
0.3498670722098851	-0.004636877892247301	0.25126323049506705
0.34986862873110286	-0.0046329385372710224	0.2512633094324337
0.3498708797268985	-0.004629365806910854	0.25126165197593814
0.3498730105623541	-0.004624770941724962	0.25126042721939795
0.3498744817144214	-0.0046217169596788205	0.2512589073541877
0.34987536571777633	-0.004618723502424135	0.25125687578769884
0.3498756860002243	-0.004616570449036503	0.2512562415355115
0.3498772070281636	-0.004613846579364714	0.2512541725473256
0.34987881914825125	-0.004612879826682084	0.2512539719578165
0.34987863930202745	-0.004612697226391613	0.2512540074580635
0.349878441834357	-0.004613121040678916	0.25125391015997045
0.34987826781382264	-0.00461257059561225	0.25125202553256143
0.34987884497580424	-0.004612682827609918	0.25125197749772693
0.34987855799784917	-0.004613582103649885	0.25125215968093434
0.3498798786486287	-0.004612036139293604	0.2512509458362238
0.3498792204903893	-0.004612515710441925	0.25125217950996326
0.34987946723219443	-0.004613780119132729	0.2512515821293988
0.34987931336178024	-0.004613592147948334	0.25125144355796386
0.34987896220825815	-0.004614307276030169	0.25125148239116524
0.34987930386416904	-0.00461513240266849	0.2512520144458624
0.34987940962433034	-0.004614557324048821	0.25125196566989805
0.349878749693238	-0.004614536343553813	0.2512507342835647
0.34987928010397196	-0.004614934169950943	0.2512513612600073
0.34987807208993715	-0.004615773619601457	0.25125111366410163
0.3498794044250698	-0.00461572699983305	0.2512437796831002
0.349886836830574	-0.00461536300624453	0.251175492403917
0.34975543215472205	-0.004659340376168011	0.2509611697827597
0.34978370529277164	-0.004660040671238361	0.25082065250808966
0.3498779813382222	-0.004620622257019133	0.25067325027968745
0.34991645199242977	-0.004636109120982432	0.2506765814573121
0.34995477649195533	-0.004753058277111519	0.2507459064861197
0.3500824845060619	-0.0051248370805974525	0.2509696983264398
0.35015402827374537	-0.005397374495111254	0.25105233469555943
0.35018469016554554	-0.00573315801836051	0.25105413138234156
0.35017841012150075	-0.005914855720147369	0.251022118062995
0.35020844331725615	-0.006236310449371438	0.2509665046366806
0.3502261388728111	-0.006401713292617725	0.250949381071653
0.3502674426540806	-0.006728754992563743	0.250909203395254
0.3503038886920833	-0.006987463852469719	0.2508681009349114
0.3503345080818536	-0.007180352973480061	0.2508154602015049
0.3503532963108182	-0.007217827180328776	0.2506670379568455
0.35036388010717756	-0.007222319053273599	0.25057636554646323
0.3503865255613305	-0.007276203045129562	0.25045008127641455
0.3504037262861527	-0.007591203647729208	0.2506143019196997
0.3504061541814924	-0.007643587484333428	0.25064418294819507
0.3504085765753432	-0.007647267266613231	0.25065020766781326
0.35041076709708807	-0.007647004404936278	0.25065413334832365
0.3504118649430816	-0.007645460848761262	0.2506569648005206
0.3504149870600218	-0.007641083352952674	0.25066167400495987
0.3504170521356781	-0.0076393479159491545	0.25066479680605597
0.3504173829294128	-0.007637202732157969	0.2506664746043966
0.3504188906957606	-0.0076337672364087256	0.25066772273648574
0.3504195863464074	-0.007632330067971968	0.2506684218672048
0.35057207331818396	-0.007609330460996502	0.25068743741480265
0.35052265261119336	-0.007612215215048332	0.25065307000899706
0.35047934486808313	-0.007617312582444399	0.25064638991518484
0.3504420619009335	-0.007622532683081398	0.2506461116691222
0.3504292125450063	-0.007622394880224384	0.2506465174716779
0.3504276169253499	-0.007621981608769771	0.25064807880292683
0.3504278494831083	-0.007618458339665804	0.2506477088197309
0.3504278248138968	-0.007615736001024345	0.25064848986953464
0.3504290288613153	-0.007612888012198546	0.2506495962506292
0.350429628683375	-0.0076094631477572755	0.2506498705625819
0.3504309754126286	-0.007606471760766301	0.25064950188487045
0.3504316180874064	-0.007602742927399167	0.2506504548173215
0.3504329491774081	-0.007601982878929617	0.2506509107707534
0.35043354351627337	-0.00759994324936715	0.2506521882281141
0.3504344758275188	-0.007598454601358592	0.2506534661994482
0.350435711821703	-0.007597143328156683	0.2506586852119409
0.3504379314071151	-0.007595040967650887	0.2506645980300214
0.3504937944765291	-0.0075484782557199565	0.250684392712071
0.3504950536042267	-0.007547229603048808	0.2506840939352271
0.350491547670104	-0.007550344524315564	0.250681424084659
0.35048828240361024	-0.00755313844142845	0.2506796896384054
0.3504858993334289	-0.007555737311583946	0.25067302927656754
0.3504821203590605	-0.007559815564629688	0.2506680391027786
0.3504758477907441	-0.007565377063112541	0.2506644911684236
0.35047097020558515	-0.007569461542717412	0.25066349318124015
0.350467067231015	-0.007572811375048935	0.2506634316733065
0.3504632653416407	-0.007576681912812508	0.25066212795926035
0.3504602935171822	-0.007579338202515454	0.25066184432571514
0.3503910173786728	-0.007638044111061407	0.2506422813280879
0.3503817031139106	-0.007644850811862738	0.25063925245468655
0.35038679267035594	-0.007641614874727767	0.25064165967126084
0.35035774881854925	-0.0076442151955075505	0.2506387026067376
0.3502465684989694	-0.007582953472194884	0.25064797001561756
0.3502593973756407	-0.007456771160777989	0.25068255832849606
0.3503541775031667	-0.006783834807889508	0.250795139209555
0.3503457874382436	-0.006099657632207975	0.2508472265351277
0.3502763555265615	-0.0053224933601672825	0.25092935549383283
0.3502819834551499	-0.0044327929642523495	0.2510421845386085
0.3502917249118343	-0.003555419033833454	0.2512041804648868
0.3501736691421788	-0.0025641020092656425	0.25136494046607527
0.35013418449716704	-0.0014572435142486823	0.25154696042304747
0.35009728692246883	-0.000706223373072648	0.2517185162536404
0.3500557779657438	0.0002840303820622475	0.2519033883901251
0.3499355833056753	0.0020172015808713334	0.252259871725244
0.3497750890573613	0.004035043030574739	0.25264084835009537
0.34972780987846397	0.005627244693626146	0.25294264956941437
0.3495756298468909	0.00709182995314124	0.25330884482233
0.3495224892911651	0.008033473349376472	0.2534892141625241
0.34931521785748915	0.010417360786598592	0.25403107936305164
0.34929801449649805	0.01218773138390715	0.25420949410285487
0.3493144676293263	0.013372566779713144	0.254287772398026
0.34936129473742533	0.01692324904805738	0.25435274310088146
0.34934617478284014	0.018080468944364395	0.2544077792880015
0.3493694520446779	0.020751878587470532	0.25457186724731695
0.34931980041811644	0.023122922018332895	0.2547628587508935
0.34928582410247183	0.024965489786872144	0.25485727616161274
0.34933648480396423	0.02722136314085115	0.25491243637490146
0.3492995244527235	0.028474111623163087	0.2549847361523201
0.34921953855689813	0.03204089681667181	0.2552575569737339
0.3492870205916165	0.03428631074265408	0.2553254929186861
0.34925360096931984	0.03565429441861277	0.25537887306803786
0.34924151214982047	0.03841268038298108	0.2555854944187859
0.3492191479733871	0.04202841640695652	0.25569174617085944
0.3491758106061215	0.04415852768405999	0.25573696565232185
0.3492033853577134	0.045648014176377996	0.25583317927218807
0.34917510764802495	0.04785277030274217	0.2558835940289961
0.34917671680726825	0.050005716350822724	0.25597416597620776
0.34915015726721393	0.05420979629575358	0.25607073018750437
0.3491504913169102	0.05631976136161525	0.25606076849473924
0.3491616122724881	0.05768577073691715	0.25611094132157985
0.34914823486290913	0.060552372151684256	0.25609950294832484
0.34909662675433245	0.06269424549653214	0.25612684153225584
0.34910676246061184	0.06507265343954895	0.25615012366961104
0.3490875199136119	0.06709663492179054	0.2561168196822531
0.34915662763142385	0.07033158118766115	0.256039450725787
0.3490694613122142	0.07224227085503414	0.25601516353892084
0.3491098674271664	0.07348670183918936	0.2559327753632993
0.3490625617904231	0.07638175993943087	0.2558158099279755
0.3491132668469798	0.07934556275249505	0.25564766786791315
0.3490756377523039	0.08061503038203323	0.2555717896003953
0.34908465584285897	0.0823275823993709	0.2553788648975565
0.3491011077385615	0.08502045596834086	0.2551539031456817
0.3490658105754516	0.08691746097476323	0.25487161279316894
0.34910688417466973	0.0889263150138871	0.2546937827245049
0.34905802658236235	0.09113902850164841	0.25429286664932027
0.34907895397759525	0.0927320479162347	0.2540243997929701
0.34909342778067654	0.09429872137457602	0.2537549828529981
0.3490748594563896	0.09643797847033848	0.253200157884488
0.34898778294917154	0.09729464308926876	0.25304454549688304
0.3490558986537648	0.09933313364317721	0.2524368980523608
0.34901719194337966	0.10012222896615201	0.2522042692999784
0.34905982944865205	0.10128307273843785	0.25181448406884177
0.34902412698264107	0.10290796879953575	0.2511546712861641
0.34910986670517985	0.10463002158630828	0.2505510752403115
0.3491074331735901	0.10534391180570611	0.25019093437720263
0.3492002760633297	0.10635979879288314	0.24965081423142532
0.34928805123993417	0.10751079555596578	0.24895893571070488
0.3493511735253656	0.10849583452216367	0.24830691039155023
0.34946075966499773	0.11001018094318997	0.24736917855097618
0.349567454649272	0.11109098219878057	0.24667268928714403
0.34973538341539295	0.11280576576834546	0.24543298494992338
0.3498302088355476	0.11352778315089422	0.24490207203194106
0.34993193628635294	0.11512794784804832	0.24378698417083816
0.3500047520849513	0.11648618879389817	0.24281476577322056
0.35009135963134497	0.1177750996682146	0.2419247203816026
0.35007933050075346	0.11851285499265703	0.24132977817814416
0.3501863541917714	0.12026250790805444	0.2399935360086017
0.35029114876141826	0.1210463194296152	0.23934182631840364
0.35054897028349774	0.12291409980174951	0.23777223543307374
0.35065456575773024	0.12467288199776304	0.23631630768210904
0.35077162293191916	0.12530014818256763	0.2358449971190702
0.3509430901041204	0.12692712944647377	0.2344310275392516
0.3509890973022316	0.1276733222651545	0.23376327886742698
0.3511238227980024	0.12940891217163336	0.2324385342811013
0.35118023918339764	0.13003268311068503	0.2320087631664149
0.35119871574796635	0.1313304488980444	0.23109581854206956
0.35109304395013363	0.13202536954693894	0.23063307219507
0.35096105655908877	0.13235719442293234	0.23053263932011875
0.3507083729781464	0.13279750629809633	0.2304408787025448
0.35021568833298544	0.1329626118678861	0.23051095857402143
0.34982456154265507	0.1330045378613922	0.23071291664276183
0.34911384299660453	0.13280438508450798	0.23097517696272493
0.3485010602399598	0.13252844491494942	0.23141876434328756
0.3471435559562074	0.1319002335010655	0.23202696826817057
0.34630544384667283	0.13143874664895666	0.23253710120006155
0.34578198427788087	0.13121821344060514	0.2328185114142233
0.3448615801061053	0.13080980763717648	0.23320238520153644
0.34400671379109443	0.13046371685928393	0.2336098540867115
0.3422521510905356	0.12972870266828634	0.23435322173831086
0.34117514412046823	0.12932489134781955	0.23469852997488114
0.34016726034064537	0.1289065584037426	0.23508882694046085
0.3391327612255977	0.12849989253644417	0.23535495342553564
0.3370144596308985	0.12772888340883615	0.23578285785096278
0.3362136427818885	0.12739862507866717	0.23596326941028156
0.3347393153857745	0.126859592955269	0.23618729921961995
0.3329427201289124	0.12619333567779759	0.236353529517085
0.330487085425635	0.12532111966411597	0.23640266880413208
0.3273523352750994	0.12420569300506543	0.23646673670154256
0.32527659758307825	0.12346077732855013	0.2365361885043105
0.32308875654248215	0.12267662590649982	0.2366391039851528
0.3207728215598909	0.1218410751864647	0.23669611490280762
0.31798402042903173	0.12089705387713136	0.23665956533337826
0.31437881565479747	0.11974867614203366	0.2365916521646672
0.3118093114177643	0.11897408319099738	0.23654818485907284
0.31032441852545395	0.11854056551746603	0.23648717135611552
0.3078936563574792	0.11785961540488642	0.23637024117452624
0.3059045422007163	0.11730446322438687	0.2362718968837893
0.30409135737688775	0.11691156566321223	0.23607310753783528
0.3020999151520593	0.11663636626248433	0.23569849731712572
0.3019362677786784	0.11669973155550172	0.23555808286093677
0.30233243986239405	0.11708288308976093	0.23522111714055852
0.3026845858518302	0.11738255682519189	0.23496019075187846
0.30296712181213276	0.11756557913956661	0.23481307621488276
0.3038349036033965	0.11799923460155783	0.2342652326104851
0.3041159915264498	0.1181413643391893	0.2341071262228732
0.3046555295216024	0.1184811905917345	0.233795192848953
0.30504615785681544	0.11879687026294754	0.233464723855666
0.30534077728457837	0.11906132374472018	0.23317997227413573
0.30572459601079793	0.1194316210391114	0.23279782736898036
0.3062269988968882	0.1199888031276423	0.23229646782384167
0.30664768232131967	0.12044108868497144	0.23193300166717107
0.3070478948473422	0.1208251616787574	0.23165734490949857
0.30733076712371754	0.12112020256787416	0.23144256212756883
0.307630162063364	0.12152194958116432	0.23110544908337097
0.30796750307005843	0.12193575534252722	0.23078735470012485
0.3086366992915519	0.12272859595860111	0.2302045032917449
0.3090125729876449	0.12318457939924259	0.22987961503273985
0.309298197971318	0.12360131633642352	0.22955202014128276
0.30963988949148297	0.12404954392531528	0.22922746733079694
0.30980385117385384	0.12426571656347442	0.22907355201533697
0.310068887333358	0.12463358616677453	0.22880091720748863
0.3104728977042359	0.12512115664852125	0.22848202963740546
0.3109647198042564	0.12588841342410506	0.22790713578816799
0.3112348976273797	0.12625243212742987	0.22765880477864442
0.3115300545730411	0.12667299462733744	0.2273597764498713
0.3117678580387209	0.12699452312453025	0.22714244859002605
0.3123065921588902	0.12769638652673465	0.22668518897795603
0.312396287180773	0.12783375956365187	0.226590664852324
0.3127613496689305	0.12846191062901904	0.22613002833578483
0.31318192587733595	0.12905355921123338	0.22574172677975138
0.3134664168748955	0.12944993704168922	0.22547964604921894
0.3137691528097617	0.12986524228010748	0.22521333585115805
0.31392004916336785	0.13007887508865495	0.22507504969579845
0.31423300833785495	0.13061656739398914	0.22469631185810532
0.3146085250053727	0.13121145424350222	0.2242958188614767
0.31487584855713247	0.13162180802968493	0.22402646657461106
0.31507500351561535	0.13195908628760697	0.2237994686827746
0.31533206635341604	0.13233784119910597	0.22355744923588144
0.31556197346655024	0.1326567754551669	0.22335871094882134
0.31585079315714887	0.13305238310017103	0.22311801497064904
0.3162444417349533	0.1337704186178156	0.2226232097052298
0.31644856488145495	0.13412823889853653	0.22238868993506858
0.31667440697443994	0.13449983383941116	0.2221472742065172
0.3168657118638627	0.13482805419381844	0.22193118985355598
0.3171380131141305	0.13522957382265216	0.22168838083987297
0.3174516134336509	0.13565162396314895	0.22144811118316807
0.31767791586939875	0.13600283166814398	0.2212311667417433
0.31788180735367305	0.13632678795883035	0.22086166709625396
0.3180303111528032	0.13634219420438434	0.22066780331499158
0.31827693552147057	0.13639167603079305	0.22052781404271743
0.3187320458240443	0.1365357521487854	0.22027630031344397
0.3191385425427707	0.1366129657698051	0.22018337541045774
0.3195769253796976	0.13664112090401148	0.2201382669200704
0.32001345818049837	0.13661064700596723	0.22006801590296435
0.32059738708595065	0.1365497037708741	0.21997167813410118
0.32080217488159657	0.13661145018816184	0.21991788074199395
0.32136005895933833	0.13679492426301398	0.21976675778079413
0.3216793235392855	0.13686513790681837	0.21968823563742895
0.3220228295253437	0.1369001148747105	0.21961490101145173
0.32254524456519523	0.13687985835316208	0.21952240873429232
0.32294098945280764	0.1368306474588231	0.21946031535464885
0.32365383815076026	0.1368466093006343	0.21932893330454067
0.32403150469035724	0.1369731467715974	0.21923658177469105
0.32442523891549013	0.13711204494005186	0.21913893324972974
0.3247879612481048	0.13722282090657473	0.21904366283045534
0.3252194356953378	0.13729146220642996	0.21894464650642415
0.32568734263136945	0.13730332084868618	0.21885308454950153
0.3263012012351387	0.13730886368853648	0.21873481460388577
0.32658304996992177	0.13739907835246123	0.2186597795679457
0.32690947487330846	0.13752462011580646	0.21856535719717346
0.3276453021805497	0.13780279629461756	0.21835587587751337
0.32811778651126183	0.13784815679375267	0.21825577440467406
0.3285831337350283	0.13789103257517066	0.21815797064202913
0.32903711687785603	0.13790841776229357	0.2180690925581229
0.32952304252949927	0.1379323909418609	0.2179696986406001
0.329775595620284	0.1380237746885422	0.2178500009279838
0.3300415879269512	0.13815190744728456	0.21771464807956942
0.3303578675177094	0.13824107147751974	0.21761756570325505
0.3309425432334036	0.13829563205312628	0.21749507950459293
0.33132412621311563	0.13830082588203735	0.21742197591659798
0.3317644039770288	0.13831619805377313	0.21733635168588944
0.33214847113076584	0.138359149495879	0.2172541456399014
0.3325105473286579	0.138545570983872	0.21714007644247893
0.332917087433991	0.1387381888360084	0.21701754409794352
0.3334633179612341	0.1387871572019141	0.21690443377836705
0.3338047080416154	0.1388171409801332	0.2168343419987793
0.33405093305507255	0.13883692156522429	0.21678474274390452
0.334520620450217	0.13885060374465857	0.21666932553524318
0.334768041955254	0.1388748741091527	0.21656265039114808
0.3350069859152582	0.13900673839217675	0.21644418924693104
0.3354706123337854	0.13913962487796036	0.21632627494108103
0.33568215244414495	0.13930260842368902	0.2162541570045783
0.33588134973376765	0.13948503119516276	0.2161802910594413
0.3364021937919466	0.1399803053779914	0.21598389225447215
0.3366482458979053	0.14021635285407263	0.2158907623935632
0.33688636157902685	0.14044494617236175	0.21580140829621353
0.3370691530013643	0.14062034457285577	0.2157327040992975
0.33744041856023416	0.1409775123296158	0.2155935489612848
0.3377446312929946	0.1412680504882542	0.21548162241196187
0.3380151919468661	0.14153334898244174	0.21537853470416884
0.3383309603646485	0.14184554341962896	0.21525678312433305
0.33861373105363396	0.14212609278577265	0.21514747779409343
0.3388470190922156	0.14237270008665176	0.21505535270221077
0.3391607523327507	0.1427880778319762	0.21492082130002205
0.33931347705614523	0.14298843087306035	0.2148554161668983
0.3396620757976918	0.1434419993773094	0.21470560489900445
0.33986987236082644	0.1437115478303242	0.2146159340296253
0.34012015737512374	0.14398616764381994	0.2145149791151708
0.34033196225775497	0.14420352362288213	0.21443131911420438
0.34064256976825186	0.1445752043872679	0.21430325470160583
0.340882209221529	0.1448924050753112	0.21419933125998822
0.34101089464766016	0.14506639602807261	0.21414245962807213
0.3413083447984878	0.14546529348349574	0.21401276444250403
0.34150901314944504	0.14572986341707247	0.21392495950799553
0.34180900337683456	0.14605407575869894	0.21380611033124752
0.3420015852761287	0.14628382321298486	0.2137253030629212
0.34220530031801505	0.14655891958074396	0.21363595521936737
0.34231915959633097	0.14671473916430164	0.2135852455242282
0.3425689132154185	0.14706480443278241	0.21347147591898807
0.3428467206319636	0.14737944742372738	0.21335774641977764
0.3429632525476927	0.14750241036035136	0.21331168351513288
0.3432299824575849	0.14779745447689246	0.21320418830420845
0.343391685240497	0.14803486463193558	0.21312867680833383
0.34359425177406977	0.1483333381094077	0.21303374149878596
0.3438258904591556	0.14867152943049095	0.21292547889246136
0.3439754608559529	0.14888693125204483	0.212856082538731
0.3440181481009665	0.14894283718365667	0.21283709074518445
0.34401785775649457	0.14894215596335048	0.21283696746811356
0.3440180161145154	0.14894268434117686	0.2128369246104681
0.34401693499411484	0.14894279302086277	0.2128372776958031
0.34400537378565316	0.14899492027819983	0.2128305408946415
0.3439922524620014	0.14904841985061917	0.2128234703996464
0.3439894540419569	0.14905543782883762	0.21282302343185905
0.34398764712066876	0.14905440626911295	0.21282358560339268
0.34398598232610733	0.1490522533455867	0.21282428643961832
0.3439861329502886	0.14905177816689547	0.21282485438928994
0.3439845514268931	0.14905004340506334	0.21282510538720606
0.3439836844918663	0.14904956069921793	0.21282524165284264
0.34398341437963914	0.14904837593033238	0.21282599030847857
0.34398372580353326	0.14904552240319952	0.21282694011020237
0.3439819395884728	0.14904407293209326	0.212827090670598
0.343981268864766	0.1490421407569114	0.21282770988022676
0.3439811996072098	0.1490428962654851	0.2128274568419988
0.3439805934813511	0.14904096538789807	0.21282840982161616
0.34397961791260506	0.14903987652298975	0.21282841807020042
0.34398016606206655	0.1490397046196983	0.21282915766937166
0.3439788689677029	0.14903904268475882	0.21282860874513607
0.3439784615359905	0.14903847746115328	0.2128292931023006
0.3439792708869376	0.14903741940569576	0.21282980284271782
0.3439780773363445	0.14903637114849927	0.2128293069468006
0.34397875405274947	0.14903555931948906	0.2128302544532591
0.3439790387905803	0.1490361419077833	0.21283054363288345
0.34397790141099976	0.14903602137543814	0.21282981384612026
0.34397762570316776	0.1490356361395393	0.212829987987658
0.3439784692143844	0.14903574012147253	0.2128302064786726
0.34397846706592355	0.14903619550614525	0.21283016290884602
0.34397845598057386	0.1490356063732452	0.21283038604692672
0.34397744592575397	0.14903565991279005	0.21282995311640204
0.34397789363273973	0.1490355459546587	0.21283000815156577
0.3439778342547601	0.14903583938931136	0.21283033030310733
0.34397757815801	0.14903505165011852	0.21283005571682917
0.343977404707473	0.1490355128497874	0.21282998113653664
0.34397839299519306	0.1490347440767194	0.21283047496308205
0.34397810625103686	0.14903495449481227	0.21283042354751308
0.3439779033833047	0.14903553549183282	0.21283035203606201
0.3439784369258184	0.14903456931484846	0.21283049890330086
0.3439783031873698	0.14903484641483425	0.2128304491251905
0.34397780451172133	0.14903482377437766	0.21283007822502098
0.3439781003197524	0.14903542741199327	0.21283037761343965
0.3439784369258183	0.14903456931484838	0.212830498903301
0.34397769567153463	0.14903531177225293	0.2128300316882335
0.3439784632466495	0.14903573304940748	0.2128298649563836
0.343978079776449	0.1490350772290606	0.2128304070118311
0.3439773782327936	0.14903563558288663	0.21282996460109377
0.34397864645017007	0.1490352613868049	0.2128302834239617
0.3439775856423097	0.1490348383022153	0.21283040457972738
0.3439773782327936	0.14903563558288657	0.2128299646010938
0.3439776121165127	0.1490347155687656	0.212830421115178
0.3439779449060365	0.1490358197413053	0.21282984101203659
0.3439780606078747	0.1490356115138593	0.21283035281033708
0.34397846706592367	0.1490361955061451	0.212830162908846
0.3439783098416186	0.14903611948357015	0.2128301621346031
0.34397853918534	0.1490354157510987	0.2128302501815253
0.34397915141386287	0.14903563637087935	0.21283059253181502
0.3439779683898156	0.14903617286291124	0.21282979200818278
0.34397773832539363	0.1490351306078653	0.21283003688591906
0.3439786421740949	0.14903528365395852	0.21283028055113815
0.3439783098416186	0.1490361194835701	0.21283016213460296
0.3439784235698999	0.14903639714215589	0.2128301357423384
0.3439784328728976	0.14903459228835286	0.21283047683233097
0.3439783707405318	0.14903487615186933	0.2128304575647711
0.3439780797764489	0.14903507722906065	0.2128304070118312
0.34397801064851946	0.14903538112683162	0.2128303852788213
0.3439774262170688	0.14903635185191055	0.21282939394206984
0.3439786264385566	0.14903581614432354	0.21283020725277893
0.3439785231185217	0.14903451682453633	0.2128304994455477
0.3439784235698998	0.149036397142156	0.21283013574233833
0.3439786264385566	0.14903581614432354	0.21283020725277893
0.3439791279295786	0.14903528324936455	0.2128306415360832
0.34397816787289304	0.14903545714907634	0.21283038605302237
0.34397866993437937	0.1490356145083162	0.2128302344196321
0.3439782603778421	0.14903631404762951	0.21282979344592035
0.34397826634579615	0.14903632111916337	0.21283013496821643
0.3439783098416186	0.14903611948357015	0.2128301621346031
0.3439786571868564	0.14903583186809768	0.21283019800270564
0.34397848549440285	0.149035496071026	0.21283038205786167
0.3439782663457962	0.14903632111916335	0.21283013496821634
0.34397779115260824	0.14903665159575663	0.21282971506408382
0.34397851271000607	0.1490355384858825	0.21283023364540468
0.34397887328376947	0.14903617062950003	0.21283004466959363
0.34397956186572204	0.14903562523643554	0.21283014309508258
0.34397899418949446	0.1490355603484384	0.2128305917572909
0.343978034133042	0.14903573424836375	0.2128303362747918
0.34397840008697933	0.14903604402055953	0.21283018474667262
0.34397960659241505	0.14903586065397784	0.21283093626771937
0.3439784235698999	0.14903639714215589	0.2128301357423384
0.3439777877695458	0.1490365168805907	0.212830237599172
0.3439782663457962	0.14903632111916335	0.21283013496821634
0.34397823700096497	0.14903515325119981	0.21283040778601683
0.3439784232706099	0.14903537613958506	0.21283025537315753
0.34397866993437953	0.1490356145083161	0.21283023441963209
0.34397826634579615	0.14903632111916337	0.21283013496821643
0.34397826634579615	0.14903632111916335	0.2128301349682164
0.343978916780535	0.14903596899308927	0.2128300718369983
0.34397792489384266	0.14903637449703078	0.21282976484172234
0.3439786116364194	0.14903605446302598	0.21283051936121516
0.34397862643855653	0.1490358161443237	0.21283020725277887
0.34397808666111623	0.14903623423572043	0.21283013408370322
0.34397851271000596	0.14903553848588252	0.21283023364540482
0.3439783098416186	0.14903611948357015	0.2128301621346031
0.34397887113582193	0.1490366260142475	0.21283000110088818
0.3439795320008771	0.14903571375680053	0.21283047972826658
0.3439784692143844	0.1490357401214725	0.21283020647867262
0.34397846921438446	0.14903574012147247	0.2128302064786725
0.34397846706592367	0.1490361955061451	0.212830162908846
0.34397866557308016	0.14903594690885852	0.21282972432057862
0.3439790305078084	0.1490362466526261	0.21283004544373887
0.34397862643855653	0.1490358161443237	0.21283020725277887
0.3439784235698998	0.149036397142156	0.21283013574233833
0.34397887113582193	0.14903662601424733	0.21283000110088812
0.34397866993437953	0.1490356145083161	0.21283023441963209
0.34397846921438446	0.14903574012147247	0.2128302064786725
0.3439782663457962	0.14903632111916335	0.21283013496821634
0.3439786264385566	0.14903581614432354	0.21283020725277893
0.3439783098416186	0.1490361194835701	0.21283016213460296
0.34397826634579615	0.14903632111916337	0.21283013496821643
0.34397862643855653	0.1490358161443237	0.21283020725277887
0.3439783098416186	0.14903611948357015	0.2128301621346031
0.34397871391165014	0.1490365499913977	0.21283000032660626
0.34397826634579615	0.14903632111916337	0.21283013496821643
0.34397844086837914	0.14903642198390088	0.2128301243488016
0.3439790305078084	0.1490362466526261	0.21283004544373887
0.34397846706592355	0.14903619550614525	0.21283016290884602
0.34397881510654194	0.14903465800891452	0.21283050088349642
0.34397826634579615	0.14903632111916335	0.2128301349682164
0.3439782663457962	0.14903632111916335	0.21283013496821634
0.34397887113582193	0.14903662601424733	0.21283000110088812
0.3439785879686447	0.14903595308321116	0.2128302071135925
0.3439788276386543	0.14903682765107917	0.21282997393370806
0.34397867041468383	0.14903675162781171	0.21282997315954713
0.34397803628205303	0.14903527886377105	0.21283037984581943
0.3439774933767198	0.14903661945378577	0.21282923047443392
0.3439781277627238	0.14903579349906806	0.21282983635186917
0.34397822991548377	0.14903644500824711	0.2128296062825402
0.34397887328376947	0.14903617062950003	0.21283004466959363
0.3439789613802518	0.1490365505526419	0.21283002371197943
0.3439776339284253	0.14903657557273584	0.21282971429026873
0.3439784235698999	0.14903639714215589	0.2128301357423384
0.3439787765282658	0.1490370338798705	0.21282946839091266
0.3439784235698998	0.149036397142156	0.21283013574233833
0.3439786704146838	0.14903675162781166	0.21282997315954702
0.3439784235698999	0.14903639714215589	0.2128301357423384
0.3439785332544991	0.14903588866843626	0.2128302042485904
0.34397826634579615	0.14903632111916337	0.21283013496821643
0.34397885722848887	0.14903617461039848	0.21283004705825015
0.3439789167805349	0.14903596899308913	0.21283007183699834
0.34397903050780837	0.14903624665262594	0.21283004544373885
0.3439781277627238	0.1490357934990681	0.21282983635186928
0.3439789613802519	0.149036550552642	0.21283002371197943
0.34397871391165014	0.1490365499913977	0.21283000032660626
0.3439790305078084	0.1490362466526261	0.21283004544373887
0.34397887113582193	0.14903662601424733	0.21283000110088812
0.3439778111655055	0.14903609684034375	0.21282979123424717
0.34397826634579615	0.14903632111916335	0.2128301349682164
0.34397862094971127	0.14903694619193014	0.2128296044698752
0.3439791436104725	0.14903687823666226	0.2128298330827268
0.3439788276386542	0.149036827651079	0.21282997393370798
0.34397846706592355	0.14903619550614525	0.21283016290884602
0.34397753545724624	0.14903571160515966	0.21282996537498777
0.3439788732837694	0.14903617062949998	0.21283004466959352
0.3439789184263269	0.14903595732956867	0.21283020869083355
0.3439783289623056	0.14903680500592606	0.21282960303229004
0.3439784692143844	0.1490357401214725	0.21283020647867262
0.34397930911858676	0.1490368495153691	0.21283033204633597
0.3439786704146838	0.14903675162781166	0.21282997315954702
0.3439786264385566	0.14903581614432354	0.21283020725277893
0.3439777676697339	0.14903629847404581	0.2128297640679076
0.3439781277627238	0.1490357934990681	0.21282983635186928
0.3439788276386542	0.149036827651079	0.21282997393370798
0.3439788276386542	0.149036827651079	0.21282997393370798
0.34397762741506327	0.14903736335942075	0.2128291606234387
0.34397851271000607	0.1490355384858825	0.21283023364540468
0.34397851271000596	0.14903553848588252	0.21283023364540482
0.34397867041468383	0.14903675162781183	0.21282997315954705
0.3439782663457962	0.14903632111916335	0.21283013496821634
0.34397867041468383	0.14903675162781171	0.21282997315954713
0.3439788276386542	0.149036827651079	0.21282997393370798
0.3439791631235917	0.14903676719949016	0.2128300025392684
0.34397849073015596	0.14903666474405458	0.2128299722749895
0.34397851271000607	0.1490355384858825	0.21283023364540468
0.34397837245942253	0.14903660337098562	0.21282963019942291
0.3439784692143844	0.14903574012147253	0.2128302064786726
0.3439784692143844	0.14903574012147253	0.2128302064786726
0.3439788276386543	0.14903682765107917	0.21282997393370806
0.34397903050780837	0.14903624665262594	0.21283004544373885
0.3439788276386542	0.149036827651079	0.21282997393370798
0.3439787139116502	0.14903654999139754	0.21283000032660632
0.3439790740047751	0.14903604501579748	0.21283007261126455
0.3439784235698999	0.14903639714215589	0.2128301357423384
0.34397887328376947	0.14903617062950003	0.21283004466959363
0.3439788276386543	0.14903682765107917	0.21282997393370806
0.3439788492985147	0.1490362612289574	0.21283018695887743
0.3439780140341174	0.14903551584252567	0.2128298627447552
0.3439777676697339	0.14903629847404581	0.2128297640679076
0.34397726899295483	0.14903627582893308	0.2128293931685623
0.3439772689929547	0.14903627582893303	0.21282939316856236
0.3439783333255067	0.14903647260529793	0.2128301131313868
0.34397853183168414	0.14903622400734257	0.2128296745420272
0.3439785612556359	0.1490350990915879	0.21283076512288765
0.34397846706592367	0.1490361955061451	0.212830162908846
0.34397866993437937	0.1490356145083162	0.2128302344196321
0.34397813015670864	0.14903603260060425	0.21283016124995166
0.3439788276386543	0.14903682765107917	0.21282997393370806
0.34397867041468383	0.14903675162781183	0.21282997315954705
0.3439773392807062	0.14903562093219497	0.2128303059031513
0.34397796838981565	0.1490361728629112	0.21282979200818278
0.3439788276386542	0.149036827651079	0.21282997393370798
0.34397866993437937	0.1490356145083162	0.2128302344196321
0.3439790744828077	0.14903718213727046	0.21282981135112738
0.3439783098416186	0.1490361194835701	0.21283016213460296
0.3439788276386542	0.149036827651079	0.21282997393370798
0.34397887113582193	0.1490366260142475	0.21283000110088818
0.3439788276386542	0.149036827651079	0.21282997393370798
0.34397826634579615	0.14903632111916337	0.21283013496821643
0.3439784235698998	0.149036397142156	0.21283013574233833
0.3439786264385566	0.14903581614432354	0.21283020725277893
0.34397919539163646	0.14903657185385444	0.2128303584389832
0.34397879818800975	0.14903646745727628	0.2128296814148365
0.343978512710006	0.14903553848588252	0.21283023364540488
0.3439790305078084	0.1490362466526261	0.21283004544373887
0.34397907400477523	0.14903604501579767	0.21283007261126458
0.3439782641968935	0.1490367765039028	0.21283009139910664
0.34397853183168414	0.14903622400734257	0.2128296745420272
0.34397866993437937	0.1490356145083162	0.2128302344196321
0.34397842469534023	0.14903639192494694	0.21283013644525933
0.3439783098416186	0.14903611948357015	0.2128301621346031
0.3439791196260503	0.1490369688370971	0.21282997537186382
0.3439784235698998	0.149036397142156	0.21283013574233833
0.3439784235698998	0.149036397142156	0.21283013574233833
0.34397859312419454	0.14903602077631264	0.21282971360037395
0.3439782663457962	0.14903632111916335	0.21283013496821634
0.3439786704146838	0.14903675162781166	0.21282997315954702
0.34397891678053494	0.14903596899308913	0.2128300718369984
0.34397832612132373	0.14903587543254918	0.21283033771302276
0.34397919539163657	0.1490365718538545	0.21283035843898318
0.34397887328376947	0.14903617062950003	0.21283004466959363
0.3439778769085944	0.14903565822608317	0.21283033550059055
0.34397867041468383	0.14903675162781171	0.21282997315954713
0.34397860080629783	0.14903591840707486	0.21283021268687885
0.34397749196249905	0.14903591323839968	0.212829938209248
0.3439778334139976	0.14903585986079682	0.2128303083349243
0.3439788276386542	0.149036827651079	0.21282997393370798
0.3439787139116502	0.14903654999139754	0.21283000032660632
0.34397783464931614	0.14903644996206789	0.21282974223096718
0.3439786264385566	0.14903581614432354	0.21283020725277893
0.3439784235698999	0.14903639714215589	0.2128301357423384
0.3439784435820668	0.14903584238453557	0.21283021191263624
0.3439784830125783	0.14903580948952272	0.21283019047780802
0.34397846706592355	0.14903619550614525	0.21283016290884602
0.3439784692143844	0.1490357401214725	0.21283020647867262
0.34397826634579615	0.14903632111916337	0.21283013496821643
0.3439784235698999	0.14903639714215589	0.2128301357423384
0.3439781824728881	0.14903666930589293	0.212830096520349
0.343978596053827	0.1490359031636031	0.21283019654219598
0.34397817125849595	0.1490355918649517	0.21282986351867517
0.34397896192252353	0.14903575569278577	0.21283023585791125
0.34397853183168414	0.14903622400734257	0.2128296745420272
0.3439786850366485	0.1490370281545747	0.21282993929090369
0.3439790693569931	0.14903604926158093	0.21283007860257946
0.343978512710006	0.14903553848588252	0.21283023364540488
0.34397817125849595	0.1490355918649517	0.21282986351867517
0.3439783098416186	0.14903611948357015	0.2128301621346031
0.34397860080629783	0.14903591840707486	0.21283021268687882
0.3439788685229268	0.14903618196201385	0.21283004334495437
0.3439780140341174	0.14903551584252567	0.2128298627447552
0.34397887328376947	0.14903617062950014	0.21283004466959357
0.3439784692143844	0.1490357401214725	0.21283020647867262
0.3439786264385566	0.14903581614432354	0.21283020725277893
0.34397931008078664	0.14903637722335572	0.21283002366333773
0.34397846921438446	0.14903574012147247	0.2128302064786725
0.3439790740047751	0.14903604501579748	0.21283007261126455
0.34397810697265696	0.14903670048118642	0.2128300906248481
0.3439777891839904	0.14903722309712705	0.21282952986550613
0.3439788041563552	0.14903647452941038	0.21283002293781889
0.3439786704146838	0.14903675162781166	0.21282997315954702
0.34397840008697933	0.14903604402055953	0.21283018474667262
0.34397887113582193	0.1490366260142475	0.21283000110088818
0.34397887113582193	0.14903662601424733	0.21283000110088812
0.3439788276386543	0.14903682765107917	0.21282997393370806
0.3439788276386542	0.149036827651079	0.21282997393370798
0.3439795994611858	0.14903700236251927	0.21283019663201036
0.34397867041468383	0.14903675162781183	0.21282997315954705
0.34397876168519126	0.1490367422234255	0.21282996328711368
0.3439784235698999	0.14903639714215589	0.2128301357423384
0.3439788276386543	0.14903682765107917	0.21282997393370806
0.3439788276386542	0.149036827651079	0.21282997393370798
0.3439784235698998	0.149036397142156	0.21283013574233833
0.3439784235698998	0.149036397142156	0.21283013574233833
0.3439786264385566	0.14903581614432354	0.21283020725277893
0.34397846921438446	0.14903574012147247	0.2128302064786725
0.34397792489384266	0.14903637449703078	0.21282976484172234
0.3439782663457962	0.14903632111916335	0.21283013496821634
0.3439786704146838	0.14903675162781166	0.21282997315954702
0.3439786704146838	0.14903675162781166	0.21282997315954702
0.34397826634579615	0.14903632111916337	0.21283013496821643
0.3439784435820668	0.14903584238453557	0.21283021191263624
0.343978916780535	0.14903596899308927	0.2128300718369983
0.3439780586350345	0.1490360973983873	0.21282981461993472
0.34397826634579615	0.14903632111916337	0.21283013496821643
0.3439784235698998	0.149036397142156	0.21283013574233833
0.34397867041468383	0.14903675162781183	0.21282997315954705
0.3439784235698999	0.14903639714215589	0.2128301357423384
0.34397837245942253	0.14903660337098562	0.21282963019942291
0.34397821688149544	0.1490365156825244	0.21282976627923542
0.3439788276386542	0.149036827651079	0.21282997393370798
0.3439780482867111	0.14903660704574911	0.21282940565780528
0.34397907400477523	0.14903604501579767	0.21283007261126458
0.34397867041468383	0.14903675162781183	0.21282997315954705
0.3439788276386542	0.149036827651079	0.21282997393370798
0.34397813015670875	0.14903603260060433	0.21283016124995166
0.34397862643855653	0.1490358161443237	0.21283020725277887
0.3439787139116502	0.14903654999139754	0.21283000032660632
0.34397862643855653	0.1490358161443237	0.21283020725277887
0.3439784692143844	0.14903574012147253	0.2128302064786726
0.3439786704146838	0.14903675162781166	0.21282997315954702
0.34397823700096497	0.14903515325119987	0.2128304077860168
0.34397840008697933	0.14903604402055953	0.21283018474667262
0.3439790048766846	0.14903634891537965	0.21283005087873638
0.34397871391165014	0.1490365499913977	0.21283000032660626
0.34397867041468383	0.14903675162781183	0.21282997315954705
0.3439784235698999	0.14903639714215589	0.2128301357423384
0.3439788949887324	0.14903579306068965	0.21283052960754853
0.34397887113582193	0.14903662601424733	0.21283000110088812
0.3439786264385566	0.14903581614432354	0.21283020725277893
0.3439787139116502	0.14903654999139754	0.21283000032660632
0.34397862476892604	0.14903740864946086	0.21282990242472388
0.34397828952015413	0.14903634514738404	0.21282980621854075
0.3439786704146838	0.14903675162781166	0.21282997315954702
0.343977564800347	0.1490368794717958	0.2128296925587919
0.3439783098416186	0.14903611948357015	0.2128301621346031
0.34397867041468383	0.14903675162781171	0.21282997315954713
0.3439783098416186	0.1490361194835701	0.21283016213460296
0.34397826634579615	0.14903632111916337	0.21283013496821643
0.3439791514138628	0.1490356363708794	0.21283059253181505
0.3439784235698998	0.149036397142156	0.21283013574233833
0.3439784692143844	0.1490357401214725	0.21283020647867262
0.3439783289623056	0.14903680500592606	0.21282960303229004
0.34397826634579615	0.14903632111916337	0.21283013496821643
0.34397749196249905	0.14903591323839968	0.212829938209248
0.34397867041468383	0.14903675162781183	0.21282997315954705
0.3439783098416186	0.1490361194835701	0.21283016213460296
0.34397867041468383	0.14903675162781183	0.21282997315954705
0.3439784235698998	0.149036397142156	0.21283013574233833
0.3439787395423395	0.14903644772802685	0.21282999489137164
0.34397887328376947	0.14903617062950003	0.21283004466959363
0.34397866634552043	0.14903651453205805	0.2128301369380063
0.3439788476525867	0.14903627289256552	0.21283005010445494
