0.3440667482650312	0.14737792801097965	0.2131920148644606
0.3440667482650312	0.14737792801097965	0.2131920148644606
0.34406790155461053	0.14737782422636797	0.2131923002208748
0.34406778026306367	0.14737751669518961	0.21319247420232754
0.34406790155461053	0.14737782422636797	0.2131923002208748
0.34406788429312296	0.1473772164316502	0.21319251256915378
0.34406729834023897	0.14737778753015213	0.21319240304059411
0.3440687581986565	0.14737813082660503	0.2131921677104879
0.34406739896290756	0.14737774344014598	0.21319192476454984
0.34406726505202234	0.14737749716723705	0.21319209059073027
0.34405057336809125	0.14740732216955862	0.2131869436407017
0.3439563658433646	0.14748008527415032	0.2131697891290099
0.3437449947352896	0.14746481785594986	0.2131564090462953
0.34373111259739764	0.14746170307068607	0.21315564070407864
0.34372667343950447	0.14746137360420436	0.2131555818601378
0.34372639700713875	0.1474613594022476	0.21315591698084893
0.34372603767423493	0.14746110523218858	0.21315558731710066
0.3437256714654233	0.1474603354332562	0.21315546366780228
0.34372668172439813	0.14746002383289836	0.21315592507846542
0.343726985907054	0.1474602234930808	0.2131555974528979
0.3437288573445431	0.14745927092651068	0.21315603966893057
0.3437297121273971	0.14745971553956994	0.21315603704569497
0.34372997686636725	0.14745967081718966	0.21315572562561405
0.34373100894703135	0.1474601548533382	0.2131557537150748
0.3437313599267085	0.14746025435430504	0.21315576303558523
0.3437319907169663	0.14745912384929755	0.21315608895965057
0.34373328108610446	0.14745976042801096	0.21315630068346625
0.3437337431959714	0.14745891040905384	0.21315656437511893
0.3437339344387614	0.14746013171022354	0.21315645593476407
0.34373439687671503	0.14745885124127295	0.21315663366988563
0.34373489508124655	0.14746030013995798	0.21315637013545088
0.3437343489493911	0.14745971368362648	0.21315619369434816
0.343734985284989	0.14746004002148638	0.21315640322983642
0.34361373745866136	0.14752075071534088	0.21299156655073587
0.34354043409142965	0.14768735336222172	0.2127473729594293
0.34351987871388423	0.14810442025909518	0.21229609547148973
0.34354071473419995	0.1485274155929765	0.2118699237141233
0.3436048640615127	0.14892041271275483	0.21142935930876083
0.3436990812331137	0.1491957734148677	0.21098877485241893
0.3438790944987046	0.1494887150225218	0.21059566137147886
0.3439978014711123	0.14986347712842843	0.20999504793969437
0.34431408348705184	0.15000684041001916	0.20920506982552903
0.34451039899204017	0.1500545232279687	0.20887961232564978
0.34479684196980814	0.15024147132257598	0.20802919924044383
0.3451540448564795	0.15041455262488898	0.207366780669158
0.34540182024027893	0.15053746788381614	0.20655226365669888
0.34578483233686186	0.15073425098852372	0.20567724393567804
0.34610195824380546	0.150976708632084	0.20476281498092236
0.34647626540248677	0.15123725369861185	0.20369788500683644
0.34684979118623094	0.1515443005588054	0.20278320086950907
0.34737216719476754	0.15196678467992775	0.20119748710646962
0.3478238525438728	0.1523492529206793	0.20011533192658776
0.34815089068409305	0.15265695122481743	0.1990384338756793
0.3487973592574015	0.15322131556032526	0.19719383790239714
0.34918961234461326	0.15358055730973375	0.19605385845765794
0.3498234910905502	0.15416634325000217	0.19430354920345863
0.35034923561687215	0.15464677614965006	0.19278881480608706
0.3509752529543781	0.15523030546181332	0.19123995862148147
0.3518626476437393	0.15611654405069486	0.18872588139620633
0.3525502729499734	0.15677443579976896	0.1868322443610577
0.3530182669922304	0.15719277020602057	0.18570902033533498
0.35395019076235507	0.15810054389587547	0.18315238924249394
0.3547262676143496	0.15886410123521016	0.18111019638236098
0.3555831840682027	0.15972902080549323	0.1787814615759879
0.3563807482567126	0.160555550634003	0.17659314626720782
0.35728521958920406	0.16147505287202918	0.17414876671152069
0.3585992214956848	0.16276833605147117	0.17075306469822146
0.3595302956404077	0.16373794342745124	0.16820043962837086
0.36018221632479075	0.16435084149599588	0.1665383376814814
0.3614401065096845	0.16566231772373097	0.16314017317447194
0.3620426436863385	0.16625600433765958	0.1616229389999328
0.36311010979590436	0.16734658368348215	0.15869920689810857
0.3648877760660491	0.1691370770383615	0.15402743891722875
0.36539877850029157	0.16969302976757927	0.1525010091488675
0.3666920885905994	0.17099878999757429	0.14909095736726502
0.36776683833210594	0.17206315965114677	0.14612353927988564
0.3688517784428174	0.17321235568068793	0.14323584040369658
0.36986573492544855	0.17426394272491857	0.14046675734731112
0.3709672211496162	0.1753781510584782	0.13741524900603136
0.372131025918882	0.17659793658503914	0.13419250967071922
0.3734653209702905	0.17801106311374137	0.13034308523508487
0.3745621662651601	0.17905923961380832	0.12739318349266032
0.3755443542256382	0.18011875840817537	0.12451965005268817
0.3761803741659056	0.18078329544539062	0.12263785369329505
0.37724614043136095	0.18187086064152708	0.11963986406941324
0.37900170570871855	0.183626413166473	0.11467592521773895
0.37961175279245507	0.18426457180590594	0.11282918666875569
0.380742034260466	0.18542518111709372	0.10963082231994292
0.38200788920430495	0.1867397800340227	0.10582745933712379
0.3828644138146786	0.18760279074414726	0.10309368653870266
0.38378851872107433	0.1885318055958904	0.10032199349420451
0.3849868955976659	0.18976824604686426	0.09668874673553673
0.38566466794502424	0.19050039620020415	0.09445749383254587
0.38678733371416796	0.1916115990697494	0.0910465973074211
0.3875988518042865	0.1924036094387579	0.08826498918633491
0.3884670795099513	0.19330847386177774	0.08550847374168047
0.38886970430916434	0.1937343236508206	0.08403636710788298
0.38977717222217073	0.19459197910163845	0.0812889825407157
0.3907966725200068	0.19572342714559465	0.07741476081067622
0.3918021770184914	0.19664083933316945	0.073967487266755
0.3923904109502969	0.19722275053470256	0.0716888412052134
0.3928825204987798	0.19772887290133667	0.06988302904074928
0.39362098852218647	0.19845255696365693	0.0670344339113893
0.39400472719355606	0.19883725201662011	0.06530460089666273
0.39481205402024094	0.1995723340741074	0.06189604204413118
0.3950915904397209	0.19986343726019667	0.06075185865865251
0.39545396599490085	0.20023129819901136	0.05872664851434373
0.3958418206549822	0.20075834049606217	0.05578063164375896
0.3960114436560027	0.20099783448778563	0.0546582162936351
0.3962316594741922	0.20128293823488086	0.0529329702219305
0.39646924637257697	0.20164217902274972	0.05035701958595623
0.3964863893869155	0.2018025167676844	0.0487826505092272
0.3964864596986697	0.20188480301436584	0.04722208330081712
0.3964819898077991	0.20185938348939858	0.04529068818729065
0.3964811194561993	0.20194133456881513	0.04444428783474136
0.3965935577223332	0.20195237762411394	0.04265523979027852
0.39684090429584173	0.2020301231607971	0.041439660573013126
0.3969625646168005	0.20208324363740987	0.04082036747969736
0.39722005429375823	0.20213489626944614	0.039592713283217285
0.3973753564866055	0.20217489744777284	0.03870037511946606
0.39768025667608314	0.20211248812659133	0.03720931148679746
0.39785765891898395	0.20210178026287023	0.03611436011956104
0.3980953849501073	0.20208574400311735	0.03476359622804248
0.3982775268558906	0.2019903439595911	0.033630774665684704
0.3984459599976345	0.20197732141538105	0.03271590065264618
0.39853076311647845	0.20192705846706	0.03202313662285117
0.39865712700432127	0.20185318200033142	0.031132526430510232
0.39872321364801133	0.2017964085402229	0.029666907427982836
0.3987243941190708	0.2018065342916644	0.029088176958565914
0.3988284213995804	0.20173782187722594	0.027857203683822274
0.398895311668763	0.20161039481789889	0.027414897779717784
0.3989978708891875	0.20148955226551357	0.026147928539342224
0.3990661273293418	0.20135831130708332	0.025238797704706828
0.3990011316415775	0.20137717461587507	0.024206004975512563
0.39896933979047444	0.20134172327912903	0.0237207230553107
0.3989203884224252	0.20125595939978663	0.022855948681534177
0.3989434208453754	0.20113195594900513	0.02225130924016261
0.39896677047522633	0.20102199843207547	0.021171063302504123
0.3989593170900431	0.20097347790811992	0.020791537246912906
0.3989678555381416	0.20064281208787982	0.019540989149985977
0.39898523991055146	0.2005870815146628	0.019123703973524087
0.3988671536904737	0.20053258001782154	0.01836600749685635
0.39871038887064936	0.2004846303612305	0.01773548746972864
0.3986286659055219	0.20035437399153871	0.01696653842023238
0.39858951889630306	0.2002000793394671	0.016353049508112727
0.3985563882031168	0.20009580034417102	0.015969831459057227
0.39847525814686047	0.19987386150512737	0.014904390947308
0.3984601417502425	0.19975492400416228	0.014598056464708742
0.3982298315057513	0.1996083129690669	0.013815937695686953
0.3980816211301082	0.19955207709112888	0.013355131974831791
0.39801371012443815	0.19946451437363233	0.01286906765085749
0.39791401534555493	0.19930689085907333	0.012342481802360361
0.39780282052427574	0.19907778816797417	0.011718585194754938
0.3977585654307898	0.1989236974530738	0.011359249319231157
0.39774287138783226	0.19854354971059096	0.011030671981131113
0.39759037719877144	0.19822045095499635	0.010748906697542138
0.3973448288700484	0.19775008684817463	0.010327167775899149
0.3972437849196643	0.19754985197495106	0.010143248904187163
0.3971253402754399	0.19734421965516885	0.009901332991135325
0.3969314563880478	0.19700125730333357	0.009550007642683045
0.396828999387188	0.19680270104613712	0.00936569358662076
0.3967037371880653	0.19660074331852212	0.009138171599957723
0.3963497247015998	0.19659659160911913	0.008691235666381802
0.39622183826302115	0.19667673978380262	0.008525621567993857
0.3959593625898178	0.19679234827088543	0.00823053400710011
0.3958537605496817	0.19684138594744433	0.008111479404282418
0.3956701676947076	0.19690509454116362	0.00791629072219735
0.395347349104037	0.1969896833720703	0.007595601573276267
0.3949260795814906	0.19717441049804718	0.007290955518438613
0.3946351808056995	0.19730689540245033	0.007082060326519424
0.394488053292028	0.19734761533165324	0.006944480200644032
0.3941761237980956	0.19741951704559346	0.0066435424352573325
0.3939542178719042	0.1974600639417819	0.006436137873059911
0.3937409956322498	0.19748584274542746	0.006244918921901321
0.3935961686235863	0.19748859619270737	0.006143192501443906
0.3934468403797594	0.19750675318715444	0.006040754800169745
0.39311664102403693	0.19756203963269364	0.005880580529933288
0.3929460864971284	0.19769094508920032	0.005769079336092331
0.3927644304858643	0.19783483157829745	0.0056251566845833545
0.39264790954323736	0.19791797475927198	0.005487564230604591
0.3924421582874261	0.19797279226646913	0.005276730311614686
0.3923207627914558	0.1979385135107487	0.005192471869427229
0.3920928408513247	0.19786496772331463	0.005012054328185078
0.3918862209618754	0.19787823393779652	0.004831442485591142
0.3917998484410444	0.19796712858210014	0.004701650970400817
0.39148902147022685	0.19803566530178157	0.004426180048227257
0.39139283711794104	0.19802841677791844	0.0043562574466313175
0.39122516577245914	0.19798768838648773	0.004241203221655054
0.39102477331604435	0.19803127895860317	0.004048321727916915
0.390967117677372	0.19807702913174974	0.00396840731101783
0.3907695829269273	0.1982146035289492	0.0037179111467169346
0.3907643048338689	0.19826423487418599	0.0036847498617703645
0.3909356890925982	0.19837510567907157	0.003782545697718964
0.39127084073550844	0.19863734823931012	0.0039543373125757175
0.3915274402526704	0.19880224879303054	0.004097887365666075
0.392089801215004	0.1991219544467568	0.004429363172910761
0.39238138559543934	0.19950686707995263	0.004671534628220064
0.3925193252053312	0.19974047462421762	0.004801840289309189
0.3927134880642105	0.19994868310590158	0.00494810530540063
0.3931083274167978	0.20024568458647818	0.005207357526733014
0.393682044249673	0.2005757669265803	0.005553700548579676
0.39414434343273125	0.20094365618852406	0.005928509049450359
0.3942632809685742	0.20111188819866238	0.006128427927183988
0.39447829426687997	0.20133986495078343	0.006377454650676295
0.3947234998619116	0.2015673216874963	0.006627644194815319
0.3950102082929416	0.2018062217235429	0.006906101966326794
0.3953085817401607	0.2019286136185227	0.007149112426523718
0.3956541538867152	0.20219473335588012	0.007416757246400896
0.39580668071269354	0.20240661222174638	0.007546483709538976
0.39612520065037304	0.20273259431124074	0.007852744924437716
0.3963772341152588	0.20285541268164825	0.008089798024580097
0.39665141322282427	0.20294751615370316	0.008310143551142957
0.3969168890058351	0.20307151740103668	0.00857490832526353
0.3970237487460495	0.20326228811517888	0.008763692533824086
0.3972222515085448	0.2035539008258584	0.008949639526963149
0.3973667345542598	0.2037267986521376	0.009065672068490349
0.39767528931673535	0.20394149883504475	0.00927262067597473
0.3979717290492548	0.20400408255617514	0.009538907701873156
0.39828272845288204	0.20405015745205973	0.009832023902493492
0.3983613035008873	0.20420016730124685	0.009948036488539869
0.39839515230456857	0.20443069677959314	0.010037028651967372
0.3983495706369027	0.204494702230261	0.010038108562333226
0.3983421279991387	0.20452925020982354	0.010044725949986233
0.39834770326016183	0.20453606048865586	0.010046699434426543
0.3983531957610933	0.20453863286859908	0.010048596845909752
0.3983567006802063	0.20453912315633116	0.01004907469408256
0.3983587140829722	0.2045390991598905	0.010048633963634035
0.3983619856625001	0.20454033065959948	0.010049684721351537
0.3983632559716528	0.20454122495518684	0.010049227985774623
0.39836395679086095	0.20454049459648344	0.010048876770588078
0.3983664485781657	0.20454042554596857	0.010049370211180464
0.39836637305219946	0.20454118672795835	0.010048892350582872
0.3983670555240236	0.20454215830466227	0.010048218860892189
0.398368298083367	0.20454110290943844	0.010048945013487909
0.39837659678411297	0.20448129432505946	0.010121455101764265
0.3984907699131404	0.20438603392369853	0.01049686611307643
0.3984939032995654	0.20447149111502655	0.011849488805371067
0.3983587248871226	0.20456620374372775	0.012707283103954414
0.398296169260967	0.2047012116970086	0.01603186294379738
0.39843036084951294	0.2049013320279599	0.018473128442485
0.3983570689763191	0.20507525848278108	0.02120020893418073
0.39842571509986957	0.20528363693746038	0.024042480487939333
0.39834286997048113	0.20534220174249213	0.026428187792317592
0.39829353794850464	0.20560691347125454	0.030965106773915674
0.3983099283619659	0.2059757117487777	0.037101032209226115
0.3982447605279158	0.2061615705588714	0.04138324968072371
0.3982159086607745	0.20638099896257933	0.04552813115419163
0.39817087929689077	0.20655184735486826	0.05006271467656753
0.39813218304390263	0.2069136008387198	0.05741580212558012
0.39802045623370724	0.2070899866328939	0.0628053398946522
0.39798225382889096	0.20724095285511523	0.06602402351583675
0.39785461939733	0.20740300337092432	0.07358487500952582
0.3977385467129923	0.2075550347104435	0.07914023424540528
0.3976610570808276	0.20760609219124443	0.0828172994588306
0.39751931251016825	0.2077300593182267	0.09154659867709292
0.39747350628062517	0.20780660327339223	0.0968660303707311
0.3972674665953957	0.20781958796779648	0.10444842471458676
0.39717903268947496	0.20782376372981043	0.11056778094530789
0.39706142336353184	0.20775207547827357	0.11592158275099929
0.3968506830247988	0.20759013058437853	0.12452882089540479
0.39677728276986884	0.20751337233530082	0.12803607435510606
0.3965979458431055	0.20717261174823698	0.13673372654958843
0.3964695662400731	0.2069240020988487	0.1423348953917679
0.39640814718738887	0.20661943202479371	0.14761153337175015
0.3963104968820718	0.20629627057269384	0.1525470044588994
0.39616286035330084	0.20570699745655202	0.15963581641985775
0.39606222079983716	0.2051432412061857	0.1652924084176053
0.39601660530377103	0.20460925054444096	0.17035556951299968
0.39593022376335646	0.2039029759298745	0.17523279135278313
0.39588721187886017	0.2032177256118241	0.17945077071956897
0.39578414747116597	0.20237843156211016	0.1838171322249984
0.39573664459378094	0.20120275780712	0.1892510996427857
0.39568205992835703	0.20027923890674298	0.19253293545168884
0.39568319742609365	0.19930328638080547	0.19578884385373188
0.39561779723639734	0.1980144838509415	0.19908165712319342
0.39556295276874354	0.19672535070750094	0.20177754451935084
0.39551438113830106	0.19539454922822042	0.20436117315299843
0.3953909892939582	0.19342339293731975	0.20732391109759188
0.3950842372539432	0.1917341311394071	0.20970039499211013
0.3951145175809237	0.18966007121728085	0.2129482400651766
0.3954913640795939	0.18832974482100728	0.21506344993691034
0.3958704451235141	0.18755412544759542	0.21645449650748633
0.3969591689419662	0.18627131405061287	0.21898072546943287
0.39817187663144815	0.1853136998093784	0.22103848808259732
0.4002516548866462	0.18462737029055765	0.22341174254593613
0.40180491403971663	0.18441111989687708	0.22474279747514586
0.4029631133111886	0.1843800339628584	0.22554454827160303
0.40636780331817446	0.18462235218347867	0.22745278276908837
0.40883167850905827	0.18473348747689172	0.2286724321807255
0.4115087635624238	0.18464070961841694	0.2300031021614658
0.41348841557432425	0.18441344642439075	0.23091757139620064
0.41533845073731823	0.18402460648395125	0.23172826828021142
0.41736500573225377	0.1833605255335444	0.23255049442032857
0.4186366697192945	0.18283517452235581	0.23303988076904641
0.42068670509827005	0.18164036589193816	0.23361313015621543
0.4224426506746643	0.1804269223348056	0.233904628433417
0.42315602421870196	0.1798761486942946	0.23390957543749147
0.4242706846251244	0.17856336508492732	0.23356934777093152
0.4253524856545345	0.17731258263463767	0.2331678720463391
0.4264069520537024	0.17607616557516198	0.232636912848729
0.4269711122835621	0.1750934165181337	0.23194313315615367
0.42745377137569807	0.17400429423894753	0.2309514344605246
0.4277327417090299	0.17338036882583158	0.23030145405241637
0.4282157523049879	0.17228322478399094	0.2290310876790503
0.428673302428947	0.17106466076308308	0.22722077080414524
0.42908162398961236	0.1698600603442704	0.2250156238632201
0.429204505228197	0.16894625549082462	0.22325726703602933
0.4291921559227398	0.1678480381104863	0.22145223563482172
0.4289821976508748	0.1664653084720099	0.21949177258414257
0.42873601762932345	0.16526908135671325	0.21786148642641176
0.42819937723211565	0.16369212640188485	0.21607878534733363
0.42750046118335294	0.16194180937888042	0.2141957358182972
0.4264565169210305	0.15946055121391212	0.21200634189959772
0.42608391733334156	0.15849525778452053	0.21120789983097776
0.42476398764220474	0.15567479865080258	0.20922641601153122
0.42405228230309666	0.15417013034046145	0.2083246093513529
0.42274715276606356	0.15115806436699242	0.20693613064290767
0.42180425486508233	0.1488568388144753	0.20618006507690936
0.4207874244195801	0.14629913703887404	0.20552462996315796
0.419889549908852	0.14397838299697102	0.2051978006552111
0.4189469889064635	0.1414550201993185	0.2050422908506619
0.41757558163651914	0.13775694805567296	0.20512131328793182
0.4167310621407261	0.13542993664124503	0.20538257273413318
0.41583086289021076	0.13296599993625174	0.20591990114226938
0.4149005127449684	0.13052987921578396	0.20669979682259368
0.41437393476387124	0.12913811758803218	0.2071464686109981
0.4125698993273574	0.1251648415242757	0.20833067018193746
0.4117027616858127	0.12358066745795589	0.20874204764416124
0.41076283305738653	0.12196736565190759	0.2090978244480131
0.41012436008925146	0.1208033335657809	0.20944448614839148
0.4091312098996325	0.1187874405498512	0.21000337151229542
0.40829054113522095	0.11707582800905815	0.21049499240357372
0.40721964191064547	0.11559889247763384	0.21095943579760348
0.40678351683501424	0.11503403009020284	0.21123080682206588
0.4060915756578006	0.11414894109662223	0.21160375315673474
0.40543614700573055	0.11349469317211068	0.21204795864375664
0.4050375067868106	0.11308572933257645	0.2123100588372394
0.40428401530314173	0.11226644831133296	0.21272582100331197
0.4035763383373621	0.11154370038903096	0.21323397648182635
0.40301882471833184	0.11091473915264059	0.21356013181660738
0.40272517812934655	0.11056193056161574	0.21372908694148532
0.4021066384686889	0.1098387331899734	0.21425772653181166
0.40148688405797944	0.10916150358168124	0.21462887986251308
0.4009197776779354	0.10847018716881231	0.21503767674585927
0.40039555482895456	0.10782324400098507	0.21544516863473187
0.40013395555651754	0.10751642225293924	0.21561689383180763
0.3995091568940874	0.10674881672322765	0.21610475820839722
0.3991348043267645	0.10629920457013466	0.21636868180645052
0.39847517825344114	0.1054373659663475	0.21688272822291094
0.3982181170372225	0.1051386522284372	0.21708180670954677
0.397812905917209	0.1046436664210016	0.2173634187290708
0.3973225915275067	0.10398561118803755	0.2177431788689701
0.39679622010305343	0.10331623892617182	0.21812551836618094
0.3963645165851614	0.10277922949219169	0.2184887472067454
0.3959233543989252	0.10224259928386163	0.21874834391550224
0.3954630476571628	0.10163478443632641	0.21912705550884615
0.39502777646893894	0.10105937336932476	0.21947885154342872
0.39468949939549974	0.10061652027472491	0.21971392576929388
0.39422113008233783	0.10002533826106368	0.22001488388875814
0.3939744696370578	0.09970297171372476	0.22028440123829932
0.3933053956929425	0.09881239349747183	0.2207715245834
0.3928759589142508	0.09822179748056602	0.22113468752404122
0.39266985988862796	0.09797899694717356	0.22129215915720082
0.3922174564648573	0.09736618535902276	0.22171834986962413
0.39199327633051284	0.0970456440163598	0.221906501371493
0.3914822493841929	0.09640125858743655	0.22221400582309364
0.3911798132240549	0.09596294747878921	0.22257924084348
0.3905877717170542	0.09518186226208351	0.2230328458925488
0.3903289005718286	0.09485872757074008	0.2232596563685146
0.38992489505852196	0.09427565649365129	0.22367966719894633
0.3896692374957002	0.09391468248803674	0.22393060804919707
0.3892725542037674	0.09338961974885022	0.22426835327065522
0.3889325128923022	0.09294503543886258	0.22455739080875894
0.3884859365358266	0.09230515311402555	0.22500850570075984
0.38826976247495615	0.09202558673337442	0.22526888129685027
0.3878932979222149	0.09151767389264541	0.22556355557774482
0.38763521235419074	0.09117443523064496	0.2258056779679395
0.3873225049140732	0.09071455867136087	0.2261536678857025
0.3870598226095029	0.09037625615252363	0.22639060325347332
0.386523865661056	0.08965792978813845	0.22696714870251286
0.3862384798186091	0.08928804859309102	0.22719324616471614
0.38582011857867193	0.08868986773360739	0.22769898126156948
0.3856456162186612	0.08843856714170358	0.22791183558761108
0.38536354734155953	0.08805673879004132	0.22819853227660208
0.38494450968312804	0.08749718578351522	0.22863821723182678
0.38471225582150675	0.08708025609833163	0.22892247220000628
0.38433599581070177	0.08620561753642779	0.22946411059907335
0.3837994620841897	0.08527563871250414	0.22989932004971592
0.38333390192853284	0.08432938062081337	0.23021865379756998
0.38306651398294894	0.08372655953094445	0.23047339072805603
0.38266059199312535	0.08261926769511686	0.23078799122676436
0.38222564553130023	0.08147324118648912	0.23118720716728408
0.3813510017295236	0.07916175744569452	0.2318417826651325
0.3807900762569438	0.07764605635452117	0.23230683470529268
0.38038936131427253	0.07659348371464599	0.23259006818430455
0.3798835569037047	0.07510729482931623	0.23306776464891682
0.3792203377887079	0.07340140583434206	0.23347692919328017
0.3786380352561538	0.07173008672644655	0.2340545779232449
0.3776270970236264	0.06901902026350291	0.23473051863050698
0.3771157254964881	0.06767979047056773	0.23511113493148034
0.3762938198765764	0.06547479605496027	0.2356889326681883
0.3755300211796668	0.06355084398453263	0.23617607018584866
0.37515876591478914	0.06242729664447157	0.23645226547938655
0.37383303644778076	0.05905665302590053	0.2372889744400251
0.3730685786324039	0.05720671211077051	0.2377507832101518
0.3726564550424546	0.05609743969547419	0.23804966489815696
0.37159920595529605	0.05344304802735993	0.238682892674658
0.37078518877259636	0.051540736726805994	0.2390955799181541
0.3704233360453258	0.050579773255284	0.2393028114086052
0.3693886856878881	0.04816081365422652	0.23986180588808773
0.36806997906685296	0.045026479702437325	0.24062135065881027
0.36722765899325255	0.04308305254864138	0.2410009336016162
0.366528825708713	0.04119620887501389	0.2413565277009131
0.3657788384475661	0.039053077460643834	0.24190773635977178
0.36520417415134104	0.03750974180474963	0.24225414447421742
0.3645862288349211	0.03580478743320749	0.24269393105699677
0.36383518397917475	0.03360498322979437	0.24322332905262192
0.36250196116815037	0.029906686007209457	0.24405129906642764
0.36203233550943015	0.028579686955976583	0.24435011091537465
0.36132279506088144	0.026516634248453477	0.24480469286714604
0.3605316473407358	0.02419690130751563	0.24537937930177778
0.3597022887968833	0.02189032520792135	0.24596839939202114
0.3587350628956503	0.019104699521920634	0.2465972111573289
0.3583808439766144	0.018142438042228134	0.24670183175360247
0.3577195869363777	0.016223716929397405	0.24722002977809432
0.3568721425027649	0.013825768165092747	0.24777660813552027
0.3563160066184976	0.012241911340658815	0.24806883921531545
0.3554741043969943	0.009835133091833467	0.24859204597339285
0.3549808640480344	0.008379134340263064	0.2489577876031833
0.35463147118885796	0.007313751113359593	0.24911052887886598
0.35386565725197594	0.005094506116211969	0.24963395258544394
0.3534419107320258	0.003861005619246863	0.24988641838270134
0.3527034055639568	0.0017269583508551373	0.250321377796253
0.35224892691862375	0.0005491512142567628	0.2505476831093598
0.3519268634343738	-0.0005121793669751046	0.25091353178976283
0.3515330956749308	-0.0016467495683484407	0.25095373054823483
0.3511765000986078	-0.0026799916513055994	0.2512598140156322
0.35069459779289947	-0.004036227853822447	0.2515710276996984
0.3504590823813829	-0.004811966937738291	0.25162714389070095
0.35025176239071576	-0.005357047881250396	0.25167364517059126
0.3500059588552884	-0.0057968560305340505	0.2517489188136689
0.34973211446631364	-0.006227969352434817	0.25168694651115325
0.349728795091902	-0.006229342781671268	0.25149453560071855
0.3497548701448527	-0.00618488328307841	0.2514040902641781
0.3497734797013625	-0.006141163142761238	0.2513876662045356
0.34976157982835115	-0.006124294100261593	0.25137782305732703
0.3495274112539276	-0.006144942908192105	0.25133873961874886
0.34933657767336374	-0.006157447100851185	0.2512901160160893
0.3493444676512305	-0.006122531320141497	0.25127373508878215
0.3493649227702017	-0.006076329518254944	0.25126124699008384
0.34937430571394085	-0.00605627079350822	0.2512557269306322
0.3493811052545332	-0.006046791366658963	0.2512537551780892
0.34939372574641303	-0.006032010769812954	0.2512557799621796
0.34939715149664863	-0.006026228949600379	0.2512552873364057
0.3494002175906891	-0.006022493280809463	0.25125468452035005
0.3494012775023269	-0.006019958747955176	0.25125349458916174
0.3494016085855208	-0.00601885105716822	0.25125374408907153
0.34940319378561074	-0.006018036039335553	0.251252135602301
0.34940329549990534	-0.00601809410518496	0.2512533155080897
0.34940400764660984	-0.006018800147408618	0.2512538078207934
0.3494049749074555	-0.006018521893787973	0.2512530215318267
0.3494044337846914	-0.006018394109141359	0.25125234501946886
0.3494047878260025	-0.0060188422055691	0.2512523248771968
0.34940535599338024	-0.00601983283072953	0.25125281745871264
0.3494044662477279	-0.0060201090016982345	0.25125307266893093
0.3494041859844554	-0.006020268564092865	0.25125234255586093
0.3494048974668731	-0.006019998469118645	0.2512525638008341
0.349404364862253	-0.006020777816880693	0.2512531253659174
0.34940404978521006	-0.0060215837270912315	0.251253646853133
0.34940379195376514	-0.006021643004164842	0.2512536528414229
0.34940403428896316	-0.006021496325101364	0.2512530197588386
0.34940345464110145	-0.006022918956609738	0.25125410423191047
0.3494033192696475	-0.006023245078503228	0.25125400846395995
0.349403707476431	-0.0060229664122697785	0.25125312632872315
0.34940314707254466	-0.006023770111672669	0.25125402169039335
0.3494032330075235	-0.0060238574892673286	0.2512539627744201
0.3494028030691584	-0.006023987314327864	0.25125338574803957
0.34940276279043747	-0.006024893606419959	0.2512543465675494
0.3494028934059931	-0.0060239092204649874	0.25125372987658273
0.3494533827602258	-0.006010849489894096	0.25125649419188223
0.34946706796675225	-0.0060061101386875565	0.25125228237875713
0.34946071668388085	-0.006006930999044188	0.2512508228163449
0.34945301756805197	-0.0060083567537038834	0.2512499097139396
0.3494209889999303	-0.006013943294301952	0.2512472523503002
0.34941633830280805	-0.0060148849341978144	0.25124667945608237
0.3494146373805305	-0.00601637812142887	0.25124722295665247
0.34941293716233274	-0.006016555324202741	0.25124670843125074
0.34941175614457864	-0.006017874005866938	0.2512469943289714
0.3494134989265898	-0.006030950502777618	0.2512502983201925
0.34942839149766974	-0.006127274518183831	0.25125602324871754
0.34947601564852726	-0.006352374103484368	0.25123597215609667
0.3495251568653845	-0.0066417390306211105	0.2513540095645399
0.34952958456870553	-0.006692741584233566	0.2513799224545093
0.349535582573413	-0.006698684176947342	0.2513158032354701
0.34954553536039207	-0.006706402502205486	0.2511981699584238
0.34954500693556556	-0.006710506185363022	0.2511800693701757
0.34954188891686294	-0.0067132708042387385	0.25117842408337177
0.34953946033116107	-0.006713647566178524	0.25117909831996643
0.34953610592071743	-0.006716713937299515	0.2511807113947722
0.34953397793211194	-0.006716571861587681	0.25118120103237307
0.3495307796756843	-0.0067187904511285396	0.2511820821093434
0.3495264325402661	-0.006720198384541146	0.2511834401089198
0.3495248925015377	-0.0067214825878866985	0.25118364285555317
0.34951946103534287	-0.006724610717400423	0.25118480816022715
0.3495157512724174	-0.00672635401440104	0.2511853728776672
0.34920606063375303	-0.0069258593142553365	0.2512565865701927
0.34919657895659495	-0.006934327054811437	0.2512565491838443
0.3492767354421226	-0.006906021163461659	0.25126219831082997
0.3493663127969045	-0.006851965358762743	0.2512719864538142
0.3494503925369858	-0.006786817493995026	0.25123114252938816
0.34946539400906534	-0.006773869814743358	0.2512233328549065
0.34947608179653067	-0.006763837494479993	0.25121432288953005
0.34948321493891776	-0.00675759405648961	0.25120847532402313
0.34949034972305715	-0.006749855689933762	0.2511999354673913
0.34955259555534135	-0.006695516491402861	0.251186477359124
0.3495646795829496	-0.006684783302225758	0.251180670345617
0.34956258413809876	-0.0066855695849582925	0.25118101379920266
0.349558710535012	-0.006687188644543832	0.2511795730212116
0.3495553324751257	-0.006690436965194516	0.25118061915425505
0.3495516510007427	-0.006692680925989333	0.25118187688723426
0.34954791167192595	-0.006693610065417341	0.2511818949939937
0.34954572176722143	-0.006694405747894025	0.2511829617002272
0.34954242914960576	-0.0066968353947752385	0.2511843938969899
0.34954041791615253	-0.006697493445588246	0.25118478481261436
0.34953757810849617	-0.0066999830946245925	0.2511850670099621
0.34953544843126194	-0.00670118152490666	0.25118480684575706
0.349530726794326	-0.006703625624388962	0.25118555365327133
0.34952654508567077	-0.006707379015782652	0.25118490813299404
0.34944372282183894	-0.006777424445358879	0.25116173317926943
0.34944596397386846	-0.006775834847495568	0.25116299204895254
0.34944748820159355	-0.006773694765816532	0.25116405042248624
0.34945187439797204	-0.006769955523658652	0.251165730657513
0.3494569936557414	-0.006764729914330289	0.25116770451577786
0.34946046484666055	-0.006761725737302451	0.2511686986059956
0.34947274062762573	-0.006751843268798727	0.25117365960003873
0.34950716406122595	-0.006722499922759015	0.2511841529885263
0.34950697755182114	-0.006722609518677494	0.25118512197438236
0.3495020147096502	-0.006722882492423046	0.25118472505705375
0.34929136174971764	-0.006756800121331383	0.2511618487358291
0.3492713395396944	-0.006604943870917604	0.2512000646480434
0.34928645448670853	-0.006439589819161387	0.2512495306589454
0.349255306720173	-0.005711622084682358	0.2513052081982153
0.34924401823020473	-0.005203503233344939	0.2513564953582368
0.34928090087715413	-0.004106355415856008	0.2515061697778148
0.3492904802328237	-0.0032890650003668392	0.25164165568973373
0.34916353241512876	-0.0019097717049709056	0.25192002397958296
0.3491477320034342	-0.0008365151757421113	0.2520972765125566
0.3491159535425621	0.0003096472172315762	0.2523517456107709
0.34900033687610593	0.00128986211149075	0.25254083886499684
0.34897740211885214	0.003111865599091726	0.2529505196070331
0.3488391623824566	0.004506310467954092	0.2532203270696339
0.348778922971936	0.005931739011512352	0.25356355207405634
0.3487197755079584	0.006796536777558496	0.2537160278843853
0.34857166032121645	0.008726893533762145	0.25419328102953065
0.34854679539952077	0.010272200261499428	0.2543797064510415
0.34859269600123494	0.012022339981716743	0.2543762495609925
0.34862467630665794	0.014495201124715765	0.25448190300216933
0.34864460131468267	0.01553770854032381	0.25455397053533385
0.34862059446077015	0.01794561683489844	0.254729308955104
0.3487328871799011	0.020181977471030912	0.254802178089346
0.34870644370989895	0.022416156862283584	0.2548907513094025
0.3487127160161195	0.025093066385967047	0.25505546337393264
0.348709370256292	0.027320363915104687	0.2552530099247481
0.34869471251345163	0.028561538282605367	0.2552298114013233
0.3487548844535064	0.031578348511867735	0.2553763453677836
0.3487160376645355	0.033772628182467415	0.2555727850198546
0.34873380932401976	0.03518299063372242	0.2556158465387791
0.3487409436297876	0.03920454683673251	0.2557406917586377
0.3487525024265782	0.04130708711335139	0.2558894179806589
0.34875012527510973	0.043284169945759884	0.255940062692606
0.34875792466900507	0.04483039695463055	0.2559358158611684
0.34875192464836324	0.04736997068628855	0.2560589200037738
0.3488156463985736	0.04950861790429946	0.25608518857527796
0.3487841217307005	0.05196449966809784	0.2561345711986346
0.3488308856679311	0.05388137853940901	0.25622067518540875
0.34884579155580187	0.05833436399656956	0.2562575120371225
0.3488024893066827	0.05981970994809081	0.2562919778657332
0.348872122007014	0.06186152223183307	0.256281755806825
0.3488324736078388	0.06513992328718606	0.256298600480383
0.3489059412560965	0.06639249838878648	0.2562152332916326
0.348827654892236	0.06843020481177493	0.2562271145615437
0.3489273147128695	0.07033797224380405	0.25614956958243806
0.3489401942183676	0.07408988578681457	0.25597559372761336
0.348888059543085	0.07624083410713041	0.25589376136251235
0.3489209157491412	0.07815313025677838	0.25572557538353535
0.3489561513764444	0.07944456902144385	0.2556837618085467
0.3489325550932642	0.08209161102071645	0.2554317246124528
0.3489590035427295	0.0838829818060819	0.25527877008724464
0.34897142054519514	0.08510240149147953	0.25518401646204
0.3489509478778665	0.08779230063962724	0.25479605917589276
0.34898559140621144	0.08962278148689158	0.2545388132342356
0.348957276868497	0.09140742897164851	0.25424282853760244
0.3489929291563175	0.09364661593297334	0.2537825998391044
0.34896659925892143	0.0949444397743386	0.2536462981469206
0.3489447590855028	0.09703099906236907	0.2530177749619186
0.34894464868201563	0.09854689503522217	0.25257832620444587
0.34894966646729797	0.0998884613416489	0.2521734986477431
0.34896564414748094	0.10074560301571094	0.2518490578211645
0.3489628263127341	0.10226394116305555	0.25134961896063757
0.34896442017406193	0.10350390639225492	0.25076906927941867
0.3490500657410433	0.10507831107429681	0.25019576688255035
0.3491267994075867	0.10607454451015501	0.2496323962765019
0.3491859635234057	0.10716994534909575	0.24895615402448662
0.3493011412106607	0.10814754512974435	0.24836550402443375
0.3493691999516845	0.10908390873148595	0.24783819250545075
0.349455514446435	0.1102684784997091	0.2470236507903505
0.3495248603644662	0.11142810395996182	0.2462174987119117
0.34965462351207666	0.11245339503211081	0.24542235016346375
0.34974393687277056	0.11416710600983145	0.24427773831445987
0.3498052018065551	0.11531940010008292	0.2434382487003259
0.34996436251754387	0.11716743680095802	0.24213691474865243
0.34997334355821064	0.11846208650847127	0.24113506190579498
0.35001079036344684	0.119194661715931	0.24061250310349946
0.3501671441262824	0.12053490539038896	0.23959012150253708
0.35039312123569905	0.12202525254871462	0.23837516829864142
0.35051814181748797	0.12371501892152147	0.23700328603018683
0.35050306456085306	0.12433070870308204	0.2363962216631611
0.35073292600518674	0.12639485965038633	0.23462145311995858
0.3508894852398967	0.12766657390523106	0.23345736479034912
0.35103490231118795	0.12843523965731357	0.23286509155321583
0.351117456186373	0.1297434670428868	0.2318041685844026
0.35117547229844037	0.13032821178670942	0.2314913442065624
0.35116672507950997	0.13151463514706785	0.2307134464816099
0.35097598222723003	0.13191803217426248	0.23048168812833036
0.35085252952284246	0.13260009403793543	0.23027867039338792
0.3506731916765706	0.13281317642191037	0.2302124667989214
0.35004321246256315	0.13303401472356022	0.2303049594302622
0.34919681502538363	0.13287546154167573	0.23066554602851563
0.3485452960391819	0.13255445952809358	0.2310927899760021
0.3476954569230019	0.1321373911960083	0.2315988444767326
0.3467398151083301	0.13167996952465166	0.2319885119701215
0.3461288883437662	0.1314051620875287	0.23233975842272525
0.34503609001965746	0.1309280988039303	0.23291828566799383
0.34402012490255135	0.13050211129892153	0.23333191398737896
0.3426658595142915	0.12990968844152584	0.23399346133859183
0.342059823300201	0.12968066813804746	0.23418639498027288
0.34082858505677277	0.12921245779414164	0.23454612529008279
0.33984252064966486	0.12879568686977144	0.234917668501338
0.33844928097533333	0.12824453581248785	0.2352941296058456
0.3362390179530784	0.12743358462522336	0.23567547141508763
0.3352159248007893	0.12704338683224795	0.23586381943442733
0.3336859882258159	0.12647772711700572	0.23605075850744103
0.3310100056747653	0.12553501272281592	0.23614441464540586
0.32826525356140324	0.12456893983228497	0.23619641690926513
0.32597983874311326	0.12374309910554775	0.23627119646409928
0.3239013258422243	0.1230035466359633	0.2363631996866909
0.32153858078976705	0.12214377778676098	0.23645862806313034
0.31872121702763573	0.12116464923950158	0.2364381964312319
0.3161939199955007	0.12035481715480066	0.23639138568625653
0.31420763751606223	0.11976322882192245	0.2363743065150487
0.3106018298446303	0.11869292412886093	0.23631333477399796
0.30828545762838805	0.11802805421986051	0.23619542773250451
0.3069280566800031	0.11766656215009681	0.23613630622364193
0.30367572419932126	0.1168925484680644	0.23585010184240557
0.30250774204259573	0.11670966414480029	0.2356592443539581
0.30171405555056097	0.11666941530271537	0.23544722040878543
0.3016871222841782	0.11683878421020798	0.2352205667829718
0.3019354387366415	0.11706666899416639	0.23501303443604576
0.3024024557904154	0.11740129432372765	0.2347692713043671
0.30326258420499647	0.11792928368845486	0.2341950504601496
0.30372760988244496	0.11811236751320522	0.2339757956942364
0.30411767892387925	0.11836419627257598	0.233666458189188
0.3044447730392108	0.11857324697557009	0.23346225814033658
0.3050879048063822	0.11906754522813241	0.2329752695083448
0.3051850865424425	0.11920038506612209	0.23281385205584904
0.30541825595400096	0.11948779202243243	0.23250537204217103
0.306001225913656	0.1200685756662318	0.23204061580251803
0.306386877467718	0.12042839190847837	0.23177883068085897
0.30677259732443557	0.12089881479404292	0.23138890462160266
0.30730160355576613	0.12149346598651392	0.2309365035958486
0.3075621751392095	0.12181393063357307	0.2306861096961355
0.30803184580437565	0.12231585136170539	0.23033452040216237
0.308339107216282	0.12272435611640282	0.2300209374517398
0.30881041170765927	0.12334391064726248	0.22955252401797974
0.3090154422687634	0.12360466583754935	0.22936631999300444
0.3093173638527761	0.12400506035675161	0.22907143501944977
0.3097722709575847	0.12456974897073991	0.22868319320325042
0.31008920919581967	0.1250183112543955	0.22835804600998696
0.3102763121059421	0.12530037161173863	0.2281483305032847
0.3106994769548056	0.1258870178396082	0.2277342594174507
0.31118831391164264	0.12653453679731197	0.22729133951632896
0.3113907383474537	0.12678377156884715	0.2271307794475544
0.3117093350677767	0.12720779983291686	0.22684936918272341
0.31198599456691656	0.1277032933061878	0.22647563990131922
0.31226997977233856	0.1281281790030265	0.2261870954120815
0.31250225846207286	0.12843495385386294	0.22598918774699633
0.31301494725376755	0.1291212122575619	0.225544066067285
0.31320496938720616	0.1293715550712949	0.22538355338695876
0.31356443377314397	0.1299497415552645	0.2249858162325516
0.31380706431261807	0.13035201458372622	0.2247061344148329
0.3140919974555064	0.1308007308425192	0.22440176152604932
0.3143910651509177	0.13123019524364993	0.2241293823912821
0.3146448744148219	0.1316208711238313	0.22387199753080994
0.3149998497046553	0.1321277697605614	0.22355265910458372
0.315286023404249	0.13252797708156094	0.22330290077333687
0.3155133459391748	0.13294096083953147	0.223018637474187
0.3157109276797324	0.13328820597127738	0.22277952350109442
0.31603150286437875	0.1337797134924024	0.22247288044688385
0.3162806312000065	0.134213698473246	0.22218418933115092
0.3165232988976796	0.13458688536376245	0.22194984673922452
0.3166908945749295	0.134840187706457	0.22179581035535587
0.3170277884643131	0.13529547694846322	0.22153176090541948
0.3173944314318464	0.13566495769616865	0.2211684367548975
0.3174628026244605	0.13567056303598768	0.22105074650000484
0.31778905174747357	0.1357276586020675	0.22085773267037911
0.31809572504085853	0.13579476926739376	0.22079047827209383
0.3187898422664466	0.13588082627810838	0.22072211184109208
0.31933408335141805	0.13589375583677343	0.22062567364409247
0.3197643180193007	0.1359035315651675	0.2205439288131114
0.32036503326752047	0.13584349642049398	0.22044514393162856
0.3206964781063274	0.13588883219269096	0.22037201900933556
0.32112402286359776	0.1360093722359117	0.2202602984131113
0.3213668476440322	0.1360924709587055	0.22019403950044908
0.32194902002113684	0.13627578123865966	0.22004178008382402
0.32243002792421793	0.13628644422845482	0.219949652772703
0.3230630267339819	0.13626798812341678	0.2198365908774598
0.32334918057859713	0.136299141301502	0.21977525853506652
0.32375932007555985	0.13644852241168265	0.2196637954823809
0.3243716242884229	0.13663756604499905	0.2195050374338098
0.32473640393387543	0.13668584181838775	0.21942785898010878
0.32524232215944265	0.13668356962682024	0.21933583732015394
0.3259380568869499	0.1367338239500377	0.21919795204635276
0.32631133656136035	0.13686294364332185	0.21909749881578208
0.3268391263449287	0.13707382741015106	0.21895107537504085
0.3272798252368759	0.13718556168109136	0.2188432879623458
0.32757638397553485	0.1372236261228741	0.21878143878927825
0.32821502184916085	0.13725461620376886	0.21865565099239084
0.32846244365136046	0.1372599624861769	0.21858981516446158
0.3287757621718326	0.13729947355039257	0.2184687804012813
0.3293014402770915	0.1374997206993983	0.21829971093037
0.3298508617947393	0.13755617105906032	0.21818421923656028
0.3300834095587442	0.13756083947454772	0.2181410074439901
0.3306098145641197	0.13761096757150443	0.21803364028212266
0.3312005803455251	0.13773272941080889	0.21789666091615417
0.3314088160377873	0.1378412749463785	0.21783151700784367
0.33172789264540903	0.13793856784887598	0.21767935844461822
0.33228592243292715	0.13796956675131428	0.21755399198289313
0.33255097934163697	0.13799558898769532	0.21750036987916527
0.33296126020872346	0.13803091461376943	0.21741888015328564
0.33349448427732264	0.13810860732107036	0.217302847024155
0.3338308711933326	0.13827514744061686	0.21719972539964508
0.3340909880402298	0.13838703416257087	0.21712540219861592
0.3344578678048033	0.13843888438592342	0.21704676940250184
0.3350499786349747	0.13855513431938854	0.21691534143746202
0.33534829912067515	0.1385716345850587	0.21685307350268168
0.3357143894498311	0.1384990651849865	0.21671214671614958
0.3358712988044488	0.1385368005592722	0.21665829146762258
0.3362837066967525	0.13876309268981998	0.21652336587144122
0.3366264040688266	0.13889434016956326	0.21643180084229946
0.3368447938253867	0.13908079141267798	0.21635355350966207
0.3371538066171353	0.13937014233557926	0.21623752654083372
0.33753284743877404	0.13973258690996734	0.21609482854848272
0.33774042116643926	0.13993191696397458	0.21601592663719296
0.33794628116574527	0.14013090329976646	0.21593791093959508
0.3382989500277507	0.14047095519193914	0.21580474650046175
0.33860878648370274	0.14077480681691834	0.21568674558169612
0.338927664530812	0.14108628696120304	0.21556538612307738
0.3391586566162092	0.1413136097263074	0.2154775338065606
0.33930305524312676	0.14145557207173182	0.21542248947833176
0.3397682619389595	0.1419247106343332	0.21524392034394468
0.3400121621610272	0.14223493837417203	0.21514200282374335
0.340207209840201	0.14249678304092223	0.21505840190395464
0.3403767153332809	0.1427171838107581	0.2149860259736631
0.34063411391316506	0.14302361221067278	0.2148811977295087
0.34090576887172563	0.14330006340759452	0.21477641278983742
0.3412435550817214	0.14369417887373942	0.21463894556792906
0.3413717452950833	0.14386556307920084	0.21458319818610783
0.34165263332037255	0.144241869024818	0.21446133521939603
0.341887067242476	0.14454583823602746	0.21436103246891058
0.3420278566311048	0.14473119337147655	0.21429945539620546
0.3423631742121306	0.14510647166235724	0.21416442371046973
0.34251081564710967	0.14525901304857625	0.21410774424470108
0.3427100819820227	0.14551106341226938	0.21402294698181612
0.3428933173353284	0.1457650117226506	0.2139413659415476
0.34313358626251855	0.14610462508606398	0.21383213534850498
0.34335648898749854	0.14638731850472952	0.21373730412738484
0.3436110596162649	0.14665607699516753	0.2136363560204566
0.3438077694292508	0.14686730247434923	0.21355898373996135
0.3439559596906696	0.14707064474912135	0.21349268783493058
0.34418799486519214	0.1474092273086194	0.21338456979749856
0.344340254909209	0.14763286391252578	0.21331423374309905
0.34455712268965016	0.14793307116882398	0.21321536817936804
0.3445917922778068	0.14797200867528515	0.21320188872604187
0.34459406215438504	0.14797466085018218	0.21320108791277373
0.344593285445244	0.14797369915194955	0.21320130656824998
0.3445866867097678	0.14800300634552277	0.21319678711803727
0.3445749005635649	0.14806000098034966	0.2131897879585701
0.3445741321674195	0.14806128350360792	0.2131897162813663
0.34457361640841283	0.1480612040562228	0.21318983679407233
0.34457300664557167	0.1480605620412926	0.21319007756534467
0.34457267545071746	0.14805980295813298	0.21319028752961744
0.34457114538534167	0.14805845142795557	0.2131908395669604
0.344570914442638	0.1480567571300691	0.21319121983275524
0.3445706738299937	0.14805677410602489	0.21319167735575664
0.3445696825736305	0.14805541785123008	0.2131921248035393
0.3445692919809203	0.14805376644919296	0.2131921309041793
0.34456943259816525	0.14805263398231783	0.21319271885036495
0.34456853110668245	0.14805178174325292	0.21319263597271607
0.3445680232600849	0.14805114695106686	0.21319314830064068
0.34456815047966194	0.14805072542108577	0.21319320289898075
0.3445679105954647	0.14805009383871592	0.21319348790354933
0.3445667443781935	0.14804883756002174	0.21319383405690182
0.3445667872951952	0.14804780713183058	0.21319401787757264
0.3445665427525682	0.14804799825317455	0.2131941234047859
0.34456704074126915	0.1480480181299169	0.213194495251916
0.3445666621585425	0.148047457903245	0.21319467370161482
0.344565780777155	0.14804673262113935	0.21319450731828085
0.34456668222498055	0.14804559057836264	0.2131950260722517
0.34456567282985445	0.14804585784943547	0.21319459698826065
0.3445652580128072	0.14804449957192664	0.21319543132985247
0.34456475089832506	0.1480443534572474	0.21319506192966195
0.3445662233237859	0.1480448271002155	0.2131951572270051
0.34456535420806533	0.148044290338119	0.2131955272164559
0.34456595268225204	0.14804514165062357	0.21319524600326775
0.34456595268225204	0.14804514165062357	0.21319524600326775
0.3445653468380791	0.14804467030338808	0.21319526007629222
0.3445661385571686	0.14804429908602673	0.21319584202515562
0.3445646462494285	0.14804449886045457	0.2131950301083014
0.34456533861444955	0.1480444510766583	0.21319584679506426
0.34456504256522635	0.14804358205501322	0.21319524598876793
0.34456555315545945	0.14804389171354773	0.21319592075642113
0.344565264401174	0.148044431800252	0.2131954578578075
0.3445661102952255	0.14804427623927052	0.21319583025926947
0.3445654360001558	0.14804417061536318	0.21319588225677896
0.3445648406279319	0.14804443120823546	0.21319547495155303
0.3445654360001558	0.14804417061536318	0.21319588225677896
0.34456468146806	0.14804450167455113	0.21319504440731984
0.3445659062416668	0.1480440545313123	0.21319593374310436
0.3445656405706894	0.14804427921750446	0.2131954701801397
0.3445653029330513	0.14804411765334805	0.21319546845524617
0.34456533882482565	0.14804418287838028	0.213195544375447
0.3445644752447207	0.14804413369194705	0.21319515286908294
0.3445650583650432	0.14804394835699008	0.21319554835246315
0.34456535390150644	0.1480441352455141	0.2131955333893825
0.3445648685833551	0.1480442989631481	0.21319549289036888
0.344564938013748	0.14804415074687635	0.213195510413124
0.3445662082483154	0.1480445732147928	0.21319565656268025
0.3445645029900813	0.14804426964410833	0.21319547322743287
0.34456597986076937	0.14804470016454535	0.21319577552090277
0.3445649471403879	0.14804427698931427	0.21319550796912054
0.3445652179908937	0.1480433927254708	0.21319560512192665
0.344565749533568	0.14804446727314213	0.21319545412699067
0.3445652756517062	0.148044312310771	0.21319551213797105
0.3445655448373422	0.14804481906121922	0.21319573833400737
0.34456574754594294	0.14804445560965768	0.21319586723898104
0.34456524955957074	0.14804443574000367	0.2131954953946966
0.3445653125224904	0.14804457450649772	0.21319583005202147
0.34456518275941067	0.1480455417128383	0.21319529475995433
0.344564505370336	0.14804384620576644	0.21319565417772415
0.3445650162637332	0.14804397368123107	0.21319553166470975
0.3445650099794826	0.1480445369968464	0.21319504857585891
0.3445651521736251	0.14804471620151063	0.21319545993324246
0.34456567294541	0.148043592473193	0.213195970012836
0.34456548187423186	0.14804468029487636	0.21319540367615997
0.34456528477785725	0.14804443855382504	0.21319550969382314
0.34456580095143013	0.14804432429305875	0.2131958455640636
0.3445648145359973	0.14804455463692384	0.21319545820853894
0.34456491192187283	0.14804427417556354	0.21319549367000798
0.3445651521736251	0.1480447162015105	0.21319545993324254
0.3445650162637332	0.14804397368123107	0.21319553166470975
0.3445658791694361	0.14804396045777163	0.2131958615514902
0.34456564222324415	0.14804453859975147	0.21319577379550864
0.34456588014995493	0.14804417796195618	0.21319591700005913
0.34456481453599724	0.1480445546369239	0.2131954582085389
0.34456538448814983	0.1480449607565546	0.21319536821481727
0.34456548187423186	0.14804468029487636	0.21319540367615997
0.3445651091415548	0.14804489608029922	0.21319545298090894
0.34456533861444955	0.1480444510766584	0.21319584679506423
0.3445655079667631	0.14804455686535567	0.21319542041966855
0.34456508304968514	0.14804501950979598	0.21319543623820553
0.3445645465391067	0.14804397665830005	0.21319517158793366
0.34456528919910173	0.148044477468028	0.21319547974489006
0.34456494714038793	0.14804427698931433	0.2131955079691204
0.34456595190423867	0.14804483241162952	0.21319575758127057
0.34456528477785725	0.14804443855382504	0.21319550969382314
0.3445653821636655	0.14804415809229787	0.2131955451555302
0.34456598042702113	0.14804527760203845	0.2131955663629484
0.3445656405706894	0.14804427921750454	0.21319547018013965
0.34456485551343846	0.1480445700987845	0.2131954619286486
0.34456601507922646	0.1480447029785934	0.21319578982013698
0.34456611246506114	0.14804442251695873	0.2131958252818762
0.3445648145359973	0.14804455463692384	0.21319545820853894
0.3445655142499989	0.14804399355093747	0.2131959035084899
0.3445648145359973	0.14804455463692384	0.21319545820853894
0.3445646111541847	0.14804487621199708	0.2131950811377546
0.3445663874930746	0.1480452909533394	0.21319558560962093
0.34456518275941056	0.1480455417128383	0.21319529475995438
0.34456564685402213	0.14804371590329016	0.21319595326983987
0.34456497323187435	0.1480441535603656	0.21319552471187664
0.3445662082483154	0.1480445732147928	0.21319565656268025
0.34456513943469963	0.14804463103576884	0.2131954698141871
0.3445644400266216	0.14804413087839818	0.21319513857043101
0.3445653431089758	0.1480454000170667	0.21319566487881594
0.3445654360001558	0.14804417061536318	0.21319588225677896
0.34456587797985727	0.1480440316848545	0.21319592197723317
0.3445651794553542	0.1480445215441356	0.2131954162505434
0.34456538195242825	0.14804442629139247	0.21319584757442261
0.34456574754594294	0.14804445560965768	0.21319586723898104
0.34456511756702213	0.14804470379435533	0.21319543725461818
0.34456494714038793	0.14804427698931433	0.2131955079691204
0.3445652845665989	0.14804470675269027	0.2131958121129191
0.344565851887761	0.14804415511523678	0.21319590523382076
0.34456491192187266	0.14804427417556354	0.21319549367000795
0.3445647865801321	0.14804468688188308	0.2131954402694673
0.34456524955957074	0.14804443574000367	0.2131954953946966
0.3445655170926618	0.14804468310898408	0.2131954179752934
0.3445653778381566	0.14804481610376144	0.21319536347602816
0.3445652055472364	0.14804439811489883	0.21319543299353375
0.3445648145359973	0.14804455463692384	0.21319545820853894
0.34456608450901066	0.14804455476432182	0.2131958073425203
0.3445648679097061	0.14804423655050986	0.21319543126936705
0.3445654818742319	0.14804468029487644	0.2131954036761599
0.34456554034183506	0.14804387012110065	0.21319592025174391
0.3445652768412285	0.1480442410825836	0.21319545171215393
0.34456576026599517	0.14804429900413418	0.21319579741183223
0.3445651521736251	0.1480447162015105	0.21319545993324254
0.3445652332920194	0.14804453406661067	0.21319575335245844
0.34456545030614516	0.14804363727946757	0.21319551340299236
0.34456504685068384	0.1480447991916304	0.21319536649006643
0.34456641545040045	0.14804515870567642	0.21319560354972344
0.3445650445261259	0.1480439965279336	0.21319554343084246
0.344565409908256	0.14804429404520142	0.21319586551363418
0.3445656688827435	0.14804499260625675	0.21319558138175
0.3445659098256852	0.1480445938786888	0.2131957947721478
0.3445656501601071	0.14804473607110058	0.21319583177738327
0.3445658106629032	0.1480441619425279	0.21319641514416576
0.34456470921325516	0.14804463762662012	0.2131953647660573
0.34456498830799986	0.1480441059261874	0.21319551372541187
0.3445658009195417	0.14804413752185416	0.21319584029960392
0.34456587278112755	0.14804455792751722	0.2131956498602787
0.34456518275941056	0.1480455417128383	0.21319529475995438
0.3445655652609882	0.1480447684833806	0.2131958057878684
0.34456545391772747	0.14804481254072738	0.21319538573655844
0.3445659176365536	0.14804481920573426	0.21319627002571417
0.34456544916555276	0.14804530305817942	0.21319575054170403
0.34456464008992044	0.14804494093491988	0.21319534107108648
0.3445651521736251	0.1480447162015105	0.21319545993324254
0.34456524857870224	0.14804421823558267	0.21319543994600637
0.34456535322741066	0.14804407283358978	0.21319547176773473
0.34456512421748103	0.14804484844705423	0.21319544199400103
0.34456544178207216	0.14804517237476622	0.21319575358295967
0.34456504235554486	0.14804385025254524	0.21319554840793506
0.3445659281153847	0.14804513820017745	0.21319525137734724
0.3445656455073277	0.1480445291419186	0.21319577499135947
0.34456615419836273	0.14804482889253517	0.21319562187870322
0.3445658200772155	0.14804541929797885	0.21319519624298766
0.3445653029330514	0.14804411765334805	0.21319546845524617
0.34456538448814983	0.1480449607565546	0.21319536821481727
0.34456551688102666	0.1480449513077204	0.213195720394654
0.3445655448373422	0.14804481906121922	0.21319573833400737
0.34456494692929834	0.14804454518741697	0.21319581038846896
0.34456511628047004	0.14804465097536526	0.21319538401199223
0.3445661039062163	0.14804487370958305	0.21319561856805863
0.34456551709266187	0.14804468310898405	0.21319541797529343
0.3445650981248737	0.1480449718761685	0.21319542525058982
0.34456538461466046	0.14804450036575556	0.21319549608477972
0.3445649732318743	0.1480441535603656	0.21319552471187672
0.3445655881742843	0.14804479427625805	0.21319573911242828
0.3445651794553542	0.1480445215441356	0.2131954162505434
0.34456520719992473	0.14804465749619275	0.21319573660933994
0.3445656774419299	0.14804454141372875	0.21319578809472878
0.34456538448814983	0.1480449607565546	0.21319536821481727
0.34456488650078404	0.14804494088695833	0.21319499637118006
0.34456561447860634	0.1480444026472855	0.213195453436889
0.34456486779775425	0.14804473898327797	0.21319510385803495
0.3445644412166928	0.14804405964816353	0.21319507814545152
0.3445648418180841	0.14804435997920118	0.2131954145265351
0.3445649732318743	0.1480441535603656	0.21319552471187672
0.34456548913657403	0.14804481535511524	0.21319540003607743
0.3445658200772155	0.14804541929797885	0.21319519624298766
0.3445657978392136	0.14804441079227337	0.21319587055067118
0.34456522062254485	0.1480443504808478	0.2131954220064576
0.3445655170926618	0.14804468310898408	0.2131954179752934
0.3445647248061143	0.14804447688521227	0.21319504518635948
0.3445652004684062	0.14804441011218433	0.21319543172059263
0.34456551688102677	0.14804495130772038	0.21319572039465406
0.3445665480552167	0.14804488105830516	0.21319565331050094
0.34456571243137774	0.148044699623269	0.21319527973983043
0.3445648406279319	0.14804443120823546	0.21319547495155303
0.344565552080969	0.1480448413189112	0.21319490961976942
0.3445658824747972	0.1480449806261596	0.21319574005941644
0.34456555540311157	0.1480459742909665	0.21319561320433078
0.34456582393172247	0.1480442873620108	0.21319588729432246
0.3445651442366957	0.14804451873009872	0.213195401951424
0.34456491192187283	0.14804427417556354	0.21319549367000798
0.3445654133164092	0.1480455610418299	0.21319517082344416
0.34456631806417265	0.14804543916761184	0.21319556808844617
0.34456517032896655	0.1480443953011235	0.21319541869477426
0.34456533861444955	0.1480444510766583	0.21319584679506426
0.3445653159298673	0.1480458415036548	0.21319513536279133
0.3445654338447366	0.1480449749031495	0.2131956956008507
0.344566382262815	0.14804527407404505	0.21319558755833884
0.34456654724836816	0.14804436445289584	0.21319644963843212
0.34456517032896655	0.14804439530112345	0.21319541869477426
0.3445652433989991	0.14804487781442732	0.2131958063569014
0.3445656500612415	0.1480452203455662	0.21319525826181937
0.344565750953268	0.14804572260761473	0.21319517254831385
0.34456538195242825	0.14804442629139247	0.21319584757442261
0.3445645029900813	0.14804426964410833	0.21319547322743287
0.34456528071092957	0.14804583868906715	0.21319512106368715
0.344565232430991	0.14804456876221933	0.2131955194457214
0.3445648145359973	0.14804455463692384	0.21319545820853894
0.3445655170926618	0.14804468310898408	0.2131954179752934
0.3445648145359973	0.14804455463692384	0.21319545820853894
0.34456598712311237	0.14804483522595774	0.21319577188089028
0.34456601507922646	0.1480447029785934	0.21319578982013698
0.3445660562462709	0.14804453191702363	0.21319579557587381
0.3445659526822521	0.14804514165062369	0.21319524600326767
0.3445649471403879	0.14804427698931427	0.21319550796912054
0.344565044526126	0.1480439965279336	0.21319554343084235
0.34456504685068384	0.14804479919163044	0.21319536649006643
0.3445649191850029	0.14804440923455237	0.21319549003032512
0.34456494089628464	0.14804414452009743	0.21319517188060316
0.34456574656513295	0.14804423810530404	0.21319581179024497
0.34456599384867753	0.14804497058739063	0.21319525175827492
0.34456504685068384	0.1480447991916304	0.21319536649006643
0.3445652216034904	0.14804456798554597	0.21319547745534595
0.34456565016010704	0.14804473607110058	0.21319583177738324
0.3445657380904629	0.14804458293834688	0.2131958502639152
0.3445655170926618	0.14804468310898408	0.2131954179752934
0.3445658824747972	0.1480449806261596	0.21319574005941644
0.34456527467090947	0.14804409480660885	0.21319545668946588
0.34456488650078404	0.14804494088695833	0.21319499637118006
0.3445648578737835	0.1480445298490889	0.21319545898747222
0.3445646462494285	0.14804449886045457	0.2131950301083014
0.3445655870886438	0.14804511233126788	0.21319522633891225
0.34456528740798764	0.14804539631144387	0.21319532658091697
0.3445656169292569	0.1480447449207634	0.21319540436626194
0.34456488737186797	0.1480456734172451	0.21319478104039916
0.3445650162637333	0.148043973681231	0.21319553166470978
0.34456548244005286	0.14804525773242166	0.21319519451814808
0.34456442450149055	0.14804540953230383	0.2131949966962831
0.34456481716566884	0.14804551239288133	0.21319527509607633
0.3445654477578812	0.14804525461640133	0.2131956967001627
0.34456591746355314	0.14804513883597942	0.21319523170412136
0.3445649471403879	0.14804427698931427	0.21319550796912054
0.34456504685068384	0.14804479919163044	0.21319536649006643
0.34456555186929966	0.14804510951641417	0.2131952120393945
0.344565641137872	0.1480448566553651	0.2131952610218584
0.34456564222324415	0.14804453859975147	0.21319577379550864
0.3445650706175529	0.14804387309898615	0.21319556017370062
0.3445659150831092	0.14804556227464902	0.21319505075537723
0.34456548913657403	0.14804481535511524	0.21319540003607743
0.3445650188943946	0.14804493143689829	0.2131953485507439
0.34456501657080457	0.14804412877317025	0.21319552549193782
0.34456561447860634	0.1480444026472855	0.213195453436889
0.3445648839660712	0.14804440642052136	0.2131954757308271
0.3445652216034904	0.14804456798554597	0.21319547745534595
0.3445652768412285	0.1480442410825836	0.21319545171215393
0.3445657871628592	0.14804528631611566	0.21319522818994438
0.34456608177358117	0.14804444520913998	0.21319580601186416
0.3445656405706894	0.14804427921750454	0.21319547018013965
0.3445652768412286	0.14804424108258368	0.21319545171215382
0.34456571243137774	0.148044699623269	0.21319527973983043
0.34456538448814994	0.14804496075655466	0.21319536821481722
0.3445652216034904	0.14804456798554597	0.21319547745534595
0.3445660778131787	0.14804499714024963	0.21319560182424066
0.34456598042702113	0.14804527760203845	0.2131955663629484
0.34456548244005286	0.14804525773242166	0.21319519451814808
0.3445646462494285	0.14804449886045457	0.2131950301083014
0.3445648839660712	0.14804440642052136	0.2131954757308271
0.3445658212311247	0.14804531717161556	0.21319629001313575
0.34456512421748103	0.14804484844705423	0.21319544199400103
0.3445648839660712	0.14804440642052136	0.2131954757308271
0.34456522062254474	0.14804435048084774	0.21319542200645766
0.3445653125224904	0.14804457450649772	0.21319583005202147
0.344565409908256	0.14804429404520142	0.21319586551363418
0.34456484512209	0.14804538014761054	0.2131952930351726
0.3445655496678655	0.148044031358104	0.21319589739452977
0.3445649212764977	0.14804439934060518	0.21319549137242366
0.3445654172991343	0.14804534221705237	0.21319572419577607
0.3445656150452478	0.1480449800851423	0.21319524427842892
0.3445658824747972	0.1480449806261596	0.21319574005941644
0.34456484512209	0.14804538014761054	0.2131952930351726
0.3445658895062537	0.14804527108240922	0.2131952137640495
0.3445659804270212	0.1480452776020385	0.2131955663629484
0.34456595268225204	0.14804514165062357	0.21319524600326775
0.3445657827642566	0.14804445842341937	0.21319588153820837
0.34456548244005286	0.14804525773242166	0.213195194518148
0.34456558621631367	0.14804437980020332	0.2131954416707263
0.34456621041815344	0.14804471949295422	0.21319565158501902
0.34456575725888255	0.14804493294392823	0.2131958145283956
0.34456654588587254	0.14804473477951707	0.2131956582883054
0.34456531515252853	0.14804553226357076	0.21319564693968893
0.3445663869766014	0.1480457055743129	0.2131954058568828
0.3445659435568264	0.1480450154059184	0.21319524844806895
0.34456561504524785	0.14804498008514216	0.2131952442784289
0.3445645688107147	0.14804511653569843	0.21319503273811785
0.3445660778131787	0.14804499714024963	0.21319560182424066
0.3445649285084616	0.1480454683360377	0.21319569514623438
0.34456454886330684	0.1480447793220503	0.21319499464708735
0.34456530015415193	0.14804557060634826	0.21319513306867238
0.34456485854424224	0.1480450731315774	0.2131949784317185
0.3445653565315818	0.14804509300240698	0.21319535027532494
0.34456506492155503	0.14804479542735918	0.21319537859451024
0.3445648712145434	0.14804525671863134	0.21319530977820966
0.3445651514995452	0.14804465378968243	0.21319539831149714
0.34456595246991056	0.14804540984911846	0.21319554842312483
0.34456511628047004	0.14804465097536526	0.21319538401199223
0.34456460013772383	0.14804495200420287	0.21319505340747036
0.3445655709296971	0.14804469563109157	0.21319575507728425
0.3445653811830879	0.14804394058804587	0.2131954897070072
0.3445654133164091	0.1480455610418297	0.21319517082344414
0.34456597986076937	0.14804470016454535	0.21319577552090277
0.34456518275941056	0.1480455417128383	0.21319529475995438
0.34456525061635745	0.14804451409900254	0.21319547113163018
0.3445654110775515	0.14804404849170355	0.21319559448488345
0.3445658740702447	0.1480449799521798	0.21319573960733715
0.3445655448373422	0.14804481906121922	0.21319573833400737
0.3445653259454942	0.14804426749105493	0.21319551544991489
0.3445653125224904	0.14804457450649772	0.21319583005202147
0.34456601507922646	0.1480447029785933	0.213195789820137
0.3445659722283913	0.14804469687525285	0.21319576616906621
0.3445654544829686	0.1480453899782684	0.2131951765783552
0.34456601507922646	0.1480447029785933	0.213195789820137
0.34456575480856655	0.1480445906704752	0.21319586359921253
0.34456561504524785	0.14804498008514216	0.2131952442784289
0.3445656762523264	0.14804461264071572	0.21319584852058437
0.34456512421748103	0.14804484844705412	0.21319544199400117
0.34456595513209115	0.14804548392417766	0.21319519693313105
0.34456641545040045	0.14804515870567642	0.21319560354972344
0.34456503220303414	0.1480442783886867	0.2131955223832147
0.34456597986076926	0.14804470016454535	0.21319577552090271
0.344565816773511	0.14804439912838718	0.21319531773445985
0.34456528071092957	0.14804583868906715	0.21319512106368715
0.3445645465391067	0.14804397665830005	0.21319517158793366
0.3445649504451682	0.1480452971574393	0.21319538647814879
0.34456468477181734	0.14804552184337455	0.21319492291661477
0.3445652048749355	0.14804385483310933	0.21319591355010892
0.34456592581127043	0.1480449558421817	0.21319574083749449
0.34456566831553964	0.14804441516962524	0.21319579053888743
0.3445655425124266	0.14804401639757575	0.21319591527471318
0.3445654939303908	0.14804518663102356	0.21319521454839957
