0.34346937246972636	0.16247379238221285	0.21356541129843923
0.34346937246972636	0.16247379238221285	0.21356541129843923
0.3433480923918556	0.16230014198881007	0.21363112800250825
0.3430749291171667	0.16183363663295075	0.21379801447829339
0.3428651212662781	0.16146540089096964	0.21392888927290127
0.34273165084101226	0.1612209878630739	0.2140139354153021
0.34257109260364615	0.16092291683793275	0.2141183195944802
0.3422886526777542	0.16042662472673921	0.21429247938522353
0.34198225471697974	0.1598619897386696	0.2144895768454293
0.3417893510434486	0.15951382495533095	0.21461073201888925
0.3415942181492497	0.15915209867157853	0.21473523729024285
0.34142835751088474	0.15882928010400613	0.21484496811208215
0.34118509001381303	0.15838361546983512	0.21499755661594908
0.3408863235493335	0.15780770670379551	0.21519188471954476
0.34080333815880676	0.15763823389682052	0.21524800169220926
0.34056185090922864	0.1571521282521366	0.21540911854958902
0.34045231220311156	0.1569192645204398	0.21548437244673208
0.34023948170455603	0.1564396030949006	0.21563734477071556
0.34006301665055433	0.15606302587453022	0.21575823125443586
0.34002777951007546	0.15591545169148052	0.2157992256475598
0.34007263009645855	0.15574735157504405	0.21582958065600705
0.3401059397965507	0.1556385887422127	0.21584847063349596
0.34015932640919166	0.15546311211967367	0.21587834302695774
0.34018201474777926	0.15539018095288526	0.21589024571651705
0.3402258832011209	0.1552464720482961	0.21591454422561812
0.34024678643642803	0.15517803738810143	0.21592567629828116
0.3402833796534068	0.1550610856230269	0.21594560532452578
0.3403265576555632	0.15491931722101426	0.215969634923807
0.3403781534513884	0.15475264674370776	0.2159958168323355
0.34044561959083713	0.15455644700239432	0.2160203358205728
0.34062165729168314	0.15397432749517997	0.21607223381728408
0.3406213306520194	0.1536771010791188	0.2160257340755165
0.34070860055290486	0.1531067226579465	0.21556400557890773
0.3408016247540592	0.15280253697074406	0.21531308215823583
0.34089762549139546	0.15245641325692505	0.21500219851403649
0.34093173566000046	0.1521449445916924	0.21463921451999773
0.34101057541102203	0.15196004056473922	0.21440945764671093
0.34159482484451886	0.15154729293515046	0.2136207798294596
0.34182394116698367	0.1513220640561385	0.2131134210771711
0.3421106920858337	0.1511829235653112	0.21264817125436472
0.34235006075589797	0.15107547764532683	0.21233208148715166
0.34283618223776585	0.15092869927955604	0.21174916120373904
0.3432106776127092	0.15077671535731452	0.21107838303884868
0.34422134087910866	0.1506442752416172	0.20976797890880244
0.3444835515564725	0.15062559486282354	0.20932903147281715
0.3451437228524545	0.15057162411116562	0.20850336951639328
0.34615023075091417	0.1503881478207889	0.20724396116940544
0.34686597231687444	0.15024362965632931	0.20646171242300285
0.34805762905870924	0.1501101725838594	0.20510754302214626
0.3489922947744584	0.15005055502079057	0.20401036724310528
0.34968272854784527	0.14999747120724477	0.20327790419298
0.351003648022253	0.14995288243500476	0.20178078105319508
0.35170723617581545	0.14995433584392287	0.20108743040318716
0.3532326488154599	0.14991961275467558	0.19939775161008333
0.3544441404141635	0.14999004637806368	0.19807682714405764
0.3558435518247452	0.15031646733716236	0.19668375723846432
0.35720635912138465	0.1508422607554747	0.1952041742566741
0.35879964393300423	0.15157452245435038	0.1936887388842738
0.3614721140650854	0.1529589632718691	0.19112877383666277
0.3643410247091839	0.15483604501260784	0.18846591596472365
0.3662244756704962	0.1560639062921746	0.18676002389759833
0.36841968720978724	0.15766113771278117	0.18480934338968535
0.3698756500508984	0.1587742778071191	0.18348889195237686
0.3732832018145249	0.16161131616723168	0.18038161022774615
0.3768536924935091	0.16471238469569488	0.17717907690283538
0.3789263305450498	0.16654776605979266	0.1754140147331684
0.38217782246993437	0.16953728061280332	0.17248023699976942
0.38454504835987335	0.17177320495287696	0.17045641961320646
0.3873652966162519	0.17453534191479397	0.16789793935317388
0.3901596683278518	0.17731518440587962	0.16545865387881545
0.39307730489895437	0.18025528226701493	0.16282097036799986
0.39614414888174104	0.18338896332635352	0.16016180060340168
0.39883213647074456	0.18615570353668004	0.15782530797401978
0.4018586686733608	0.1893325516351202	0.1550469451057282
0.4069568030842374	0.19455446703957696	0.1506563796285761
0.4087303171741905	0.1964105330491286	0.148987251242522
0.4120292381575184	0.19969913513820597	0.14609226325777186
0.41471755447060576	0.20232828515781248	0.14379734480983397
0.4175170203770519	0.20506677943989426	0.14121574450754898
0.4213135652950824	0.20872651289456268	0.13779032154557946
0.42523220804184414	0.21234354515158615	0.13444428314235302
0.428617123273842	0.21541753479419817	0.13141282239191276
0.4316324373562578	0.21819185830241727	0.12868707649864874
0.43307048911416407	0.21948834643839116	0.1274019208122557
0.4370570225943999	0.22293782896327985	0.12388553583532774
0.4389375397256774	0.22450094744441323	0.12234174866557707
0.44428497884322904	0.22884934577793137	0.11821308464902497
0.44728730645597825	0.23125111624307415	0.11585386099514494
0.4500110773601757	0.23339470599894596	0.11366177005916944
0.45167909339099416	0.23468650851754191	0.11227148163794226
0.45423173191098737	0.23680193382809944	0.11004445712865052
0.4581125251173643	0.23994930889799038	0.10656180311156443
0.4614201250042593	0.2429746468514738	0.10333914987882192
0.46404341909050106	0.24545892530131597	0.10056878784646744
0.4666154624159333	0.2477956332274916	0.09788384337613737
0.46883652701815776	0.24995283873422514	0.09548975627439599
0.47111742658439876	0.2523251448645718	0.09282343104429225
0.47338404029198694	0.2547857772209439	0.0900113546582787
0.474521007980257	0.25613513434696195	0.08852680492362064
0.47657802122234677	0.25868457417439294	0.08564629941780616
0.4799424828757957	0.26317362000472927	0.08084494495793537
0.4817833985850441	0.26552094082400207	0.07847874048883341
0.48275744236209434	0.26687033697187396	0.077103751684446
0.4845236800676105	0.26920984043234025	0.07455504922265188
0.4860632337183874	0.2712409557744698	0.0722771209951103
0.48803021002800606	0.2739340877957919	0.06896321019768364
0.4891654884771709	0.27553914549788555	0.06679739382677596
0.4898974507595194	0.2764988875336334	0.06543825634021594
0.49149803907885914	0.2787374437793057	0.06183942974262907
0.4919917337889932	0.2797078120245823	0.059766654446761935
0.49228498190337855	0.2802667886975981	0.05830040431343203
0.4927478103242502	0.28106135839385943	0.05589433475646016
0.49284328904889246	0.2813729879627749	0.05462539567753111
0.49298388187927766	0.28167456201988617	0.05206537995046817
0.4930276216677594	0.2818576503135817	0.05048651777072205
0.49298673187636494	0.2819646785765147	0.04963575132507703
0.4928693701446049	0.282144403282345	0.04801174117481388
0.4926922861865707	0.28237928027745385	0.04622091245674115
0.4925149227905071	0.28259431297810167	0.04393253575632167
0.49247570658030865	0.2826372016649244	0.04249009896828476
0.49238315848065234	0.282758684702589	0.041020293452079415
0.4923112672897315	0.28276577890928556	0.039656420552520444
0.4921792008532066	0.2829251934233723	0.03824233105781416
0.49200101057566337	0.2829561705436762	0.03696545230369558
0.4916627540370337	0.2831426607171127	0.03508068144743404
0.49152375460881925	0.28322155683599287	0.0337020763832272
0.4913660556815011	0.2832595244422653	0.03254859199453497
0.4912224313914533	0.2832718469336613	0.031223981919289434
0.4913446452212413	0.2834354117805903	0.030371478252313067
0.49154082032734847	0.28375749669435624	0.029087059056616515
0.4915263283439337	0.2838362435510753	0.028472267454267453
0.49144955646149424	0.2840216269319275	0.02732702597268538
0.4914081501314609	0.2842304631976777	0.026172895439820487
0.49138505925254955	0.2844641461561903	0.02524175367648951
0.4914172035039488	0.2846441785872285	0.0245066456640905
0.4914283150523656	0.28477754000141237	0.023732941694319054
0.49139446885787946	0.28491254996907284	0.023208994940455085
0.491296640588793	0.2851903323969367	0.021790744100247006
0.4912276152605548	0.2853213011544065	0.020981335652660915
0.49121344270400535	0.2854665099247905	0.020493744793176616
0.49123953698419165	0.28566924906226016	0.019687079260345186
0.4912870363603664	0.2858534143784922	0.01908961031331924
0.491289970673775	0.285940422168746	0.018780747874509063
0.4911751730558159	0.2861846969040392	0.01761355370877954
0.49112537271536566	0.28629300475330716	0.017029414830798506
0.49116402455169683	0.28640895486886264	0.016550105368398238
0.49121252359380163	0.2866671869081251	0.016087271731978492
0.49121045739357516	0.2868128984177291	0.015588910642982456
0.49127694972196034	0.2870277388702306	0.01494517530953332
0.49126851706789926	0.28706022238824164	0.014631842292830544
0.49122405487969856	0.28714506106165144	0.014240613912589517
0.4912672729078618	0.2873061589778844	0.01370551085243793
0.49135105269916357	0.2875017904648468	0.013374203897552728
0.4914911151851232	0.28766740839923627	0.012929717193490398
0.49154039108357817	0.28776634265408524	0.012610826739228642
0.4915704391822875	0.28785253167934444	0.012429439735750114
0.491605406291108	0.2879727358058269	0.011980358164565885
0.49167869483827503	0.28813948545670126	0.011627052983751052
0.4918937569121147	0.28823911639619076	0.011354554543504591
0.49200401499294505	0.2882936001124543	0.011233367149878104
0.4922881489577647	0.2884709565804161	0.011037802054146673
0.49264801931743585	0.28856016127980455	0.01105505876505608
0.49296866719304033	0.28864625895647317	0.011074899841482189
0.49316266909154627	0.2886561209755619	0.011083925799587224
0.49380558167519684	0.2886348418750021	0.011213195753094818
0.49393790837370544	0.2886467083693994	0.011247005702247792
0.4942113743823224	0.28865452113657447	0.01128566119703639
0.4944001834442978	0.28864098939031085	0.011351949095831204
0.4944782243176387	0.28874100934077307	0.011506205750451026
0.4944970860902197	0.28886487025456714	0.01163090534170419
0.49452875802778934	0.28892399379182326	0.011698685872326309
0.4945485845753758	0.28893716611282144	0.01171929804034988
0.49461469280819526	0.2889804636003451	0.011783368087395885
0.4949087894163022	0.28916489468678863	0.012067162932835829
0.49508331760089325	0.28927502363921387	0.01223582729629119
0.49554969346982	0.2895779267092521	0.012693214493244398
0.49562356047951184	0.28977033294086835	0.01289022538271195
0.495608463149103	0.2899943292406604	0.012963602892725579
0.49547855933459395	0.29069023998995935	0.01296710247556665
0.49547379835937283	0.2909587225505451	0.012973828779115903
0.49565049098692165	0.2914542157943514	0.013120117242454155
0.4958969188661025	0.29206112512649307	0.013325378556569123
0.49597896078887277	0.2923672395930917	0.013385362365978537
0.49618855364531794	0.2932677677690404	0.013528910339218492
0.4962908648153214	0.293864978570827	0.013588000900805919
0.4963265893134522	0.29420164158871054	0.013598475455241787
0.4964680029702314	0.29497863428420856	0.013684893563188305
0.4966212113117301	0.29571177195077536	0.013781841252903437
0.4969814937733619	0.29612011043602504	0.013857502829474344
0.49723106757332625	0.2961647859097358	0.013865863488243146
0.4974807779426309	0.2963501184359376	0.013774925278356998
0.4975193823223244	0.29654181271569896	0.013711798263795427
0.497932564196288	0.2969690677271069	0.013767671411415328
0.49806943559999023	0.2974555661393513	0.013820976467341206
0.4982626653872725	0.29777242428353173	0.013814239629529768
0.49845390341230206	0.2980132244093965	0.013720151777647682
0.4985654051625941	0.2981140067769537	0.013679378628073391
0.4988307705348067	0.29829758021677083	0.013657836800815004
0.49926613450711665	0.2985403338512915	0.01370123069225132
0.4994707048136705	0.2987717494327077	0.013649261015893532
0.499510950836192	0.29905948395276527	0.013534255988556287
0.49950813409642836	0.2993955999923601	0.013405072825978526
0.49950844097695196	0.29968961759387625	0.013384075863787592
0.49951409241703193	0.30017501849302614	0.0133628084538982
0.4994870035734957	0.3007758025969115	0.013306352006036248
0.4996205926411296	0.30176462028901535	0.013403020823696876
0.4996445454065622	0.30237061402475335	0.013403854683451788
0.4997009284799165	0.3028661595984408	0.013445379630677212
0.4997116750227126	0.30327673044979436	0.01344184562905859
0.49968397154946725	0.3038203221789522	0.013396648611390727
0.49966659681817716	0.30475416728102744	0.013351493943412895
0.4997325491209596	0.30532851248281057	0.013404862498902381
0.4997963463875053	0.3056552719348054	0.01346291344868955
0.49987283248023867	0.3062593994446885	0.01353055847283835
0.49992128892621596	0.30700753035794454	0.01356558604961794
0.4999533051682932	0.30754521349425995	0.013590291453417558
0.499942294819926	0.30832079094812476	0.013566521580708923
0.49999063627766793	0.30881523977245384	0.013610922517604707
0.5000851104332743	0.30941461163547823	0.013701414804736023
0.5001300018698868	0.3097512631783463	0.01374332181179655
0.5002318116200114	0.31049095715093566	0.013840815173989274
0.5002908541723781	0.31125384458476385	0.013895902008957683
0.5003162873296277	0.31168981362290477	0.013933112051646046
0.5003181939842166	0.31204880036524685	0.01395729337094842
0.5003365116719813	0.31230323052290393	0.013978515050166174
0.5004875078781342	0.3129834602711841	0.014136188130500715
0.5005859712867416	0.31364039610801586	0.014238454776266951
0.5006566498153913	0.3140616609639671	0.014313549914943324
0.5007027246859764	0.31434022000618195	0.014363583713931038
0.5006883657164396	0.3146518918110337	0.01438248077333909
0.5007088244987281	0.31485464128797414	0.014411914528248415
0.500722234533809	0.3148646731205153	0.014425841758947677
0.5007284212681413	0.31486789016767947	0.014432695881406943
0.5007319650943238	0.31486701999924477	0.014436193989049495
0.5007866332730037	0.3147565002676271	0.014498621897481911
0.5008450117773382	0.31449333046545264	0.014636407149936081
0.5007848744281348	0.3141622282403506	0.015117472778288676
0.5008013475912032	0.31422467168443025	0.017511286439306828
0.5010523972735041	0.3144067467830251	0.019631279365671828
0.5012138428230253	0.31446632582062806	0.020954388082144393
0.501498695957292	0.3146461543065558	0.024441031290930115
0.501907351420005	0.3148911351317243	0.028788077481139818
0.5020155206346668	0.3149838951369455	0.03066338500412319
0.5024949878773446	0.31531975115709826	0.03583169457323537
0.5027313206635181	0.31547128796519475	0.039555999632724825
0.5030197180497089	0.3156801485584643	0.04377711667847639
0.503412090716803	0.31589689002100774	0.04852233808394302
0.5037838413870144	0.31617587119288404	0.05504200222046862
0.5040176582557623	0.31629893089841726	0.05992854513434326
0.5042450815250397	0.31642234167367284	0.06311798920218664
0.5045039903540625	0.31655237933532715	0.06831240165055502
0.5046968641460979	0.3166187998084939	0.07313022343207537
0.505083057743629	0.31671373980284306	0.08221006270500736
0.5052890745740674	0.3167302977415552	0.08688676978684745
0.5055115822824087	0.3166904342889105	0.09503105494159575
0.5056783472586441	0.31658400383737634	0.10107749045578407
0.5058202646755835	0.3163685949545043	0.10937515825389682
0.5059131536479237	0.316265094623208	0.1127130672908529
0.5059273179927952	0.3158316886466947	0.12124712729370718
0.5059367920343997	0.3154750601225083	0.12728491887855115
0.5058792752045297	0.3151159350715021	0.13202005907739256
0.5057044922942006	0.3145066113125844	0.13886116835723822
0.5055690745460331	0.31395848206726407	0.1439279315672946
0.5053571485102801	0.31325926540021415	0.14988508887247076
0.504913572006037	0.3121268455037236	0.15718835544352822
0.5045444438606456	0.31126799787205356	0.16230297730354087
0.5041333401464205	0.31037167229073337	0.1670668585632204
0.503390405553308	0.308788860513338	0.17341219215657427
0.5027775653863801	0.3075596451211592	0.1778272827478091
0.5024217903309397	0.3067654968308285	0.18071844025189154
0.5017853451124734	0.30553991364569144	0.18429841707593572
0.5009711124068689	0.30404841165800217	0.18792270507561668
0.499503710064365	0.3012661458797473	0.19376323796743716
0.4981324877899068	0.2988844369094435	0.19755105102036258
0.4970762723577146	0.29707451779888544	0.20003495703564944
0.4958136762028391	0.2949417424229536	0.20235219364331639
0.4938110866996246	0.2915024375543435	0.20584091177359323
0.49215295298875567	0.288607489136892	0.20826512949770692
0.4910539190821315	0.28673513838609876	0.20974075642247375
0.48869778287159127	0.28276830255082636	0.21265459235845022
0.4859241948870725	0.27819419791612854	0.21569259508638416
0.4841558668550526	0.2752454077421259	0.21747747825250588
0.48289546594505306	0.2730861544842962	0.21901619672318157
0.481058019712974	0.2705632931983488	0.22066420438398884
0.4793496181849685	0.26806842701567535	0.22244767170574065
0.4775598404831369	0.2650867839183969	0.22427962725169984
0.47483307133991837	0.2611489985069451	0.22669013051299702
0.4739448488727981	0.25995686165331827	0.2273381885744905
0.47264260827495796	0.2580318409978532	0.22856563929951146
0.47146187122799954	0.25628031082814684	0.22945927149834103
0.46980341081099686	0.2541123229282144	0.23057250485846692
0.4679833046744831	0.25207254229885373	0.23108080511359186
0.46733336243259255	0.25134476774192527	0.2312208042712121
0.46611218675290705	0.25017243027869845	0.23114074719009212
0.46480103054864286	0.2488633595884358	0.23095504727007543
0.46309641405746393	0.24722066620134137	0.23044999914157233
0.46084081801136323	0.2451239265908579	0.22927520616502634
0.45991195979261656	0.24421235557952964	0.22875672874352546
0.45766491286917926	0.24201371287883067	0.22750700927821724
0.45592714609106877	0.2402722624875816	0.2263060009150499
0.45487759996795274	0.23922301298616855	0.22552645157097526
0.452051520958862	0.23642641506915835	0.2234031771954557
0.4491455002248479	0.23346538321702853	0.2210871179583024
0.44678237988481684	0.23101033342037985	0.21922121868163774
0.44442249913882625	0.22858073844316612	0.21731386601371264
0.44283691705483	0.2267738308227472	0.2160068297520918
0.44044694512075877	0.2240873918364128	0.2140268220263352
0.43686944979096665	0.21996972170589912	0.21119397411589536
0.43419011002375707	0.21677525303888134	0.2090840663323179
0.43073797019087035	0.21234348153141697	0.20660641120576576
0.42908140674930323	0.21005437148823808	0.20539524308651078
0.4259658749853959	0.20537912503367384	0.20337804938295645
0.42349341809212143	0.2013602207651467	0.2020727196942859
0.4202522865805011	0.19562567878355996	0.20060947111220861
0.41889765373844934	0.19312063687720432	0.20011253494617426
0.4160238231682906	0.18752985614986592	0.1992543317133836
0.41475395724369785	0.18497581487918244	0.19896242391644867
0.41215619875208637	0.17985085488031918	0.19866643137967077
0.40937289732694654	0.17399827787923555	0.19872576044199747
0.407453099352887	0.16959621346026488	0.19904470037118271
0.4056802374559616	0.16536029013237702	0.19959763074800058
0.40396646320301854	0.1611497259038876	0.20040782822480419
0.4021925447961748	0.1567374312036766	0.20145757317404064
0.40056885974404705	0.15307210053743353	0.20256837831014496
0.39832815694912344	0.14846262227731064	0.2039359292376898
0.39641956518814153	0.14461279750091005	0.20512094954011656
0.3948281573042894	0.14152450343456863	0.20600791552948994
0.3939390123794708	0.13983958190900908	0.20643400281273036
0.3925373304168225	0.1372761206871701	0.20699101606635328
0.39094548766823056	0.13436728720688706	0.20761477161236938
0.3892560093972489	0.13129897830942577	0.20834900884916982
0.38870767943726386	0.13025600825794237	0.2086405135363203
0.38784376650089214	0.1287190453800598	0.20899942258286902
0.38718166425658423	0.1274523628482815	0.20944528180865915
0.386688333219105	0.12643091110751786	0.20989459216138842
0.38621285232253266	0.12545335275896158	0.2105937036368424
0.38568289111678616	0.12449477740408095	0.2111936247995353
0.385372764586026	0.12390990899881334	0.2115721053495519
0.38499844129834937	0.12313359275407716	0.21214263576145131
0.38479806209551176	0.12272869951938171	0.21240526506095
0.38432875628524316	0.12182268782752755	0.21295121986483534
0.38387031487546686	0.12095506823753237	0.21357238354142327
0.38350759992854117	0.12024112830004878	0.21405330965012084
0.38323714320247504	0.11968655149819114	0.2143482076377354
0.38286105049202046	0.11895583281325932	0.21486143750030054
0.3824990432818032	0.11819610386473649	0.21541265427523262
0.3822217106534418	0.11767116613325877	0.21576287619991324
0.38176603469100673	0.11674556598699158	0.2163510115192974
0.38158829120974525	0.11632556456415762	0.21669984143461712
0.3811650498701322	0.11551203145207957	0.21727536619024762
0.38084627060127063	0.11485642698425606	0.2176798513434202
0.3805518805606973	0.11430109351001354	0.21811183895834152
0.3802622441116363	0.11369678409580895	0.2185936143943371
0.3800688561003299	0.11328405477377566	0.21885971963033718
0.3797232172339732	0.11259975919384822	0.21931939558173172
0.37936523432831354	0.1118401831851271	0.21980554038170108
0.37911296198423955	0.11132377731409478	0.2201246203211177
0.37863803379970656	0.11042506662042766	0.22058030043117233
0.3783705043432386	0.10985796641198838	0.22099066270500167
0.3781429429011581	0.10939072845684404	0.2212857411763356
0.3780065469984774	0.10908142943825587	0.2215530472935015
0.3777103318766551	0.10846128967237108	0.2220119686838325
0.3772673264311454	0.10755349452417796	0.2225964343380948
0.3769612468824245	0.10694390664697966	0.22284242998964185
0.376729651659494	0.1064961331680714	0.2230666978618374
0.3765919799369263	0.10618267923961684	0.2232985218316311
0.3763739859654866	0.1053611806145301	0.22373350507915343
0.3760814669709901	0.10443172252855128	0.22433784258809228
0.3758422376572685	0.10395384212723781	0.2247033135211957
0.3756172073874258	0.10344953779347336	0.22489039717608528
0.3753481657236195	0.10296035818826106	0.22511797014255214
0.37513206416877043	0.10241886430565543	0.22542062661760695
0.3748907800725063	0.1013443462248015	0.22609235970458025
0.37470946799816673	0.10066892143477481	0.22643492529632217
0.37439728963295055	0.10003352442091053	0.22677362889862082
0.3741682068907499	0.09959487809139171	0.22693464700849209
0.37399077274552595	0.09909720302596915	0.22708563105817128
0.37384373883045496	0.09856405183315788	0.22741947663281314
0.3736368060384962	0.0976212662861727	0.22801775009634445
0.37339892727333823	0.09684070376399774	0.22837860597427512
0.37322901101012257	0.09653375081771547	0.22852117011563913
0.3729975196984533	0.09599947577500949	0.22869661001931793
0.3728125255277792	0.09520761975281263	0.2291279812416025
0.3726757798127622	0.0947024088670327	0.229465613272908
0.3725348138313459	0.09392174509827496	0.22981468216430312
0.3722791342676147	0.09299520190017331	0.23030578786927586
0.3720313120061418	0.09219403260097074	0.23069568975325017
0.37187019267416943	0.09150526073453226	0.23084883000834838
0.37159785138734763	0.09048844123665596	0.23121409342253785
0.37148502728231364	0.08987627638954566	0.23141944204809603
0.37091817091145973	0.08772810460285453	0.23203520290438692
0.37077727724337467	0.08706596738009247	0.23222518095940087
0.3704895356318825	0.08588442481061799	0.23260743847189327
0.36999196333891937	0.08401225769308475	0.2330958545326452
0.36970420734749	0.08272268003573945	0.23345350778015783
0.36913784463566146	0.08060784303403394	0.23395671568484905
0.36868125835616444	0.07897228112964082	0.23430565042124218
0.3684064202971478	0.0781457963640108	0.234551249320926
0.3679547504798235	0.07652710497159802	0.2348777935602856
0.3672267947658677	0.07405980968148647	0.23548113325911946
0.36681796816189294	0.07260247634413995	0.2357015629896921
0.3665406638024872	0.07151485140478363	0.23601655858406045
0.3656667006480185	0.06774238835120809	0.23684661253946998
0.365259517512067	0.06584638895534702	0.23730474299749538
0.3647416745754759	0.06363976508811907	0.23781602910765084
0.36450994733293907	0.06243088494510794	0.23807127815550572
0.363821707178654	0.05938741187263326	0.23878242411402556
0.3633466676909159	0.05722893420412066	0.23917951773893964
0.36266432126757653	0.05418490547162781	0.23988797354064287
0.3622005737700834	0.05200734586606455	0.2403476392007274
0.3618071750615372	0.050403547064623064	0.24074734141470414
0.36119734093112743	0.0476127741383416	0.24132050480662104
0.3607466849405652	0.04542425950963906	0.24182054840248254
0.3600648048177612	0.0422375162435127	0.2425115565953256
0.3595833663514419	0.040198000837018286	0.24290987398063166
0.3591078932262953	0.03790927702314566	0.24333869462734548
0.3586952452776829	0.035830435708797334	0.24375754790649018
0.35811685443584557	0.03348330601870468	0.24429937248101904
0.3575555238449468	0.030970000901746134	0.24481742881101948
0.35708405864159415	0.02861994053132884	0.24526895883473476
0.35648996062493016	0.025803397824709154	0.2458048377274837
0.35604031577093537	0.02389377843910266	0.24617066135381854
0.3556045324375866	0.021800198803543516	0.24660791624063266
0.35520511451219167	0.019922289399210355	0.246973865105234
0.3547227495271762	0.017719369782113956	0.24744566073099625
0.3542343165946328	0.015358765872818772	0.24790843723823505
0.35383644596007896	0.013487758575501704	0.2481949587967984
0.35346794112584823	0.011799593953330315	0.24855936080486493
0.3531171791331664	0.010114545590333049	0.24882285773691265
0.3529438636759686	0.009188347269258143	0.24905869450634455
0.3523679000561137	0.006324933879807829	0.2495377563955324
0.3521804396158038	0.005547142483912346	0.2497444542060667
0.35183470701647424	0.003984308215499208	0.24998304133465754
0.35150032551467847	0.0022207697255888365	0.25031904781486664
0.35113348598164457	0.0007165850163563942	0.25067862475575975
0.350924705093229	-0.0005832956787931304	0.2507654776475813
0.3507466437272357	-0.0015237224435841329	0.25098425182420214
0.3503602313600881	-0.0030456276273843202	0.25133861958578013
0.3502653716045775	-0.003736379127957143	0.25135511168870295
0.3502282742604758	-0.004156687966078834	0.251380505818912
0.35006897958155264	-0.004927390770129894	0.2515746490636961
0.3501436375427922	-0.0052739270970506985	0.25155050136978346
0.35017263814751953	-0.005337568172333593	0.2513567820685335
0.35018856069774684	-0.005343412287012531	0.2512176633300042
0.35018643461032867	-0.005342733083760556	0.25121440097581793
0.3501011764892646	-0.005356553359624053	0.25120280113611304
0.34999257422839475	-0.005372566413339511	0.2511900056825973
0.3499183387409692	-0.005380272554257451	0.2511791471743047
0.34991767756445513	-0.005374785159167492	0.25117747900465714
0.3499385113666471	-0.005321227854754154	0.2511626488249107
0.34994351885374714	-0.00531027041962652	0.2511590759373349
0.3499460143192492	-0.005304381529948679	0.2511565687481929
0.34994621880436794	-0.005302710044475675	0.25115553941182267
0.3499489383743717	-0.005297325560491187	0.25115328669578035
0.34994954705832565	-0.005294198460761859	0.25115177860750904
0.3499515842742964	-0.005288922093262274	0.25114898557969745
0.3499521988724588	-0.00528661789156086	0.25114832380424773
0.34995297087874366	-0.0052851720478796355	0.25114655211466963
0.3499554841923312	-0.005281791375643177	0.2511444007224529
0.3499562849148011	-0.005279996913551313	0.25114300423882496
0.3499564446411204	-0.005280475120764641	0.2511440051987381
0.34995876756708744	-0.005279016677300144	0.25114215874443857
0.34995995029943655	-0.005277838001779292	0.25114111282067164
0.3499598662538729	-0.005277701772591889	0.25114124986254144
0.3499604003659911	-0.005277569169847465	0.2511405987020259
0.34996138378236913	-0.00527704792817639	0.2511402212796422
0.349962071336633	-0.005276533240706913	0.2511397609221907
0.34996156807788	-0.005276988321903139	0.2511399287352493
0.34996314115547883	-0.005276015771702544	0.2511403407839507
0.3499624434418981	-0.005276098811463195	0.2511395447801513
0.34996174120805296	-0.005277131486163197	0.2511408022962558
0.349962632138573	-0.005277151201743033	0.2511405756248921
0.34996262935807587	-0.005277073449947975	0.2511408660915605
0.3499632553502233	-0.005276691780711537	0.2511412099352734
0.3499635323039931	-0.005276558306690424	0.25114032772069916
0.3499630595105435	-0.005276935183179496	0.2511404854875269
0.3499625873854096	-0.005277338506349025	0.25114034328656965
0.3499626444260022	-0.005278136919859691	0.2511408256814275
0.3499630876432686	-0.005278284031800015	0.2511415534622612
0.3499621421146594	-0.005277701829136269	0.25114022891582255
0.3499331550115578	-0.0052867565601679295	0.25114140990356126
0.34993507333759133	-0.005286617174116923	0.25113963841775394
0.34994567133733445	-0.00528608444564703	0.2510710390783375
0.34997048143612763	-0.0052855775836222335	0.2508755776898246
0.3499743686289988	-0.005285591199066839	0.2508513265415431
0.3499821984486338	-0.005295575693716734	0.2508476297045086
0.35001092391262173	-0.005470753692147098	0.2509511247577195
0.3500526762854227	-0.00561862012133528	0.2510394802779409
0.3501118102282283	-0.005817503846274816	0.2511461243818708
0.35013014224433564	-0.005880938347990541	0.2511086755994215
0.3501393524130141	-0.0058943232991096745	0.2509825603137651
0.35014492936833375	-0.005962518762596528	0.25096345184498464
0.3501538198616556	-0.006209024506204017	0.25109784235380966
0.350162083831843	-0.00636503792789854	0.25118360638386794
0.35015466461179723	-0.006432746983413604	0.251189610784213
0.35016211806654896	-0.006442948210747715	0.2510675232133739
0.35016094875827886	-0.006454005091609552	0.2509972694972139
0.35015239768726547	-0.006461144143011979	0.2510125597565055
0.3501468445448444	-0.006465249618069338	0.25101381385649374
0.35014178907779014	-0.00646852747365341	0.2510128765292883
0.35013964036966844	-0.006470362172430452	0.25101108349813495
0.350138512577359	-0.006469940037187968	0.251011816683395
0.350137824154623	-0.0064691160173852985	0.2510117056634922
0.35013725063181966	-0.006468062055275073	0.2510112338268029
0.35013718728269455	-0.006466549926309753	0.2510108019053563
0.3501378730517082	-0.006465476116566102	0.2510097943751902
0.35006872537128764	-0.0065317575409575696	0.2510254292277278
0.35006600906217905	-0.006535384794987345	0.2510209495037713
0.3500715474101534	-0.006530997004718417	0.25101899951480217
0.35007716410888823	-0.0065249875715163025	0.2510200999121681
0.35008285752666624	-0.006520043625282065	0.2510190179184424
0.3500916098473166	-0.006510084568080318	0.25101821867325846
0.3501018655067127	-0.006500083983603758	0.25101878062552074
0.35013698301041496	-0.006468495849062492	0.2510261204656174
0.35013892290993065	-0.006465767122581886	0.25102565962370604
0.35013962362558926	-0.006463390243196046	0.25102334405772114
0.3501400546005854	-0.006461600977559642	0.251021768300567
0.3501397541731778	-0.006460231296289906	0.2510198521412914
0.3501410026806564	-0.006458816201462145	0.25101782510212833
0.3501412113514071	-0.006457215254823359	0.2510161932894788
0.3501407553146872	-0.006455757954934541	0.2510149729513737
0.35014114666826196	-0.006454800802122643	0.25101317005460866
0.3501416283724465	-0.006453010322874667	0.2510111538177006
0.35014063102442217	-0.006453368807680729	0.25101031856774003
0.35014206083139704	-0.006452074363037033	0.2510081283445645
0.35014217887429233	-0.006450373075155544	0.2510065280528575
0.35014152963074874	-0.006450652858302167	0.2510057388749207
0.35014210669226054	-0.006449221440312777	0.2510039921509331
0.350142969756061	-0.006449755652819925	0.2510017487118008
0.35014349269634615	-0.006449273663315977	0.25100095722402105
0.35014370949140067	-0.006448292486196647	0.25099984771288486
0.35014334654953955	-0.006448020645064542	0.25099823785512365
0.3501436371514697	-0.006448350169018027	0.2509986443140832
0.35014361607335	-0.006448329219314944	0.25099839901231813
0.35014343281512755	-0.0064484608402809035	0.2509979254512005
0.3501436524224093	-0.006447450215416525	0.2509968108049683
0.3501437463764635	-0.006448222791507932	0.25099704484635466
0.3501380365179316	-0.006448920080578416	0.2509964876837036
0.35008004002635484	-0.006457649821218117	0.25098989411641126
0.34994632826968297	-0.00623217699916874	0.2510447627794141
0.34996172057361324	-0.005818145940372069	0.2511463158674827
0.3499661078358594	-0.005489540491177572	0.25117234499940966
0.35003087382533926	-0.004419609120723686	0.25126663665417603
0.3500245740522809	-0.0039217976413582906	0.25132912630126436
0.34991749106194253	-0.002415209010563704	0.25159913530176536
0.34988737313155666	-0.0014229555924206855	0.2517607655622264
0.34984794797387975	-0.0002912923313296706	0.25196723927697584
0.34971659003531136	0.0007602147834964018	0.25221814687541566
0.3497085751248294	0.0019971492762810433	0.2524210419750099
0.34960423661568374	0.0032273525548952714	0.2527165489552812
0.3495055521646589	0.005006625367529327	0.2530842148641337
0.3493631357560556	0.006568834764585682	0.25338598062029555
0.3493092047405178	0.007445179249910963	0.2536209632676984
0.3491474973719865	0.009687218849218679	0.2541195700502214
0.3490913636434063	0.011472876299514836	0.2543034776767016
0.3491117730997798	0.013204246677367679	0.25442266983790796
0.3490868610416631	0.015057638040798335	0.2545891343855762
0.34908687700551233	0.016257694458837776	0.25468888090062597
0.34909438376430124	0.018305947470664316	0.2547155229503296
0.3491452736521383	0.020416275769298983	0.254789243615469
0.349132267232438	0.023700482958373417	0.25498876227572986
0.34908772944318855	0.02557969567779332	0.2551607455079674
0.34909836216209406	0.026675466141268964	0.2552425122049158
0.34913559626185486	0.03060591695093269	0.2553266456170207
0.3490439767657804	0.03253598635118339	0.25551087820902296
0.3490770626382337	0.033944364738467805	0.2556076301630812
0.3490701365790588	0.03595940894551149	0.25565047605339813
0.34903012362031516	0.0388612101599619	0.2557732771566571
0.3490154612643147	0.04020262407640686	0.25587740402539677
0.3490130583173926	0.04459235384833628	0.2559592661742794
0.3490227061512752	0.04645838639866494	0.25605077075050153
0.34905016602773437	0.048586925971681974	0.2560942115436694
0.34901416739479085	0.05093998988515479	0.25619074345635334
0.3490184394125957	0.05249058530390331	0.2562193022554342
0.34899949521928614	0.05568552310136822	0.2562615174719299
0.3490350620897864	0.05782727624422064	0.25629265625713726
0.34901595416428316	0.06053285019714878	0.2563054627934931
0.34898325588488865	0.06275100014196926	0.25627792934368737
0.3489704719280928	0.06402949924693009	0.2563554367863431
0.3489822719606391	0.06726972367882851	0.256273039627274
0.34902210165475883	0.06940329381935541	0.2562319136164244
0.3489771193585675	0.07251426807504495	0.25617115083765013
0.3490291758614079	0.07363181295046332	0.2560634051130575
0.3489833121105883	0.07665069287863595	0.2559176314456912
0.34905021146600784	0.07876384445793995	0.25574580714431666
0.34900879519963085	0.0804128089800095	0.2557031111414588
0.34901264745690597	0.08232505859094656	0.25547438469243705
0.34903827764195533	0.08513034663331233	0.2552574890693471
0.3490060244819644	0.08683782746997466	0.2549723910465576
0.349036478816466	0.08853633603607246	0.2548194637193514
0.34904337734815494	0.09020090034439517	0.25450877294319224
0.34899891181924975	0.0917711546576399	0.2542931760769313
0.34904188561887467	0.09358621792678608	0.2538862717700852
0.3490381438309653	0.09584635964532652	0.2534032476670183
0.34897499180516317	0.09710858396212045	0.2530781923266431
0.34897822081419566	0.0983102045447924	0.25274945101375174
0.3489917471366421	0.09983420865658572	0.25228578173620547
0.3490128356128441	0.10106891354043628	0.25184167519130973
0.34899434183048944	0.10229499100488813	0.25141434955691655
0.34904588710250495	0.10398858591568387	0.25065706762977047
0.34908182742048355	0.10490828879673235	0.25024102732090653
0.3491383944070066	0.10588954781191624	0.2496642747016805
0.3492690146170405	0.10759101552329124	0.24870644446643295
0.3493034952207642	0.1082496372136728	0.24826111780815152
0.3494082984365397	0.1098505718108828	0.24724970263458476
0.34952536888580754	0.11091855443401656	0.24657554001785797
0.34961194304944515	0.1119091589538782	0.2458707047717968
0.3497230452415012	0.11294967149214429	0.24508478502992348
0.3498491602449559	0.11464833499002415	0.24394265482870325
0.34987785579290087	0.11554658407088504	0.24323382966066265
0.34998044918706855	0.11714338713342624	0.2420664503294893
0.3500216180188324	0.1178547130186106	0.24152980431290097
0.35012045821331494	0.11907942182948793	0.24068178807981055
0.35036161793403625	0.12140881939935295	0.23874428964226052
0.35048915890493393	0.12231612100576712	0.23805029708483585
0.3505787257333538	0.12367781412657593	0.23695951147146724
0.3506373723925594	0.12485695478040278	0.23589493488614977
0.35074824799026766	0.12609756288345825	0.23477994912395111
0.3509302058870318	0.12740325268111347	0.23368797514933506
0.35112141459497276	0.12865775607297442	0.23272141738416569
0.3512053950499483	0.12998355139735152	0.23170754580309333
0.3511556581077514	0.13086490252809369	0.23105118708774813
0.3511727184176374	0.13158333055476584	0.23071630238372062
0.3510418269591065	0.13193302353906988	0.23045017846488908
0.35088075042886524	0.13258461345168182	0.23027650744462735
0.3504165934338196	0.13282111893723036	0.23022078621994707
0.35007190035213276	0.1330263400879525	0.23033237298429787
0.3490997350553601	0.13271921189829144	0.23076465724759695
0.34870504451601037	0.13254142692289922	0.231021931953753
0.34747151152994876	0.13195928870660933	0.23168005858859037
0.3465817560586327	0.1315242529218183	0.23210224594180506
0.34606373738624385	0.13125980438749862	0.23244056914941208
0.34447067180932783	0.1305890314522156	0.23316267712564723
0.3439734463828115	0.1303895366900535	0.23340286843534283
0.3426613978061834	0.1298128267054368	0.23401810238202803
0.34204027066855835	0.12958651685544825	0.23418649592317015
0.34037657735894	0.1289613305619844	0.23470921985363163
0.3392482111796139	0.12847671511126496	0.23508429651838703
0.33788849510515306	0.12796657643953496	0.23537771296661378
0.33638450995954666	0.12743451266909056	0.23562930215354205
0.3347851064820884	0.12684844854058194	0.2359209855471614
0.33266706369079135	0.1260734185775657	0.23615820957881775
0.33153068999075197	0.1256549198491041	0.23622671553525498
0.32851731750131574	0.12458824770147357	0.23628118325720654
0.32640673121651714	0.1238249262314746	0.23634702774672547
0.3242363162730608	0.1230559597073594	0.236439601212178
0.3210108564594719	0.12188483763271968	0.23657752113785882
0.3191682211685837	0.12123270545653157	0.23656938385999968
0.315478875959308	0.12006913005412338	0.23650279663708065
0.31369006588297205	0.11952481986102433	0.2364876923497056
0.31040892782368384	0.11858024793050916	0.23638667425769205
0.30797929234034976	0.11790140157393396	0.23627677547412346
0.30663794632577335	0.11753497635209599	0.23621662734707113
0.3040096804601498	0.11692499710219939	0.2359654229141073
0.30248583095542525	0.11670632095988981	0.23570537847461176
0.30201995258003683	0.11667803220851249	0.23557816408832377
0.3020687996604862	0.11695377234439049	0.2352478830940426
0.3026758026316685	0.11743118355310357	0.2348557227924839
0.3030533974921465	0.11773429412104637	0.23457122758593194
0.3033823881810928	0.11792207943468934	0.23435197424400875
0.30409451180780517	0.11823771522002637	0.23399352165868062
0.30454556137018185	0.1185567629497931	0.23366590581340263
0.3050871977021061	0.11899061776986262	0.23322013838310984
0.30542212127023616	0.11925598884661055	0.23296848206059725
0.3055940103102025	0.11950798223885292	0.23267071098592684
0.3059409621246575	0.11987239690111708	0.23234996543818734
0.3063280606166743	0.12028442352660268	0.23202129734412508
0.30671330824098963	0.12065615604270034	0.2317487868395838
0.3073023387927688	0.12131465796168703	0.2312391070911728
0.30748128772215394	0.1215441250279756	0.23105238241019535
0.30788581916012014	0.12203190307737087	0.2306818067465865
0.30830400520974893	0.12252671145485072	0.23031614757553792
0.30879314585281425	0.12312966773039881	0.22987652209951648
0.3089925965928091	0.12341400397754682	0.22965607376829877
0.30943597075788803	0.12399852287857907	0.22922847118725026
0.309759173755607	0.12442674850278371	0.2289168170184056
0.30996816772719055	0.12470202415340702	0.22872306609219775
0.3102885302327474	0.12509189100678209	0.22846798874382238
0.3107786836405962	0.12584316761458184	0.227908315133148
0.3110113058995546	0.12614104676771404	0.22770880937452542
0.31139237572740625	0.12668927087610543	0.22731919123328106
0.31173363334497634	0.12711894534189688	0.2270410793882609
0.3120337162874056	0.12751984617354617	0.22677611240761725
0.3123742296594778	0.12809126101406632	0.2263597542190347
0.3125835193137067	0.12842265132443662	0.22612552751283213
0.3128154273297386	0.12875063568731399	0.2259094616817747
0.3132385797653872	0.12931235711545352	0.22554715891980395
0.3135295202380397	0.1297121699558618	0.22528876775081788
0.31389159440444386	0.13029461836294556	0.2248890912975353
0.3140833801387405	0.1306152645246324	0.22466693445188474
0.3143511498681465	0.13104013645584084	0.22437923070556265
0.31466845057106424	0.1314995061085643	0.22408672672843025
0.3148182471060087	0.13175425115645945	0.22391234958298023
0.3151582700475152	0.13226815010414852	0.22357908231095647
0.315603439021092	0.13288595663071556	0.2231989969168692
0.3158287607717341	0.13326562498347466	0.22294421844872372
0.3160388359384423	0.13364742515184802	0.22268181719526076
0.31626131229061366	0.13403527824574202	0.22242718407667852
0.3164151426815385	0.13428701124836917	0.2222640674086353
0.31662081873772774	0.13462630238134937	0.22204162380575884
0.3168870110610409	0.1350476394914445	0.22177720832313533
0.3172825242185148	0.13557750135640073	0.22147448317103471
0.3175022856471516	0.13591668302828375	0.2212315211833763
0.31768163962430673	0.13598547881199957	0.2209220683967581
0.31781489558755477	0.13602840569244967	0.22081523161277755
0.3182329776028581	0.13612383823020047	0.22059956643519132
0.31850822128799455	0.13617310110583078	0.22052267102382933
0.3194578821494607	0.13631445789826088	0.22038598637733664
0.3198581213462331	0.13627513058810103	0.2203208957181831
0.32009014727410445	0.13625822907780422	0.22028120658163305
0.32061342478790367	0.13622889466872382	0.22018867832590402
0.3208625071000265	0.13629512219417902	0.2201249813219365
0.32142345146189766	0.13647754119857752	0.21997375041278575
0.3220347611057677	0.13659708903981888	0.21982828159922685
0.3224285619756125	0.1366016198441369	0.2197548819382485
0.32272725210986686	0.13659090096105897	0.21970099660496795
0.3233009267741223	0.13659163777922584	0.2195929444523839
0.323576427171926	0.13668726997891528	0.21951855004005277
0.3239972089516176	0.13683027959046273	0.2194048298751607
0.32462069284636946	0.13697286656799246	0.2192558196593355
0.3251595069729715	0.1369603988542234	0.21915954380854327
0.3256314715636228	0.136980767208617	0.21906869255336614
0.32607326624090915	0.13709108938258105	0.21895826328657078
0.3263281551482888	0.13718708789225384	0.21888794088665134
0.3269278346494313	0.13740596132778551	0.21872451588712993
0.3273293166109137	0.13748905694104016	0.2186308285206264
0.32797512419949243	0.13753029965999564	0.2185016941517553
0.32823271674676663	0.13754702487917447	0.21844992931112595
0.32883060163085925	0.13758033352875237	0.2183172324234906
0.3291381917389633	0.1376639386866388	0.21818961615942195
0.3295873379855915	0.13783378905005866	0.2180272163393877
0.3297862400278962	0.13785583669776408	0.21798279016875938
0.3304154403675533	0.13790430147334493	0.21785540667869158
0.3308163467064694	0.13792191921615055	0.217777598290801
0.3310714093510509	0.13794544077648713	0.217725663011293
0.331667612309119	0.13812560458667594	0.21757048417707248
0.3321490683432434	0.1383385517979251	0.2174288560719942
0.3326018221538041	0.1384347004445045	0.21732364557571066
0.33286676701073975	0.13847024481795614	0.2172659004731126
0.3332740386421947	0.13842315564924418	0.21712606363009315
0.33348005621759647	0.13839511220873552	0.21706491195601674
0.3339801218483926	0.138444309135661	0.21695897706275769
0.33416340955917245	0.13853876385205366	0.2169000777491994
0.33471447368689383	0.13879352704110914	0.21673899855706052
0.3350680727123687	0.13882458685076832	0.21666766698375853
0.33563689653223583	0.13887790833752417	0.2165539757965868
0.3358542507126495	0.13889725599928665	0.21651026910130408
0.3362159825160462	0.13891075843239745	0.21644204565794156
0.33665124205144753	0.13907977427314783	0.21632284441327426
0.336888673418226	0.13922381854374605	0.21622803263586546
0.33714739531749144	0.13929756364263168	0.21609580106822432
0.33745345254323544	0.13954305119762794	0.21598515595787862
0.3377798332519212	0.13985425264658322	0.21586103055879616
0.33805227598738946	0.14011746306908585	0.2157565792591422
0.3383313094537617	0.1403884146688898	0.21565035938856725
0.3385402915141315	0.14059017245323133	0.2155710158843472
0.33891970732874777	0.1409617707630238	0.2154251937557715
0.33914068224609284	0.141179627398355	0.21534013291461762
0.3393733882665458	0.14140792966592083	0.2152517607456576
0.33959484486177227	0.14162764391198174	0.21516622542987138
0.3398560768135925	0.14188516962072895	0.21506635413292652
0.34009757928687917	0.14212503020167028	0.2149738561717695
0.34041668964873006	0.1424593376981057	0.21484924560843538
0.34055231639693184	0.1426359264518447	0.21479145431025987
0.34076530681753125	0.1429311794372099	0.21469777641842572
0.34096837359740034	0.14320454274402403	0.21460963335308186
0.34131050188491946	0.1436172666449615	0.21446720282899562
0.34159359237726156	0.14390761520279968	0.21435690743121788
0.3418173099349149	0.14417269654226172	0.21426439320380852
0.34210449373748714	0.14455747462884688	0.21413862542820952
0.3423076946495278	0.14483965799294785	0.2140477136730656
0.34243905684461384	0.14501677026423312	0.2139898401868858
0.34263127649530956	0.14525009186410603	0.21390892870495473
0.342889711386482	0.14551739736598593	0.21380788978776885
0.3431659152853451	0.14586745034892062	0.21368864431900259
0.3433721778939436	0.14615096080083181	0.21359649818449397
0.34356337174976065	0.1464229403233936	0.21350886518832762
0.3437174251037152	0.14663989516150774	0.21343850920436752
0.3438861592299988	0.14682871044206042	0.21336982286368072
0.34419105534512956	0.14714784317126642	0.2132491824351141
0.3443414058259669	0.1473348331713321	0.2131850721565165
0.3444999078053753	0.14757607585768512	0.21310919750147544
0.3445338422687831	0.14765828305716458	0.21308734476240937
0.3445249188159456	0.1477453910288446	0.21307334416464793
0.3445221294288624	0.14776381665551924	0.21307093297037516
0.34452056428794037	0.14776613578425557	0.21307030976509442
0.34452084844589737	0.1477648307105677	0.21307061917957876
0.3445208747500237	0.14776470779135495	0.21307063626841918
0.3445201074801018	0.14776312184473694	0.21307112938038927
0.3445196609408937	0.14776367070584623	0.21307103682571915
0.3445194512905838	0.14776111321551527	0.21307196712129212
0.3445185510835329	0.14775972026037054	0.21307203694876192
0.34451892429576936	0.14775921623742563	0.21307251469232535
0.3445185112721452	0.1477584542343457	0.21307271033430314
0.3445183010151481	0.14775747450292703	0.2130729600746877
0.34451622692680256	0.14775505781454662	0.21307325872173927
0.34451628138179374	0.1477548032067894	0.21307329410144485
0.34451632597806664	0.14775437085388926	0.21307390228735815
0.3445171190094638	0.1477535391278858	0.2130739057727579
0.34451597456414557	0.14775254347068456	0.21307438666430945
0.34451608449661025	0.14775209471285028	0.2130742873094889
0.34451506547765093	0.14775087259800918	0.21307471855497517
0.34451560549351706	0.147750321551339	0.2130748109986819
0.3445157445145876	0.14775033081775044	0.2130751672936258
0.34451533524860484	0.1477497499059227	0.21307535693817525
0.34451549557743333	0.14775007351198188	0.21307529843806283
0.3445146816759851	0.14774905636218716	0.21307565036613507
0.3445146635231311	0.1477491220358084	0.21307566809285725
0.3445148414019092	0.1477489051259958	0.21307522566256015
0.344514008897082	0.14774848319258227	0.21307534265946917
0.34451330183105827	0.14774812253416514	0.21307554858645128
0.34451449725822114	0.14774800560875678	0.21307583162004964
0.34451456374075323	0.14774835772306538	0.21307574511600313
0.3445141203020513	0.14774868673913372	0.2130753932302395
0.34451422973168344	0.1477471270619496	0.21307607454724056
0.3445139906910477	0.1477477052340504	0.21307598559346982
0.3445136524316085	0.14774696671351528	0.21307619383295395
0.3445145861259502	0.14774744463378145	0.2130763929415534
0.34451468527461543	0.1477469710904647	0.21307611211113106
0.34451449068700046	0.14774753215030223	0.21307604076940218
0.34451437709560634	0.14774769810008187	0.21307600578010139
0.3445134324239205	0.1477473525551369	0.21307580119542086
0.3445148937607502	0.14774636995485552	0.2130761885497801
0.3445144243189221	0.14774656600239183	0.21307614588941767
0.3445134182586802	0.14774752616738002	0.21307609861032042
0.3445137044701595	0.1477465575824245	0.21307670269241677
0.3445133069523276	0.1477466191268681	0.21307635574079342
0.3445141752982379	0.1477473816662315	0.21307603917869974
0.34451490277961616	0.14774774418037184	0.21307588895421412
0.3445140534742199	0.1477475767402158	0.21307600768635654
0.3445131914828379	0.1477467938578236	0.2130763195302885
0.34451298358777194	0.1477472303999403	0.21307624138117523
0.34451422344405125	0.14774663601065802	0.21307626760706472
0.34451410797530485	0.14774681074050774	0.21307623139697773
0.34451309075647146	0.14774732498199056	0.2130757825309415
0.34451429072632755	0.14774668018917492	0.21307660148338178
0.34451410797530485	0.14774681074050774	0.21307623139697773
0.34451389022154905	0.14774695701569887	0.21307605553244421
0.3445140335505749	0.14774767930802213	0.21307598589480853
0.34451281801363914	0.14774736163856525	0.21307588411291245
0.3445142281383538	0.1477471182485017	0.21307605723602271
0.34451400727157483	0.1477478022200662	0.21307596881988788
0.34451414281822423	0.1477457614805361	0.2130763595301527
0.34451451724828114	0.1477473916449245	0.21307604175142636
0.3445144115284716	0.14774739173149515	0.2130765317326988
0.34451410797530485	0.14774681074050772	0.21307623139697773
0.34451400107173386	0.14774605912264646	0.21307630624492813
0.3445140056909451	0.14774678228571952	0.2130760917421898
0.3445142281383538	0.14774711824850167	0.21307605723602274
0.34451340614544235	0.14774747546603956	0.21307578412082082
0.34451371346802606	0.14774704658586635	0.2130761946746501
0.34451441034590957	0.14774664002527038	0.21307611659877848
0.34451408598112643	0.14774734913947524	0.21307645531425684
0.3445136121048107	0.14774688373603584	0.21307630589425394
0.3445139676827549	0.1477478006132372	0.21307594493553875
0.3445130481522385	0.14774607156796857	0.21307638916890093
0.34451326008173633	0.14774706008364102	0.21307615676123276
0.3445143436073211	0.14774694351898726	0.21307609344560824
0.34451364861872236	0.14774664669851595	0.21307637440513089
0.34451436988572226	0.14774682060666783	0.21307611052045594
0.34451357172044483	0.14774734422760866	0.2130761413902718
0.3445158728634809	0.14774640913181986	0.21307691909225593
0.3445130259069487	0.14774761953587534	0.2130760615376798
0.3445140072715749	0.14774780222006625	0.2130759688198878
0.34451328534406966	0.14774676392298725	0.21307585387209216
0.34451354544198787	0.14774746713905504	0.21307612431567644
0.3445146589959721	0.14774709400329347	0.21307609503613492
0.344515015388913	0.1477474115780686	0.2130764134298674
0.3445143638978895	0.1477460635325185	0.2130763349067304
0.34451371346802606	0.1477470465858663	0.21307619467465008
0.3445133597921804	0.14774635571054545	0.21307637379803618
0.34451367921309684	0.1477479312531771	0.21307606483151542
0.34451403628423066	0.14774737239914015	0.21307568289039627
0.3445143436073211	0.14774694351898726	0.21307609344560824
0.3445141225533085	0.14774697278217397	0.21307628593648772
0.3445142018594723	0.14774724116054283	0.21307604016089882
0.34451400727157483	0.1477478022200662	0.21307596881988788
0.3445144921033109	0.14774769763478338	0.21307633368862522
0.34451454411832194	0.14774710413851755	0.21307605711460562
0.34451434893949534	0.14774782979216827	0.21307598748551185
0.34451379258597126	0.1477466602572266	0.21307622980638377
0.34451422344405125	0.14774663601065802	0.21307626760706472
0.34451376630783104	0.14774678316872858	0.21307621273169997
0.34451388892172347	0.14774680136200524	0.2130757516597374
0.3445138871094054	0.1477474947116729	0.2130761429807445
0.34451429072632755	0.14774668018917492	0.21307660148338178
0.3445142024494398	0.14774707656645802	0.21307603844821071
0.34451468527461543	0.1477469710904647	0.21307611211113117
0.34451390805511767	0.14774648552694292	0.21307626601662
0.3445143719414968	0.14774739012719462	0.21307650784931997
0.344514405651792	0.14774615778796307	0.21307632697105414
0.3445132726989564	0.14774750379415674	0.21307622589709738
0.3445140202421258	0.14774755479002954	0.21307597908671175
0.3445140344772634	0.14774733263080858	0.21307648145596303
0.34451410797530485	0.14774681074050772	0.21307623139697773
0.34451451783862036	0.14774722705065682	0.2130760400387102
0.3445140554183417	0.14774705656447193	0.21307619724719815
0.344514517248281	0.14774739164492445	0.2130760417514263
0.3445141752982379	0.1477473816662315	0.21307603917869974
0.3445137668980757	0.14774661857567042	0.21307621101914986
0.34451422344405114	0.14774663601065802	0.21307626760706475
0.34451362234139393	0.14774676961030514	0.21307635733118876
0.34451432266025284	0.14774795270472157	0.21307597041044257
0.3445142018594723	0.1477472411605429	0.21307604016089882
0.3445149527987688	0.14774784963826473	0.21307586918099022
0.34451454352740485	0.14774726873237398	0.21307605882669883
0.3445140072715749	0.14774780222006625	0.2130759688198878
0.34451367921309684	0.1477479312531771	0.21307606483151548
0.34451404615052084	0.14774660170367016	0.2130760978200931
0.34451454352740485	0.14774726873237398	0.21307605882669883
0.34451408169692244	0.147746933652519	0.2130762143221454
0.34451429638081227	0.14774807561721665	0.21307595333525856
0.34451359799870346	0.1477472213161038	0.21307615846475242
0.34451414901971833	0.1477475045785539	0.2130760221040553
0.34451456290844334	0.14774640955986892	0.21307618757572933
0.34451451783862036	0.14774722705065682	0.2130760400387102
0.3445128272882808	0.1477467555364078	0.21307630075294037
0.34451356827755897	0.14774575457660544	0.21307645023678
0.3445140816969224	0.14774693365251906	0.2130762143221454
0.34451383549766085	0.14774619036085712	0.21307594897496546
0.34451357172044483	0.14774734422760866	0.2130761413902718
0.34451454352740496	0.14774726873237387	0.21307605882669878
0.34451367921309684	0.1477479312531771	0.21307606483151548
0.34451451724828114	0.1477473916449245	0.21307604175142636
0.34451463741024235	0.14774769915329183	0.2130758675903806
0.34451470000011475	0.14774726109367115	0.21307641183872525
0.3445139939625395	0.14774767770166253	0.2130759620111826
0.3445137054923025	0.14774780834157109	0.21307608190654978
0.3445139133879064	0.14774737179965874	0.2130761600553736
0.34451333322941385	0.14774649621558816	0.21307637281458702
0.34451420244943987	0.14774707656645802	0.21307603844821071
0.34451436988572215	0.14774682060666777	0.21307611052045594
0.34451366935516986	0.14774764098642434	0.21307596711643928
0.34451443192976516	0.1477460348757349	0.2130763440459428
0.34451316520527125	0.14774691676882515	0.21307630245621867
0.34451461290409985	0.14774840917889737	0.21307626393929227
0.3445144381292783	0.1477477779759072	0.2130760066197015
0.3445140816969224	0.14774693365251906	0.2130762143221454
0.3445140072715749	0.14774780222006625	0.2130759688198878
0.34451443192976516	0.1477460348757349	0.2130763440459428
0.34451454352740485	0.14774726873237398	0.21307605882669883
0.34451328067504305	0.1477467420380894	0.2130763386668851
0.34451422344405125	0.14774663601065802	0.21307626760706472
0.34451457837171673	0.14774621947135194	0.213076186959134
0.34451482080110435	0.1477479726377382	0.21307634208859624
0.34451463741024235	0.14774769915329183	0.2130758675903806
0.34451423816980176	0.1477469260144228	0.2130765673338391
0.344513873801046	0.14774737019408676	0.2130761361721215
0.3445142018594723	0.1477472411605429	0.21307604016089882
0.3445145798372446	0.14774695358563428	0.21307658599972779
0.344514517248281	0.14774739164492445	0.2130760417514263
0.34451451724828114	0.1477473916449245	0.21307604175142636
0.34451354544198787	0.14774746713905504	0.21307612431567644
0.34451456172114653	0.14774737234391971	0.21307607128671435
0.344514517248281	0.14774739164492445	0.2130760417514263
0.3445140335505749	0.14774767930802213	0.21307598589480853
0.3445140816969224	0.14774693365251906	0.2130762143221454
0.34451410797530485	0.14774681074050774	0.21307623139697773
0.34451505023376233	0.14774636231693838	0.21307654156246475
0.34451454352740485	0.14774726873237398	0.21307605882669883
0.34451359799870346	0.1477472213161038	0.21307615846475242
0.3445132921299327	0.1477483424259497	0.2130755147357663
0.34451386394292705	0.14774707992719438	0.2130760384574794
0.3445129310310309	0.14774747622106865	0.2130762072321103
0.3445139343327773	0.14774636261516272	0.21307628309102766
0.3445136757724102	0.14774634160150152	0.21307637367595575
0.34451326008173633	0.14774706008364102	0.21307615676123276
0.3445144644082385	0.14774765506313395	0.21307602369460937
0.34451345466886385	0.14774649902505724	0.21307622810289334
0.34451510073835984	0.14774815574910966	0.21307578307689162
0.34451389022154905	0.14774695701569887	0.21307605553244421
0.34451497907863404	0.14774772672517494	0.21307588625670282
0.34451556640826947	0.14774769484450262	0.21307627706946852
0.3445134283909833	0.14774662193601346	0.2130762110283687
0.3445141755803924	0.14774736407252564	0.2130760230856601
0.34451476901530537	0.14774807987947844	0.21307632118315611
0.3445141755803923	0.14774736407252576	0.2130760230856601
0.34451441034590957	0.14774664002527027	0.2130761165987785
0.34451454352740485	0.14774726873237398	0.21307605882669883
0.34451366935516986	0.14774764098642434	0.21307596711643928
0.3445146067067381	0.14774666607977144	0.21307660136255915
0.34451390805511767	0.14774648552694292	0.21307626601662
0.3445135701384391	0.14774632429430845	0.21307626431328955
0.3445135701384389	0.14774632429430862	0.21307626431328971
0.3445145520934426	0.1477463423836684	0.21307616988406858
0.344514322660253	0.14774795270472169	0.2130759704104426
0.34451451724828114	0.1477473916449245	0.21307604175142636
0.34451376630783104	0.14774678316872858	0.21307621273169997
0.34451479763496373	0.14774755785244997	0.21307623756490005
0.34451400727157483	0.1477478022200662	0.21307596881988788
0.34451395181245587	0.147747529181173	0.21307615566095975
0.34451344727215516	0.1477470963479684	0.21307581268223838
0.34451359799870346	0.1477472213161038	0.21307615846475242
0.34451379258597126	0.1477466602572266	0.21307622980638377
0.34451323380373716	0.14774718299460016	0.21307613968691136
0.3445142644481638	0.14774680310182806	0.21307658440866784
0.344514322660253	0.14774795270472169	0.2130759704104426
0.3445146953061615	0.14774677885716075	0.2130766222102078
0.34451454352740485	0.14774726873237398	0.21307605882669883
0.3445142234440511	0.147746636010658	0.2130762676070647
0.3445148081221585	0.14774671313421991	0.21307615829150517
0.34451336382390463	0.1477477807690022	0.21307606324104159
0.34451357172044483	0.14774734422760866	0.2130761413902718
0.34451441034590957	0.14774664002527038	0.21307611659877848
0.3445144455543784	0.1477479533043724	0.2130754932433329
0.3445133069523277	0.14774661912686804	0.21307635574079348
0.3445149527987688	0.14774784963826473	0.21307586918099022
0.3445146589959721	0.14774709400329347	0.21307609503613492
0.34451397479372076	0.1477461820341453	0.21307628917002658
0.34451452403138466	0.14774897015216049	0.21307570261578318
0.34451359065666265	0.14774734113036198	0.21307613834823724
0.34451371346802606	0.1477470465858663	0.21307619467465008
0.3445141755803923	0.14774736407252576	0.2130760230856601
0.3445144718344192	0.14774783039245243	0.2130755103191312
0.3445148937607502	0.14774636995485554	0.21307618854977994
0.34451504166806046	0.14774728866436687	0.2130764305051699
0.3445133755514876	0.14774688535293845	0.2130761929712903
0.34451357172044483	0.14774734422760866	0.2130761413902718
0.3445131924072884	0.1477469252809105	0.21307629557353672
0.344513854667211	0.14774768602934651	0.21307562181670053
0.34451410797530485	0.14774681074050774	0.21307623139697773
0.344514385249947	0.14774751464466057	0.21307651465803945
0.34451357172044483	0.14774734422760866	0.2130761413902718
0.34451390805511767	0.14774648552694297	0.21307626601662014
0.34451436988572215	0.14774682060666777	0.21307611052045594
0.34451410797530485	0.14774681074050774	0.21307623139697773
0.3445140724292142	0.1477464787922362	0.21307611489539036
0.3445143436073211	0.14774694351898732	0.21307609344560824
0.34451379937421	0.14774823876112236	0.21307589067096652
0.344513828534529	0.1477478861908022	0.2130756175790976
0.3445144428218338	0.1477482602134585	0.21307579624978684
0.3445135846905678	0.14774709679909187	0.21307615165676386
0.3445142281383538	0.1477471182485017	0.21307605723602271
0.344514490968959	0.1477475145574167	0.21307602467603906
0.34451376630783104	0.14774678316872858	0.21307621273169997
0.34451402885682875	0.14774719706985517	0.2130761962651219
0.34451379258597126	0.1477466602572266	0.21307622980638377
0.34451432266025284	0.14774795270472157	0.21307597041044257
0.3445142018594723	0.14774724116054283	0.21307604016089882
0.34451323250413746	0.14774702734024334	0.21307583581506706
0.34451323380373716	0.14774718299460016	0.21307613968691136
0.34451354544198787	0.14774746713905504	0.21307612431567644
0.3445136368767228	0.14774602080174448	0.21307628746672658
0.34451379937421	0.14774823876112234	0.21307589067096655
0.34451451724828114	0.1477473916449245	0.21307604175142636
0.3445154963516003	0.14774743082387282	0.21307677229272343
0.34451454352740496	0.14774726873237387	0.21307605882669878
0.3445156118202307	0.14774725609728484	0.21307680850277627
0.34451371346802606	0.14774704658586635	0.2130761946746501
0.34451400107173386	0.14774605912264646	0.21307630624492813
0.34451504166806046	0.14774728866436687	0.2130764305051699
0.34451492026949315	0.14774782231175765	0.21307587488585789
0.34451378144511585	0.14774681229837963	0.21307620578720338
0.3445140202421258	0.14774755479002954	0.21307597908671175
0.3445138871094054	0.14774749471167292	0.2130761429807445
0.3445142116084905	0.1477470665188431	0.2130765663515923
0.34451342709144095	0.14774646628119686	0.21307590715675973
0.3445154772195996	0.14774774665719653	0.21307625793603252
0.34451344100783504	0.1477470656467082	0.2130762801631511
0.34451451724828114	0.1477473916449245	0.21307604175142636
0.34451357172044483	0.14774734422760866	0.2130761413902718
0.34451441034590957	0.14774664002527038	0.21307611659877848
0.34451525015427564	0.14774668752894082	0.21307650694354607
0.3445151612858939	0.1477472485020095	0.21307594561839377
0.34451359756145306	0.14774711828457146	0.21307614608793696
0.34451431732872173	0.14774706643124844	0.21307607637064577
0.34451371346802606	0.14774704658586635	0.2130761946746501
0.3445141752982379	0.1477473816662315	0.21307603917869974
0.3445146589959721	0.14774709400329347	0.21307609503613492
0.3445142018594723	0.1477472411605429	0.21307604016089882
0.3445146589959721	0.14774709400329347	0.21307609503613492
0.34451434893949534	0.14774782979216827	0.21307598748551185
0.3445140335505749	0.14774767930802213	0.21307598589480853
0.34451389022154905	0.14774695701569887	0.21307605553244421
0.34451441103507946	0.147747739849374	0.2130759844968784
0.34451366935516986	0.14774764098642434	0.21307596711643928
0.34451504166806046	0.14774728866436687	0.2130764305051699
0.3445144366246641	0.14774651711323222	0.21307613367412012
0.3445136529336929	0.14774805416472475	0.21307604775636615
0.34451509454702206	0.1477475519968638	0.2130759224654883
0.3445140202421258	0.14774755479002954	0.21307597908671175
0.3445140335505749	0.14774767930802213	0.21307598589480853
0.3445143436073211	0.14774694351898726	0.21307609344560824
0.3445130259085977	0.1477469250963308	0.21307596226165404
0.3445140335505749	0.14774767930802207	0.21307598589480853
0.3445130218750499	0.1477461944784215	0.213076372094787
0.34451357172044483	0.14774734422760866	0.2130761413902718
0.3445138871094054	0.14774749471167292	0.2130761429807445
0.3445137208954115	0.1477472219147738	0.21307568130046212
0.3445128272882808	0.1477467555364078	0.21307630075294037
0.34451416741719865	0.14774758814774747	0.21307568270366462
0.34451472573485853	0.14774679050935863	0.21307611818927685
0.34451400257861	0.14774731998208923	0.2130761791906542
0.3445139265313274	0.14774664186909586	0.21307658270467794
0.34451396185726196	0.14774824096778488	0.2130754373887986
0.3445140335505749	0.14774767930802207	0.21307598589480853
0.34451450541243683	0.14774782215306687	0.21307634049742696
0.34451416142969954	0.14774738139207352	0.21307561729967328
0.34451400107173386	0.14774605912264646	0.21307630624492813
0.34451412274100046	0.1477476274908179	0.21307600502929608
0.3445138871094054	0.14774749471167292	0.2130761429807445
0.344513259065754	0.14774688683331938	0.21307583679732267
0.3445151993625927	0.14774736390628307	0.21307643130105763
0.344513627011531	0.14774679149586267	0.2130758725367475
0.34451373974580424	0.14774692367408315	0.21307621174885435
0.3445141147631196	0.14774838924588835	0.21307589226152246
0.3445139676827549	0.1477478006132372	0.21307594493553875
0.34451400727157483	0.1477478022200662	0.21307596881988788
0.3445149790786341	0.14774772672517486	0.2130758862567028
0.34451379258597126	0.1477466602572266	0.21307622980638377
0.34451417803200646	0.14774707475750426	0.2130757361748521
0.344513584690568	0.14774709679909195	0.21307615165676386
0.34451432266025284	0.14774795270472157	0.21307597041044257
0.3445144644082386	0.14774765506313392	0.21307602369460926
0.344514517248281	0.14774739164492445	0.2130760417514263
0.34451371346802606	0.1477470465858663	0.21307619467465008
0.3445146636898653	0.1477475762407114	0.21307588466594474
0.3445142901829522	0.14774633251764235	0.21307629076044285
0.3445145258149703	0.14774646529592633	0.2130761528088884
0.34451376630783104	0.14774678316872858	0.21307621273169997
0.34451398696542734	0.14774690729867404	0.21307608497970362
0.34451451724828114	0.1477473916449245	0.21307604175142636
0.34451362976622113	0.1477476393792246	0.2130759432322773
0.34451345466886385	0.14774649902505724	0.21307622810289334
0.34451470000011475	0.14774726109367115	0.21307641183872525
0.34451414104306677	0.147748266333743	0.21307590933699685
0.3445142497219531	0.1477465130983685	0.2130762846816208
0.34451461084980073	0.14774783965931454	0.21307586660882824
0.34451398099237646	0.14774792513205187	0.2130759517448524
0.3445130218750499	0.1477461944784215	0.213076372094787
0.3445130644780372	0.14774744789232552	0.2130757654563752
0.3445143173287216	0.14774706643124838	0.2130760763706458
0.3445136276028278	0.14774662690290807	0.21307587082486593
