0.33576378805852763	0.1504437494756285	0.21710150487358582
0.33576378805852763	0.1504437494756285	0.21710150487358582
0.3359105306317581	0.15059777168205574	0.21704396690505579
0.33627465240240717	0.1509843994038978	0.21689874352789548
0.33646307959365385	0.15118212979999684	0.2168246997250833
0.33660206133754583	0.15133320883049672	0.21676731267101834
0.3366600454778118	0.15148494755460362	0.21668237649261424
0.3366839807600856	0.15160797003960455	0.21660474183579423
0.33672445035851606	0.15167780421079166	0.21657066699482674
0.3367260432633994	0.15167861587271708	0.2165706624745243
0.3367264748834819	0.1516785652763549	0.21657082950503345
0.3367282129993447	0.15167864006000203	0.2165714086607141
0.336732868151615	0.15168091593147276	0.21657077286432472
0.33684944699584163	0.15180596437215196	0.21652431002605305
0.3371906113903754	0.15216918400543455	0.2163899385708356
0.3373743546556665	0.15236418893020337	0.2163185171842732
0.33754957016072085	0.15255169517436895	0.21624950556411193
0.3377447889511877	0.1527594857957819	0.21617245832152024
0.3379931620345408	0.15302768428117386	0.21607398085774787
0.3382883743181153	0.1533468350762116	0.21595701715103813
0.33850386928017157	0.15357859668038934	0.21587190694800068
0.33872478392485034	0.1538181738217949	0.21578442528108963
0.3389316728285157	0.15404701542790789	0.2157014810569967
0.3390605238979113	0.15419132394947963	0.2156510870704447
0.33951653740012233	0.15445066038140573	0.2155382420018507
0.33989318077658676	0.15477363008131942	0.21541447955718793
0.3400504486419242	0.15492782004267486	0.21535505479937012
0.34052506417740414	0.1550073260001118	0.2152441157506303
0.3408815993878748	0.1549836336759936	0.2151751326278804
0.3412979704933608	0.15499958132284955	0.21508739695750292
0.3418169244087529	0.1550088149064427	0.21497946849074442
0.3421902451391565	0.1550044053119022	0.21490100691036207
0.3425604550271655	0.15503453274870638	0.2146813292922076
0.34271655634804826	0.15502563983731327	0.21420774011117905
0.3428633063961495	0.1550478411955306	0.21383206109533964
0.34301766653928306	0.1549957354099431	0.2135824261803403
0.34327473258848407	0.15490724675786496	0.2132275327228727
0.34371568205623293	0.1548174373518727	0.21264600101559325
0.34387709427801255	0.15483913911755137	0.2121045831551
0.3440561013314842	0.15491931138277884	0.21171516021786146
0.34439063075242643	0.15484918703466555	0.21100216876513214
0.34452666019976635	0.1547548459991649	0.21041080685924593
0.34482765350519506	0.1547311416760108	0.20963000743292956
0.34504923418415623	0.1547295575103759	0.2088224198648574
0.34531488662796617	0.15465771561060915	0.20783498290656655
0.3453696382045305	0.1546064760277881	0.20723827658621882
0.3455677712287712	0.15452162022953597	0.20613655057570124
0.3457039451870722	0.1545462809715209	0.20526853712629206
0.34578387041406583	0.15450829127543064	0.20475255926952973
0.34592044319408366	0.1543735842702183	0.20271237573158224
0.3460894031746091	0.15439170613688086	0.20155972666799638
0.34614971846948445	0.15429224212195636	0.20047884197257454
0.34619243376063313	0.15422130578108773	0.1991567619102275
0.34618887406974025	0.15419804925221534	0.19791652849688182
0.3462209617958066	0.15419341246601603	0.1972453780418061
0.3461220991869861	0.1542104333227638	0.19509568448371747
0.34593992298060877	0.154311993569751	0.19355044362016208
0.3457238586651904	0.15458860216805437	0.19186052423995908
0.3451927478273148	0.15506113729913523	0.1891646956591879
0.3449875738961814	0.1552490104604516	0.18817516267712708
0.3444139428766253	0.15580759489388235	0.1856845336021774
0.34404864710749317	0.15606247690038788	0.18456779812588447
0.34332367183025203	0.1567812055425279	0.181883588693394
0.3425569169189915	0.15765908609166857	0.17955509277823656
0.34153790764913694	0.15874565939259067	0.1766357542598163
0.34076141453867276	0.15959146175749983	0.17449759931286057
0.33995642844831575	0.1604263586433028	0.17223563642534967
0.3389952919036867	0.16135669979448136	0.16978679887934048
0.33774895994409176	0.16262723458175748	0.1664020568094677
0.3366866537850951	0.1636236671389072	0.16371556731139808
0.33606242446961637	0.16418428059447643	0.162210138785153
0.33473942466540013	0.1655241315048726	0.15880701849820517
0.33386909595561454	0.16629842574918502	0.15673495788079944
0.3325280117906258	0.1676266054660598	0.15344437323314974
0.3309590526397953	0.16904565784850684	0.14980594909689288
0.3301156550441986	0.169860394022597	0.1478055191866327
0.32848290002897435	0.17147579683181535	0.14395491177644681
0.3274071237885847	0.17254463388564356	0.14146310376877302
0.32672446933309984	0.1731580714630056	0.13993878973473955
0.3249120331796297	0.17490611709272139	0.13586135017981266
0.3241017128783857	0.1756806599952903	0.13405343275388532
0.32269527330672926	0.17708886778630578	0.1309101764617397
0.32137709146887883	0.1783906186615366	0.12800645665265914
0.3192971693013953	0.18050824978365188	0.12340633699594256
0.31820280931328104	0.18154762221144216	0.12107082482512271
0.31645158828850034	0.18328935604404623	0.11731126065914566
0.3156619092800081	0.18415054999030456	0.11557903329074454
0.31389999275298863	0.18596926325597468	0.11181588658017877
0.31267770757387753	0.1872437644417737	0.10893172473096968
0.3109982604692679	0.1886541052877946	0.10480753506033991
0.3098684285325828	0.18960400856488652	0.10204198536317255
0.3090609203410662	0.190318358274112	0.1000778438347466
0.30796440918285983	0.19130782625263182	0.09734547488285061
0.30651758896453324	0.1925975045268501	0.09373917787402558
0.3054549287512743	0.19357072288534255	0.09097031209805273
0.30398799761054873	0.19477028600492674	0.08722403884053209
0.30328133356890224	0.19550553577389412	0.08520497467992816
0.3026089996072308	0.1961255181981288	0.08340388131678483
0.3015976309913676	0.19705656168113767	0.08056048605722443
0.3007081181131812	0.19779123704759993	0.07810473535475476
0.299552487999776	0.19886531496858206	0.07463498380967609
0.29860651291829454	0.1997241747278059	0.07165574025056604
0.29782828900114566	0.2004259798780793	0.06915339404381621
0.29742799811258325	0.20076746268712842	0.06780940110873979
0.2968016782257278	0.2013058079960216	0.0656808262338256
0.2959677957747751	0.2020342224383136	0.062367611791790234
0.2956558792441502	0.2023649430068883	0.06106406881781207
0.29509151159033076	0.20291524630241603	0.05831222322411861
0.29451176622913355	0.20327385785626084	0.0554391954667795
0.29430499593297277	0.2035880033675893	0.05363976823252603
0.29400899433417543	0.2038147237891469	0.05186272108267287
0.2937635655133691	0.20395819741117344	0.050154109624570675
0.29374007844115174	0.20403694383561677	0.048599570742968834
0.2937281698558942	0.20406424193835448	0.047739842476498096
0.29379146889323166	0.2039356633593014	0.04552311998361397
0.2938232191385505	0.20383373187457632	0.043512249246945245
0.29406041761733687	0.20381586720019645	0.04264802926651862
0.2944569914341574	0.20387148299693125	0.040951950826735584
0.2947660172313006	0.20385758000246323	0.03972121340676399
0.2949114605807826	0.20387790176736298	0.03891840226148241
0.29515141239767956	0.20373082242722756	0.03778205652089173
0.2954639394439222	0.2036190459626348	0.035638895943374826
0.2955363008681645	0.20360915503004479	0.03443265026503611
0.2955814140790318	0.20360924407203607	0.03335249797166473
0.2956664065834332	0.2035477890373829	0.032192837593384926
0.2957732202662486	0.20348186906087762	0.031228064601531935
0.29585398445569644	0.2033909622699065	0.030668863294909088
0.2959933438475191	0.20319109846077377	0.029124554226072574
0.29599337343071214	0.2030836927408795	0.028154624860563915
0.2959689237787967	0.20309720095620043	0.026843585265867942
0.2959808375054249	0.2028987527953972	0.026129234762025555
0.29603691940940485	0.20280601788976826	0.02500098803883516
0.29611107101799844	0.2026512936490773	0.024122494927048932
0.2960684214783301	0.20249836467388427	0.02311393134788986
0.29598647708608844	0.20241499134626106	0.02237161826940931
0.29596523458615837	0.20231054704165058	0.021632548463650314
0.295875762557272	0.2021680390846483	0.020476950907724056
0.29585808386514645	0.2020706025561953	0.019972034272749684
0.29591929018999874	0.20176590984623383	0.0190559383712956
0.295912446721973	0.20157808415828327	0.018296038752541433
0.29576454565727844	0.20146597638228092	0.017560069997978545
0.29559156501386735	0.2013307561505649	0.01665655294526136
0.295519404786269	0.20129908426591414	0.01625789607386391
0.2954150041051388	0.2010635553608386	0.015427030356887639
0.2953573735651771	0.20091305262073883	0.01483166291371446
0.2953458884846191	0.20068500803138234	0.014304679410372112
0.29527850985567916	0.20052944938974798	0.013712044560787284
0.2950383116756175	0.20037537185497106	0.01300570426771036
0.2949526382946275	0.20030125186209607	0.012705606890948407
0.2947911120172964	0.20008221251852026	0.012018621314763556
0.2947648991855399	0.19985360139075398	0.011606060808868335
0.2946117876507671	0.19966731126122517	0.01097019152978701
0.29451505126659133	0.19958817094804587	0.010697815569012226
0.29431911837316965	0.19932544685319892	0.010199724987375425
0.2942603751849704	0.19907852363600131	0.010043496295290388
0.2941714186228512	0.1986429383768612	0.00978661336267872
0.2940920872540009	0.1983126614905999	0.009582989308890622
0.2939864151302295	0.19801948762403082	0.009390780860519143
0.29379733915101736	0.19786893074712947	0.00919975379307908
0.29356340624135513	0.1979407824317433	0.009040356634098634
0.2932080631368493	0.19806106203460772	0.008800658247908433
0.29307143504629407	0.1980940495757355	0.008703200219788654
0.29276648429403196	0.19798567533701683	0.008452355999766237
0.29261308016473636	0.19791076519602596	0.008320509525753805
0.2925436272123217	0.197887414885425	0.008252148068406961
0.2922054480804684	0.1979628488127076	0.008043501246420115
0.2919970887611967	0.19800030928742007	0.007921518883503509
0.2917431210458497	0.19793728454444665	0.007747208860951371
0.2915980921297268	0.19786396024393	0.0076322412326712
0.29152016617122933	0.19782917947699558	0.00756603843438336
0.29131507168913545	0.19778080557839023	0.007414864048604697
0.29105598182331655	0.19783618263383274	0.0072828309580075246
0.29077979340223953	0.19787775621981812	0.007115139124056924
0.29067959486893014	0.19784874810820013	0.007017305058795498
0.29056670461562634	0.1978767325182727	0.0069588794626658235
0.2906254498608447	0.19807177593150305	0.006984537354809028
0.2907253567145418	0.19835341258661404	0.00702734501439406
0.2907846637223883	0.1983980313652603	0.007043047758126586
0.29091287115058434	0.19847954323461958	0.007076290336838487
0.29108452429805315	0.19859250657317062	0.007128688676119654
0.2912011059164856	0.19880549931606278	0.0071775144154668236
0.29133500902023435	0.19917884341657804	0.0072462917117459
0.29151760348005434	0.19953635508820639	0.00732867106454943
0.29170253285458775	0.19968266424999848	0.007391290643682991
0.2919391499548669	0.19985464093828903	0.007475111585305283
0.2923548853078314	0.20016258908566564	0.007635929170955458
0.29262603390990005	0.20046576227243024	0.0077812542403704055
0.292732461589353	0.2006475126273164	0.007872521283894207
0.29305023536105623	0.20106879682891277	0.008094209492695292
0.29331003769397246	0.2012357266643947	0.008252027007751017
0.293611882434642	0.20138062826655329	0.008431247146995446
0.2940512360159017	0.20165335700606762	0.00866242180267468
0.29424898630845037	0.2019234871408505	0.008811653936814545
0.2944993383288139	0.2022723051268867	0.008992464804630285
0.29465491211181133	0.20248842623080504	0.009118047943065088
0.29492472998027447	0.20265558075722573	0.00926655323649389
0.295426296315327	0.20295053025282617	0.009529956250865002
0.29573813969588547	0.20312737815989512	0.00969859550703317
0.2959756670777873	0.203351545008713	0.009861331203084911
0.2960564415298757	0.20350412458700962	0.00994494911960414
0.29616607561017894	0.20372005476296712	0.01005739379712256
0.29671064472865877	0.20405291653236274	0.010356823225598721
0.296891982161319	0.20415591928599924	0.01045556909756995
0.2972645294989427	0.20438833565297887	0.01066309854284464
0.2973564548147163	0.2045360865027398	0.010743308663442253
0.29758540322685323	0.20484231500986688	0.010948769947163262
0.2978441133301267	0.20498945646557243	0.011099324007239397
0.29810609968571883	0.20514506967171725	0.011240383998798453
0.29836715564529886	0.20529367702132356	0.011381220686707938
0.29855820610967554	0.2054553196339835	0.011505317461422748
0.2987212253221116	0.2058085997527988	0.011670935173574426
0.29885870764086236	0.20594054080164143	0.011766400334101423
0.29908623670517887	0.20611430323990737	0.011866144363393116
0.2993297702717979	0.2062890918511867	0.011977692367268311
0.2996940313627964	0.20647561167098044	0.012198058863288175
0.29989195679142827	0.206569126376616	0.012321401216989047
0.3000369210518739	0.20671215361175593	0.012433855851587572
0.30010394050679573	0.20689242703149446	0.012522249643156569
0.3001216321855767	0.20697797455538897	0.012562468583201702
0.3001188456140016	0.20698964273365644	0.012565713640572851
0.30011860160359766	0.20698906054007976	0.012565692269160822
0.30011515225486946	0.20698620426458264	0.012563540637953896
0.3001134687563651	0.20698435586136282	0.012562230913048478
0.3001114370830806	0.20698143488890147	0.012560497992780528
0.30010975354287667	0.206979586449907	0.01255918832735986
0.300106464830331	0.20697397812420587	0.012557110248343384
0.30010183481696323	0.20697148765423456	0.012554769609900207
0.3000951143526173	0.2069656530323104	0.012551556424721666
0.3000904459626188	0.20696085177082757	0.012549568102190212
0.30008367057077906	0.20695391941505614	0.012546951655563576
0.3000829436086074	0.2069530569351884	0.012545808088612831
0.30008124753280796	0.20695263427610883	0.01254497507156005
0.3000815837315525	0.20695178255883906	0.01254561607103244
0.30008219005691866	0.20695201352023407	0.012544978047736133
0.3001223246825036	0.20681583884271093	0.012657906561859222
0.3000563414409309	0.2065628439871519	0.013125579395924958
0.2998141265408299	0.206593660409028	0.014086460013896573
0.2997458065526894	0.2066059522590587	0.01566742380031716
0.2997573393431092	0.20675239130665757	0.018708161058706207
0.29975326740954156	0.2068335809432808	0.020232271863171336
0.29968853478292506	0.20701474756754146	0.02365473979970867
0.2996748373917069	0.20712470577310033	0.02564897872511157
0.2995878243454669	0.2072745669812623	0.030194487686880656
0.2995262088931481	0.2075374065492292	0.035903913585177305
0.2994885205781418	0.20765020167134662	0.038549436493949596
0.2993701325922111	0.20785291740659723	0.04432655820021375
0.29927133555599356	0.20797357704825126	0.04866874050778108
0.29920903762895557	0.20810098295638135	0.053698604614748346
0.29915665221144144	0.20824062536363774	0.05689726040003479
0.29890168927375416	0.20836166463000916	0.0644351920229797
0.2988400900771538	0.20844054021893382	0.0683629132704549
0.29859091796342285	0.2086041253392285	0.07755337294935732
0.2984845293783876	0.2086255787127465	0.08093464859433935
0.29829828295587213	0.20860771440556708	0.08880526310905379
0.2980582439738975	0.20856879538534434	0.094517554202254
0.2978851080648423	0.20854374692497818	0.1008012572423786
0.2977184241168995	0.2084197866906588	0.1066250343828874
0.2974967816294477	0.2083097389345578	0.11269484999276275
0.29719404737706495	0.20802327238592094	0.1216778110711017
0.2969925870502604	0.2078049933751353	0.12651021884424762
0.29683255978377543	0.20759116824551688	0.13123730321241123
0.29665642342999693	0.20734986158582264	0.1363945251930545
0.29648338276228403	0.2070425410208409	0.14196098641138666
0.2961985254192841	0.20642257566194638	0.1511669149705943
0.2961384827907539	0.20611048659449727	0.15506726757803807
0.296043150300221	0.20558773773936462	0.16130426518461027
0.295942004317867	0.20510500968625794	0.16648078308927966
0.2958647084604814	0.2045091001664444	0.17140252176616147
0.29576705122885827	0.20359731133877396	0.1776720773640696
0.29568122296795113	0.2031421363085001	0.18029024003497
0.2955928216296137	0.2022562509965919	0.1843599319463263
0.295495045517939	0.20108953844763172	0.1892810428437153
0.2953285222634611	0.19995687385305166	0.1930674173414263
0.2953243667786724	0.19835639803306437	0.19755363728641218
0.2952367986355341	0.1974273311932272	0.19957187671252727
0.29516329371911915	0.19621512792980905	0.20203787638318277
0.2951767331072814	0.19497340274984176	0.2044647370622268
0.2956135630051251	0.19369101572929917	0.20696228279777595
0.29671487584823864	0.19264420621946954	0.20930825890843316
0.29917122677975855	0.19190932084396867	0.2122210850424627
0.3038329396958573	0.19215224357501115	0.2156218920721163
0.30600755924563366	0.19253271448603704	0.21669808503826135
0.3098069985371967	0.19339238379616802	0.21822218909011484
0.3145430896651596	0.19474782269841212	0.2197148962237839
0.3204950532898848	0.19661366949181192	0.22128322801513817
0.32695289941613703	0.19817999336126818	0.22314258558312253
0.3323500891751541	0.19924421702757167	0.22490502920148497
0.33991818070381813	0.20033629685619275	0.22771905896492428
0.34321367591547924	0.20069490791474764	0.2290060019645334
0.34776952347939727	0.2009292369288792	0.2308747707812799
0.3570494142254316	0.20055676659727256	0.23471007568601063
0.36020835189357375	0.20022811862777656	0.2360179422402635
0.3665193578762388	0.19895339774516285	0.23870531863629532
0.3707684516192922	0.1976978653027342	0.24046906119974154
0.3728303672081283	0.19697310304478594	0.24130405729013976
0.37845700349057404	0.1944526636934995	0.24360269308884008
0.38071726840103925	0.19326191407257376	0.24450567626948577
0.38591959667732645	0.18973937013343675	0.24634065661699384
0.389433200524311	0.18705434935429532	0.24755875291722235
0.3919487370951484	0.184633992116477	0.24823927027850837
0.3941202514490421	0.18255398592277255	0.24884012384318793
0.39773980094588707	0.17847207507771257	0.24969165422947667
0.400072026242377	0.17559762522631195	0.2500763392283357
0.40120019680783886	0.17418172925080488	0.2502840084637789
0.40401642447989233	0.17019719117577506	0.25047661597055804
0.4057618567618117	0.1674824009996162	0.25038040799883393
0.40776886928287204	0.16423827271246977	0.2502010451778722
0.4098516955498641	0.16070452808629018	0.2498731542673088
0.4109612824395233	0.1588417438473682	0.2495740708497662
0.4130811429304284	0.15520671371615966	0.24883065811201277
0.41459228762976164	0.1526836616421473	0.24816885141446043
0.416170836393744	0.15006082977377144	0.24732762058902238
0.4172595561724306	0.14837298564569912	0.24669895591996796
0.41976174218684975	0.1448679346221296	0.2451576286374489
0.420688738033643	0.14365973014122319	0.24448784749735036
0.42291086500331787	0.14109663771885855	0.2428018411206738
0.42430009985144573	0.13941147585397573	0.24162612219192026
0.42542676037607613	0.1377410900498045	0.24055550056292735
0.42635101499661615	0.13591987437552344	0.23962583059187656
0.42728657052254804	0.13384905517201018	0.2386650245508575
0.4282814991535249	0.13105388744812224	0.2377146180501265
0.4287558020915056	0.1291913750393992	0.23719162520704906
0.42903479300320563	0.12741739212200698	0.23684017112633188
0.4293704131926075	0.12429033859391721	0.236631311406079
0.4293944365250381	0.12252230534894694	0.23660643210608526
0.4294079585591342	0.12096774525772126	0.23671107267478186
0.42929883457461854	0.1184734960319624	0.23693793948420513
0.4291550427616511	0.11685818557516749	0.23711344574181037
0.4289321298202622	0.11516258217255716	0.23728127848192537
0.4285364055387657	0.11329672489520397	0.23744089139214572
0.42815733671814804	0.11210917906986716	0.23749644404944503
0.4276547183766357	0.11088430417161672	0.23775054238197957
0.4272911507536724	0.11018000715569227	0.23786504514570467
0.42670802648690254	0.10927694644581985	0.23810818756061175
0.42573461743558105	0.10829448907752694	0.23835168275844854
0.42471999151554524	0.10751561907543179	0.2386029097216489
0.42429053258777033	0.10715102860658014	0.23871669858755376
0.42330700175363367	0.1063452372047581	0.2390273866879079
0.42283039990584254	0.10595317156741589	0.23916847370841796
0.42181412332575047	0.10515890149947361	0.23947200677813774
0.4208256400971684	0.10434780814318655	0.23968888093580612
0.42010499531792433	0.10377837363834543	0.23996096458945787
0.4194791937752295	0.10330374933038146	0.24001080405734856
0.4189049061272057	0.10301145195207527	0.24002351816983142
0.418537298079089	0.10282028111796422	0.24007316970159254
0.4173350731450971	0.10181736521263605	0.2402048376918355
0.4168204024542292	0.10119615469634712	0.24048315526964328
0.41626830937320053	0.10058864029010377	0.2406033473438587
0.4157326069199322	0.10024441034367094	0.24057830487005188
0.4151008916574825	0.09985477539707831	0.2407128556767938
0.4143044930938284	0.09927157061167509	0.24071937734016638
0.4138946074285413	0.09897660930585085	0.24069944357844525
0.4128551765621602	0.09818204136847629	0.24079364976860831
0.41254334892036876	0.09792622588523632	0.24078489284885207
0.41162512536446294	0.09723168062238381	0.24093336783692687
0.4111012572465595	0.09689457995346092	0.24092919150156336
0.41052519810017624	0.09640384038720994	0.24103875564762878
0.409902876824498	0.09591391575002363	0.24113812804680823
0.4093917785608678	0.0955401997819298	0.2412338445112591
0.4087726068135466	0.09502344501402708	0.24139586145277575
0.408099255298414	0.09454740825723425	0.24147017637501994
0.40776710129614974	0.09429944108207682	0.2416094974702685
0.4070354651716651	0.09359331541603068	0.24190869603308277
0.4062751846246028	0.09293063638753522	0.24218719053021634
0.406003246229994	0.09272099613995487	0.24231759848167675
0.40551553298598575	0.09239616154931245	0.24240010079102334
0.4045573420317477	0.09152315890539271	0.24281353302449954
0.4041555458390017	0.09117524461845301	0.24300264453129494
0.40371375815841004	0.09076685041960393	0.2432365534604114
0.40332979881604286	0.0904056429968181	0.24342115710426895
0.40281476021024776	0.09003859547274627	0.2435559910644961
0.40214272497183856	0.08952843194575434	0.24383894278030133
0.4017345465424335	0.08916446848260061	0.24401885178367877
0.40107080479588014	0.08853212919677915	0.24437522638119746
0.4006529071095857	0.08817481532734854	0.2445717918259423
0.4004407770690316	0.08798036370923097	0.24471368451722159
0.39993542147613687	0.08746766187103332	0.24508881638044208
0.39938176036377365	0.0869617284585029	0.24530529844036975
0.3987999408089012	0.0865232089776785	0.24556559280484644
0.3982858187230265	0.08616003169642732	0.24577939460967055
0.39794855569316434	0.08584456633158231	0.24582515472526273
0.39730472203089306	0.0852321020478604	0.24607975650641128
0.3970889152880369	0.08503445520471907	0.24616457581546003
0.3964000334928778	0.08446646679731089	0.24655625660328612
0.39590418362374963	0.08408081022700013	0.2467577548678528
0.3954792395297707	0.08370774273259539	0.24682622423649922
0.39520031213558204	0.08339475094881328	0.24696378994141774
0.39460141855456693	0.082628346061923	0.24715140074702333
0.3937687484375304	0.08164338343328208	0.24706977469612543
0.3930638610460341	0.08067433148495619	0.24716768254074428
0.3925658163936607	0.0799982725309772	0.24721111178743493
0.3916846270998195	0.07866056994892827	0.24727473437600284
0.3913438301171414	0.07795098198002155	0.24739681732084867
0.3903206214906057	0.07594487819070271	0.2475959982001212
0.38965408082809777	0.07458016850965148	0.24770524448229564
0.3888431919786887	0.07293373530270204	0.2479135236627919
0.3877872484847888	0.07075901831201743	0.24813952167718742
0.3866183565689343	0.06830223028316625	0.24833398439562338
0.38588652008273383	0.06674391202831946	0.24857096622309413
0.38492740776045464	0.06477528270473472	0.24865412249368668
0.3845457083980775	0.06393257184443694	0.24878852129443452
0.38330966906907266	0.06136320953335152	0.2489550136657087
0.3822071887487263	0.059082420007597794	0.24913338031293444
0.3810319624158435	0.05666166297334123	0.24936133659433374
0.3800847704543128	0.05473585788993833	0.24948888990571605
0.37948250753826984	0.05353824191554275	0.24959850643671988
0.37846346738208003	0.05150229472286412	0.24973253762332237
0.37678370543705336	0.04815050828858934	0.24989871779215062
0.3757560554661464	0.04612551855405163	0.2500287231939412
0.37465632660785825	0.04401466696722457	0.2501235084721409
0.373836727897054	0.04245518257248594	0.250183399402483
0.3728110071831973	0.040497361876609975	0.2502236081542746
0.37215528067957515	0.0393084256101283	0.25025374145869705
0.37022631925010396	0.03570435865701037	0.25036627489321145
0.3692454065232833	0.03392560925716566	0.2503023155110833
0.3682648459812401	0.03219124574327058	0.2503156558989116
0.36759037701199315	0.03102791899017955	0.2503236226968407
0.3662318879884652	0.028508760213161052	0.2503521177715144
0.36535933315967034	0.02658928916859586	0.2504316057673687
0.3640080253995532	0.023815883878737412	0.25057699841548
0.36313171490469315	0.022018973299989156	0.25072853379932325
0.36223764645734746	0.02018644845790192	0.2507144876514412
0.36134673393772815	0.01838370301709423	0.250852000919228
0.36046758208985163	0.016478531760469414	0.2508931529803955
0.35970151750040824	0.014840644395567135	0.25098620559963986
0.35843633575295897	0.012231708592767246	0.2510992699810234
0.3576478412387449	0.01058328962925413	0.2511881820303005
0.35711443641233775	0.009465736827383234	0.2512313045885335
0.35612848698321187	0.007363018565593002	0.25133216659218394
0.35547270010533627	0.0059601493608623796	0.25136736536942367
0.3548141022108111	0.004500277371271302	0.25139362765700085
0.354091736453617	0.0029838849985052845	0.2514895948570769
0.35323088089797505	0.0011709220349933464	0.2515577601301302
0.35257423873673494	-0.00022222124940861343	0.25167555043865797
0.3523333500183268	-0.0007883725651263856	0.25161954871480174
0.35180537248203003	-0.0019418447793378008	0.25162931094094326
0.351209426248012	-0.0031363922785722226	0.25171875754632
0.35084290377046773	-0.003756273196310292	0.25161476685449813
0.35048959280095354	-0.004329851397936527	0.2514091645780219
0.3500523835984043	-0.004950660155011596	0.2513399718640441
0.3499199176937939	-0.005131551142801907	0.25129455986024823
0.3496487039735623	-0.00541167360472132	0.2508915540212724
0.3496232686466353	-0.005408973114751872	0.25071341043729367
0.3496324344495395	-0.005380598406095213	0.25070042723247876
0.3496037845781364	-0.00537872628611695	0.2506927229651552
0.34941770950939843	-0.005405358778039229	0.25066755662799267
0.3492403176806562	-0.0054300831768712005	0.2506448804969956
0.3492049773013071	-0.005413359274416205	0.25063197918964764
0.3492215662090522	-0.005373493984184366	0.2506197180795712
0.34923253476772015	-0.0053478632867577786	0.2506125401264254
0.3492423189681888	-0.005327583289542706	0.2506056307158861
0.3492483942844831	-0.0053185464537141985	0.2506003265339946
0.34925336571574395	-0.005312217069784533	0.2505955632873002
0.34925856564763097	-0.005307965713860732	0.250593922539936
0.3492612918284453	-0.005304918402913042	0.25059292911750763
0.3492634921446248	-0.005303664851285764	0.25059166084808543
0.3492650249255811	-0.0053022541105949145	0.2505917906589137
0.3492685461529422	-0.005300714901502732	0.2505935023826616
0.34927036401443956	-0.0052990963699619115	0.250592715610823
0.3492709914340812	-0.005299373519238634	0.25059419915665837
0.3492718626274364	-0.005299121137560911	0.25059375983180127
0.3492734879426584	-0.0052980154228689375	0.2505942196056901
0.3492731225164933	-0.005298451262017986	0.2505948892641373
0.34927287667455276	-0.005300398460216335	0.2505955099847377
0.3492734515180977	-0.005299358074251956	0.2505953808025153
0.3492736653087395	-0.005300239545788385	0.2505957663926613
0.34927309575738674	-0.0053007280037623145	0.2505959157893264
0.3492741655789613	-0.005300196300452989	0.25059524408650957
0.34927293556152145	-0.005301024194389062	0.25059556798832844
0.3492735222081173	-0.005301282941679156	0.25059649902455805
0.34927372537678814	-0.005301463727098318	0.2505966292304543
0.3492730975703367	-0.005301783442409377	0.2505961857446161
0.3492724187838633	-0.005302414767178895	0.25059706259737824
0.3492723362000387	-0.005303311303610267	0.2505969864110845
0.34927218533647986	-0.005302566245730847	0.2505959176520015
0.3492723213702675	-0.005303294670206585	0.25059729238156647
0.3492730334556019	-0.0053021073016474435	0.2505964544192101
0.34927231560201016	-0.005303032450038478	0.2505965896552646
0.3492722298590275	-0.005303695872205569	0.2505965720294875
0.34927188597511905	-0.005305018217990884	0.2505986113586015
0.3492715144558684	-0.00530430812435724	0.25059811624564815
0.3492173292639703	-0.005322854469583707	0.25059661632991437
0.3492242320316471	-0.005321111990078828	0.25059708775648276
0.34922955304967995	-0.005320034369172763	0.25059702598327316
0.34923700270173186	-0.005318025061437234	0.25059785887120456
0.3492536261896529	-0.005315734692813726	0.2505995068435827
0.3492607761039358	-0.005320550823386214	0.25060463755392615
0.3492760882124595	-0.005419373557786336	0.2506650433661716
0.3493470704421112	-0.00578618393123366	0.2508678064190675
0.34938146059883984	-0.005895827206225626	0.25084349108105636
0.3494156386368273	-0.0059523608635857345	0.25066700117375174
0.34943075561620035	-0.005991659481602837	0.2505445376007541
0.349438985499644	-0.006212844337117454	0.25063304732760616
0.3494441739035914	-0.006459195129131304	0.2507666837880575
0.34943409020960126	-0.006505444810995256	0.2507893758285151
0.3494348998891538	-0.006509138261615463	0.2507752011877161
0.3494338535395785	-0.006511109916112798	0.25076796081825414
0.34943376778886703	-0.006511476234133548	0.2507647242518293
0.34943310638119857	-0.00651255296524704	0.2507651126575813
0.34943048575451613	-0.0065135644738146675	0.25076496987714925
0.34942986462732184	-0.006513730533669368	0.25076545967505753
0.3494283211035783	-0.006513899493017852	0.250765021806352
0.3494266422756529	-0.006513638474323638	0.25076611247378316
0.3494242890781255	-0.006514020312221355	0.2507654749512261
0.3494228666176159	-0.006514030434366144	0.25076492282497675
0.34942053728041456	-0.006515090561936485	0.25076687980608214
0.3494049044308438	-0.006560922769291558	0.25079630651328144
0.34943838124809445	-0.006560314546551274	0.2508181679263513
0.34943118971666043	-0.006560172158114261	0.25081653881984556
0.3493938782125621	-0.006562372685209386	0.25080931971026554
0.3493871323428841	-0.006559036986804226	0.2508050699537103
0.3493579100459655	-0.006560671405423643	0.250799696607344
0.34935982211205613	-0.006557492466234424	0.25079739795563344
0.34936514398379703	-0.006552025199680192	0.2507970544728988
0.3493784111149698	-0.006541573862208064	0.25079530682073425
0.34938895728297925	-0.006532763649824733	0.2507936598280811
0.34939502333770095	-0.006527725717859464	0.25079101256242875
0.349401229697099	-0.006521834871047058	0.25078615422720196
0.3494045791640103	-0.006518187096236069	0.2507831009161774
0.3494090239945725	-0.006513276212651339	0.25077657101453554
0.34941108109895763	-0.0065104750229752345	0.25077275058566256
0.3494125248865075	-0.006508363849682605	0.2507705051079145
0.34941454843718117	-0.0065049790415433045	0.25076903753485397
0.3494167420313982	-0.006504027139441412	0.2507677292758689
0.34941691538198943	-0.006503208476055997	0.25076754153119674
0.3494175042050035	-0.006502541561362582	0.25076627601691515
0.3494178999281617	-0.006502122455407003	0.25076578908319996
0.34941923243336764	-0.006502108847518381	0.25076616034734267
0.34941981921213383	-0.006502470618205733	0.25076540461378005
0.34942038429005273	-0.006503018670098906	0.2507666654463431
0.34942165386265794	-0.006501946511674142	0.25076563103095084
0.3494228780964709	-0.006501817007507585	0.2507657946830252
0.349423185479945	-0.006502045549345317	0.2507664233631098
0.34946734678496616	-0.006496118600526943	0.2507725613104416
0.3494700650650109	-0.006494827459837385	0.2507720416998459
0.34946416383559553	-0.006495331712238692	0.25077061709992515
0.3494584448260482	-0.006497502726767704	0.25077051385170207
0.34941152768306827	-0.00650425205233475	0.2507654448236318
0.34922349047518053	-0.006485692725925626	0.2507563132435241
0.34923409545713024	-0.006290756604585571	0.2508089607024221
0.3492425628985496	-0.005597714530487172	0.2508810073573876
0.34924109083454324	-0.005149758466068008	0.25093255000243453
0.34927096461928325	-0.0044410111817110715	0.2510296090838703
0.3493106445048153	-0.0036576075408616265	0.25115146914175823
0.3492072130034969	-0.002513059640882262	0.2513576148620251
0.34919403420345585	-0.0012754038804199813	0.2516289086601096
0.3491967854119925	-0.0002643242962306197	0.25179726148469495
0.34904967015427235	0.0008212709266979673	0.2520672775146445
0.3490630991809335	0.001516497087339877	0.25219603895850046
0.34895138989455343	0.0034567006064254863	0.25262818178430874
0.3488656071170423	0.0048167208354367025	0.25288620303285797
0.34880294338659384	0.006533680240454046	0.253272889293488
0.34868973666026704	0.007501790611277079	0.2534824789301876
0.34858237602282927	0.00960157085610007	0.2539910483971112
0.3485319676224394	0.011303234573409468	0.25416890501101164
0.3485877745276521	0.013206386866216266	0.254276656969485
0.34857650058533585	0.01505673536981629	0.2543956349198814
0.34860261542890114	0.016649225791448077	0.2545370269610584
0.3486486555665655	0.01929422556620601	0.25463637029689334
0.34868988060574835	0.020398773494663444	0.2546509017837427
0.34871582303246024	0.02330113615395228	0.254789058219436
0.3486530506276992	0.02610481736565233	0.2550576608098817
0.3486734586556166	0.028074917773130634	0.2550803228761078
0.3487150197510047	0.03017567896973701	0.25521372351636673
0.3486730862380824	0.033019079493401424	0.2554248504728702
0.34869994966121	0.035227477939675664	0.25554819589491207
0.3487605951783948	0.03754826529272491	0.2555817519307322
0.34874575500090543	0.03868057007029578	0.2556386806014627
0.34873627333853247	0.04246065243089549	0.2558579841226923
0.3487266588555816	0.044858541731011906	0.25589413698135766
0.34875443476178497	0.04627559957664075	0.2559864458928859
0.3487893122089494	0.04923902219125202	0.2560214665570948
0.34876413398176165	0.050535363729962965	0.2561236765098428
0.3488044152925649	0.05331273836987131	0.2561861207965852
0.34877026964416014	0.055750200065368224	0.25620234985462226
0.3488259389630264	0.05815875979533118	0.25622367236847765
0.3488300104618233	0.060957081545024785	0.2562498093189205
0.3488423792082224	0.0623688814815898	0.25624717102778677
0.34879154675280816	0.06425670394598983	0.2563016733791078
0.3488148977489527	0.06750180689579814	0.2562080547850327
0.34888364493549956	0.06963620348198733	0.25616977665769547
0.3488412542948439	0.07236863526754735	0.2560942200345952
0.34892722571414647	0.07456391015492174	0.2559410158367377
0.34887137439232824	0.07659326745829266	0.2558585032182371
0.3488966923620439	0.07799872335612139	0.2557491691670103
0.3489089521027076	0.08124616958610102	0.2555319909475545
0.3489152285229775	0.08330330973118057	0.2553536096245269
0.3489489740913964	0.08438102283529965	0.2552541826139229
0.34892289945044375	0.08609949352059663	0.25504911770521665
0.34897447161375555	0.08871767999440792	0.25472140996077275
0.34896883077870966	0.09045250686123123	0.25438907682644185
0.3489252575077266	0.09215688931263051	0.25417361179971465
0.3489690333511607	0.09441816252882311	0.25372348310146775
0.34898708018483077	0.09608679450440587	0.25326039964802083
0.348887898789215	0.09737164603628072	0.2529712916332998
0.3489138525912361	0.09835688637663874	0.2526737209716061
0.3489451678821903	0.09952358175731767	0.25230459588653914
0.34896521521917656	0.10137342668629946	0.25170579584020014
0.34892758343535785	0.10265285674757639	0.25123526361402215
0.34900236958266123	0.10424776855351862	0.25059174236698806
0.3490440426714544	0.10524371608194107	0.25013803852162786
0.34913103067266704	0.10627742914112558	0.24954762360523325
0.34916064216349346	0.10684101763917904	0.24920760738987627
0.3492799447292465	0.10844731351675786	0.24821036980172295
0.34940589823015145	0.1099896394412287	0.24722827791894994
0.34951632948547207	0.11091293480943322	0.24663405366928084
0.3495566499385417	0.11167492826159499	0.2460805765705378
0.3497291779328721	0.11304642529008475	0.2450556177300824
0.34975402497669644	0.11368848983785006	0.24456006411587525
0.3499440112378121	0.11605793623425707	0.24296678445167275
0.3500232213235931	0.11730822206081508	0.2420087111322615
0.3500596506992828	0.11855675241156054	0.24104286217976983
0.35009353010033345	0.11923373396620444	0.24056163985720905
0.35031696010192226	0.12121627290292471	0.23896783679423145
0.35054073562653576	0.12222264865021941	0.23820321669760172
0.3506889119775488	0.12379981665492489	0.23690276721053133
0.35082467411000473	0.12552851999257741	0.23540998245450642
0.35090784697133065	0.12659314966274204	0.2344789033722482
0.35098682483131693	0.12731994381374834	0.23384724734494225
0.35113668441851786	0.12879589387212756	0.23269198101273794
0.35118730267287457	0.12978439910193715	0.2318894642283727
0.3511976793811467	0.13102259610648154	0.23095203358495237
0.3512854638591903	0.13154681143521096	0.23065463774411066
0.3511792395728238	0.1320854877253139	0.2303217904276148
0.351033340123405	0.13255968091424442	0.23012195937494603
0.3507941971529074	0.13294965906694914	0.23005493368435526
0.3501700815926284	0.1331799631842639	0.23012378446521686
0.34918052124482996	0.1329263897082392	0.23055291306281595
0.3486494904657852	0.13270570020184863	0.23090083096348646
0.3476880749046329	0.1322166990627694	0.23147699175276112
0.346852421719713	0.13182857811584814	0.23179517777407152
0.34590831233043046	0.1313961755689091	0.23237263983014858
0.34519385077283615	0.13108787870626404	0.23270925429969902
0.3438094402382569	0.13052239218170658	0.2332748679216021
0.34285270938151335	0.13010656887042021	0.23372274710254884
0.34235847798941693	0.12989087483741085	0.2339397071984733
0.34072748878630105	0.1292529021957571	0.23442565392405482
0.3392036599375762	0.12864717827632058	0.234919735695446
0.337906111806407	0.12814029760304185	0.2352087835538253
0.3363752831842681	0.12759774111618574	0.2354495768656626
0.33494046596511073	0.127066459585247	0.23568234224302856
0.3325816582385732	0.12620842114504177	0.23593886807722772
0.33129402989102796	0.12574579397754151	0.2359646650136557
0.328467897550116	0.12475104049469143	0.236023824919745
0.32654371118846165	0.12405690143858188	0.23608999131917616
0.3243079888761779	0.12323682219034729	0.23619387035357636
0.3211263030676304	0.12208471606288869	0.23629302365132188
0.3186039831602112	0.12121140682452952	0.23627518230225322
0.3158287776540251	0.12032480634142999	0.2362206840844397
0.3131816594849065	0.11949897620404208	0.2362152671451668
0.31080239303905655	0.11882866135391781	0.23612728109243453
0.3074701781778758	0.11788093169289061	0.23599241247423441
0.3061608011195124	0.11752937159470155	0.23590670082059548
0.30408792959421205	0.11705386828323786	0.2357187763371002
0.3030919698376464	0.11686248441841511	0.23557837150568284
0.3020829190758734	0.11675160551299417	0.235351996216096
0.3018914153722926	0.11694343806560291	0.23503834458030082
0.30236060150210137	0.11728423571596983	0.23476464820496143
0.3029382820347709	0.11775084102753326	0.23434805470751277
0.3032582376601108	0.11795406606238514	0.23415092906235196
0.30377187613661866	0.11817759325254477	0.2339143476021473
0.3044383708447303	0.11862433623404076	0.23345127282980438
0.3048388381969235	0.11892305308993897	0.23315409553198382
0.3053134197579118	0.11931565102686954	0.23276406173704067
0.30539162911892526	0.1194515327146835	0.23258682968710137
0.3056376038626281	0.11972205281518011	0.2323163522797621
0.30606299799312914	0.12013563954840882	0.23199531929915262
0.30667257660969	0.12076533509775315	0.23150970669315513
0.3070612638243518	0.12121362090786664	0.2311535282793468
0.3074469609092746	0.12166147153203535	0.230812322142984
0.30783524378700977	0.1221038708968305	0.23048605340855605
0.3082108528112128	0.12253954977954243	0.23017217970385412
0.30864770087778776	0.12312742353531395	0.2297160080679801
0.3088659219027102	0.12340997067401932	0.22950750368931794
0.30925446359392056	0.12391613698793877	0.22913749095471697
0.30959215630215964	0.1243279445299585	0.2288527465918698
0.3100366829607067	0.1249064287212253	0.22845140656068944
0.3103265831521009	0.1253555158105988	0.2281108818201132
0.31064480497075	0.12578133965218202	0.22781466005556467
0.31083986584520684	0.1260413581829418	0.2276367328454732
0.3112823011633323	0.12663617344819844	0.2272268838965887
0.3117249208787853	0.12720730226167515	0.2268518246794708
0.3119450467449691	0.12760043511104938	0.22655579775970464
0.3120999073712362	0.1278638362778795	0.2263639317469125
0.3124874400386175	0.12839703811683773	0.22601284395063306
0.31280636135312867	0.1288194163715134	0.22573716847197586
0.3132801628783637	0.12944909374134617	0.2253357819282464
0.31346241436580585	0.12973647107029085	0.22513919426866777
0.3136314595166394	0.13003965523057376	0.22492159208669688
0.31397959885206517	0.1305942362043924	0.22454110979211017
0.3142520379130761	0.13100235414486758	0.22427527959537708
0.3145113539951316	0.1313813913809977	0.22403291133983078
0.31478877971983277	0.13181004496803939	0.22375043110770798
0.3151687495532306	0.13232859855418289	0.22342976985647714
0.31533752363269146	0.13258185578704185	0.2232672813192209
0.31564091460863164	0.13312586166473103	0.22289039638862698
0.3160090242958976	0.1337159714836692	0.22251040421020896
0.31620356237789404	0.1340493031937452	0.2222915544799728
0.3163398705230852	0.13428203532422517	0.22213713838921725
0.3166889739224698	0.13479903375301105	0.22182224672344403
0.3168397392522941	0.13501512236172852	0.22169264096387636
0.3172780311614429	0.1356761719909121	0.2212797835208168
0.31735886151179826	0.13578650258449845	0.221110761398528
0.31754121739254026	0.1359786784637685	0.22082776498299828
0.3178548541905536	0.13616361749756956	0.22064912893895805
0.3183379594863412	0.13627457494445858	0.22041003348564484
0.3186632125935551	0.1363352526507045	0.2203638692162312
0.31913237583992665	0.1364228848798656	0.22029435365065336
0.3197242972636135	0.13640104375438816	0.22019259254669454
0.320094126376302	0.13636894359700433	0.22013075832389348
0.32053107620079757	0.1363347949646213	0.22005676050506853
0.32094676146770135	0.13632724297882298	0.2199793282933625
0.32156183080009415	0.13655110488606242	0.2198095439232032
0.32181729083546723	0.13662031947561715	0.21974443581533387
0.32221250399559487	0.13669994139457242	0.2196499053850381
0.3226157898518971	0.13670531642668077	0.21957531126084653
0.323250824167188	0.13666870360832498	0.21946829563557893
0.3237173611664173	0.13667696826569076	0.21938374421088017
0.3242571917485992	0.1368570147354693	0.21923943650165428
0.3247211383225764	0.1370268516313732	0.21911152510276619
0.32512646354351343	0.13715588493527048	0.21900208248465577
0.3255429656483136	0.13722093618685727	0.2189079084778358
0.32596961388495377	0.13721634042668782	0.21882934697601164
0.3264380563726859	0.1372419963559114	0.21873570684011798
0.32708510534435636	0.1373242627175727	0.21859433256542318
0.3274992040558389	0.13750576327768343	0.21847225600206094
0.3278961130628419	0.13764943561658916	0.21836150615953043
0.3283696325832285	0.13769724910545167	0.21826238290788733
0.3288668210483144	0.13773107151505765	0.21815736002607683
0.3292180248627361	0.1377177597310988	0.21804697972326087
0.32958492148634105	0.13785463599454115	0.21789753803370993
0.3297931497033286	0.1379282426881268	0.2178363694660842
0.3303538917700236	0.13802817943230367	0.21770680064446923
0.3307703388958203	0.13806421642324004	0.21762139674945458
0.33123393173309357	0.13810967722502	0.21752523225990136
0.3316635182499832	0.13811232139935575	0.21744514236797094
0.33201746250438824	0.13819703855700866	0.21735676340078197
0.33225918814691774	0.13833250597899882	0.2172263261549982
0.3327237085284927	0.13852536975916224	0.21707557202796582
0.33295161972185744	0.1385444835932838	0.2170285134646727
0.3336604696745996	0.13856945206386495	0.21689224846970645
0.3340449546088074	0.13858214627542995	0.21681886989592178
0.33443770064446926	0.13860396967391075	0.21674140369773282
0.3346476692709497	0.13869540815650044	0.2166813877897944
0.3350885487962735	0.13895214288542057	0.21649390529876936
0.33530587434060566	0.13896416563701391	0.21641375955911515
0.33560389989708517	0.13909409712352633	0.2163294430538228
0.3359525443950494	0.13941162394039897	0.21620009500320192
0.33624745447209087	0.1396920319378917	0.21608871054579812
0.3364273509255177	0.13986393087200616	0.2160207839356448
0.3366848234991671	0.14010928955921528	0.215923261692256
0.3371827159795124	0.1405884630880797	0.21573587684266243
0.3373201087371897	0.14072198667414626	0.2156832843757422
0.3376789561402839	0.14107249967955	0.21554658846936564
0.33789056075789886	0.1412770794651262	0.21546658250023748
0.33822896802968283	0.14160885953839275	0.215338212283435
0.33862125308921537	0.14199759535657716	0.2151874140492226
0.3387615872173295	0.1421435573352025	0.21513401886259473
0.33910820884556353	0.1426015606693034	0.21498595734099477
0.3394056199030972	0.14298519341432642	0.2148606898876802
0.33963055776152073	0.1432725535726625	0.21476552026949747
0.3397735568785716	0.14345768559211358	0.2147043871616522
0.3400697736434959	0.1437991318258539	0.21458386341252686
0.3402533587835461	0.143988273911125	0.21451143023676472
0.34044338131416907	0.14419445669904507	0.21443617632713818
0.3408690412204316	0.1447552132364594	0.2142515906283337
0.34109647717039016	0.14505688622332008	0.21415270946727086
0.34130908999845794	0.14533923045659441	0.21405995812942086
0.3415138149577643	0.14557425461047846	0.21397551643077883
0.34171727757801307	0.14578417089657913	0.21389629995251572
0.3419522499698909	0.1460672304277209	0.21379823019521796
0.3420753080560454	0.14624012438291073	0.21374278834133206
0.34236061613985536	0.14663158987112984	0.21361528088397874
0.3425900694713403	0.14695123068270843	0.21351130124741552
0.3428250439275071	0.14723570259045593	0.21341243464188353
0.34294543988232423	0.14736372553591498	0.2133639848597207
0.34323777201915723	0.14769814194001107	0.2132437379225159
0.3434054721690722	0.14794326189484536	0.21316550972011677
0.34365183535148247	0.1483023220278779	0.21305054009708746
0.34383275423472637	0.14854975026720546	0.2129687542937153
0.34400855528749696	0.14874162237487093	0.21289777238318475
0.3441002830209408	0.14883956931019043	0.2128606753536022
0.3442132030669073	0.14899657473939876	0.21280943674941868
0.34419784568840023	0.14911427474934338	0.21279179063962464
0.34419383739273784	0.14912814462903695	0.21278916491408045
0.3441939265557751	0.14912795011408086	0.21278966832785437
0.3441945623210594	0.1491278301993204	0.21278956667944648
0.34419424945849125	0.14912819415185194	0.21278997868035487
0.3441934354686291	0.14912616285989	0.21279010181760957
0.34419318556230166	0.14912510449622632	0.2127907670321557
0.3441932131794169	0.14912417397507183	0.2127910175459359
0.34419174833168387	0.14912319057264442	0.2127914031849492
0.3441920870467809	0.14912198568883206	0.21279155969333882
0.3441905905805956	0.1491200047611731	0.2127922283211654
0.3441906927794057	0.1491190820378182	0.21279237445544866
0.3441906910019703	0.14911960339479205	0.21279273622276387
0.3441896100566587	0.14911779091731703	0.21279280147298635
0.34418965051454664	0.1491160433055836	0.21279314871721444
0.3441888596763977	0.14911558097407626	0.2127933882256221
0.34418990751821466	0.1491149821386999	0.21279387041533873
0.34418908289424943	0.14911394854814036	0.21279371158312
0.34418797309329097	0.14911310210890927	0.21279400440135984
0.34418749857894654	0.14911150376693216	0.21279432381100444
0.3441877093538678	0.14911186045467967	0.21279428555593494
0.34418723443985977	0.14911174388937315	0.21279448425425734
0.3441871454091426	0.1491110214142088	0.21279455427407792
0.34418833945647265	0.149111236637731	0.212794958489341
0.3441879740677053	0.14911075453059036	0.21279494097545293
0.3441875621306571	0.14911075908156093	0.21279460706654174
0.34418673931279536	0.14911043715879327	0.2127947441636305
0.34418664829538875	0.1491106109950714	0.212795218321839
0.3441868372353352	0.1491094598469645	0.21279548749323307
0.3441871432464117	0.1491101709838789	0.2127952913638426
0.34418699249778734	0.14910915912689326	0.2127955403115432
0.34418624430472405	0.14911018045728278	0.21279537991797218
0.3441863101896263	0.14910974152907247	0.21279592434531458
0.3441866021819927	0.1491098827586777	0.21279592585644835
0.3441863064072409	0.1491092791567294	0.2127956260996658
0.3441861672973109	0.1491088212349893	0.2127956813370485
0.34418779486314866	0.1491098766534567	0.2127957194024772
0.34418529648751284	0.1491088995269782	0.21279532129735593
0.34418591039786056	0.14910864206091606	0.21279573992087505
0.3441855964632705	0.14910883419595666	0.21279527503144186
0.3441863064072409	0.14910927915672934	0.2127956260996658
0.3441865617662044	0.14910895711001593	0.21279574329118084
0.3441853855220367	0.14910962199641853	0.21279525127522378
0.34418594718428536	0.14910898784221177	0.2127957060847139
0.3441868743368709	0.14910854364772355	0.21279559751565158
0.3441867637623252	0.14910917237828167	0.21279566249266385
0.34418610441108805	0.14910906388862794	0.2127957068981283
0.3441854796591142	0.14910833448835725	0.2127958847703821
0.34418608589881755	0.1491086419883339	0.21279574528847583
0.3441865843803592	0.14910900265431282	0.212796013662547
0.3441856246203681	0.1491089210644794	0.21279528049800747
0.3441860856478324	0.14910898029158853	0.21279564237378798
0.3441863111509812	0.14910894502105002	0.21279607667587536
0.34418610441108805	0.14910906388862794	0.2127957068981283
0.3441861373301594	0.14910948363002935	0.21279508583880713
0.34418717011213457	0.14910914725159788	0.2127958972718779
0.3441854584968651	0.14910988417474055	0.2127955710003157
0.34418584162183385	0.14910895825066423	0.2127956968536254
0.34418566145500484	0.14910930293479552	0.21279564253199193
0.34418603197057296	0.14910915415498674	0.2127956784745902
0.34418670112295063	0.14910880565143586	0.21279611272031673
0.3441849425656362	0.14910986104111243	0.21279518691061
0.34418628440481536	0.14910906798492868	0.2127960599276636
0.34418627966052934	0.14910940212017823	0.21279560935114114
0.34418639525823946	0.14910894452200968	0.21279609035787125
0.3441862423747248	0.14910926121376206	0.2127960336088134
0.3441863823841654	0.14910878738635264	0.2127960944609486
0.34418608121789573	0.1491092902372505	0.21279593949253905
0.3441853677209792	0.14910874188980922	0.21279533908219891
0.3441863356093146	0.14910931474941885	0.21279561756466914
0.3441863356093146	0.14910931474941885	0.21279561756466914
0.3441851034933619	0.14910947302580085	0.21279523212284784
0.34418636283266274	0.1491088000966017	0.21279606467355452
0.34418651324964084	0.14910998059168218	0.21279540907803174
0.3441855827144493	0.14910962686226675	0.21279561710728478
0.3441864521800885	0.1491094665270603	0.21279601533091388
0.3441864443702514	0.14910947648226452	0.21279595281018854
0.34418667711533557	0.14910926106682043	0.2127959880404094
0.34418603563432404	0.14910938007959235	0.2127956638307883
0.344185519703466	0.14910935694393834	0.21279527974000045
0.34418633560931444	0.1491093147494188	0.21279561756466908
0.34418611341150906	0.1491098526604352	0.21279553692405392
0.34418625252469054	0.149109752904181	0.21279506033173834
0.34418588365178393	0.14910876502364218	0.21279572317259035
0.3441855276864289	0.14910915038328396	0.21279523196374192
0.34418627966052934	0.14910940212017823	0.21279560935114114
0.34418575048926486	0.14911002540461027	0.2127955725107066
0.34418534238028614	0.14910899202486838	0.21279535408128364
0.34418588365178393	0.14910876502364218	0.21279572317259035
0.3441868343417843	0.1491093371139669	0.2127959888539533
0.3441854067284235	0.14910907589120084	0.2127956605788583
0.34418653526671983	0.14910847069410577	0.21279615120983303
0.34418603526616043	0.14910916720181297	0.21279561006226608
0.344185994505286	0.14910864155888354	0.21279575360269337
0.3441858634507064	0.14910951820279733	0.21279556173337405
0.3441857637294718	0.14910937898638202	0.21279522525989192
0.34418676845590934	0.14910977603994555	0.21279544442397577
0.3441862627770094	0.14910937716095304	0.21279634424350258
0.34418607766472453	0.1491091868518269	0.21279569014980843
0.344186133613937	0.14910909948082474	0.2127956983637573
0.3441863621834184	0.14910954056545475	0.21279593302176425
