0.3455436406028978	-0.17642091538897015	0.18330954954517545
0.3455436406028978	-0.17642091538897015	0.18330954954517545
0.345528244428785	-0.17610956573347636	0.18349202898168815
0.3454535222097306	-0.17537360768289745	0.1839035517061436
0.3454669731654622	-0.17477313390073068	0.1842999972950903
0.3454373819923665	-0.1743284370644304	0.1845608555183221
0.3453829142925748	-0.17371967902801533	0.1849038189244699
0.3453726537472324	-0.1729413219651428	0.1853861135357248
0.3455320003312882	-0.17231155342388702	0.185830041542127
0.34558278520787755	-0.17185514170327298	0.18609430725132808
0.34568530461132024	-0.171331898134577	0.18644540798689405
0.3457445341233452	-0.17085268092553718	0.1867336045318637
0.3458516763192095	-0.17027664625218064	0.18715157924145717
0.3459617542361607	-0.16931459835748927	0.1877331370564248
0.34602859516747436	-0.1690216689745706	0.18794389781123988
0.3461378849519318	-0.16821063228138494	0.18844579782230741
0.34617670578657334	-0.16783728088104333	0.18868995194221322
0.3463678049751681	-0.16692643644378358	0.18929959275776753
0.34642826624201617	-0.16615628268227467	0.18976665717378924
0.3464960722711672	-0.16574114104467086	0.19005685295873384
0.3466387536754604	-0.16484386159817294	0.19062141295729296
0.3467189855445971	-0.1642400060345825	0.1909949386373208
0.3468270911196367	-0.16363039628185824	0.19141935495019707
0.3469078633250902	-0.16275571379891052	0.1919301203621193
0.3470544521976535	-0.1619679181174952	0.19246607096592316
0.347105687733118	-0.1615538191621513	0.19272295110256754
0.34724155017122954	-0.16085110726254126	0.19320418495100505
0.34731776306754825	-0.1599961533289819	0.19372651283513595
0.34748365085345473	-0.15910122479701194	0.19429190342214775
0.34754342698488566	-0.15874174596260493	0.19454472259818512
0.3476378467397582	-0.15793891916614017	0.19506996587106631
0.3476957169443629	-0.15751922580971048	0.19532611924130433
0.34786991123022365	-0.15646729522254899	0.19599355997896536
0.3479502031581133	-0.1559445556658117	0.19635212101397947
0.3480477902169932	-0.1553156976444019	0.19675117387751903
0.3481630839580209	-0.15471736533668964	0.19707342684168636
0.3482638936525154	-0.15435637101766203	0.19730366014718947
0.3484648454126653	-0.1532381175885677	0.19792365843335635
0.34862734942427925	-0.15262060445901554	0.1983139192268032
0.3487483858706982	-0.1521786474767055	0.1985787703865134
0.3487873023049557	-0.15186646794093916	0.19874638455826965
0.34887252238305033	-0.1513871573635499	0.19902345833535284
0.34897267848741964	-0.151011946267887	0.19929411856457963
0.34892878806155186	-0.15058640836452958	0.1997130499368971
0.34889444618417403	-0.15052099689872334	0.19978863126039947
0.3488760016421307	-0.15038519202406017	0.19995477882255464
0.34896346727997507	-0.14994906790586005	0.20023627484839462
0.3488495384302966	-0.1494802542153123	0.20039326820049425
0.3485493122448564	-0.14876527949988833	0.20053552692285556
0.3484509901391772	-0.1482630396445369	0.2006468133318648
0.3484395869503668	-0.14795876741872005	0.20072254537873363
0.348482047182412	-0.14753870833360616	0.20085485501613418
0.3485355838891871	-0.1475269049078089	0.20090218165508425
0.34865144754577015	-0.1475695510500868	0.20099714585128547
0.34873291387331923	-0.14758887575431984	0.20106032428742704
0.34882241183652124	-0.14760102071956577	0.2011278874231469
0.3488954769701777	-0.1476168591352936	0.2011875946495042
0.34896784011545845	-0.14761501633814628	0.20124706369235662
0.3488624319058452	-0.1474370874144887	0.2013414997332535
0.348701957548538	-0.14729076600240265	0.20141825682551778
0.348637708134228	-0.14721793951241036	0.20146503296477394
0.348681510719874	-0.14719539062645387	0.20151702568355645
0.3487300321202125	-0.14719483918789056	0.20155158880074936
0.348839958059821	-0.1471609323576789	0.2016263491335431
0.34875866524169935	-0.146825027577066	0.20171887753236226
0.348737612213066	-0.14655329229682879	0.20178041070746777
0.34871284229492855	-0.14612364446979603	0.20187885376564269
0.34875131869677345	-0.14588204236032432	0.20194234103486491
0.3488854098344019	-0.14564924157489123	0.20201967653056951
0.3490142405846011	-0.14543702167321132	0.2020943892262056
0.34903977735810193	-0.14525611934964278	0.20215617925128757
0.34888844178284234	-0.14505308289699853	0.2022064318295521
0.34878295646473884	-0.1448671393591191	0.2022528442658641
0.3488144602637388	-0.14458457830037535	0.2023255469127384
0.3490274656193968	-0.14421657818492534	0.20244312402896575
0.34910437843072634	-0.14408621680065314	0.20248588940526133
0.3491292221105733	-0.14391816364274312	0.20254352199276776
0.3490017067621874	-0.14375861960772746	0.20258142055053496
0.3488809624530999	-0.14359467211308585	0.20262358632470362
0.3488936912220947	-0.1433001654894035	0.20270056811032067
0.34905168971952655	-0.14300321933490695	0.20278683918444865
0.34915404154199176	-0.14282495445833265	0.20284787486466194
0.3491021467434892	-0.1426974436532128	0.20288870898277617
0.34903346663863494	-0.1426133470840939	0.20290920660068953
0.34890155061627715	-0.14241969835101947	0.20295961840220741
0.3489619766193114	-0.14229701827509555	0.20299563802477638
0.3491625532127662	-0.14193120975280182	0.2030981678056381
0.3492315264491515	-0.14181413841998192	0.20314157493441137
0.34919098652493863	-0.14171470716724288	0.2031732787651514
0.3490989721046205	-0.14162014359861658	0.20319268068848598
0.3489701188991772	-0.14144902131803394	0.20323304093544936
0.3490776530042364	-0.14123057327936794	0.20329328853265696
0.349204601575345	-0.14099837342583216	0.20335975857997213
0.34924697876654953	-0.1409329829078022	0.2033915941103682
0.34927842188666103	-0.14087155254881734	0.2034227172451795
0.3491628950902503	-0.14075134018524776	0.2034482660921902
0.34902070720458594	-0.14062173511275883	0.20347211073314359
0.34904419800469677	-0.1404710908833514	0.20349921918265798
0.34908505663370176	-0.14038114065791302	0.20351537453426458
0.34913593090300876	-0.14028026915006608	0.20353820908264597
0.349198153122928	-0.14018216601175765	0.20358893311965062
0.3492309679594568	-0.14013098710414634	0.2036159813741273
0.3492485316896341	-0.1401034704272094	0.2036300614416689
0.3492664541495468	-0.14007791801593644	0.20364424065463904
0.34926026375572594	-0.14007413158566545	0.2036445479567505
0.34904051529901264	-0.13996152617158403	0.2036446654493678
0.3490841547446829	-0.139806265246135	0.2036711342237817
0.3491285548869498	-0.1397091484921375	0.20368931773705418
0.3491692477183491	-0.13963800224010292	0.20371592562609744
0.34920530110618336	-0.13958038360274666	0.2037452475270109
0.3492310717908138	-0.13954088987200058	0.20376663379119514
0.34926653599467683	-0.13948691159079352	0.2037953484209678
0.3492706910128268	-0.13948464254543846	0.2037971480484754
0.3492721160371821	-0.13948711100452738	0.2037969347753893
0.3492718574084563	-0.1394883388779946	0.20379696119403018
0.3492729046932504	-0.13949007577914757	0.20379651937056767
0.3492724943099154	-0.1394926148413394	0.20379605783585966
0.3492724358223538	-0.1394935194468327	0.20379623042740466
0.3492725937464566	-0.13949658579824153	0.2037953134197711
0.34927187839568224	-0.13949714968833882	0.20379509782309185
0.34927218899098644	-0.13949866965244417	0.20379457873390938
0.3492711414072531	-0.13949965277027554	0.20379426542598583
0.3492710559177741	-0.139500665507153	0.20379409348230637
0.3492701078492468	-0.13950145743405346	0.2037934823026682
0.3492705536291724	-0.13950280255815753	0.20379297910065994
0.3492697065401999	-0.1395025644493048	0.20379307777417865
0.3492697097877171	-0.1395029029555001	0.2037929440403572
0.349269257545412	-0.13950321461409693	0.20379261973857432
0.3492699372970779	-0.13950358410637415	0.2037927604226204
0.34926954329187243	-0.13950324137974163	0.20379276903192894
0.34927028529757287	-0.13950400212991837	0.20379259808074585
0.34926928587044614	-0.13950405060254145	0.20379262150980632
0.34926955299930906	-0.13950378283462106	0.2037924941370714
0.3492699684298989	-0.13950414814343004	0.2037924165410414
0.34927032362395244	-0.13950426714595743	0.20379239568274618
0.34927018324291065	-0.13950400532114954	0.20379227439751624
0.34926940097902814	-0.13950344378633012	0.20379271199293228
0.34927030998302916	-0.13950398986293377	0.2037926154694953
0.3492695995884691	-0.13950411779087296	0.20379266998673357
0.34927004513881743	-0.1395034834013023	0.20379251341872845
0.349269733085821	-0.13950365632096406	0.20379273469326353
0.3492703642723364	-0.13950390264853385	0.2037926610477677
0.3492695182773497	-0.1395039835707887	0.20379286285025405
0.3492703642723364	-0.13950390264853385	0.2037926610477677
0.34927077162379727	-0.13950396254431874	0.20379271636214308
0.34927053154954674	-0.1395034864356693	0.20379276202677726
0.34927036122197264	-0.1395039352979544	0.20379269007953396
0.34927094590991803	-0.13950385703202267	0.20379273795745775
0.34927101181417386	-0.1395047620496555	0.20379297558889323
0.34926994950067697	-0.13950286149665397	0.20379310828748723
0.34926962346156953	-0.1395029358209411	0.203792860110591
0.34927020085157395	-0.13950385793959247	0.20379268964944325
0.349269423214076	-0.13950306293273762	0.20379286748491315
0.34927026455214727	-0.13950375206774573	0.20379274404155318
0.3492704249226756	-0.13950382942583828	0.20379274447176185
0.34927026455214727	-0.1395037520677458	0.20379274404155312
0.34927016258274696	-0.13950379787925143	0.203792550685764
0.349269482666669	-0.1395029641200599	0.203792918249936
0.3492701284164847	-0.13950348318613548	0.20379262638161794
0.34927026455214727	-0.1395037520677458	0.20379274404155312
0.34927032400584446	-0.13950365325387354	0.20379279480743387
0.34927062777938817	-0.1395044963708688	0.2037927060932863
0.3492704843764937	-0.13950373061171462	0.20379279523775257
0.3492702887871199	-0.13950356054394186	0.20379262681177682
0.34927061058048275	-0.13950349327553824	0.20379287136370616
0.3492708280278915	-0.13950389637850036	0.20379279616042245
0.3492706105804827	-0.13950349327553813	0.20379287136370602
0.34927095423208543	-0.139503659041759	0.20379287228661166
0.3492707082536179	-0.13950333093728973	0.20379295476444725
0.34926973374799253	-0.13950269202433313	0.20379318779172517
0.349270018033455	-0.13950265982388121	0.2037932465560544
0.3492705494899687	-0.1395029890521441	0.20379280756529905
0.34927054788267403	-0.13950325358012544	0.2037929543338381
0.34927121544364387	-0.13950339192322675	0.20379332941884093
0.3492696913930101	-0.13950967089988942	0.20379251411216695
0.3492731044884302	-0.13960465575207542	0.20378586922229402
0.34924996845148754	-0.1397983680721755	0.20376663022872224
0.3492397113646011	-0.1398721104149493	0.20375894438481607
0.3492126074998342	-0.1400466669582694	0.20374063885225185
0.3491945001838962	-0.14013474749362076	0.2037303534545533
0.34916444095592164	-0.1402880795112973	0.20371278325823117
0.34913993201360893	-0.14044631655251288	0.20369669390737044
0.34912629974856185	-0.14052337817960248	0.20368873923748493
0.34909009342621755	-0.14073416349260925	0.20366646570084565
0.349056458422556	-0.1408964917252749	0.2036482058389506
0.34901421907380265	-0.14102823273414822	0.20362999699528606
0.34891760036422764	-0.1413372226081384	0.20358675249963648
0.3488947487658158	-0.14145505946744075	0.20357420971687448
0.34885492730674944	-0.1416656590809992	0.20355236537788668
0.3488366793105211	-0.14175346342204836	0.20354282646951527
0.3487746313264913	-0.14200095044943656	0.2035131256775775
0.34872209830221396	-0.1421621092506748	0.20349076358098162
0.3486565326755831	-0.1424424969620558	0.2034591651140529
0.3486311579132798	-0.14257022562230431	0.2034460771268291
0.3486050978348062	-0.1427083996848934	0.20343280047454573
0.3485750482592674	-0.14281771429252238	0.20341947221908713
0.3485703482335637	-0.14283014389941961	0.20341735395925126
0.3485685146669407	-0.14283565313473479	0.20341652311540942
0.3485688037256132	-0.14283551870527905	0.20341686562550632
0.34856784057736645	-0.1428365815105242	0.20341655328781816
0.34856648535347967	-0.14283779823673137	0.20341590832235532
0.3485671984118173	-0.14283671747973786	0.20341632383296834
0.34856699102931665	-0.1428362721685375	0.20341632449300015
0.3485677856795496	-0.1428341439809731	0.20341662631238572
0.34856792246696744	-0.14283106434959297	0.20341658461969048
0.34858987696467403	-0.1428507074450121	0.20340609096031254
0.34876648377605374	-0.14305165410826615	0.20331157367142524
0.34895500248789313	-0.14326992398189525	0.20320932719245133
0.34906116034523327	-0.14339023226513026	0.20315204235721604
0.34909507848144766	-0.1434112851085978	0.20314414592475552
0.3490960120648651	-0.1435516825299628	0.2031346965007256
0.34922049096250873	-0.14370806946097803	0.20306623315555702
0.3493254719731465	-0.14383847029685404	0.20300730719136717
0.34945425121696044	-0.14403647814018483	0.20290117817058667
0.3494107284695175	-0.14413234185207635	0.20280620971512262
0.3494122610365306	-0.14412843977717488	0.20280235961203885
0.34948551541098	-0.14398267126135372	0.2028294544970664
0.34949151776810056	-0.143970436625472	0.20283212707922815
0.34949443598554314	-0.14396546917716813	0.20283340843469322
0.3494943127073976	-0.14396490470058282	0.20283402231958386
0.3494954469602768	-0.14396353231558184	0.20283422580984237
0.3494963493937264	-0.14395978060213765	0.20283559080887997
0.3494966264195042	-0.14395771266903706	0.20283715672289107
0.34949665147332715	-0.14395612430383203	0.2028379684008832
0.3494962872265622	-0.14395354177542152	0.20283894746710635
0.3494973020807338	-0.14395114140276072	0.20284014375280326
0.349495498668969	-0.14394742852968334	0.20284126823919793
0.34949548806732716	-0.1439466013714819	0.2028424145186555
0.34949374007498346	-0.14394556624494426	0.20284240518424065
0.3494927038009877	-0.1439420324273032	0.20284363730842744
0.349493184531626	-0.14394237312803349	0.20284407750731426
0.34949220175185264	-0.14394113553636073	0.20284403900906117
0.34949273022019817	-0.14394105813697383	0.20284441199450742
0.349492399742232	-0.143941211449018	0.2028439280180907
0.34949327382646134	-0.1439402631958005	0.20284447453206023
0.3494930110561731	-0.14394011316811173	0.20284454477213962
0.34949277554508523	-0.143940455107197	0.20284438267571703
0.3495635439288617	-0.14379888681679043	0.20287048283477271
0.34963579970706327	-0.14365533325051832	0.20289742249314352
0.3496420968003317	-0.14364304398606553	0.2029000945023655
0.3496415198829059	-0.14364261892596142	0.20289980051392373
0.3496419711050441	-0.14364497779838242	0.20289925507189865
0.3496406090264942	-0.14364560087651407	0.20289912031365093
0.3496386219420844	-0.14364859942420233	0.202898703547652
0.3496387891850506	-0.14365031355343882	0.20289862090831656
0.3496373553669675	-0.14365209860270312	0.2028978965365223
0.34963733679881276	-0.14365400593755595	0.2028979562375669
0.34963593986989544	-0.14365492542301156	0.20289736423799265
0.34963594935650716	-0.14365462334992007	0.2028974016715268
0.34963576948803365	-0.14365584711844787	0.20289713144026156
0.3496355921992849	-0.1436564215237705	0.20289713853557317
0.3496357989797662	-0.14365703414666042	0.20289678097120517
0.3496354057822243	-0.1436565734559998	0.20289699468307845
0.3496361121979668	-0.14365748699225173	0.20289708391207
0.34963594363160166	-0.14365859817387788	0.20289684495889135
0.3496354198726234	-0.1436578266842558	0.202897201775985
0.34963503406432234	-0.14365875483047869	0.202896486519261
0.3496359647489874	-0.14365778145345753	0.2028970284719648
0.34963548674358186	-0.14365844213444856	0.20289651147369464
0.3496349538560912	-0.14365893866594653	0.20289619185999985
0.34963524491189085	-0.14365922958312555	0.2028961865273512
0.3496356446628838	-0.14365901269673426	0.20289616810508546
0.34963558126400285	-0.14365824348214845	0.20289652353653012
0.34963625245807217	-0.1436587891275377	0.20289685701322002
0.349636310613305	-0.14365902815324044	0.20289664549647943
0.34963651099277787	-0.14365863788191396	0.20289674431234678
0.34964107794947974	-0.14364866199702497	0.2029012181787213
0.34966736515893654	-0.14360180503594466	0.20292223941607557
0.3497042728069018	-0.14353522218178705	0.20295231982757717
0.3497051874133603	-0.14353036005832087	0.20295411263083904
0.34966333368457864	-0.14350651720296664	0.2029553394456028
0.34946376580420446	-0.14340595393297023	0.2029549869481229
0.3493499895814604	-0.14334954415356616	0.20295499715308327
0.34936529751238404	-0.14332299228775602	0.2029669641783733
0.3493913917568258	-0.1432771641368441	0.20298790201206085
0.3493945335598396	-0.14322926067126512	0.2030031543122009
0.349291186846816	-0.14296216785867344	0.20303445309265575
0.3490461468604536	-0.14187881067786123	0.20336463016622547
0.3490173508371238	-0.14156972050641126	0.20358598289045918
0.3488494118200595	-0.14071813491465396	0.20405863489446913
0.3487902039735727	-0.1398916283880851	0.20454922046493437
0.3489317356660708	-0.13882087382957492	0.20520848367768446
0.3490038676039756	-0.1381826758701286	0.20556660835146243
0.34906129691454163	-0.13715858006130366	0.2061580822555738
0.34916655009127134	-0.1360861309552785	0.20683152954895373
0.349246539106223	-0.13477856989941833	0.20758380664828524
0.3495086487005053	-0.1322226912175602	0.20911286995782483
0.34959802369230963	-0.1312929789761938	0.209628610235171
0.34975963029454993	-0.12971799097922132	0.21057070870209252
0.3498982818634002	-0.12819954213443363	0.21149015306969945
0.3500889658940248	-0.1260897327554475	0.21288327928423084
0.35019811592535527	-0.12356286786305275	0.21434913846789508
0.3503038365525236	-0.12254324899494586	0.21492181350207962
0.3505740365365001	-0.12088660399973668	0.21589920867313622
0.3511648302945784	-0.11905430177112507	0.21707421334349536
0.352337109373306	-0.11721940714886918	0.2184645928442347
0.3540041179856132	-0.11549647964929156	0.21971624969221373
0.35467996145061703	-0.11480009998213965	0.22010639372177287
0.3565753091210027	-0.11354134157591157	0.22079738223911075
0.35810573337558127	-0.11283962280807759	0.22111365591707877
0.3590344409940327	-0.11257597013250885	0.2212042547009723
0.36165575659374155	-0.11218099419360421	0.22117905697074836
0.364543091088746	-0.11223607851467181	0.22046968848679532
0.36677177731969635	-0.11240699833420471	0.21977300457078808
0.36869663491134885	-0.11250193404043467	0.21897309753836425
0.36981054736118874	-0.1125194074195215	0.21835564136906016
0.3715215199004886	-0.11250864334911768	0.21730477731429548
0.37376451031346386	-0.1122869338002865	0.21573614074945568
0.3749552720846525	-0.11191701584790532	0.21444292066693132
0.37641553412546813	-0.11135731958246177	0.21273925522830522
0.3771425098160086	-0.11106390435519571	0.21193925711927553
0.3783550775557069	-0.11035266671152673	0.21039765366015495
0.37912667079861473	-0.10965475865873829	0.20926936983274722
0.3799687099679615	-0.10846028185293426	0.20767745973215396
0.38028548937496776	-0.10785386395803452	0.2070550070140089
0.3807956793687887	-0.10646089298613941	0.20579483947562488
0.3809761172468284	-0.10573330316030306	0.2052245207160801
0.38115714732287775	-0.10418904143836842	0.20426091607932662
0.3812686391675166	-0.10238674831954962	0.20348834595766277
0.3812168805025318	-0.10090557242686667	0.20308396213053123
0.3811624460181651	-0.09951779153759972	0.20286134658132504
0.38102379257442653	-0.09803335777386767	0.20282655778566006
0.3808352006040485	-0.09643604249801997	0.20293230567042952
0.38066256174394636	-0.09500406587885855	0.20326873626644787
0.38031986371007687	-0.09304417578554382	0.2040771216436985
0.37998214457538615	-0.09135493269290033	0.20511182261995403
0.3796868337429301	-0.08996479496854977	0.20622927298895136
0.3795171444738116	-0.08919072657601936	0.20679022939573333
0.37922093679716173	-0.08795197752161267	0.20770117726510373
0.3788902765801917	-0.0866710247755612	0.20867903473656102
0.37843605379990414	-0.08517554629104608	0.20986567069822445
0.37828409752337155	-0.08474667146263169	0.2102082741502258
0.3780184098570273	-0.084032668888407	0.21080225410870362
0.3777351981528657	-0.08347326696321687	0.21132290780371152
0.3773674947966179	-0.08290342154869661	0.21181529679152628
0.3769573142556203	-0.08253897191172353	0.21212653487148467
0.3768172296282992	-0.08228552575011043	0.2125432758297425
0.3766834962079601	-0.08203792893317614	0.2129377926243911
0.3763900632365934	-0.0815556989775666	0.21328334755849232
0.3761606305586503	-0.0811908318445388	0.21346086225234814
0.37561439287988596	-0.08055032176777964	0.21389241220133076
0.37525590900517214	-0.08023732569494528	0.21424865677806
0.3750119966177198	-0.08001776702788226	0.21446076175748338
0.37474086236929	-0.07973286602537365	0.21478417003447006
0.37445332941401704	-0.07944841931063464	0.21503600686921148
0.3741121045995281	-0.07912578739742195	0.215339271864955
0.37394988335565554	-0.07895928230096243	0.2155539425933374
0.3735474209548651	-0.07852400186123708	0.21599279846131728
0.3733807298874127	-0.07836422753066778	0.21613136906425784
0.37301333804131775	-0.078017952285882	0.21640585742928375
0.3727736330528969	-0.07775571222602963	0.21673542434955842
0.3725491119496459	-0.07750298946196203	0.21700592400845073
0.3723027811764075	-0.07724102782695651	0.21720670162866584
0.3721576292181414	-0.07710542899532159	0.21734987080966237
0.37186807306728287	-0.07679725790304341	0.21762559846510415
0.371538428004277	-0.076492207541192	0.21796194876099573
0.3713536983752471	-0.07630337107954625	0.21817715060261111
0.37099842375005493	-0.07592148181005821	0.21850628067538871
0.3707826745173669	-0.07569392537443052	0.21874489759782337
0.37055016950954595	-0.07544198486018937	0.21896993799436465
0.3704157032994202	-0.07529458503064797	0.21908729780885425
0.3702213907962632	-0.07512298144118391	0.21927997476057726
0.3698535612545767	-0.0747249895830547	0.21971686787973266
0.3695951989388386	-0.07448455141854159	0.21994146257352928
0.36938588121139737	-0.07426789192339779	0.2201203238211558
0.36927696894323553	-0.07415770319457408	0.2202094540733183
0.3690655173486667	-0.07392638122425031	0.22047982135720307
0.36877274062469984	-0.07362900787605205	0.2208104543284575
0.36857512018903127	-0.07342108163890344	0.22099332989753634
0.36837014282462577	-0.07318632453265088	0.22121251992583568
0.36823939589175597	-0.07283696385524786	0.2214622248134634
0.3680600860805888	-0.07240593131464672	0.22179298877626677
0.3677743830161734	-0.07210902474909266	0.22214174841067064
0.3676146431201133	-0.07196744064376244	0.22234269106732274
0.3673484281869206	-0.07167960088680807	0.2226623328407154
0.3671849724528366	-0.07132047790168165	0.22300069522030963
0.367058966224441	-0.07094812017078843	0.22329172236730987
0.36695272250385175	-0.07075808233115728	0.22348939647077706
0.36672427060796636	-0.07054606513496493	0.22377016409919737
0.36647408837774703	-0.07030544938799792	0.22418768786874713
0.3663439456708469	-0.07008266397541295	0.22445524718843973
0.366203487195754	-0.0696590519869577	0.22476235903869612
0.36599336773570174	-0.06938857116394608	0.2250720949368995
0.3658800613326171	-0.06929738824200228	0.22524269507889214
0.36564426942487865	-0.06904860377071705	0.22569603864825416
0.36550932169778366	-0.06869446908430842	0.22619028806422467
0.36538960677921983	-0.06826634872224406	0.22650054398838682
0.3652802914331984	-0.06780238725132025	0.22687342835537055
0.3650921768908299	-0.06709118875897031	0.2274420136491523
0.3649541083168783	-0.06659245168326854	0.2276680688754863
0.36459034288565084	-0.06506540096142067	0.228351088148389
0.364496078098131	-0.0645803670169874	0.22859810956171275
0.36430645146677826	-0.06372592915009558	0.22893157806027234
0.36398440261347975	-0.06235775114735527	0.22955133658798899
0.3637498644137132	-0.06136032584809088	0.22997806475029717
0.36340613133109473	-0.05982109891656738	0.23057544251079992
0.3630692574850221	-0.05850337296085496	0.2311270238313763
0.3629546621827461	-0.05788826202455048	0.2313598294220546
0.36262515849107146	-0.056612631530490884	0.23186752166770183
0.3621589794438329	-0.05474351617450966	0.2326040378368432
0.3619112191744266	-0.05365149262346751	0.23292052990808237
0.36165060762690715	-0.05281053599403614	0.23329014079458382
0.3610300449725492	-0.05042882896317112	0.23415776188230694
0.3607570143328387	-0.04925655453977827	0.23451979666151068
0.3603757538641154	-0.04776575268317111	0.23507609405487004
0.36019605767641627	-0.04682589701914584	0.2353694832316265
0.35975009419854415	-0.04452320529279784	0.2361524980129502
0.35940205917388746	-0.042805078610520506	0.2368025331344009
0.35893861868075627	-0.0405622407944501	0.23753893652378683
0.3586392004579557	-0.038953294443345374	0.23807518716392656
0.35839142213905895	-0.037760848510416625	0.23850075301194815
0.35796206134118347	-0.035643485785983184	0.23922862509206458
0.35762139242955954	-0.033886242755815296	0.23973413843446958
0.35718228118863743	-0.031564465575362646	0.2404740346074697
0.3568536733631787	-0.029991397720287236	0.24106013773214474
0.35655156391273524	-0.02826379660658003	0.24153743427312885
0.35618375363642046	-0.026625484089504617	0.24213765766819423
0.35582108589409195	-0.024812455628748467	0.24269207487790898
0.3554792332456497	-0.022968546749606036	0.24323324117200923
0.35510044263669666	-0.02109439327468883	0.24387394990841424
0.35469158746705826	-0.01895985104636598	0.24448991344961868
0.35440772370340967	-0.01752988931588069	0.24491309033112166
0.35408076916823006	-0.015882556283695518	0.2454211934035167
0.35382295702291316	-0.01444688671561263	0.2458486841867501
0.35344730490278037	-0.01272550373195526	0.2464062142885747
0.35312416530206203	-0.010944298865729382	0.24687891434634082
0.352806245164843	-0.009450029387598105	0.247348850973958
0.3525844000046737	-0.00818928851204799	0.24767212080513168
0.3523198881177615	-0.006845486479005944	0.24811617684279116
0.3520601299269975	-0.005579650427524521	0.2484400087942587
0.3517487308485338	-0.003909172269247405	0.24896546963317362
0.35159440340632214	-0.0032930697740502363	0.24915400846786653
0.3514237475602492	-0.0021438885419926695	0.2494074223532731
0.3510228403597308	-0.0002533838122302928	0.24997411334265612
0.35089574684896996	0.0004041560289319984	0.2501698265588389
0.35074422224731305	0.0013957345464189058	0.25035510508659126
0.35059919565231995	0.002120774171292819	0.25053636021741604
0.35034666174685486	0.0032793676918917297	0.25092467292438075
0.35022313931241267	0.0036772732655730306	0.2509745183024006
0.35017047442849175	0.0038821770834144426	0.2509852604640944
0.35011915228650453	0.004173780384207779	0.25083960255685744
0.3501851293267786	0.004186918607951576	0.25066076332835163
0.350191941266696	0.004185471371273633	0.25062754461355263
0.3501920688212771	0.004182093883946317	0.2506257946410103
0.35019157223921665	0.004178845601412726	0.25062473552452913
0.350191040524989	0.004176320185621765	0.2506248959129558
0.35019093677966884	0.004172698852787968	0.25062313541656106
0.3501903962398445	0.004165513790388584	0.2506220170145339
0.3501909288795862	0.00416188202359731	0.2506204774268871
0.35019052144842566	0.004155267070878335	0.2506189270786222
0.35019119069832483	0.004151396626802653	0.25061827535616177
0.3501920675265956	0.004148377465470185	0.25061833276699863
0.3501931164723591	0.004146027767406454	0.25061764340930803
0.350194355589361	0.004143494772659476	0.25061558547780005
0.3501942045060767	0.004143305238281728	0.2506153817804479
0.35019547004728074	0.004142221104709534	0.2506159301324729
0.35019693357062537	0.004140789739055448	0.25061486915941994
0.35019713954647946	0.004140036737164551	0.25061395035476486
0.3501989032061205	0.004139222799251732	0.2506137360673007
0.3501986748625583	0.004138221676524653	0.2506130186286261
0.35019994374443303	0.004138203662094123	0.2506124595814904
0.3502006849944273	0.004137262885399409	0.2506112976420829
0.35020131652846087	0.004136912090922665	0.2506111793000069
0.350202259985134	0.004136523443307991	0.250609805326881
0.35020256948953343	0.0041365069201718535	0.25061042958196444
0.35020196293201683	0.004136671879841694	0.25061065957010487
0.35020301803966963	0.004136069559682945	0.2506109570293601
0.350202469597529	0.004136424538121339	0.2506097732074385
0.3502040748621194	0.004135219158709055	0.2506090532715346
0.35020305698552406	0.004135726581997054	0.25061049858957996
0.3502041152237134	0.004135764622419116	0.2506093805495796
0.3502028817317045	0.004136663387510078	0.2506106995053541
0.3502027309984609	0.0041360817655682475	0.25060907837219903
0.3502037216354607	0.00413643833511633	0.25060945906095633
0.3502041340588722	0.004136019171981184	0.2506095332796467
0.3502041340588722	0.004136019171981184	0.2506095332796467
0.3502043925249907	0.004135736036097085	0.25060887679374877
0.35020398010178233	0.004136155200737804	0.2506088025755579
0.3502033113715701	0.004136992593084823	0.25060966145604974
0.35020540477836876	0.0041359267486752865	0.25061003639730206
0.35023441393399585	0.0041224445321129816	0.25061004521150443
0.3502320785036747	0.004124889792891259	0.2506103950790385
0.3502276208337577	0.004125569069192855	0.2506090933966785
0.35022238434772507	0.004127416533113923	0.250602546008873
0.3502204557434103	0.0041270117667549094	0.2506004391888089
0.35021869052538585	0.004127364783635137	0.2506004408210394
0.3502236013186995	0.004122463961693787	0.25060018041308807
0.35024438007664577	0.004101521598179406	0.25060161608344156
0.35027663779113993	0.0040682661314971474	0.25060391547074334
0.3502730659849196	0.004069793563892907	0.25060251264027156
0.3502682236848081	0.004072536348751751	0.2505984059421468
0.35026358119652096	0.004075299341077657	0.25059502067624695
0.35023536210748046	0.004100726610908642	0.25059198087349355
0.3502292813219344	0.004105814644265668	0.2505945056800584
0.35022678917009553	0.004107430001643583	0.2505945555354609
0.3502226972253786	0.004112150606447748	0.250593446204354
0.35021424272400364	0.004120242311225056	0.25059112625411917
0.3502124323780169	0.004122050146805237	0.2505913247835327
0.35021031744618136	0.0041240511380589845	0.25059235321663564
0.35020888355943897	0.004125942731427981	0.2505937131434488
0.35020878195042326	0.004126337454247689	0.2505941834502875
0.3502071629972829	0.004127429006999986	0.25059498278075776
0.3502057054922615	0.0041295805891912035	0.25059732188648254
0.3502051607798341	0.004130678328264317	0.2505988829551167
0.3502046622669768	0.004131652920878623	0.25059986414361546
0.3502047993550852	0.00413290014427474	0.2506011642457296
0.34997524098371985	0.004308745544610235	0.25061460855844087
0.3499755574243683	0.004320865299680857	0.2506326487976558
0.35003836363413765	0.004300906494463949	0.25064883223755763
0.35011511102729315	0.0042427721768995424	0.25065711305777727
0.35015469106959507	0.004215674200548622	0.25066098367558953
0.3501875529843102	0.004182230987683569	0.25066018150959385
0.3501926810194013	0.004175728762949402	0.25065853892222656
0.3501972695344738	0.004165948983718901	0.25065250855402943
0.3501999953957723	0.004159655956211442	0.25064630432261026
0.3502026646819555	0.004151784221966395	0.2506378108475966
0.35020219543544334	0.004149535740661722	0.25063506077847314
0.3502029475521248	0.004144398617478992	0.2506299479930571
0.35020280748984217	0.004139852417013076	0.2506241762049006
0.3502024807976979	0.00413768350134279	0.25062253978339166
0.35020301688374755	0.004136006021450048	0.25061983308986546
0.35020274892008885	0.004135708003385821	0.2506184688309563
0.3502022131354553	0.004135114320187025	0.25061692583234085
0.35020282436609684	0.004134323928019254	0.2506157418428832
0.35020312701389555	0.00413427262263065	0.25061579588270266
0.350203245747115	0.004134495234432253	0.25061512509744316
0.350201809573605	0.004134786479933192	0.25061394801292336
0.350203284563553	0.004134116009263625	0.25061275029966457
0.35020233335750384	0.004134544807278581	0.2506130458066561
0.35020272044195877	0.004134218634222878	0.2506121162743435
0.35020369114592054	0.004133939852240406	0.2506119078432584
0.3502026439313519	0.0041346625356134675	0.25061108417821426
0.35020315417087644	0.004134232578857408	0.2506098588828098
0.35020360814398477	0.004134155622745869	0.25060993993651104
0.350203326490901	0.0041346668449275675	0.25060986927160855
0.350203326490901	0.004134666844927484	0.2506098692716086
0.35020295720195616	0.004135009908247847	0.2506104844006871
0.3502033446664179	0.004135025918891186	0.25061008765290915
0.35020353780242197	0.004135291935356292	0.2506102743876497
0.3501750324913729	0.004132064584747311	0.25077826878420917
0.3502643640382416	0.0038069479982085624	0.2509601440436532
0.3503402926851335	0.0034926865474753793	0.25101637307618646
0.35035648622990495	0.002583403020185629	0.25115150832020205
0.35038654435780353	0.002123853581027693	0.2512368954074059
0.35044639726941834	0.0006283615997878106	0.25155458652513096
0.3504276521118081	-0.00024375293452279234	0.2517814601139219
0.3504778812029163	-0.0013067558822332653	0.25206068784879065
0.3504724096500719	-0.002361768599955863	0.2523324168761233
0.35042531469143395	-0.0033900948780035828	0.25261453349444535
0.3504632016750422	-0.00461454309279076	0.2529506106653659
0.3504258709745708	-0.006397025518940405	0.25346227184104053
0.35043439040315805	-0.007792744025295437	0.2538433517679791
0.3504167043813805	-0.00861470454336212	0.2541041185371847
0.350348440742281	-0.010701255397224954	0.25472067786847175
0.35030945227571764	-0.012313608696175274	0.25520134520726095
0.3502832229921001	-0.013851869549385984	0.25565238632539433
0.3502083484633558	-0.015488492701463727	0.25616518294726254
0.3501585090016464	-0.01653861289373694	0.25652193833298054
0.3500611348832541	-0.01832626018042778	0.2570902743892668
0.34989579736144544	-0.0214038503159006	0.2581067859651395
0.34980335609512114	-0.022980005169655274	0.25864781115782787
0.3496723889524259	-0.024653451874794355	0.2591678273441527
0.3496864626285081	-0.025639464592492986	0.2593576879857546
0.3496664573182652	-0.028245513566503358	0.2597755727329045
0.34966950351801007	-0.03116667839516081	0.26024232774625694
0.3496773726325629	-0.032477513171434505	0.26041066009036706
0.34966133497120355	-0.034413101921497866	0.2607026433742553
0.3496300283861531	-0.03713913639392556	0.2611553257461108
0.34964468886369043	-0.03961236469534836	0.2613671221929136
0.3496370089463004	-0.04261450490442158	0.26171706889412805
0.3495966395977147	-0.04443430702729963	0.2619347870854186
0.3495835645673348	-0.04648213372452688	0.26207476099548466
0.34958820687720027	-0.04881800578242283	0.26220654383650277
0.3495685388794703	-0.050292640480248244	0.2623379918605817
0.34957649399557694	-0.05351984382409715	0.2623978654121276
0.3495310899919285	-0.05554866680701094	0.26250590029633253
0.349533618949917	-0.05831955768868645	0.2624808529301037
0.34951265502095025	-0.06058013949074191	0.26247743686251446
0.3495212589199833	-0.06190111642548589	0.26242701773540916
0.3494834855234312	-0.06519285988706776	0.2622640684605597
0.34946220200483136	-0.06746338983418125	0.26211603776582204
0.34943483591724694	-0.07056389648459095	0.26180057033476756
0.3494509281002619	-0.07176845393910965	0.2616780612564287
0.34940411198593235	-0.0748791488905896	0.2612212651231639
0.3494340705301692	-0.07707273914155709	0.260806552053923
0.34941215012300997	-0.07884813171292253	0.2604560618554325
0.34936809848315215	-0.08089958567128759	0.26000808753559357
0.34935746207924895	-0.08389532537711274	0.2592115065688527
0.3493398737839044	-0.08582155242250793	0.25861673102619476
0.3493493542970963	-0.0877120531170663	0.2579840435331292
0.34931675059015954	-0.08949357358621156	0.257306861148786
0.3493197603559887	-0.09209978305569928	0.2562073026553657
0.3493179763668666	-0.09344508631170258	0.25557198188633473
0.3492881165541222	-0.09607073452999686	0.25421762388179314
0.34928579536315485	-0.09762091244954811	0.25329052450237466
0.34926996798185206	-0.09907858671730028	0.2523833172605205
0.34923449869162143	-0.10096810513084288	0.25109154394390354
0.3492928821459686	-0.10258452437335787	0.24982111099334886
0.3495894759111341	-0.10428066087674388	0.24851409307773725
0.35033414685981257	-0.10671170199953568	0.24676256195936025
0.35104972692848224	-0.10828914177340158	0.24529093976107424
0.35193321506244357	-0.10996464612053038	0.24389478554386837
0.3538096631836813	-0.11287166757399154	0.24133279426063906
0.35460303048730946	-0.11401664216758088	0.24034002113932323
0.3567637653413334	-0.11687294257187049	0.23770019772000786
0.35845913205176594	-0.11878948271506283	0.23596038147243809
0.3603272857415157	-0.12069965063342396	0.23418376429770393
0.36238200906291923	-0.12275259361726125	0.23221039044134817
0.3655794982525907	-0.12576407480594953	0.2294186060629215
0.3672181403903231	-0.12718562865711996	0.22796702556372667
0.37040558107664506	-0.1299195124287737	0.22532819245447816
0.3718429044141291	-0.1311032569339607	0.22412663234482105
0.3745755191373741	-0.1333156895887465	0.22194778761005654
0.37978812950637325	-0.13729455964447423	0.2179911056223852
0.38188665551412615	-0.13873116353385956	0.2166937408099572
0.3854192263007501	-0.1411004412769375	0.2143833005606827
0.3885300997470068	-0.14314426462402663	0.2125943636100362
0.3918771200627048	-0.1451836619642468	0.21076704446404965
0.3952382110563369	-0.14722917711504435	0.2089237843349468
0.3984725637698611	-0.14909157233929582	0.20716918433153841
0.40266722787307513	-0.15132489283893763	0.20507785103700443
0.4057045052948407	-0.15292075921649145	0.2037405069796654
0.4087155452423536	-0.1544044092927953	0.2025966962496578
0.41056062793985637	-0.15532377756446525	0.20187552410189083
0.4139459667792217	-0.1568089762601536	0.200238048830005
0.41646241159239483	-0.1579288072229293	0.19888180688256057
0.4187461128445166	-0.15889475473674491	0.19751631014710652
0.4216003434481767	-0.1598254071021769	0.19584746160506517
0.42260512922830273	-0.16002204271781223	0.195217083599443
0.42472633270704596	-0.1603491708108351	0.19363449996546175
0.4261628678908762	-0.1605299937683018	0.19244213757174558
0.4270713584270264	-0.16063387828440123	0.19162667536954017
0.42927646761869814	-0.16071503056875813	0.18913202268581453
0.42996480489848643	-0.1606896376119777	0.1882088734474947
0.4315081441632681	-0.1604283927794134	0.18603127247960574
0.4321395428958303	-0.16025692655470902	0.18509568697474885
0.43373807365484485	-0.16023779182004433	0.18234612315210608
0.4345672045819926	-0.16038087148643287	0.18041289208107705
0.4354566890535712	-0.16028063028436557	0.17838936447310866
0.43637516809593085	-0.15983468099947368	0.17630201326845119
0.43719218654328024	-0.1593748063845301	0.17425330624160032
0.4380818285210865	-0.15871301066648597	0.17175960458103903
0.4385186755784919	-0.158360228624494	0.17058595031000667
0.4395072064569756	-0.1574325022389364	0.16768378015830102
0.44014573341443475	-0.15676456309312142	0.16572096255119023
0.4408522996190027	-0.1560784381941795	0.1638013922686926
0.4419378484048333	-0.1551370973035353	0.16110146370072675
0.4424910730738881	-0.1547446591451515	0.1596588188066606
0.44330979435267637	-0.1539513805078766	0.15691728076294664
0.44365535832430125	-0.1535977688280169	0.15562522726948397
0.44423571121057737	-0.15309359365476105	0.15287084548672175
0.44465670972269705	-0.15283024236117937	0.1506388199214953
0.4450203810916077	-0.1527109525517918	0.14831827148547105
0.44520813432100736	-0.15253638982228668	0.14585623190180375
0.4452208037770605	-0.15217288608846508	0.14308580707508717
0.4452263604549421	-0.15205943142658407	0.14188817590838237
0.4455950044531261	-0.15220194140201948	0.13891094005967802
0.44617680643211916	-0.1526774912920758	0.135919529325442
0.4465815094658788	-0.1530671527303606	0.13363491268625033
0.4468879178840276	-0.15343240691331572	0.13201945480852345
0.44752136519348007	-0.1541030876480834	0.1289274084779779
0.44791845787078627	-0.1545796296139072	0.12670658882419777
0.44852991225630073	-0.15522956071934746	0.12329814690654178
0.44888411243870374	-0.15565104920280953	0.12107259878453352
0.44929147524040913	-0.15612318043101353	0.11855711021331339
0.4496823257448374	-0.15656189072654136	0.11636812962259907
0.450046197826633	-0.15700501450149995	0.11405732274731561
0.45034955321408254	-0.1574417830529214	0.11191122365072825
0.45084599492261385	-0.15808984169202728	0.10849925921032655
0.45109948302504016	-0.15837876882025803	0.10721555281515527
0.4514257636035148	-0.15888754367046465	0.10448309569108771
0.45192314896020574	-0.15935257209437914	0.1017410798234738
0.4524739139885609	-0.15987083344555114	0.09848236170481034
0.4526871032542522	-0.16019264248504927	0.09701514886754276
0.4531158085755319	-0.16076403833453606	0.0939111937945647
0.4534324460687634	-0.16121327372125105	0.09167112264831728
0.45359012877975796	-0.16152935232688875	0.0900907491482209
0.45395263068353403	-0.16182750261352064	0.0881298183599345
0.4546351189590083	-0.16243647968414798	0.08410530256978366
0.4548350569686567	-0.1626953342081237	0.08277767740463526
0.45522687282789515	-0.16325765435950118	0.07989599915156725
0.45554060544668756	-0.16367256647780204	0.07781071853930038
0.45578536418540194	-0.16407068945382175	0.07572730883284468
0.45624402450737683	-0.16456813566596545	0.07292782570165207
0.4565222207998207	-0.16479221700185775	0.07132944711062955
0.45687370714233805	-0.16502322941602154	0.06973990163682098
0.45726633898412944	-0.16552750351745465	0.06709126866038972
0.45753842963238744	-0.16586076352366202	0.06518411428932036
0.4579760374119479	-0.16649695055917235	0.06223194082328465
0.4581609395587973	-0.16673383631022853	0.060965173770862136
0.45855926916116885	-0.1671810489690302	0.059184477653584255
0.4591115945242122	-0.16762005166853744	0.057398556737055184
0.4594049057714564	-0.16794567689054363	0.05627426812886538
0.4599609854871995	-0.16848434699452147	0.05415998463867289
0.4605244121493702	-0.16907346926888817	0.051734947073659
0.46080302246991356	-0.16945086928466496	0.05024960085415259
0.4610713196628923	-0.1697029487151378	0.04884263084114232
0.46131250610649105	-0.17008503310682588	0.0472101768313718
0.46146135372941194	-0.1703461223928383	0.04616480253960853
0.4616270272350311	-0.1705968914278982	0.044846840205850835
0.4617670298910237	-0.1709464469780354	0.04315830630131995
0.4618867325043329	-0.1713260627776818	0.041336399622381836
0.461955317372063	-0.17162847257199704	0.03986072991261419
0.4619837001664565	-0.17197738771589682	0.03797451839829569
0.46202229601483275	-0.1721335140352146	0.037335470731847176
0.4623721523077192	-0.17251037088196258	0.03605956867263155
0.4626387930982186	-0.1727557060925179	0.035431297474702805
0.46323263468215614	-0.1733582073161945	0.03375428968803729
0.46358474753804524	-0.17357338281530693	0.032980438241035526
0.46375377621349456	-0.17371890200361428	0.032542021489053774
0.46415583053680437	-0.17393355530080895	0.031674397058273296
0.46448855608557593	-0.17410667225097481	0.031304775039507016
0.4651476535521051	-0.17445374282971643	0.030426271610923872
0.4655200768805377	-0.1747068942466773	0.029872160411247572
0.4657747258735512	-0.17490483045164584	0.02954724820433119
0.4659993998464774	-0.17512475456696192	0.029348938465300067
0.4664439580195276	-0.17538440525533272	0.029045889965179428
0.4666231653912071	-0.1755236537004674	0.028917697564955935
0.4669544644577169	-0.17580322739884297	0.028713601844902348
0.4674153021186686	-0.17618948132013662	0.028476393486822626
0.4677806894577856	-0.17643553423752223	0.028249175443649854
0.46803299488205846	-0.17662128518497722	0.028045835204431435
0.46840050665886634	-0.17685760858408994	0.0279053291979085
0.46857949464818005	-0.17699641158483936	0.02780276568123352
0.4689713360934451	-0.1773507328494165	0.027525299996212338
0.4692052557844033	-0.17752164291034683	0.027378869186224786
0.4696521407031582	-0.17783222198248888	0.02717058815314982
0.46981997938425524	-0.17795268470531905	0.027084563476773127
0.47015774154751183	-0.17821927186786718	0.02681671490357873
0.4704337847778162	-0.17839867170776647	0.02665899367055624
0.47087765351938926	-0.17872023982560792	0.026480693574801317
0.47103082403417335	-0.178871929299591	0.026379423787919132
0.4714038783457749	-0.17910108752378362	0.02615734098342054
0.47169435194753984	-0.17922599692046864	0.025977981821339535
0.4722432475435583	-0.1793963619812512	0.02583233587706385
0.47239392011614534	-0.1795300334124051	0.02572655111277583
0.4726528152664079	-0.1796832480594754	0.025560467701253586
0.472826751155348	-0.1797861325369875	0.025352972108075467
0.47297703487402476	-0.17991990253133805	0.02525722523654722
0.47353775263505393	-0.18009380962419752	0.02511041019885002
0.4738215827783969	-0.18018082361452842	0.0250247898644409
0.4741583915004534	-0.18037988174843855	0.02482258675208643
0.47425502610398773	-0.18045120404268178	0.02473877919991402
0.47442663546175873	-0.18052972676058765	0.024489829377892125
0.4747840901042852	-0.1806389931794844	0.02440707922493074
0.47529376395638484	-0.18082823399618453	0.024232092095889335
0.47554478156708463	-0.18091896986157174	0.02420163734843883
0.47595619826263647	-0.1811098925100269	0.024235354287038324
0.4763327819030495	-0.18124838836029034	0.024254108787986117
0.47662016902416915	-0.18130650976648566	0.024285563313731384
0.4771819329853689	-0.18140622326893402	0.024363411142950653
0.47775579216988295	-0.18150074260643811	0.02446260772504688
0.4782821756631821	-0.1816222273758482	0.02450503996738168
0.47860843998747754	-0.1817451668945163	0.024541914706726786
0.47895186872067225	-0.18180687435881765	0.024584720546623473
0.4792373642554149	-0.18192009454112934	0.02458164995678025
0.47984128975338647	-0.18200524477788815	0.024649144869435535
0.4803048087164489	-0.18207577351887055	0.024716039662025957
0.4807200005107359	-0.18211837385738094	0.024770649340940143
0.4809956243612033	-0.1821730413708117	0.02479402683397014
0.481292447935402	-0.18228860390731738	0.024809285457187413
0.48157656565267254	-0.18245106065190053	0.024791722517772397
0.48199254790728774	-0.1825241469108958	0.024785555024272488
0.482240235794521	-0.18256690186624036	0.02481363776081269
0.48268546946135266	-0.1826086943077901	0.024901479198349896
0.48303906290705595	-0.18265353294612002	0.02491679975906158
0.4834946786086189	-0.18277020102194813	0.024920484659653352
0.4838051133771508	-0.18293399462654797	0.024884889460786208
0.48404662591710346	-0.1829648527764875	0.024819464562468363
0.4841304843251121	-0.18290310595801362	0.024725074934041358
0.4841950722629597	-0.18310708392195668	0.024396571124837896
0.4841697413749272	-0.18330978656761954	0.02426858441568608
0.484129808843767	-0.18360925481925927	0.02408212729901177
0.48407928309318693	-0.18401353349958977	0.02383642304554201
0.4843147476695528	-0.1845671027318142	0.023819249672947573
0.484281586983715	-0.18489991035100833	0.023654720469485857
0.4842713183010567	-0.18529177342073705	0.023491011480142043
0.484370353447928	-0.1855614350680329	0.023483046415680775
0.4847710931703251	-0.1858685326695091	0.023860624367767702
0.48501887934647714	-0.18584745991194362	0.02448953529582626
0.485049949997073	-0.1859070114253587	0.025164099219130598
0.48505031069945925	-0.18595124602386515	0.026220543092846993
0.48500719656745783	-0.18602626061028305	0.02697596249720763
0.4851149760577801	-0.18615788018195623	0.029009509798794908
0.48526561320229433	-0.1862458476519815	0.03028355940996036
0.4855110082749459	-0.18651253509786303	0.03409136567780685
0.48570017601982457	-0.1866797703070725	0.03650037210491602
0.48577217796232486	-0.18666273814551315	0.038003107863574914
0.4859418101565774	-0.18686810941296422	0.04166654335949449
0.4859745663609287	-0.1869697641302921	0.04392428206699489
0.48613662416907555	-0.1870588274124223	0.04744755071383833
0.48622602536158455	-0.1871853635465654	0.05174474143790081
0.4863494801604948	-0.18731708895966254	0.05558596999930204
0.4863755525984326	-0.1874117549196333	0.05904112999446337
0.4864332037471721	-0.18746419286106047	0.06213043785725336
0.48650968120720417	-0.1875564494032168	0.06594026942266523
0.48656621992969107	-0.18762127025542824	0.0680885270837846
0.4866342622822383	-0.18774867109850263	0.07461119145058842
0.4867267987803462	-0.18782629892523178	0.07757422623566745
0.48674782905986447	-0.18790421948708785	0.08317533788297227
0.4868315753381401	-0.1880018514964249	0.08571042055625672
0.48685719327804483	-0.18800947862308814	0.09003366510330751
0.4869220343053686	-0.1881210149538345	0.09661094303074214
0.4869529296314132	-0.18820948814252053	0.10201476676920307
0.4869930592560666	-0.1882767253902356	0.10630221850604943
0.4870255209092678	-0.18832955464426454	0.1104401773653767
0.48708254522090083	-0.18837412986622037	0.11346791207015783
0.4871348903150694	-0.18844221767814595	0.12115189315211977
0.4871768073077646	-0.18846562945331358	0.12587469897030296
0.4871906183469475	-0.1885033207811192	0.12924353722455711
0.4872639198715929	-0.18860685544218264	0.13425669124770906
0.4872799590473716	-0.18868273480065512	0.13864272191028587
0.4873640249267734	-0.18870654541610446	0.14404454187406185
0.48738688812786635	-0.18878098755919842	0.14868963340547992
0.48745028372380045	-0.1887884914748651	0.15175594466838693
0.487543993359251	-0.1888412522231218	0.15696935045572347
0.4875754339190486	-0.18888106796772053	0.16117868268121627
0.48759039610583016	-0.1889400870998415	0.16347123191310176
0.48770335816139965	-0.18899146664919786	0.1686600903782728
0.487756570644704	-0.18904656838525635	0.17251965895862342
0.48778481722746364	-0.18905644626015616	0.17596385967959968
0.48792928056441454	-0.1891712298437107	0.18057446849295772
0.4879265429380644	-0.18915608573698084	0.18263619818989085
0.4880827199132298	-0.1892714313133887	0.186042890551312
0.4881184090545078	-0.18930292626339273	0.18866267545770313
0.4882099552838371	-0.18939436650194202	0.19259595688482
0.48836505863762836	-0.18948349811676746	0.1951629861833236
0.48836515772040145	-0.1895116447750681	0.19632272461952052
0.4885204580738362	-0.18955352065949466	0.1995753562453044
0.4887764345301011	-0.18981361933982085	0.20218939944048903
0.4889269358766902	-0.1900130084768818	0.20374321036013834
0.48896133007698295	-0.1901236553891451	0.20455339573905293
0.4889918358730376	-0.190248236071058	0.20564618567541865
0.4891074382639996	-0.19031500389015177	0.206660132818168
0.48924068581000885	-0.19028555235888556	0.20770801683488957
0.48929450353219567	-0.19024147505758987	0.20808110280965708
0.4894226800802714	-0.19032661828882902	0.20824324053883309
0.4896547111161556	-0.19052783388509098	0.20830027185662095
0.4893672838541069	-0.19060068564067806	0.20805406123592532
0.4890521360077111	-0.19066069007474623	0.2079150792033253
0.48803992144670566	-0.19038400984126858	0.2077640518397575
0.4871033856517788	-0.19019161923471523	0.20762256326338624
0.4860217464074129	-0.18987830749712298	0.20751465706654654
0.484707804228039	-0.1895339094720035	0.2074089450957438
0.48270002091124986	-0.18882574026234955	0.20737510596787545
0.4811599046197603	-0.18827012758252382	0.2074129353063694
0.47950584100796845	-0.18771040748640389	0.2074278713885132
0.47740164417284064	-0.18712331785159342	0.20727032210697313
0.4751347066238214	-0.18639778701822202	0.2071899629099941
0.47229454534976	-0.18565394459517953	0.20709768057269862
0.4698393105234956	-0.1849055492616985	0.2070859057527103
0.4678166275699361	-0.18433219538292134	0.2070026674708721
0.4648603947479137	-0.18346985377559627	0.20690964349471572
0.46188941474529654	-0.1825874026198563	0.2068715718994552
0.45819535775927744	-0.18148180971876182	0.20682010592878516
0.4551599253441646	-0.18052297431992642	0.20675907199847726
0.4519927225233485	-0.17956255178350644	0.2066770600000245
0.44906438394040804	-0.17861459372371186	0.20669947291586244
0.4459709929105545	-0.1776350796182673	0.2066342290617178
0.44410491570377336	-0.17702138709930537	0.20659124975114124
0.437406092863999	-0.17479135569758752	0.20654834040254635
0.43404263093547724	-0.1737006332135666	0.20648660384574416
0.43093958366185636	-0.1727304443189983	0.206465828567092
0.42828038406833174	-0.17186292201077197	0.20645498692622777
0.42438389319969344	-0.1705976956158573	0.2063993766343915
0.42126349222618376	-0.1696034676364589	0.2063920502892726
0.41749028722608994	-0.16836910610031303	0.20635256129125185
0.4126672775317329	-0.16684136258493115	0.20631691067227564
0.40881649216058036	-0.16555300482006152	0.20629345865156135
0.40412488396020907	-0.16406306088499545	0.2062566447899879
0.4021958675044307	-0.16344643108868234	0.20623350734743665
0.39885040754872725	-0.1623578541613333	0.20623170981671785
0.3938907025466213	-0.16074244687440625	0.2062162555591337
0.3904493224849706	-0.15962078368399407	0.2061733094103812
0.3872860920314019	-0.1586089868409638	0.20617040331964193
0.3836468999452608	-0.15744172470353807	0.20611621683904832
0.3797987657593836	-0.1561639513513216	0.20612287642864996
0.3766278674147027	-0.1551541696864458	0.2060897763179308
0.3737101090175606	-0.154188831883254	0.2060812044380841
0.37089348097554553	-0.15330808745634628	0.20605016908956908
0.367746548891042	-0.15229258293657755	0.20600075855521355
0.3643763658708397	-0.15118283550276324	0.20598988576989008
0.3626214453171399	-0.15062389618008132	0.20595917880563355
0.35913118825126894	-0.14949701400409493	0.205929636582998
0.35697212468398787	-0.14879706456418534	0.20590536155793462
0.35567345993654986	-0.14837413633386715	0.20587712918344095
0.3528530709833943	-0.14742498045432095	0.20585448948817692
0.3511334261098777	-0.14683000089759762	0.20582298312660574
0.34928242922018	-0.1462081550996921	0.20579977714124123
0.34743266961897956	-0.1455947933646654	0.2057572945701835
0.3467144647871548	-0.14539437169304698	0.2057158214144899
0.34545703821020757	-0.1449476201376368	0.20570849620303336
0.34455645700442084	-0.14465627692149713	0.20566402189794272
0.34334844247584523	-0.1443161280687199	0.20556641882643856
0.34301779859109705	-0.1442503897305471	0.20551233421747966
0.3428079557584613	-0.1442056536637169	0.20552533056422614
0.3428843732050934	-0.1440295934927044	0.2055628443964053
0.34292340586146486	-0.1439541062409605	0.2055778566296198
0.3429614764971685	-0.14388663228553578	0.20560604440407915
0.34299186560239725	-0.14383531294228807	0.2056279910049093
0.3430127132127369	-0.14380182778947337	0.2056435860294835
0.34301893087515417	-0.14380093018194978	0.2056463939120193
0.3430235310858645	-0.14380358489292883	0.20564794166086067
0.34302797636492693	-0.14380601339162064	0.20564870196230625
0.3430361391412608	-0.14380836270529962	0.20565049139248281
0.343044780244245	-0.14381333087741088	0.20565220786230265
0.34304849964633577	-0.14381284935064942	0.20565413505166402
0.3430569631837051	-0.14381254931691922	0.20565724646142997
0.3430606538645399	-0.14381256460347874	0.2056589133682279
0.3430625608031005	-0.14381252277386752	0.20565947215424588
0.3430627432779796	-0.14381174154760246	0.20566028974929723
0.3430618237874098	-0.14381085525142673	0.20565976265801122
0.34306304828294854	-0.14381164523628204	0.2056599117873701
0.343061769931159	-0.1438126121745159	0.20565909737571858
0.3430611209616865	-0.1438125189863836	0.20565975480585633
0.3430615113530769	-0.14381135453047217	0.20565988398332852
0.3430610484019336	-0.14381255497872597	0.20565964041419743
0.34306133893301277	-0.1438116969668491	0.2056597755033544
0.34306127694810706	-0.1438118127232353	0.20565969743528942
0.34306024875737046	-0.1438125583453666	0.2056590591820087
0.3430602502473037	-0.14381263341189904	0.20565915473030405
0.3430604361968781	-0.14381197982179006	0.2056592065886126
0.34305949807610325	-0.14381153134850594	0.20565886673054037
0.3430597084250735	-0.14381255097418627	0.20565924490149595
0.34305988788087166	-0.14381344215505903	0.2056584396537622
0.34305934066366667	-0.14381220096057468	0.20565889910198615
0.34305964854755344	-0.14381130362532718	0.2056590192617614
0.3430595863251635	-0.14381287927420705	0.20565866355769075
0.34305890320316157	-0.14381264327957421	0.2056581134811444
0.34305859150550405	-0.1438121056295406	0.20565835805439434
0.3430586016475275	-0.14381208039886295	0.20565833738801836
0.3430583884311766	-0.14381251414643081	0.20565825802494792
0.34305853380597257	-0.1438122184094302	0.2056583121359789
0.3430573824692429	-0.1438122036780065	0.2056578929226959
0.3430576327756765	-0.14381169889814127	0.2056581600902584
0.3430574874014045	-0.14381199463540112	0.20565810597923623
0.3430579350983426	-0.14381235461719827	0.2056584457858911
0.3430580978339572	-0.1438135487658619	0.20565814076895333
0.3430564007631588	-0.1438130255515539	0.20565741037329238
0.3430566163222312	-0.1438123616002563	0.20565830089497042
0.3430573324872863	-0.1438140098515856	0.20565765920907347
0.34305644764343557	-0.14381293392089778	0.2056574476807608
0.34305670165226704	-0.14381214861077712	0.20565752779733582
0.3430560028445703	-0.14381199024681052	0.2056578103579662
0.3430560311980601	-0.14381268523580704	0.2056570959887341
0.34305549759611587	-0.14381192595329118	0.2056574454713664
0.3430557033103201	-0.14381236981981987	0.20565739511178
0.34305531503429504	-0.14381229360389025	0.20565735766175855
0.34305600284457016	-0.14381199024681046	0.20565781035796618
0.34305499688098623	-0.14381167978073284	0.20565744526247456
0.34305549759611587	-0.14381192595329118	0.2056574454713664
0.34305607807787925	-0.14381259360597853	0.2056571332958446
0.3430551659857278	-0.1438127730051238	0.20565731850691998
0.34305502236502144	-0.14381171623671113	0.20565744175121986
0.343054917467425	-0.14381169626359663	0.2056572420804814
0.3430560311980601	-0.14381268523580704	0.2056570959887341
0.3430546607363489	-0.1438127087118269	0.20565695362175557
0.34305557282826393	-0.14381252931238786	0.20565676840905184
0.34305615561122044	-0.1438124358795762	0.2056571621547374
0.3430548566643011	-0.14381213768146944	0.20565703008302866
0.34305549759611587	-0.14381192595329118	0.2056574454713664
0.3430549923469478	-0.14381186165985688	0.20565708058573956
0.3430549923469478	-0.14381186165985688	0.20565708058573956
0.34305537920167334	-0.14381233925702147	0.20565739786815979
0.3430539865508029	-0.1438114666412021	0.20565722853309318
0.3430553016686141	-0.14381249698358	0.2056573690093633
0.3430548097851379	-0.14381222930940984	0.205656992776496
0.34305494546819704	-0.14381195328804242	0.2056570432794384
0.34305466073634894	-0.143812708711827	0.2056569536217555
0.3430547964192696	-0.14381243269025656	0.2056570041239612
0.3430547964192696	-0.14381243269025656	0.2056570041239612
0.34305466073634894	-0.143812708711827	0.2056569536217555
0.3430548097851379	-0.14381222930940996	0.20565699277649602
0.3430546229487441	-0.14381143679105396	0.2056572792438836
0.34305553726740123	-0.14381161547231758	0.20565715648357555
0.34305485666430124	-0.1438121376814695	0.20565703008302877
0.34305499234694786	-0.14381186165985682	0.20565708058573956
0.3430554368982994	-0.14381222648221748	0.20565744378328715
0.34305524121611375	-0.14381337636502423	0.20565664144604712
0.34305537689980187	-0.1438131003437696	0.2056566919479161
0.34305466073634905	-0.14381270871182705	0.20565695362175568
0.34305537689980187	-0.1438131003437696	0.2056566919479161
0.34305479641926967	-0.14381243269025668	0.20565700412396118
0.3430551378158601	-0.14381260053536316	0.2056570042666927
0.3430542913391325	-0.14381228384259992	0.2056571522792764
0.3430547964192696	-0.14381243269025656	0.2056570041239612
0.3430547964192696	-0.14381243269025656	0.2056570041239612
0.34305499234694786	-0.14381186165985682	0.20565708058573942
0.34305479641926967	-0.14381243269025662	0.20565700412396104
0.34305466073634894	-0.143812708711827	0.2056569536217555
0.3430552233769838	-0.14381249082992836	0.2056570293737914
0.3430550021330568	-0.14381287655699132	0.20565695376448712
0.3430549923469478	-0.14381186165985688	0.20565708058573956
0.34305499234694786	-0.14381186165985682	0.20565708058573956
0.34305479641926967	-0.14381243269025668	0.20565700412396118
0.343055215348872	-0.1438124428087566	0.20565703312535333
0.3430549923469478	-0.14381186165985688	0.20565708058573956
0.34305421771812955	-0.14381234976675472	0.20565699932885073
0.3430548739523485	-0.14381227496368293	0.20565703298262195
0.34305537689980187	-0.1438131003437696	0.2056566919479161
0.3430547698793542	-0.14381243793998022	0.20565698635395674
0.34305499234694786	-0.14381186165985682	0.20565708058573956
0.34305479641926967	-0.14381243269025668	0.20565700412396118
0.3430550698798701	-0.14381170393325904	0.20565710944468896
0.3430547684184451	-0.14381217566534593	0.20565720292439563
0.34305479641926967	-0.14381243269025668	0.20565700412396118
0.3430553337436853	-0.14381202950466482	0.2056570807284342
0.34305506987987017	-0.14381170393325898	0.20565710944468904
0.3430548739523485	-0.14381227496368293	0.20565703298262183
0.3430549923469478	-0.14381186165985688	0.20565708058573956
0.34305468666190664	-0.14381271193819006	0.2056569457508427
0.3430548739523485	-0.14381227496368293	0.20565703298262183
0.3430557958293874	-0.14381311046337636	0.20565672094916634
0.3430535868139708	-0.14381197619881297	0.2056564962146486
0.3430542957042995	-0.14381218651737304	0.20565700391599454
0.3430546607363489	-0.1438127087118269	0.20565695362175557
0.34305505004368025	-0.14381174888656456	0.20565712650108203
0.3430554371448498	-0.14381280533368473	0.20565671790667767
0.3430548795044712	-0.1438121444124804	0.20565702338330863
0.3430548541161301	-0.14381231991694532	0.20565705003909582
0.3430548541161301	-0.14381231991694532	0.20565705003909582
0.3430551337069112	-0.14381386451066897	0.20565662044304295
0.3430549923469478	-0.14381186165985688	0.20565708058573956
0.3430545460153994	-0.1438129383504771	0.20565689106438823
0.3430549143615411	-0.14381202490847877	0.20565707599865607
0.3430546607363489	-0.1438127087118269	0.20565695362175557
0.3430551378158602	-0.14381260053536332	0.2056570042666927
0.3430548739523485	-0.14381227496368293	0.20565703298262183
0.3430542913391325	-0.14381228384259992	0.2056571522792764
0.3430547612065214	-0.14381231543388745	0.20565701001864198
0.3430551378158602	-0.14381260053536332	0.2056570042666926
0.34305435340071483	-0.14381207374496735	0.20565704983077152
0.34305479641926967	-0.14381243269025662	0.20565700412396104
0.34305493164891904	-0.1438121621901992	0.20565707889759358
0.34305474007017545	-0.1438125536488985	0.20565701675542752
0.3430548566643011	-0.14381213768146944	0.20565703008302866
0.3430549923469478	-0.14381186165985688	0.20565708058573956
0.3430540298326948	-0.1438123351419277	0.2056564505065889
0.3430547964192696	-0.14381243269025656	0.2056570041239612
0.34305505004368025	-0.14381174888656456	0.20565712650108203
0.34305499234694786	-0.14381186165985682	0.20565708058573956
0.3430555826123662	-0.14381354421111509	0.2056566415888292
0.34305537689980187	-0.1438131003437696	0.2056566919479161
0.34305479641926967	-0.14381243269025668	0.20565700412396118
0.3430540298326948	-0.1438123351419277	0.2056564505065889
0.34305322822755635	-0.143812965908235	0.20565633287903254
0.3430535247529372	-0.14381218629446224	0.20565659866339053
0.34305537689980187	-0.1438131003437696	0.2056566919479161
0.3430548761854997	-0.14381285416952722	0.2056566917398753
0.34305479641926967	-0.14381243269025668	0.20565700412396118
0.34305479641926967	-0.14381243269025662	0.20565700412396104
0.3430546890735393	-0.14381273439382303	0.2056569440302905
0.3430538988044157	-0.14381260158976594	0.2056564011815481
0.34305479641926967	-0.14381243269025668	0.20565700412396118
0.3430550598307284	-0.14381276378336405	0.20565699968015047
0.34305545443331925	-0.14381294261737632	0.2056567208063843
0.34305493164891904	-0.14381216219019916	0.20565707889759363
0.34305545443331925	-0.1438129426173762	0.20565672080638425
0.34305466073634894	-0.143812708711827	0.2056569536217555
0.3430548541161301	-0.14381231991694532	0.20565705003909582
0.34305479641926967	-0.14381243269025668	0.20565700412396118
0.34305537689980187	-0.1438131003437696	0.2056566919479161
0.3430535868139708	-0.14381197619881297	0.2056564962146486
0.3430541073658035	-0.14381217741533087	0.20565647936504358
0.34305466073634905	-0.14381270871182705	0.20565695362175568
0.34305543459792176	-0.1438129875697563	0.20565673786389094
0.34305479641926967	-0.14381243269025668	0.20565700412396118
0.34305458388599247	-0.14381169503117436	0.20565729477280043
0.3430547400701754	-0.14381255364889833	0.20565701675542744
0.34305537689980187	-0.1438131003437696	0.2056566919479161
0.34305479641926967	-0.14381243269025668	0.20565700412396118
0.34305479641926967	-0.14381243269025668	0.20565700412396118
0.3430543032935927	-0.14381160638473856	0.20565655582676962
0.34305466073634905	-0.14381270871182705	0.20565695362175568
0.3430542957042995	-0.14381218651737304	0.20565700391599454
0.3430548739523485	-0.14381227496368293	0.20565703298262183
0.34305543459792176	-0.1438129875697563	0.20565673786389094
0.34305479641926967	-0.14381243269025662	0.20565700412396104
0.34305471843371704	-0.14381259593881718	0.2056569995371751
0.34305352911763975	-0.14381208896921555	0.20565645030010765
0.3430549316489189	-0.14381216219019916	0.2056570788975937
0.34305471843371704	-0.14381259593881718	0.2056569995371751
0.3430550094070804	-0.14381305786849158	0.20565618438652639
0.3430548739523485	-0.14381227496368293	0.20565703298262183
0.3430548541161302	-0.1438123199169452	0.20565705003909565
0.3430553337436853	-0.14381202950466482	0.2056570807284342
0.3430549923469478	-0.14381186165985688	0.20565708058573956
0.34305479641926967	-0.14381243269025662	0.20565700412396104
0.3430549923469478	-0.14381186165985688	0.20565708058573956
0.34305466073634905	-0.14381270871182705	0.20565695362175568
0.34305441754348975	-0.143813472878157	0.20565688211611619
0.3430550716799003	-0.1438117065965399	0.20565714371930555
0.34305521534887207	-0.14381244280875666	0.2056570331253534
0.34305466073634905	-0.14381270871182705	0.20565695362175568
0.34305479641926967	-0.14381243269025668	0.20565700412396118
0.3430544872665858	-0.14381171281286742	0.2056572287409585
0.34305517337425395	-0.14381351437568313	0.20565661619532766
0.3430548785739228	-0.14381237268906744	0.20565704405175422
0.3430550500436803	-0.14381174888656462	0.20565712650108195
0.3430542913391324	-0.14381228384259992	0.20565715227927656
0.34305493164891904	-0.14381216219019916	0.20565707889759363
0.34305506987987017	-0.14381170393325898	0.20565710944468904
0.34305435340071483	-0.14381207374496735	0.20565704983077152
0.34305487575239824	-0.14381227762691334	0.20565706725724123
0.34305502204200594	-0.1438114918618092	0.20565732530159755
0.3430549923469478	-0.14381186165985688	0.20565708058573956
0.34305471843371693	-0.14381259593881712	0.2056569995371751
0.3430550021330568	-0.14381287655699132	0.20565695376448717
0.34305519551302416	-0.14381248776143435	0.20565705018207095
0.34305499234694786	-0.14381186165985682	0.20565708058573942
0.34305448471762384	-0.1438118950479641	0.20565724869629617
0.34305551213114904	-0.1438128298431906	0.20565676672219643
0.34305485666430124	-0.1438121376814695	0.20565703008302877
0.34305479641926967	-0.14381243269025662	0.20565700412396104
0.34305442892642296	-0.14381239021499148	0.20565649656344964
0.34305455322632356	-0.1438131968563498	0.20565693261726084
0.34305471843371704	-0.14381259593881718	0.2056569995371751
0.34305479641926967	-0.14381243269025668	0.20565700412396118
0.3430552171494061	-0.1438124454711709	0.20565706740030792
0.3430541073658035	-0.14381217741533087	0.20565647936504344
0.3430551963274199	-0.1438126350403865	0.2056573411514553
0.34305524121611375	-0.14381337636502423	0.20565664144604712
0.3430550598307284	-0.14381276378336405	0.20565699968015047
0.3430540298326948	-0.14381233514192754	0.20565645050658887
0.34305352911763975	-0.14381208896921555	0.20565645030010765
0.34305435340071494	-0.14381207374496746	0.20565704983077152
0.3430553914407212	-0.14381191673075489	0.20565712664402036
0.34305512757631257	-0.14381159115979436	0.2056571553598687
0.3430550021330568	-0.14381287655699132	0.20565695376448717
0.3430551378158602	-0.14381260053536332	0.2056570042666926
0.34305549484334913	-0.14381269255999207	0.2056567638231454
0.3430548541161301	-0.14381231991694532	0.20565705003909582
0.3430553768998019	-0.1438131003437696	0.20565669194791603
