0.34308658986813606	-0.1433650263030377	0.2054573345745638
0.34308658986813606	-0.1433650263030377	0.2054573345745638
0.34329632431535784	-0.14360633140328954	0.20534392586444716
0.3434313119550181	-0.1437057064403543	0.20528829100170665
0.3437720369030945	-0.14375056346751525	0.20520372766955505
0.34408086041825514	-0.14386313022168384	0.20510738730569072
0.34431816118133823	-0.1440727575944733	0.2049982999486163
0.34455366483026684	-0.14429402054814144	0.20489321127078097
0.34478007867697985	-0.14449449399563985	0.20479816615341861
0.34515846303477	-0.14472292848605595	0.20465719030197077
0.34539790948198545	-0.14477950417448993	0.20459221337676012
0.34557171044874635	-0.14484714017571226	0.2045374523169363
0.34594641956704547	-0.1451914902268377	0.2043625692185217
0.34608353672192727	-0.14535258673674456	0.20428809235334122
0.3463052401765651	-0.14561245439031417	0.20416928487891992
0.3468142141852588	-0.14599868723649323	0.20395483447922258
0.34709838925137715	-0.1460957836808145	0.20387034554133482
0.34728094533135884	-0.14619902811466934	0.20380394861924384
0.3476676165447549	-0.14656702611745404	0.20362093078999538
0.34791510542077925	-0.1468632955066118	0.2034863995021114
0.3481436254913592	-0.14713579803286303	0.20336216179209202
0.3484112001669334	-0.1474394811464016	0.20322234975007938
0.3487856198946317	-0.1476130040530263	0.20309815283670762
0.3491026822859862	-0.14778805328793776	0.20298527865961544
0.34935073243861	-0.14806256329927447	0.20285694347880823
0.3496038711884257	-0.14836796879711184	0.20271937295120407
0.34979890835843347	-0.14860441466117413	0.20261334310388218
0.35020300490167733	-0.14889391876503877	0.20245147884862397
0.350528597633032	-0.14904407067058822	0.20234396584033176
0.3506522168026831	-0.1491598886128082	0.20228149910264515
0.3507416166318727	-0.14942368735482064	0.20210930137729038
0.3508218335320277	-0.14956661810181282	0.20203097424229818
0.3510423703890459	-0.14984931001336266	0.20190213229432313
0.35139437931396306	-0.14997871173028055	0.2017974408424861
0.35155649951536305	-0.1500278634858193	0.20175284859957085
0.35182090953632117	-0.1502979785593177	0.20162464660256166
0.3519951350792971	-0.15050993421135056	0.20153083986018872
0.3521592811312289	-0.1507141871336916	0.2014417664568711
0.3522416922234235	-0.150816984828263	0.20139674788322537
0.3522504636514828	-0.15081629378213607	0.20139614655537308
0.3522730025331789	-0.1507751480680351	0.20140388387855684
0.3522802182492697	-0.15075902322884172	0.2014074527367212
0.3522796858794169	-0.15075687318122455	0.20140779153590638
0.3522784788518989	-0.1507547145898473	0.2014091535978349
0.35227661975309693	-0.15075276050594344	0.20140967993142883
0.3522756168286061	-0.1507513158149148	0.2014110656154432
0.35227324806995797	-0.15074946699477199	0.20141202102334327
0.35227080671268285	-0.1507454702625755	0.20141361726614992
0.35226764334589866	-0.15074241825855833	0.20141503276334666
0.35226392716271043	-0.1507391314539535	0.2014169193732296
0.35225704830439886	-0.1507303641812271	0.20142112231769482
0.3522539990193307	-0.15072761817458102	0.2014220125383422
0.35225469385173946	-0.15072729530896806	0.20142208583821736
0.3522531921389763	-0.1507274440616556	0.20142225333740002
0.35225317265293343	-0.1507274959912775	0.2014222055211787
0.3522530171146352	-0.15072778655469965	0.20142215164220273
0.35225310232771206	-0.1507281895531506	0.20142204819645243
0.35225310232771206	-0.1507281895531506	0.20142204819645243
0.35225455240365405	-0.15072918646889832	0.20142207971096485
0.3522539274554364	-0.15072917564341892	0.20142203155536284
0.3522541660861121	-0.15072872297575418	0.20142208743088375
0.3522542253093477	-0.15072968488911354	0.2014217693300559
0.3522537691998741	-0.1507301861798483	0.20142123011804375
0.3522547636993733	-0.1507301171372849	0.20142165849628862
0.3522552997205739	-0.15073078170795778	0.20142136494232377
0.3522548874785319	-0.15073175634403824	0.20142068118630202
0.35225556055073765	-0.15073203968048798	0.20142095325151427
0.35225580685757163	-0.15073205692490416	0.2014203616136616
0.3522554027803004	-0.15073221153915345	0.2014203354766422
0.3522568189294289	-0.1507323416129921	0.2014205685423968
0.3522564587204361	-0.15073296957264165	0.20142039786286137
0.35225683452129225	-0.15073375141978024	0.20141973538814067
0.3522571240328229	-0.1507330757442239	0.201420150562033
0.3522570922955866	-0.15073346271933502	0.20142018019675362
0.35225719942600237	-0.1507330486309616	0.20142017614249413
0.3522575075929922	-0.15073403475871017	0.2014200074575427
0.3522578048274035	-0.1507342182000891	0.20141972407082986
0.3522576001339115	-0.15073480371930725	0.20141965224089745
0.3522569572414974	-0.15073404966482784	0.20141949848044333
0.3522580019531625	-0.15073477852461825	0.20141915944509722
0.35225780257131023	-0.15073434762030896	0.2014192051390542
0.3522587391231251	-0.15073414959685966	0.2014196105641523
0.35225857320851695	-0.15073445952842596	0.201419553098879
0.3522582447211533	-0.1507340877854173	0.20141924064175928
0.3522586976729379	-0.15073616452782457	0.20141905116234948
0.35225807834100403	-0.15073517854754853	0.2014190121892519
0.35225843840285376	-0.1507347113479024	0.2014195064088957
0.3522578464345825	-0.1507348209660161	0.20141906059825343
0.35225818601357756	-0.15073447575273463	0.20141947634689034
0.35225867983659676	-0.1507348841336788	0.20141936538135685
0.35225814723552545	-0.15073475134172115	0.20141946198223998
0.35225867983659703	-0.1507348841336787	0.20141936538135677
0.35225867983659676	-0.1507348841336788	0.20141936538135685
0.3522587774029111	-0.15073471270164063	0.20141944127041014
0.3522587774029111	-0.15073471270164063	0.20141944127041014
0.3522590371750049	-0.15073532718798033	0.20141916968094437
0.35225843840285376	-0.1507347113479024	0.2014195064088957
0.35225881329455516	-0.1507343705482881	0.20141994858075465
0.35225847564285767	-0.1507346309601278	0.20141947721026016
0.352257803920549	-0.15073426758445146	0.20141917655437674
0.3522578465130513	-0.15073531309163118	0.201419357827235
0.3522587774029111	-0.15073471270164063	0.20141944127041014
0.3522585561232983	-0.15073441899514256	0.20141942198353643
0.35225828307942836	-0.1507351430149303	0.20141936857686105
0.3522584877733983	-0.15073455749468367	0.20141944040671436
0.3522583685147046	-0.1507350450485765	0.20141948126882253
0.3522583685147046	-0.1507350450485765	0.20141948126882253
0.3522590053584506	-0.15073469718865207	0.20141987355617344
0.35225880066463433	-0.15073528270869507	0.20141980172620172
0.35225889823056616	-0.15073511127503925	0.20141987761472097
0.3522584040309968	-0.1507350516965858	0.20141949868965087
0.3522584340195413	-0.15073472457033754	0.2014195037643362
0.3522582778253052	-0.15073430694591206	0.20141954186564678
0.35225848658337194	-0.1507345656539878	0.20141944093120517
0.35225836851470455	-0.1507350450485766	0.2014194812688223
0.3522585727088059	-0.1507352982221396	0.20141936944060754
0.35225828357885103	-0.1507343043217544	0.20141955223520486
0.35225857320851695	-0.15073445952842596	0.201419553098879
0.3522580788065051	-0.15073439771701513	0.20141918317677074
0.3522582969731192	-0.15073440943347055	0.20141957506060826
0.35225828307942836	-0.1507351430149303	0.20141936857686105
0.3522582056751032	-0.15073482053611037	0.20141957540455235
0.35225792329774247	-0.15073466948323988	0.20141957465017593
0.35225836851470455	-0.1507350450485766	0.2014194812688223
0.3522576105064925	-0.15073402098433764	0.20141928016397703
0.3522586346239663	-0.15073414902212667	0.2014200464303705
0.35225843840285376	-0.1507347113479024	0.2014195064088957
0.35225839453820523	-0.15073423800206326	0.20141965094884656
0.352257900214985	-0.1507346683152347	0.2014195782548625
0.3522583685147046	-0.1507350450485765	0.20141948126882253
0.352258078885174	-0.1507348898416525	0.20141948040509763
0.35225889823056616	-0.1507351112750394	0.2014198776147208
0.35225829697311917	-0.1507344094334706	0.20141957506060815
0.3522587774029111	-0.15073471270164063	0.20141944127041014
0.3522588127954908	-0.15073520924138212	0.2014197649225975
0.3522591029241836	-0.15073452575502605	0.20141994944501468
0.3522581898446493	-0.1507348235219088	0.201419579118568
0.35225816216704187	-0.15073466125264112	0.20141952837017119
0.352258233708791	-0.15073529686800569	0.20141943457930722
0.35225871956036764	-0.15073488974832328	0.20141997546409535
0.3522580788065051	-0.15073439771701513	0.20141918317677074
0.35225857320851695	-0.15073445952842607	0.20141955309887877
0.3522591029241836	-0.15073452575502605	0.20141994944501468
0.3522579701028647	-0.1507343346151649	0.20141960339510917
0.3522587774029111	-0.15073471270164063	0.20141944127041014
0.3522578464345825	-0.1507348209660161	0.20141906059825343
0.35225881329455516	-0.1507343705482881	0.20141994858075465
0.3522583685147046	-0.1507350450485765	0.20141948126882253
0.3522585344296208	-0.15073473511706836	0.20141953873351978
0.3522587391231251	-0.15073414959685966	0.2014196105641523
0.352257981240915	-0.15073456914692074	0.20141910728836
0.35225895354489883	-0.15073457446954397	0.20141988885959125
0.35225859584546354	-0.15073442461005032	0.2014200320649288
0.35225835575929165	-0.15073451359027668	0.20141963658338743
0.3522589242537288	-0.1507343042286149	0.20142004729461133
0.352257874112511	-0.15073498323729384	0.2014191113469358
0.35225783250393206	-0.15073438046913407	0.2014197748182202
0.352258992603644	-0.15073416573079051	0.20142002887228777
0.35225783250393206	-0.15073438046913407	0.2014197748182202
0.3522582709488467	-0.15073521648030797	0.20141940538052594
0.3522583685147046	-0.1507350450485765	0.20141948126882253
0.35225836851470455	-0.1507350450485766	0.2014194812688223
0.3522581549436856	-0.1507345698702377	0.20141950486349608
0.3522579586359362	-0.15073511245897359	0.2014194407354975
0.35225807830645955	-0.15073523641080527	0.20141899951832493
0.3522587287264564	-0.1507344170863535	0.20141965194607667
0.3522580922793647	-0.15073499495334586	0.20141950323065183
0.35225867983659676	-0.1507348841336788	0.20141936538135685
0.3522582683490696	-0.15073451207702193	0.20141959779415833
0.35225758448294564	-0.15073482803043176	0.20141911048375816
0.3522582709488467	-0.15073521648030797	0.20141940538052594
0.35225851103552686	-0.15073512750098322	0.20141980086219513
0.3522580550389585	-0.15073507534143887	0.20141953242895386
0.3522582709488467	-0.15073521648030797	0.20141940538052594
0.35225791348081703	-0.15073332981210358	0.20141990325096576
0.35225811207191016	-0.1507341089447688	0.20141964549759028
0.3522576105064925	-0.15073402098433764	0.20141928016397703
0.35225798131970193	-0.15073506127266256	0.2014194045171053
0.3522579001363271	-0.15073417619069757	0.2014192810270849
0.35225848777339835	-0.15073455749468362	0.20141944040671445
0.35225839453820523	-0.15073423800206326	0.20141965094884656
0.3522576677652003	-0.15073459943950512	0.20141915844884883
0.35225860860107294	-0.150734956068049	0.20141987675041012
0.35225857320851695	-0.15073445952842607	0.20141955309887877
0.3522586703728882	-0.15073273330995746	0.20142039900087128
0.3522589242537289	-0.15073430422861483	0.20142004729461138
0.35225799841802624	-0.15073407053725368	0.2014198322832834
0.35225829697311917	-0.1507344094334706	0.20141957506060815
0.3522578026500861	-0.1507348397459503	0.2014195023672503
0.3522580986109864	-0.15073348444476348	0.20142033997953926
0.35225882668856884	-0.1507344756619466	0.2014199714061502
0.352257832503932	-0.15073438046913412	0.2014197748182202
0.3522581898446493	-0.1507348235219087	0.20141957911856812
0.352257832503932	-0.15073438046913412	0.2014197748182202
0.3522584384028537	-0.15073471134790245	0.20141950640889567
0.35225871956036764	-0.15073488974832328	0.20141997546409535
0.352258078885174	-0.1507348898416525	0.20141948040509763
0.35225806605070126	-0.15073386625897578	0.2014193384921953
0.35225857320851695	-0.15073445952842596	0.201419553098879
0.3522580922793648	-0.15073499495334586	0.20141950323065191
0.3522574453102473	-0.15073439669308614	0.20141969806770108
0.3522590870711796	-0.15073452247158953	0.20141995076703825
0.3522584299307406	-0.1507347345415827	0.20141997459980365
0.35225822741415325	-0.1507346985151558	0.201420124472945
0.3522586186336046	-0.15073348933066744	0.20141968793831208
0.3522584431960488	-0.15073339603852565	0.20142029959570754
0.3522585790895146	-0.15073433601499375	0.20141992848586127
0.3522580661297507	-0.15073435838366867	0.20141963571968213
0.3522581898446493	-0.1507348235219088	0.201419579118568
0.3522589242537289	-0.15073430422861483	0.20142004729461138
0.35225857320851695	-0.15073445952842607	0.20141955309887877
0.35225839453820523	-0.15073423800206326	0.20141965094884656
0.35225839453820523	-0.15073423800206326	0.20141965094884656
0.3522577654091938	-0.1507349201347109	0.20141953156524786
0.35225857320851695	-0.15073445952842607	0.20141955309887877
0.3522583945382052	-0.15073423800206315	0.20141965094884673
0.3522581898446493	-0.1507348235219088	0.201419579118568
0.3522590641454395	-0.15073480134356487	0.2014199350797237
0.3522581898446493	-0.1507348235219087	0.20141957911856812
0.3522580550389585	-0.15073507534143887	0.20141953242895388
0.35225857320851695	-0.15073445952842607	0.20141955309887877
0.35225839453820523	-0.15073423800206326	0.20141965094884656
0.3522584384028537	-0.15073471134790245	0.20141950640889567
0.35225839453820523	-0.15073423800206326	0.20141965094884656
0.35225839453820523	-0.15073423800206326	0.20141965094884656
0.3522580922793648	-0.15073499495334586	0.20141950323065191
0.3522586704800176	-0.15073479133051226	0.2014199264601279
0.3522581898446493	-0.1507348235219087	0.20141957911856812
0.35225803719697507	-0.1507337949498983	0.20141984664894302
0.3522583945382052	-0.15073423800206315	0.20141965094884673
0.35225839453820523	-0.15073423800206326	0.20141965094884656
0.35225806605070126	-0.15073386625897578	0.2014193384921953
0.3522579618389514	-0.15073523861691235	0.2014194580528026
0.35225836851470455	-0.1507350450485766	0.2014194812688223
0.35225839453820523	-0.15073423800206326	0.20141965094884656
0.3522580922793647	-0.15073499495334586	0.20141950323065183
0.35225856045253945	-0.1507339280703729	0.201419708414242
0.352258362219364	-0.1507344466954515	0.20142017116300545
0.35225862199500907	-0.15073506118168456	0.20141989957595652
0.35223255866102154	-0.15080804119472885	0.20141053376697238
0.3521408863806231	-0.1511035159063786	0.20137844464201976
0.3521063068629992	-0.15127388977830752	0.20136673964925716
0.352082263216078	-0.15140745489847507	0.20135811905372586
0.35202638374493833	-0.1516678769456074	0.20133890510230718
0.35197062406545027	-0.15194587089674044	0.20132015308037862
0.3519282670621682	-0.15214231098894726	0.201306235731783
0.3518889465221093	-0.15231841860896989	0.20129345238040475
0.35184009435747754	-0.15252045130340874	0.20127755362776717
0.3518120780101523	-0.15263710709618428	0.2012687645052592
0.3517228040503089	-0.15302541295969274	0.20124071281509537
0.3516948593522308	-0.15314232064538885	0.20123195521666348
0.3516475785835322	-0.1533773176449834	0.20121727700269743
0.3515956982683096	-0.1535665171844039	0.20120229053585048
0.3515398863188417	-0.15372802757512866	0.20118422899832458
0.35148065258919753	-0.15389521709164183	0.2011651175835802
0.35152702823065474	-0.15381169555422694	0.20118056892378355
0.3515995603857164	-0.15368095871123832	0.2012051894065299
0.3516001145171632	-0.1536785847410213	0.20120519602417153
0.35160011235832306	-0.153678065135819	0.20120514703680847
0.3515980741170089	-0.15367885977878015	0.2012050710495884
0.3515988241382835	-0.1536786752567847	0.2012054349485049
0.35159748046255207	-0.15368177728262883	0.20120456940342207
0.3515969145414016	-0.15368087266173902	0.2012046752353023
0.3515963648434848	-0.15368016036856452	0.20120430346310667
0.35159679034574115	-0.15367890034284132	0.20120478288991647
0.35159664879670194	-0.15367780396472475	0.20120428317260414
0.35159764388369363	-0.15367478262110934	0.20120515568294334
0.35159751006440176	-0.15367413828793025	0.20120482609535084
0.35164509617654804	-0.15355595983702086	0.20122646998804433
0.35179140263476066	-0.15317541591939432	0.20128958778898115
0.35188239216180744	-0.1529386503670636	0.20132910856261949
0.35227110083023316	-0.15189625521809724	0.20149818652972334
0.3523966272582782	-0.15122437926633325	0.2015985219913974
0.35238228435444513	-0.15054932310372415	0.20168758578100293
0.35244657458416573	-0.14973196853266774	0.20180528885492344
0.35264269044058877	-0.14901850182416	0.2019201940190959
0.35259330999826566	-0.1480555693756701	0.2020320967133681
0.352453555348254	-0.1467583712680676	0.20217660932373602
0.3521721308616757	-0.14553116875256383	0.20230090581963195
0.35200475561374533	-0.143766574975019	0.20276565163275334
0.35194378637845936	-0.14256794677357681	0.20322641065204067
0.35187344957022887	-0.14173737912458595	0.20355129870299893
0.35169849160400346	-0.13987755129146012	0.20429965549112086
0.35157748465610533	-0.13816812678879498	0.20498416918578585
0.3517431417209727	-0.13620182937098585	0.20588986882777138
0.3518285574608068	-0.13485931013131075	0.2065311605504579
0.3518367172861114	-0.13393701474916914	0.20694070631138434
0.3519782171915639	-0.13144523961016236	0.20822146205606545
0.35204021987522505	-0.12976104067728844	0.20915975416524188
0.35206247807875807	-0.12817652921398104	0.21007893698919017
0.3521674599129079	-0.12613812202564695	0.21124852527734347
0.35230559799184014	-0.12419800582855971	0.21232933992216785
0.35239432576915564	-0.12182158606738354	0.2135373347109362
0.3525275995203757	-0.12030062341457164	0.2143722547541162
0.353148797433136	-0.11789113032465658	0.21586262766476405
0.3540490249114966	-0.11566798886659112	0.21740526105277505
0.35465011037087424	-0.1147506663409537	0.21808540599424903
0.3559400069449034	-0.1131681006089474	0.21924030763164365
0.3566662738172387	-0.1124602984469694	0.21966446775606557
0.35911157386626674	-0.11096785620974726	0.22050314282736116
0.3605778273585467	-0.11042641548793931	0.22065973410800305
0.3623402992795826	-0.11004601443608196	0.22064904005901909
0.3635729150098112	-0.10995069712426526	0.2205144494307079
0.3657457172825352	-0.11007585074707162	0.2200407319438192
0.3685038221401184	-0.1104665850554304	0.21916343220715465
0.37091876289142256	-0.11073732641032093	0.2179422968130837
0.37272420371940973	-0.11084170217331409	0.21680959610516784
0.37422325688640906	-0.11078409753351233	0.21558824204133836
0.3755907966269814	-0.11070214429299081	0.2141370126368555
0.37678733572990475	-0.1106459559693027	0.21303987680262051
0.3779044666747914	-0.11050244977941094	0.21186776782543515
0.3789717083506962	-0.11015428044105512	0.21046717383513103
0.3794312747072738	-0.10997762535653004	0.20982406477335228
0.3805018942267319	-0.10934965933453268	0.20810156508789654
0.3812130296757277	-0.10846704714140339	0.20655916039591887
0.3815479270488244	-0.10800688192418366	0.20578908593874723
0.3819951415913701	-0.10687898278107082	0.20445867534203735
0.3821934538841332	-0.10594362904945819	0.2036517195365599
0.3823150685815793	-0.10485319530334015	0.20287142405740655
0.38231980018195194	-0.10375152011814727	0.20229581329032206
0.3822964185167698	-0.10264660308620334	0.2018825769741506
0.38210524190092504	-0.1007944431999694	0.20155928241347523
0.38195350718324983	-0.09955827348324113	0.20158540660020494
0.3817254896395005	-0.09818697761921157	0.20178068384062922
0.38148258070436414	-0.09690863430586615	0.20220878764341238
0.3813178020009116	-0.09606180355836659	0.20259652649892984
0.38078318397974786	-0.09366131737813028	0.20426717576891404
0.38051785691069173	-0.09251852994080371	0.2052806145583111
0.3802393419571188	-0.09151217459124296	0.2061100494762609
0.3799987088848979	-0.09076372754108032	0.20672068125461845
0.37966225939788867	-0.08969171076062522	0.2076601205941442
0.37936427992674887	-0.08888532719648957	0.20839723149642364
0.3789235975703596	-0.08786024822146753	0.20928068589790758
0.3787311191940227	-0.08746004343907372	0.20966527118895906
0.37842529628570654	-0.08691835622257478	0.21023801795289862
0.37800570475934175	-0.08653681315215438	0.21059022009214795
0.3778325313461743	-0.08649735106140687	0.2105988688244382
0.3776333541454955	-0.086354396510008	0.21078603127242082
0.37738844842176633	-0.08591462256074613	0.21128508279478453
0.3770691457365648	-0.08538836826216674	0.21157222172495632
0.37683506092806535	-0.0850057904890927	0.21176706264060038
0.37639775541219556	-0.0843897156276759	0.2120915846307323
0.37615730162774064	-0.08413112292049514	0.21232116086272437
0.37573671970158246	-0.08369660065408399	0.2127142958877216
0.37541204675391215	-0.08333918632522909	0.21297080441949853
0.37527799150694224	-0.08319912342623885	0.213079657846989
0.37494009394518313	-0.0828103541979804	0.2133869681712266
0.3747144553422866	-0.08253820151204204	0.21366177442463727
0.3743055437365733	-0.08208051144965293	0.21402218444916776
0.37416244718079805	-0.08193220767693345	0.2141361080178292
0.3739177039193575	-0.08164947403492383	0.21433855146884676
0.37364897611962244	-0.08130339149439013	0.21469796703963345
0.3733418562739031	-0.08093506650952824	0.21502086176844867
0.3730998936041467	-0.08066241711207588	0.215200480052692
0.37295638872174836	-0.08049080551933217	0.21534028042301437
0.3725500425596761	-0.07998668293092683	0.2158098168021348
0.37230442165046884	-0.07972024870942855	0.21608609985482316
0.37212874289283926	-0.07955173510964504	0.2162126740361683
0.3718213078553239	-0.07917321887755784	0.21654163890760608
0.37166015327253926	-0.07896799358206753	0.21673539306022888
0.37135529591069966	-0.07857867520095448	0.2170450944763524
0.37107019745704173	-0.07825944746523873	0.2173681954642763
0.3709165453069833	-0.07808553460711552	0.21752036038657482
0.37060382732794245	-0.07772562857531502	0.21785770609151628
0.3704818699662245	-0.07757677006696016	0.2180049979550421
0.37019050397841513	-0.07724142688481868	0.21825435387819303
0.36999086744621223	-0.07699946037927964	0.21850894011159808
0.36977397422558506	-0.0767335894662035	0.21879033041563822
0.36952201076396524	-0.07643451918490561	0.21909099871594412
0.3692865371779827	-0.07616718404410854	0.2193283086778975
0.3690854226015909	-0.07590739098510137	0.2195766722741111
0.3689188689846625	-0.0754844713884484	0.2199039804342097
0.3687771550612204	-0.07509213974044492	0.2202091291642904
0.3685812650187993	-0.074861853877935	0.22045096569968867
0.36836390578060746	-0.07460140817661678	0.2207452239236321
0.36812809109032946	-0.07432378575290248	0.22111137501422487
0.36800787240638466	-0.07416532915561318	0.2213018814033659
0.3678218098046709	-0.07395102511587433	0.22154025258822965
0.36767135916476873	-0.07360373054561327	0.22182952017663243
0.3674716404528925	-0.07291049367093368	0.22241009165681283
0.36729562818909767	-0.07255475705331586	0.22273679349748218
0.36706448670778685	-0.07232200602883564	0.22310761218386396
0.3669537321816001	-0.07220674489964955	0.2233063738676723
0.36671807018464864	-0.07194919503948279	0.22370762902219296
0.3665182852221671	-0.0717092575812215	0.22403783025443427
0.36643956731905997	-0.07143081163240182	0.22426806771425034
0.3662765058447059	-0.07081424716047958	0.22481108771958827
0.36614078831731733	-0.07038754047827571	0.22515146510487005
0.3658418578832307	-0.06906026725209223	0.22590745986587973
0.3657104074951521	-0.06849788854055745	0.22620018903163824
0.36551686135487566	-0.06765196801026015	0.22663462075247523
0.36535371174898523	-0.06680127020710523	0.2269973291808139
0.36510694228668106	-0.06576859272143108	0.22751318435983153
0.36488885013851124	-0.06473371021918119	0.22795496334726
0.36452922771892143	-0.06314536153175383	0.22863078040453058
0.36425493229463307	-0.06194141307196148	0.2291914437092861
0.3640035247425289	-0.06076672683779895	0.2296720391297019
0.3637069746406196	-0.05948784129104569	0.2301782407042212
0.363417977258589	-0.05837822739784064	0.23065848276457013
0.3630162684694937	-0.056608566764472554	0.23134047170452976
0.36262512152065235	-0.05492808799974465	0.23197952585259438
0.36226238703553465	-0.053526999777236614	0.23252799824714948
0.36201915467416623	-0.052638242102340485	0.23282930330031673
0.36169511046654507	-0.051314163036512164	0.23334308628117842
0.36131827402103667	-0.04998606382869471	0.2338425500194424
0.3608250610517757	-0.047967062326750506	0.23455621582210048
0.3603527505164464	-0.04560742322683413	0.2354054184009671
0.3600117159424171	-0.043910225278236056	0.23600193308559592
0.3598283723694145	-0.042971181155777124	0.23634819846981517
0.3593955498028272	-0.04078483660320724	0.23707939346841522
0.35897044393716654	-0.03864621492721253	0.23782498291621051
0.35875879234432423	-0.037650148344062315	0.23822452597470803
0.3581191712121929	-0.03443391218059598	0.2393294697301291
0.35778369578250596	-0.03266963670137059	0.23990407640062644
0.35751713046317907	-0.03137573180924634	0.24033390848311972
0.35723932177853773	-0.02994877031420827	0.24079996640798798
0.35689759108065494	-0.02811652118342288	0.2413526786433681
0.35639197844502646	-0.02571563494459715	0.2421946423108958
0.356186645482595	-0.02469440591653517	0.24248633210000356
0.3556826724338969	-0.022169638802436095	0.2433043350775064
0.3553076178881406	-0.020356223308755125	0.24393180894744235
0.3549016934284105	-0.018316111289580092	0.24454634748215467
0.35462082669860173	-0.01680761564520626	0.24500487419340825
0.35426661540906257	-0.01513651778034776	0.2455377164881423
0.3539646480434679	-0.013553657693095036	0.24600480168300273
0.3535707804484204	-0.011673345157406076	0.24661589870229783
0.35342946493594113	-0.010834798681871885	0.24682756614114054
0.3529074842836292	-0.00825607214486053	0.2476153331848738
0.352683847090561	-0.007031637093863133	0.24799391383237065
0.3524701663404079	-0.006147448939988795	0.2482751033782677
0.35215436140468936	-0.004295257285300627	0.24876322436839987
0.3518797548244199	-0.0032280136798503584	0.24916623866124862
0.3517402491570212	-0.0025238258776247163	0.24936191915145328
0.35137982918208305	-0.0005498208568188862	0.24989435329949797
0.3511683981213439	0.0004032618782427305	0.25019965510727293
0.3510153378751783	0.001295566799264472	0.2504206703990337
0.3508714251304851	0.002122376482711477	0.2505943673861538
0.3507007767040987	0.0029354489364765285	0.25086620298151374
0.35046730791778935	0.0039048317050865006	0.2511522239495407
0.3503779555799419	0.004241677374268324	0.2511959090249043
0.3502910255593348	0.004554869344083015	0.25116735792240363
0.35028600622496414	0.0047231516204619545	0.25100882074146297
0.3503000478018511	0.004752313257572846	0.2509014418616633
0.35029412751769334	0.004755707045370691	0.25089892789311075
0.3502919466598522	0.00475407531145762	0.25089849080522886
0.3502919302249136	0.00475249898155404	0.2508980724008204
0.35028902974595627	0.004748316176271514	0.25089889665400444
0.35028732169101084	0.004745741353254826	0.2508994568144388
0.3502854533024382	0.004737907687621959	0.2508986400739287
0.35028414167546795	0.004734235673422918	0.2508987478095273
0.350284612831573	0.004731046022494342	0.2508986568810356
0.3502843966915807	0.0047287677775922216	0.2508989831867244
0.35028566425494817	0.0047250137759687755	0.250898396471062
0.3502859034586115	0.004722135612096071	0.25089899245959213
0.35028628797728106	0.004721079599908237	0.2508985328965376
0.35028705309471586	0.004720083317995741	0.2508990650501809
0.35028794513392825	0.004718771071589037	0.25089766401475155
0.3502889886130981	0.0047177353323302335	0.2508977875795481
0.35028991715553387	0.004717357178269974	0.2508973123483441
0.35029094458020904	0.00471674002164281	0.25089717943940565
0.3502900690964387	0.00471689658143036	0.25089671171878847
0.3502920023114357	0.0047152744457055334	0.2508970279438628
0.3502922679802005	0.004715409382290939	0.25089664387063004
0.3502930161434418	0.004714470233108101	0.2508954609401205
0.3502928988535019	0.004714533000773	0.2508945836215221
0.3502935440756783	0.004714288164493055	0.250894398518949
0.3502937792792081	0.004713783003676322	0.2508936104582269
0.35029357841580216	0.004714760570552104	0.25089468302856144
0.3502942137837618	0.004713655336317055	0.25089386038750594
0.3502944673234165	0.004714261867429695	0.2508948433735861
0.3502938347528589	0.004714546123073246	0.250894070050094
0.3502950571283924	0.0047136871212144354	0.2508934224659902
0.35029547201036537	0.004712933409653994	0.2508931055783036
0.35029528349030314	0.004713189352373401	0.2508926555421314
0.35029561526342523	0.0047136445754258766	0.2508930600927356
0.3502952484302667	0.004713518955765841	0.25089315575257903
0.3502959645267901	0.004713442786771757	0.25089373601006254
0.3502958192720425	0.0047142120375375934	0.2508934086205312
0.350295798651683	0.004713654114351776	0.2508930693196476
0.35024346914094895	0.004726273549031032	0.2508868011008737
0.35022933524358335	0.004729988698222845	0.25088455725503656
0.35023988262529143	0.00472796776304861	0.25088637735466957
0.35025754795987063	0.004725625496778921	0.2508902347599886
0.35027930128571383	0.004720768222798613	0.25089339134169564
0.3502906386589192	0.0047201662169478326	0.2508962372910968
0.3502950179238722	0.004718075947311703	0.2508961920870483
0.350295036412546	0.004718330319136224	0.2508963452877897
0.35029476158530315	0.004718290388541893	0.2508968050750401
0.35029553478945463	0.004718189402913922	0.25089629991365275
0.350298397687477	0.004714149699923745	0.2508958711912723
0.35032498439189325	0.004690911295691977	0.2508953570384132
0.35035755600583957	0.004659706355419083	0.2508956565638468
0.35035816204985465	0.004658822212631572	0.2508956293578577
0.3503520075337553	0.004661424464163608	0.25089374781747464
0.35034577825312035	0.004665619196513163	0.2508896676426208
0.3503401397716059	0.004669092194538579	0.2508874800660477
0.35033480230955094	0.004673982723337036	0.2508869503439102
0.35032903101447066	0.004679220215786886	0.2508867579062204
0.3503245443910337	0.00468342628105918	0.25088529994386055
0.35031541190299637	0.004691905658904913	0.25088414239491363
0.3503061726244712	0.004700974585132758	0.2508828504082664
0.3503029636355787	0.004704329073338412	0.25088150677262167
0.35030089772595513	0.004705937460539475	0.250883282582928
0.3502997442939404	0.004707229082538164	0.25088350285660854
0.35029904664909534	0.004708429396326694	0.2508840058901728
0.3502994735558432	0.004708017423062941	0.2508840970405188
0.3502380456168565	0.00480141414846065	0.2508931215435275
0.35023686032705587	0.0048097467295256935	0.2508993110762662
0.35024208684448077	0.004802397256349331	0.25089880958479216
0.35025061169370525	0.004792104256905003	0.25089946828977105
0.3502628440550953	0.00477828489844466	0.25090088754411444
0.35028799199205296	0.004749100280611138	0.25090374606949084
0.3502914735983016	0.004743353404654607	0.2509031557331138
0.3502951560636596	0.0047357469562794435	0.25090295206714774
0.35029640191637246	0.004729170418228054	0.2509003926801887
0.3502978907260136	0.004723708657649248	0.25089768193237993
0.3502973689766666	0.004720952334231712	0.2508968252244934
0.3502976827271366	0.004717102914004415	0.2508951078234556
0.3502977358580129	0.00471382412593345	0.2508928508136865
0.3502973344463078	0.004712631126099445	0.25089204939581655
0.3502971391690399	0.004711233197669515	0.2508920532682232
0.3502973378035313	0.004710294071357798	0.25089100522080054
0.3502971956414856	0.004709748017440493	0.2508914091164739
0.3502965175904612	0.004709776032637544	0.25089068351326804
0.35029595983676265	0.004709754689140241	0.25089080731177005
0.3502962265562588	0.004709359934138971	0.250890913730668
0.3502965360845266	0.004710030409297364	0.25089083670819234
0.3502962590415351	0.004710028949804476	0.2508913210074364
0.35029611164709695	0.004710399639908228	0.25089071832039833
0.35029646154356353	0.004710314229978904	0.2508914812760923
0.35029629824635944	0.004710499242795249	0.25089160287963985
0.3502955992220289	0.004711588831225924	0.2508920216151821
0.3502963277302314	0.004710791795150812	0.25089156610538255
0.3502958738099949	0.00471086847208875	0.2508914844929151
0.3502963218162752	0.00471089435258483	0.2508916314863206
0.350296857690613	0.004711575031787554	0.2508921739408566
0.35029635880266163	0.004711403104186815	0.2508919378779393
0.3502964399863897	0.0047116548951692955	0.25089176635787774
0.3502961563258326	0.004711695612473796	0.2508933583488216
0.3502768999344929	0.004712677191918299	0.2509983218898607
0.35028832171277274	0.004639805585562637	0.25115272809084754
0.350400196883153	0.003939166037467953	0.2512847005322937
0.35041761334495997	0.0034619904773650484	0.2513516814002823
0.3504487546135507	0.0024949484068190614	0.25153404650851197
0.35047633535117956	0.002026315754180122	0.2516282208292922
0.3505174248814839	0.0011611022396239984	0.25181677569289024
0.35049179576407524	-0.0005804472593386317	0.2522362947834541
0.3505479570873787	-0.0016909796902265378	0.2525433555573428
0.3505431772558858	-0.002663242716691591	0.25278308640653524
0.350498350896537	-0.003884955490262368	0.2531363229707478
0.35053134593819363	-0.004674791759752564	0.25333605584907304
0.35048508777992887	-0.006890776330106943	0.2539425207565762
0.3504886889271137	-0.007815068039638787	0.2542376292835691
0.35042330445862896	-0.009624359925215417	0.2547481251249669
0.3504070525603148	-0.01104668844574623	0.25515430454892707
0.35035316103253955	-0.012407147936867965	0.25560566303066434
0.3502997985907681	-0.014738020554980233	0.25628897140459483
0.35023556741745276	-0.015618793044826648	0.25656805804597316
0.350143409221454	-0.01778302424116711	0.2572632092233246
0.35004507551567793	-0.019512246505216727	0.25782650850181155
0.3500027437054108	-0.020562682966719467	0.25817071371311856
0.34976016179820213	-0.0239578439175802	0.25930166310238745
0.3496577744229636	-0.025925777670685726	0.259833102090544
0.3496678273651498	-0.02720304739806488	0.2600555103668384
0.34972209527192905	-0.030069011052401493	0.2603966357068772
0.34968294464761174	-0.032061558506897084	0.2606787953323506
0.3497318421358822	-0.03342633922256498	0.260849295712425
0.3496666852438792	-0.03533835537867332	0.26114781018537925
0.34966547853032603	-0.03914913598285326	0.2616324316791491
0.34966938088438276	-0.04113189024449666	0.261801974324407
0.34966492194482696	-0.042621798242520895	0.2619568580415874
0.3495977084216874	-0.045063451849083516	0.26223606685955336
0.3496038457129088	-0.0470421190712393	0.26237864755666984
0.34958992234307784	-0.04955129561746695	0.2625312104211614
0.3495691532906055	-0.051438185816825036	0.262653217126022
0.34957439585766814	-0.05474768495729794	0.26270548056407395
0.3495581787766251	-0.0560483652949187	0.26275878187212814
0.3495412911119189	-0.05935608565958296	0.2627102281178372
0.3495117858754566	-0.06272767530719776	0.2626373208509925
0.34950849394348527	-0.06395601957746809	0.2625582493187729
0.34951955838472837	-0.06613682560120386	0.26241162102165244
0.34948328466588857	-0.06796346737683458	0.2623039199910864
0.34948357329818125	-0.07188158904719745	0.26183590403770873
0.34946444419084133	-0.07417646916456654	0.26152929715274015
0.3494577816740535	-0.0761604726150621	0.2611515369598415
0.3494515498637571	-0.0775746844745241	0.2609197194270173
0.34942304827234805	-0.08035669058402063	0.26028460770918493
0.34944226838448156	-0.08229922411373676	0.2598114313881788
0.34940189552771256	-0.08355431944444365	0.2594767695436846
0.3493930344407573	-0.08643445744759055	0.25853631432899843
0.3494031100261023	-0.08853373732548726	0.25782202813633864
0.34937916373814937	-0.09054086047460234	0.25695954090101913
0.349384501767336	-0.09314843234735261	0.25582006739578655
0.3493412625238773	-0.09467349440744273	0.2550408038834906
0.3493574058555122	-0.09643104763085909	0.25405819782736483
0.349368514123912	-0.09746109791174788	0.2534501692096498
0.34935436947438114	-0.10067377271715598	0.25134968452929635
0.3493826630600315	-0.10173464811447895	0.25049249719322375
0.3496212342746377	-0.1038324432353638	0.24884278083487493
0.3501226176136091	-0.10562100863154526	0.24761244269862479
0.3505271781055661	-0.1066641279720527	0.24678098612416027
0.35214548595216166	-0.10993985628048443	0.2438874876776668
0.35337511290343826	-0.11185933784888345	0.2421560890590962
0.35453473396363405	-0.11352522494931798	0.24070578126777356
0.3557082426585132	-0.11518819216937544	0.23921049528337268
0.3567365270513521	-0.11646567060151451	0.23801524055687148
0.3597017002897488	-0.11967258351872002	0.23504916725784678
0.3616187259227964	-0.12162606779089381	0.2332767674042716
0.3647644145353981	-0.12465511805169933	0.23035995133002438
0.3667540497332254	-0.12643431505285035	0.22865827786604068
0.3682314913049096	-0.12774342945548062	0.227368430837691
0.37112367428333926	-0.13017078379839236	0.22502141075106225
0.3747820104729599	-0.1331404311804938	0.2220702210583429
0.3779399446423675	-0.13556192539392276	0.2196405333963184
0.38131152072890884	-0.1380638293345503	0.21718113204474926
0.385637786683286	-0.14101633075999537	0.21431002894803095
0.3873845563986424	-0.1421616207613896	0.21325738825396517
0.39051331437238995	-0.14417670737896998	0.21141878244787746
0.3936354170449483	-0.14605044569081993	0.2096974768617131
0.3979275705209454	-0.14858490984054223	0.20732579869242646
0.40202628466181545	-0.15087667406503025	0.20510153540068857
0.4039060322547916	-0.1517830065114978	0.20432438071250075
0.40767515720183517	-0.15359349911642733	0.2028759153778986
0.41047909856937226	-0.15497000175043218	0.2017483775245159
0.41418084288898555	-0.15654636489839258	0.19991777672996075
0.4156216989859185	-0.1571718715774001	0.19919175104177456
0.4184664745693938	-0.15841543049974838	0.19755992725471574
0.4208509498675633	-0.1593497038573345	0.19616454929436197
0.4231650132509995	-0.1599103797902639	0.19474025913107246
0.42472678462862173	-0.1601749030171391	0.19354727927139811
0.42615979887071065	-0.16030056755939148	0.19238592459192688
0.4272072375050049	-0.16035279736098967	0.191484364763187
0.4288472391675215	-0.16045732008681984	0.18966966820292333
0.4300778470404621	-0.16044224249265432	0.18808510427775302
0.4311635507252683	-0.16034914234650238	0.18656371803386188
0.4322982437867887	-0.16004360969473802	0.18494917482230164
0.433496374401141	-0.159774771126862	0.1829661859383318
0.43438435180024315	-0.1598455960303375	0.1811762580732191
0.4353103653858791	-0.15985802698561113	0.17898228429430246
0.4359531544281294	-0.15961583660662404	0.17757468249573513
0.437200687	-0.15900740426517113	0.17461829029245662
0.4379531281471825	-0.1585054242778186	0.17267560748576813
0.43881962898100874	-0.1577508746977741	0.16997776906531487
0.43945493942827285	-0.15715467906174985	0.1682029383755731
0.43984440710020095	-0.15675420600059808	0.16702491889522936
0.44114289611952145	-0.15548930289563068	0.1633529433722568
0.4419465626986171	-0.15490133810445156	0.16141113255426187
0.4427367172062381	-0.1542451378377191	0.15919187005934227
0.44337230955614304	-0.153700463761703	0.15723634641827988
0.443738908601769	-0.15335317537033366	0.15584112906198372
0.44438350113981107	-0.15276209376126726	0.1529693297865229
0.4447761924775907	-0.15249063460713302	0.15081914248816664
0.4450153288518587	-0.15238784408244205	0.14940703361872443
0.4453726361827709	-0.15230949534382793	0.14710881907170215
0.445421770624528	-0.1518701122340313	0.1433037591459026
0.44544341833193346	-0.15171050890836202	0.14104881906238298
0.44570408976312925	-0.15176581393762856	0.13883328711983967
0.44606761193002664	-0.15203950941041366	0.13736672718406523
0.44641579250437124	-0.15236363428604077	0.13538450378270955
0.44703840451627586	-0.15305872250563934	0.13212322315501568
0.4477041305697043	-0.1537557379214493	0.12884715470818248
0.4481084708701032	-0.15424574723648143	0.12662596786169494
0.44836675776322155	-0.15450737186969254	0.12521479651726758
0.4488948640220489	-0.15511235389648326	0.12210746746942674
0.44930731592108614	-0.15555878271882356	0.11970712750130497
0.44971954821700993	-0.15606914239264197	0.11730095491970727
0.45021253563293673	-0.156661694602859	0.11409280965229218
0.45050541357328533	-0.15707243100297053	0.11205359944294052
0.4507803569741523	-0.15735555910247145	0.11069362674441513
0.45123850809605237	-0.15801373722111778	0.10746392801283727
0.4516168002379794	-0.1586074600146279	0.10443290157372814
0.4520788760884022	-0.15906773223976262	0.10178877914792162
0.45244973184700776	-0.1594300495903146	0.09960648523055671
0.4528605634851566	-0.1598215110962748	0.09716967561858536
0.4531752311146575	-0.16027118991493572	0.09481407178639983
0.4534794149793927	-0.16065677857662036	0.09269869768726507
0.4539032461711694	-0.1612933518995293	0.089676709937001
0.4542241025373985	-0.16173337058524995	0.08730802696308476
0.45444357436124455	-0.16192828226843692	0.0858934737266025
0.4550094863218992	-0.16238239406408278	0.08283119526227867
0.4553279106577234	-0.16273036749733788	0.08082146358368753
0.45567564523681575	-0.16325324189303836	0.07822822906228066
0.45595175129927323	-0.16363789476583795	0.07624625288611425
0.4562886535728816	-0.16416670630025681	0.07364864473415372
0.4565885798982677	-0.16450817887250785	0.0716336418653632
0.4568813543397054	-0.16471983297819703	0.0701951134391891
0.4571984336068375	-0.16499495889993548	0.06856671487543792
0.45758104951958456	-0.16551607002985758	0.06578932182299735
0.45796870580828813	-0.16608801036122367	0.06298092351785711
0.45826334249624456	-0.1664682718521317	0.06107482717975343
0.4586602785698759	-0.16695126495367713	0.05919539675827895
0.45913067889701104	-0.16732273725149316	0.05768292528687097
0.4596115735286046	-0.16777572801918766	0.0559687535233776
0.46016052801997576	-0.16829163210779507	0.0538354279868673
0.46057042344143545	-0.16873445774829615	0.05220530460779754
0.4608840254876309	-0.16911183908923422	0.050601328188277894
0.4611502787185533	-0.16935761375783792	0.049233426248249335
0.46139993012093894	-0.16972292356177104	0.047726822383340584
0.4616808740006586	-0.17016715104011143	0.04560847568404264
0.4618658662013397	-0.1705047689247584	0.044148961315149726
0.46193643647249977	-0.1706799202482283	0.04315766196446935
0.4620566012237371	-0.17104020338130627	0.04145670241417321
0.4620908786028448	-0.1711926538673067	0.04066927471403725
0.4621633773536968	-0.17158366394143543	0.03862962111554302
0.46226774454349817	-0.17189658640428418	0.03716168528368019
0.46244309418746643	-0.1721318841940198	0.0364668024180117
0.4629606190370765	-0.17256746076185486	0.03516537133922171
0.4632632322836293	-0.17292254500630921	0.034179148032420115
0.463500397974445	-0.1731101676506691	0.03365913075132321
0.4641198482970261	-0.17357198499733628	0.03218483206792355
0.4643995274779755	-0.1736843815710435	0.03163136375447012
0.4649016324205994	-0.17396688630540819	0.03103470347464965
0.465136092009318	-0.17412176012376007	0.03064225497526113
0.465595024018325	-0.1743462743376088	0.0300621953714571
0.46586674856859434	-0.17461493343898932	0.029605210539022486
0.4663628282469605	-0.17498793221279424	0.029179861507374116
0.4665606718778479	-0.17511458851566558	0.029040930143244492
0.46684267247020617	-0.1753459304728679	0.028840140755657884
0.4673024261175604	-0.17572657488743415	0.028581598578000633
0.46754522693001255	-0.17593468667310497	0.028443527935894664
0.4677591103593699	-0.17606210812854634	0.028351184097100857
0.4681279035917144	-0.17632350302383037	0.028040956433165398
0.4684645197837359	-0.17655096493955952	0.027924039235563858
0.46893671143568527	-0.1769568807690141	0.02765810134052349
0.46919234086763384	-0.17717127523148535	0.027456147341762993
0.46935408862549927	-0.17730140606079636	0.02733998392197856
0.4697937514135644	-0.1776105987488536	0.027141878530270336
0.46997730992177167	-0.17773863204596674	0.02703820539850149
0.47026443754594105	-0.17795950060049903	0.02684626523943301
0.4705853963887828	-0.17817019223457203	0.02661977231277335
0.47102031045349657	-0.17855140092233796	0.026416421231253207
0.471203147744633	-0.17869025988948095	0.0263198032386584
0.4714836606671239	-0.17887766825598078	0.02615939758898239
0.47192147408009766	-0.17901805162117057	0.025926416828842225
0.4720956153623067	-0.1790748478007929	0.02586817681525111
0.4723859680820349	-0.1793187950922967	0.02574306103145335
0.4726796506071132	-0.17953878485831054	0.025593177475899176
0.47287500605472027	-0.17960856474318376	0.025386015497683878
0.47311367335278154	-0.17972361805217973	0.02519500526613716
0.4736704875189863	-0.1798909485865688	0.025069174557988794
0.4739860903268676	-0.18007179454576894	0.02493341337030197
0.4741414854982918	-0.18023286045453968	0.024812716101175802
0.4743258889180006	-0.180385391866702	0.02467494638869211
0.4745281551372208	-0.18043215056917078	0.024463624740143186
0.47481109064096544	-0.18049785481238073	0.024394619823069452
0.47527590898267397	-0.1806596886100889	0.024259022238390437
0.47574258878312203	-0.18086089950506695	0.02423490695677183
0.47620912274112465	-0.18104963513799016	0.024275961009649627
0.4765931604916636	-0.1811572730439056	0.024330215975786995
0.4768936165342126	-0.18119015641738934	0.02437073229130049
0.4774243199888916	-0.1812499141562255	0.024428630503073534
0.4780464309606959	-0.18137293919740421	0.024524280015983335
0.47833846978717337	-0.18151985113420477	0.024518299452338965
0.4786019411130754	-0.18161849282440146	0.024545612759435453
0.4790255007533891	-0.18167750637254043	0.024612608160708094
0.4794145599392356	-0.18171186722520627	0.024629992878898943
0.480044629328979	-0.1818043310513327	0.02468559315224861
0.4803829563608346	-0.18195731189933806	0.024710677803312042
0.48057050601521645	-0.18203030358731426	0.02472934731884885
0.4810082204458241	-0.18211395429235616	0.02476978605012764
0.48138081567193697	-0.1821572596681852	0.02480951460716674
0.4819422983970997	-0.18222750914406072	0.024845187633701804
0.4821295280836015	-0.1822837341464718	0.024829167876255942
0.4824436875846308	-0.18242691741487155	0.024838653743220418
0.4827028387919237	-0.18252111027868018	0.02487341449774577
0.48320022110625077	-0.18256541339249432	0.02489796859328175
0.4836345742906439	-0.18261922511965856	0.02493463179467431
0.48403801725368256	-0.1826515594879286	0.024900224807247018
0.4840463767576769	-0.1826428457715647	0.02469320303863043
0.48404044180405953	-0.18262015133648268	0.024565423380813634
0.4841087079931383	-0.1826559110130883	0.02433341660316901
0.4840699753094126	-0.18296368069740665	0.024129851055680995
0.48403217090728223	-0.18324524013987648	0.023954361241828093
0.4839938275614167	-0.18351949269433576	0.02378248818035472
0.48394200856844927	-0.18377170342878568	0.02361597101480778
0.4839453261850089	-0.1839364549264791	0.023579780847288123
0.4839362448189925	-0.18415403201396557	0.023469406170805174
0.48406798548577196	-0.18432933478401792	0.023516488649767686
0.48433258949865415	-0.18447946377920027	0.023739244097835455
0.48454694711910695	-0.1846035494822763	0.024104096279202514
0.484924794652118	-0.18449273181980808	0.025194075564492435
0.4847837739135262	-0.18465183664454066	0.02641532745383718
0.4848459150565584	-0.18471769488469192	0.027754492687844523
0.48498359915263056	-0.18487537576653817	0.02933125697739536
0.48505617964986125	-0.18494781100190516	0.03042899835534063
0.48523393945698584	-0.18507911758557355	0.0324307421379505
0.4853836583864404	-0.18534159989484644	0.035496217719042766
0.48560207926363863	-0.18549215421219245	0.03880902354743887
0.4856637336054245	-0.18556033752898132	0.040364283125161604
0.48578806380175554	-0.18571412431424716	0.04361117685662569
0.48594674648881037	-0.1858315066384736	0.04746262736505441
0.4859755087746623	-0.18590715541363817	0.04918724402987096
0.4861382673804475	-0.18613196157700349	0.055338531247614176
0.4861778565881263	-0.18623001811112588	0.05884132174011908
0.4862735736297572	-0.1863041056544541	0.06224874669198893
0.4863159040605303	-0.18640161701589864	0.06431916629936041
0.48641298321886167	-0.1865216896157802	0.07079778436271972
0.48649568615017275	-0.18664495086658017	0.07524806618948593
0.48656439086464476	-0.1867472089694156	0.07941752458620782
0.4866104692155857	-0.18682307356652994	0.08187014974667894
0.48665854462945013	-0.18685970083853515	0.08616465039195975
0.48669604859816756	-0.18698972262080588	0.09158244833888218
0.486753511078015	-0.1870378253974485	0.09598534623186916
0.4867631528031564	-0.18711605644311352	0.10041531438648099
0.48684848499142	-0.1871623626549015	0.10472721820769354
0.48689305981048836	-0.1872503845420131	0.11130604351863949
0.48694153906490156	-0.18733815943145432	0.11507056270077609
0.48699389207008076	-0.18743736338135086	0.12054124537656546
0.48699508083270476	-0.18748476776130146	0.12332348878227245
0.48706390045102477	-0.18753794059690698	0.12915331339987063
0.4870956807129245	-0.1875927756485709	0.13305192988796588
0.4871417374406213	-0.18766599449046112	0.1374966590955647
0.4871871429908289	-0.1877296449210582	0.14349862049166473
0.4872620552368611	-0.18781290602093464	0.1479932724307601
0.487288567246975	-0.18781433196792036	0.1503057093575882
0.4873586997704997	-0.18790307328131634	0.1560174685199568
0.487378330204897	-0.1879072973803496	0.158255368245862
0.48742984059323635	-0.18799481483601715	0.1635890990700412
0.48751107748934697	-0.18803197572548486	0.1682703202548143
0.4876144501236243	-0.18814815774062238	0.17218467314216915
0.48763492311365075	-0.18814329733906116	0.17447773890688592
0.4877550473486422	-0.1882670027771976	0.17825713471203133
0.487880403921224	-0.1883680068395469	0.1840466017236816
0.48793082389923975	-0.1884063988555434	0.1858824716107189
0.4880053573148357	-0.18845143335147924	0.18983858633709288
0.48810462975768987	-0.1885821826364002	0.19247354629145685
0.4882166331226115	-0.18861276768357754	0.19519263800851788
0.48825614088795266	-0.18867270549376286	0.19733368417883487
0.4884820986898841	-0.18869040618734184	0.20046185963170865
0.48862402400730975	-0.1888271338675473	0.20211477016020316
0.48877077937568153	-0.1890399225074148	0.2036856964999656
0.48884092994886985	-0.18922036752313182	0.2050338180508452
0.488846082779172	-0.18930951027898624	0.20576084729878422
0.4890257300836537	-0.18940547889489073	0.20743534395267588
0.4890486484685504	-0.1893780802244302	0.20784223838880914
0.4889954688025596	-0.18928830812561104	0.2081986149607269
0.4892538748411193	-0.1893590641652642	0.2085399173107344
0.48932055966749827	-0.1894639689111709	0.2084752863817636
0.48913737111624095	-0.18951025029942836	0.20825105232979266
0.4888013359434901	-0.18962299659986315	0.20807300907499407
0.48796657885380734	-0.18941217079062095	0.20795298614912755
0.4869211887219551	-0.18916991294635915	0.2077929774279233
0.48625041099840155	-0.1889831272014308	0.20772214338430314
0.48455926745889666	-0.1885391775554946	0.20758760868995432
0.48358555627370653	-0.18824072166626865	0.20754930286074638
0.4809334301873589	-0.18729508694384245	0.20761054017874375
0.47984487355726935	-0.18686701066276307	0.20764055818537172
0.4779361143956657	-0.18630867139570778	0.20752032868075035
0.47595486543424953	-0.18574649974889945	0.20742357619302115
0.4729546943276898	-0.18487704261404297	0.2073298354070927
0.4718005545091124	-0.18454375834603598	0.20731818892605053
0.46832912054087544	-0.18355393780816132	0.2072072897670568
0.46481056466052	-0.1825819938984541	0.20709403296783438
0.4626638198570753	-0.18194032009235028	0.20707906843983753
0.46019490411906105	-0.18121278104353722	0.20705345135818226
0.4576212567975593	-0.1804261475197943	0.20700429911435564
0.4526079660467019	-0.17887860830552427	0.20687640994583045
0.44887924556618497	-0.1776902745159203	0.2068829796453786
0.4456431072336734	-0.17667878548402594	0.20680970847440552
0.44245759081871416	-0.17563423905633846	0.20673066427370296
0.44029985493613777	-0.1749246614846004	0.20674039162831892
0.43560584283521997	-0.17335874319461042	0.20669927389167725
0.4335410992469215	-0.1727132802783849	0.20663796481161312
0.42826174604741996	-0.17103751606705286	0.20662548053644025
0.4236122667166166	-0.1695236382022825	0.20657045404546967
0.42033532939788504	-0.16849600206072246	0.206548763342492
0.418372043423244	-0.16785695333792466	0.20651290494009006
0.4133976863660996	-0.1662822603301845	0.20648530605628032
0.40836029465253765	-0.1646287887172846	0.20645653939227646
0.40621831118394724	-0.16393905334676712	0.20644453541786306
0.40188692640225393	-0.16258397313396467	0.20639384979670203
0.3997278327593249	-0.16186918295825065	0.2064124433626143
0.39488016624620104	-0.1603173762643778	0.20635487457312665
0.3901561131650069	-0.1587914454570234	0.20631268998317387
0.3865412416981041	-0.15763148764524776	0.20630808900028358
0.38474412554911674	-0.1570523734464117	0.20628596965147888
0.3802921838308528	-0.15561771228491733	0.20626544923441925
0.37713934268058097	-0.15459324243401168	0.2062270698769723
0.3750760405790673	-0.15394847855309135	0.20621507934302946
0.37148637786330485	-0.15280666583493363	0.20618099834960565
0.3676547160130734	-0.1515752807078551	0.2061352082896818
0.365937562579058	-0.151038315916533	0.20612751217610284
0.36333965654905825	-0.15018073282098732	0.20609836242614188
0.36092483859852825	-0.14938375390841552	0.20609508848519856
0.356989734249447	-0.14817570178880662	0.2060239927397425
0.35507899415437744	-0.1475487110790878	0.20599071823598125
0.35274891061425645	-0.14676544229645094	0.20598528818652095
0.3516008897657137	-0.1463449014633269	0.2059721767971736
0.3494141747509721	-0.14563052989182818	0.2059294650761655
0.34811118674157915	-0.14518662040354474	0.20592407961023648
0.34693555549381916	-0.14483572945476764	0.2058585602686232
0.34489032584289636	-0.144175722827229	0.20581409794959715
0.3443585079986717	-0.14399147533134288	0.20578816875319667
0.3434432232152443	-0.1437255049791678	0.20571439961997737
0.34310561289813835	-0.14365937105974885	0.2056635056136654
0.34257318779343765	-0.1435555875147958	0.2056212835449592
0.3425942168024391	-0.14351243944723552	0.20563170424500082
0.3427133884026435	-0.1432798355456144	0.20567616331691177
0.3427212410131324	-0.1432685540823651	0.20568024269199597
0.3427604431267636	-0.1432062199567623	0.20570725044445137
0.3427908523576545	-0.14315554423633886	0.2057292191407642
0.3428203497070923	-0.14311239474477838	0.20574849564780331
0.3428319723480513	-0.1431098019091988	0.20575077436108036
0.34283769922052776	-0.14311146906967753	0.20575122547587932
0.34284372155652915	-0.14311203495238511	0.20575190499708215
0.34284904088170887	-0.1431115480735603	0.20575391924041408
0.34285351878041903	-0.143110515697984	0.2057562569402096
0.3428583698997226	-0.1431093202607081	0.20575945637487766
0.34286058413164877	-0.14311009175394335	0.20576108842881588
0.3428620817361085	-0.14310938788920036	0.20576266866606513
0.34286369877518963	-0.14310929188066474	0.2057635042888778
0.3428635730719996	-0.1431097972779326	0.2057631999538373
0.34286372345166666	-0.14311064985800703	0.20576336768495912
0.3428631816548921	-0.14311099452062648	0.2057631997474086
0.3428630424758988	-0.14311122435810159	0.20576306681807677
0.34286268406843246	-0.1431117351638097	0.2057631387942967
0.342863154786115	-0.14311151267947936	0.2057631162789207
0.34286261441255633	-0.14311185495197887	0.20576299301418408
0.34286257849161156	-0.14311192017544733	0.20576293561893946
0.3428621192553833	-0.14311286531102518	0.2057622052933603
0.3428627537880974	-0.14311273455099838	0.2057626090969804
0.34286079358751614	-0.14311257832030838	0.20576194398995712
0.3428618069568224	-0.14311230897212868	0.20576236078189036
0.34286190776908565	-0.14311223598893907	0.2057623497245955
0.34286166126574086	-0.14311260158123407	0.2057622728267042
0.34286133604208435	-0.14311330965934144	0.2057618410043297
0.34286172861429487	-0.14311246332995764	0.20576229808171517
0.3428611909537067	-0.14311250079656673	0.2057619062976303
0.3428607797897118	-0.14311377730547092	0.20576171864092285
0.34286091535135593	-0.14311298435027486	0.20576199977505358
0.3428606218253187	-0.1431131784938549	0.20576129853404967
0.3428599511433755	-0.1431136313922362	0.2057613783452132
0.3428604013408772	-0.14311270448688318	0.20576135242799068
0.34285989023031616	-0.143113798816487	0.20576081402464724
0.34285952951146026	-0.14311371006243373	0.20576134856632802
0.34285957281109875	-0.1431132700391028	0.20576105544648285
0.34285881068321084	-0.14311263849671302	0.20576126808737039
0.3428586793572811	-0.14311347298121097	0.20576046094307654
0.34285877553148736	-0.1431138088253729	0.20576109128399356
0.3428583967935506	-0.1431136640834716	0.20576110855549604
0.34285862145338397	-0.14311376781239027	0.20576043489857032
0.34285832399898164	-0.14311345180673662	0.20576045993098424
0.3428590760314527	-0.14311357025424182	0.2057609974132022
0.34285829259504763	-0.14311408324302966	0.20576105379701193
0.3428584588726897	-0.14311299897436913	0.20576051483754706
0.3428585680383929	-0.14311387305053525	0.20576039215019234
0.3428581296651707	-0.1431135120542455	0.2057606335452125
0.34285822413041267	-0.1431133140230631	0.2057606477629525
0.3428580798116185	-0.14311361027593406	0.20576059364705168
0.3428576106629825	-0.14311381220696773	0.20576052739777873
0.34285867581003976	-0.14311309132812927	0.20576121318029938
0.34285807873383084	-0.14311378650201612	0.20576061026467907
0.3428578845615557	-0.1431141809768292	0.20576051625160718
0.34285800574237624	-0.14311413950274976	0.2057600308784143
0.3428575197577669	-0.1431140032226353	0.20576051602982312
0.34285766407698914	-0.14311370696987413	0.2057605701451825
0.342857608419971	-0.1431136857127473	0.20576024374324456
0.34285802888064393	-0.14311388472400266	0.20576057036696652
0.3428580288806438	-0.14311388472400266	0.2057605703669665
0.3428579882470982	-0.14311417953264932	0.20576004552266636
0.34285760841997115	-0.1431136857127473	0.2057602437432445
0.3428580962295353	-0.1431137464727168	0.2057605956210262
0.3428572934689791	-0.143113409738303	0.20576028341937772
0.34285778940757605	-0.143114643288403	0.205760474000366
0.34285802888064393	-0.14311388472400266	0.20576057036696652
0.3428569192982065	-0.14311444480499552	0.2057601365452963
0.3428573514508384	-0.14311448430757168	0.2057601620201007
0.3428580962295353	-0.1431137464727168	0.2057605956210262
0.34285765827289155	-0.1431135874917444	0.20576028364070087
0.3428572934689791	-0.143113409738303	0.20576028341937772
0.34285802888064393	-0.14311388472400266	0.20576057036696652
0.342857608419971	-0.1431136857127473	0.20576024374324456
0.3428572934689791	-0.143113409738303	0.20576028341937772
0.34285686944516963	-0.14311454302531645	0.20576009664822617
0.3428576582728914	-0.14311358749174447	0.20576028364070093
0.34285735725505867	-0.14311460378502633	0.20576044852486136
0.34285766407698914	-0.14311370696987413	0.2057605701451825
0.3428577719118312	-0.14311468331764338	0.2057604886441319
0.3428573715171536	-0.14311307550926994	0.20576029566400736
0.3428572301397701	-0.14311358035162142	0.20576026400035535
0.342856805432257	-0.14311322267419052	0.20576041694217467
0.34285728743714233	-0.14311316395560159	0.20576048231427752
0.34285728410193694	-0.143114622558969	0.20576013676667762
0.34285759092420576	-0.14311372574317427	0.2057602583868806
0.3428574466055586	-0.14311402199630935	0.20576020427203429
0.34285805932442787	-0.14311377665380232	0.20576060300991528
0.34285728743714233	-0.14311316395560159	0.20576048231427752
0.34285691929820644	-0.14311444480499552	0.20576013654529615
0.34285762759275756	-0.14311497957068148	0.20576043452989096
0.34285778940757605	-0.143114643288403	0.205760474000366
0.34285806972945027	-0.1431139590445485	0.20576025867867792
0.3428572625407263	-0.14311327773231608	0.20576044739704802
0.3428575909242057	-0.14311372574317432	0.20576025838688072
0.3428576582728914	-0.14311358749174447	0.20576028364070093
0.34285685528441934	-0.14311312445428898	0.20576045683906097
0.3428574466055586	-0.14311402199630935	0.20576020427203429
0.3428576582728914	-0.14311358749174447	0.20576028364070093
0.3428580288806438	-0.14311388472400266	0.2057605703669665
0.34285766926453287	-0.14311357139585218	0.20576032108290127
0.34285722612023084	-0.14311354798970244	0.20576025816555754
0.34285779297023156	-0.1431133109889482	0.20576033414877162
0.3428578392607159	-0.14311454506625892	0.20576051389766947
0.34285639997928724	-0.14311292110429352	0.20576010508345072
0.34285692263292306	-0.14311298620278995	0.2057604820929884
0.34285747445708703	-0.14311436731223648	0.20576051367560022
0.34285765827289155	-0.1431135874917444	0.20576028364070087
0.3428569226329231	-0.14311298620279006	0.20576048209298842
0.3428569806158713	-0.1431140607704447	0.20576036069303938
0.34285770789805103	-0.1431133629658774	0.20576080893743132
0.34285685528441934	-0.14311312445428886	0.20576045683906097
0.34285722612023084	-0.14311354798970244	0.20576025816555754
0.34285692263292306	-0.14311298620278995	0.2057604820929884
0.34285729683481414	-0.1431146054855072	0.20576016197810362
0.34285728410193694	-0.143114622558969	0.20576013676667762
0.34285685528441934	-0.14311312445428898	0.20576045683906097
0.34285728410193694	-0.143114622558969	0.20576013676667762
0.3428571036215378	-0.14311394377564418	0.20576071234785578
0.34285698664717035	-0.1431143065536286	0.20576016179871942
0.34285814608249987	-0.14311364825059908	0.20576063551861382
0.3428576582728914	-0.14311358749174447	0.20576028364070093
0.34285692263292306	-0.14311298620278995	0.2057604820929884
0.34285806658860263	-0.14311402518466582	0.20576010821947452
0.34285765827289155	-0.1431135874917444	0.20576028364070087
0.34285691929820644	-0.14311444480499552	0.20576013654529615
0.34285750650528146	-0.14311297888853458	0.20576039662252316
0.34285733911947	-0.14311445051054844	0.2057601693473011
0.34285691929820644	-0.14311444480499552	0.2057601365452962
0.34285771392989495	-0.14311360874846485	0.2057606100426679
0.34285759092420576	-0.14311372574317427	0.2057602583868806
0.34285807873383084	-0.14311378650201606	0.2057606102646789
0.34285766926453287	-0.14311357139585218	0.20576032108290127
0.3428572934689791	-0.143113409738303	0.20576028341937772
0.34285771392989495	-0.14311360874846485	0.2057606100426679
0.34285771392989495	-0.14311360874846485	0.2057606100426679
0.3428575231518985	-0.1431137535705418	0.20576065918680478
0.3428577078980511	-0.14311336296587734	0.20576080893743137
0.34285745759826597	-0.14311400590113127	0.20576024171530194
0.3428579882470982	-0.14311417953264932	0.20576004552266636
0.34285778127862676	-0.1431134704970783	0.20576063529660255
0.3428577366128691	-0.1431134331442162	0.20576034633652512
0.3428587032282379	-0.14311372720156673	0.20576069850781287
0.34285793441521933	-0.14311408275512377	0.20576055614958744
0.34285722612023084	-0.14311354798970244	0.20576025816555754
0.34285728410193694	-0.14311462255896895	0.2057601367666775
0.34285741044229545	-0.14311304696146998	0.20576083396949613
0.3428574071081398	-0.14311450556359062	0.2057604884220626
0.3428579099432934	-0.14311294821139103	0.20576088469998685
0.3428573718085149	-0.14311325539168196	0.20576034611484492
0.3428579159760589	-0.14311319399436873	0.20576068580490212
0.34285731524574836	-0.14311333625707678	0.20576030538994824
0.34285796123518825	-0.14311286565659054	0.205760914039415
0.3428577366128691	-0.1431134331442162	0.20576034633652512
0.3428582244225472	-0.143113493901319	0.20576069821464416
0.34285814608250004	-0.14311364825059913	0.2057606355186138
0.3428578302556798	-0.14311471760956396	0.2057601623119742
0.34285790314721076	-0.143112792265581	0.2057608863340041
0.34285724941319384	-0.14311363729942594	0.20576022818860784
0.34285807873383084	-0.14311378650201612	0.20576061026467907
0.34285847605701825	-0.1431142402915933	0.2057603974012331
0.34285766926453287	-0.14311357139585218	0.20576032108290127
0.34285777191183114	-0.14311468331764343	0.20576048864413185
0.3428586358800005	-0.14311386545322985	0.20576067325407438
0.34285692263292306	-0.14311298620278995	0.2057604820929884
0.3428572261202308	-0.14311354798970244	0.20576025816555743
0.3428581570742275	-0.1431136321529421	0.20576067296090578
0.34285728743714233	-0.14311316395560159	0.20576048231427752
0.3428580787338309	-0.14311378650201606	0.20576061026467907
0.3428573514508384	-0.14311448430757168	0.2057601620201007
0.3428567967258908	-0.143113351730177	0.20575991742293853
0.34285723730926837	-0.14311352551792128	0.20576026492016258
0.34285755956785774	-0.14311369598949403	0.20576023434239457
0.34285777524647554	-0.14311322471436083	0.20576083419147312
0.3428572200887013	-0.14311330220713087	0.20576045706035015
0.34285747445708703	-0.14311436731223648	0.20576051367560022
0.3428576234434521	-0.14311400177850242	0.2057600453013065
0.34285722612023084	-0.14311354798970244	0.20576025816555754
0.3428572200887011	-0.1431133022071308	0.2057604570603501
0.34285728410193694	-0.143114622558969	0.20576013676667762
0.34285728743714233	-0.14311316395560159	0.20576048231427752
0.3428573718085149	-0.14311325539168196	0.20576034611484492
0.34285716014208384	-0.1431136898967989	0.205760266746795
0.3428572261202308	-0.14311354798970244	0.20576025816555743
0.3428572200887011	-0.1431133022071308	0.2057604570603501
0.3428573514508383	-0.14311448430757162	0.20576016202010075
0.3428566158118964	-0.14311388301713168	0.20576036047169216
0.34285778623734875	-0.14311320861742072	0.20576087163292292
0.3428573718085149	-0.14311325539168196	0.20576034611484492
0.3428572200887013	-0.14311330220713087	0.20576045706035015
0.34285766926453287	-0.14311357139585218	0.20576032108290127
0.34285654846317715	-0.14311402126859812	0.20576033521816178
0.3428567109661621	-0.1431134207075721	0.2057604027239849
0.3428576582728914	-0.14311358749174447	0.20576028364070093
0.3428573514508384	-0.14311448430757168	0.2057601620201007
0.3428572200887013	-0.14311330220713087	0.20576045706035015
0.34285770553190287	-0.14311343464088072	0.20576033234204255
0.3428578392607157	-0.14311454506625887	0.20576051389766953
0.34285728410193694	-0.143114622558969	0.20576013676667762
0.3428573514508384	-0.14311448430757168	0.2057601620201007
0.3428565484631771	-0.143114021268598	0.20576033521816178
0.3428574010768333	-0.14311425978052067	0.20576068731624622
0.3428569976383671	-0.1431142904585389	0.20576019924051334
0.3428580787338309	-0.14311378650201606	0.20576061026467907
0.3428567109661621	-0.14311342070757205	0.20576040272398485
0.34285777191183114	-0.14311468331764343	0.20576048864413185
0.34285691929820644	-0.14311444480499552	0.2057601365452962
0.3428571419304617	-0.14311383024760124	0.20576021046790405
0.3428581667852959	-0.14311350342953272	0.2057606560085803
0.34285758640837766	-0.14311373844618125	0.20576026858969326
0.3428574466055586	-0.14311402199630935	0.20576020427203429
0.3428574281664445	-0.14311313323556785	0.20576033392744839
0.34285766011104873	-0.14311525560629101	0.20576022144526865
0.3428575527969676	-0.14311421296382187	0.2057605763708272
0.342857548495127	-0.14311421429125493	0.2057605795165287
0.34285746842547354	-0.14311412152903658	0.20576071256989087
0.3428573430938082	-0.14311318521295607	0.20576080871545424
0.34285728743714233	-0.14311316395560159	0.20576048231427752
0.34285777524647554	-0.14311322471436083	0.20576083419147312
0.34285791125764725	-0.1431132779458656	0.20576043794690804
0.34285779297023167	-0.1431133109889482	0.20576033414877148
0.3428572200887013	-0.14311330220713087	0.20576045706035015
0.3428572261202308	-0.14311354798970238	0.20576025816555743
0.34285815067189246	-0.1431136561142603	0.20576064259388593
0.34285771392989495	-0.14311360874846485	0.2057606100426679
0.3428572984279296	-0.14311314786042612	0.2057605197556355
0.34285759092420576	-0.14311372574317432	0.20576025838688072
0.3428576582728914	-0.14311358749174447	0.20576028364070093
0.3428570818014494	-0.14311384424277201	0.20576020405071088
0.34285778127862676	-0.1431134704970783	0.20576063529660255
0.34285748878080186	-0.14311289261371435	0.20576089666443445
0.34285765827289155	-0.1431135874917444	0.20576028364070087
0.34285766926453287	-0.14311357139585218	0.20576032108290127
0.34285759092420576	-0.14311372574317427	0.2057602583868806
0.3428573165702445	-0.1431145000379893	0.20576063153262267
