0.33232444061465716	-0.15067756557401096	0.21626066639906147
0.33232444061465716	-0.15067756557401096	0.21626066639906147
0.3325329602888742	-0.15060710906278713	0.21609759792732902
0.33320942905242296	-0.15044963792504146	0.21554017281804347
0.33358285836879176	-0.15038431037515326	0.21524632172462038
0.33389014606866807	-0.1503309671337918	0.21504756068074002
0.3342337374781488	-0.15024027188291939	0.21475098896088393
0.3346580016313295	-0.15018278123884832	0.21442270575162065
0.33526494174481086	-0.15006941123365192	0.21392691104432188
0.3358287324432761	-0.14998982587566617	0.21342965926683666
0.3360835336133236	-0.14999050321210067	0.21323584237950308
0.33665120533713044	-0.14990566305230993	0.21274567279136147
0.33708468970009065	-0.149806785829406	0.21238415704621497
0.33753100667185976	-0.14973372243832808	0.21204275710509943
0.33818476417086113	-0.14963534798946487	0.21149655817632534
0.338622928390754	-0.14956485275528575	0.21115852659125323
0.33900606772044645	-0.1495132270474177	0.21078307983553404
0.33942068286829596	-0.14950979993952068	0.21041309165768735
0.3399221463756226	-0.14946901412317454	0.2099825399777061
0.34057626692966675	-0.14936470246202235	0.20947788798588854
0.3410530075933637	-0.14927991346687622	0.20909135391070688
0.34146203728541397	-0.1492371682454536	0.2087066712745622
0.34185628836238185	-0.14918650678301415	0.20835634235460054
0.34214069466462893	-0.14919058861755324	0.20811529220300468
0.34284376884704776	-0.1490943476184607	0.20755555491173386
0.3434497592145148	-0.1489513319414763	0.20708145138227343
0.3437121713085105	-0.14892307168462493	0.20683355628115235
0.3442968701708816	-0.14888408329463243	0.20635732304019097
0.3445336724820817	-0.1488462478148689	0.2061352278618397
0.3451421762736542	-0.1487326940848006	0.20564213642640772
0.3457085621148235	-0.14863641402150668	0.20520971531840482
0.34609211538118645	-0.14852334123288918	0.20487774194814923
0.3463761235436659	-0.1483124368807281	0.2045272665075817
0.34662671660932776	-0.14820389747070156	0.20421617460263103
0.34718306592390846	-0.148119092814661	0.20380388362550184
0.34748439581328183	-0.14808844045297853	0.20361621423196113
0.3478099177166009	-0.14801971215042303	0.20337977701604903
0.3481686612480373	-0.14806103589322867	0.20293993413221803
0.3483641626076674	-0.14796061374104924	0.20264053888408395
0.34849778493196754	-0.1479037510362089	0.2024774631644089
0.34887923727696707	-0.14781893684881847	0.20214241038681444
0.34916755884730555	-0.14773923308966141	0.20195564489479015
0.34967269225462216	-0.1476578107503415	0.20187486646864616
0.35008491150001664	-0.1475491390244607	0.20180438376774953
0.3504185406149345	-0.14762562890653952	0.2016881818450867
0.35057249256037065	-0.14766081435665906	0.20163445047551776
0.35074498770965906	-0.14757035503276628	0.20159688712605767
0.35081335662684116	-0.1473647398541486	0.20162237861559035
0.3508335249607428	-0.1473013171606956	0.201631440152218
0.35078559677230786	-0.1473862254115264	0.20161671521832134
0.3506665404176081	-0.14761489515889806	0.20157738163062217
0.35065779771671235	-0.14762553560494496	0.20157721994005737
0.350655217097236	-0.14762408708394542	0.2015799533825473
0.3506533852866158	-0.1476222518009943	0.2015822542126515
0.3506516786152819	-0.14762143410734258	0.20158301182671895
0.3506473147697104	-0.14761614017465946	0.20158789326752483
0.35064255347655343	-0.14761315368930672	0.20159063218921283
0.3506405632668722	-0.14761192140550056	0.20159323970968435
0.3506391376802719	-0.14761318380839505	0.2015944857184669
0.3506399401182338	-0.14761316336030528	0.20159602109546357
0.3506391462740725	-0.14761564728019705	0.20159599435758685
0.35063931390365216	-0.14761636346361007	0.2015963565908229
0.3506392041971713	-0.14761895947195997	0.2015963558024029
0.35063981573546293	-0.14761918477977892	0.20159703745243343
0.35064017264312974	-0.1476204119732769	0.2015971468065666
0.3506394004204798	-0.1476213962386364	0.20159671160137393
0.3506403653820905	-0.1476211902679554	0.20159710028071212
0.3506409950996768	-0.14762141143576596	0.20159730701539677
0.35064064478670703	-0.14762123539515642	0.20159729496811538
0.3506411068884415	-0.14762276860785678	0.20159701959881543
0.3506420418083089	-0.14762159115391682	0.2015975576776105
0.3506414761844718	-0.1476217955030809	0.20159687259424108
0.3506407409136384	-0.14762151081097397	0.20159659699066762
0.3506414761844718	-0.1476217955030809	0.20159687259424108
0.35064152501509666	-0.14762155923681053	0.20159717603409677
0.3506415413784582	-0.14762139469660052	0.20159686925910913
0.3506418128846107	-0.1476218288211174	0.20159690731856372
0.3506420233323964	-0.1476210077751432	0.20159693069875378
0.35064096157224983	-0.1476210573436632	0.20159614566503978
0.3506419330913946	-0.14762049467997385	0.2015970612439827
0.3506415982894611	-0.14762081324289544	0.20159656509447732
0.35064189817394487	-0.14762082956134265	0.20159658663272026
0.35064179724717265	-0.1476211214791267	0.2015965488714089
0.35064191927581245	-0.1476209661843697	0.20159608352786254
0.35064233660393224	-0.14762024669232598	0.2015965304165348
0.3506417973362703	-0.14762098303884102	0.20159598313687938
0.3506418968784216	-0.14762090748115375	0.20159607573675345
0.35064253955871966	-0.14762103681732036	0.20159601779016323
0.35064169988712224	-0.14762049079413536	0.20159611098556357
0.3506424623018172	-0.14762056631313353	0.20159644154194095
0.35064219965849014	-0.14762003172654742	0.20159618902203041
0.3506430120624302	-0.1476204768325301	0.20159605808462447
0.35064260084030485	-0.14761980151288834	0.20159620204228448
0.3506422805247707	-0.14761961804190327	0.20159619173888663
0.3506425357665491	-0.14762023804658664	0.20159594030621317
0.35064269270387105	-0.1476202786683568	0.20159606410274708
0.35064307020861174	-0.14761979447530893	0.2015965600394139
0.350642614821595	-0.14762027939354505	0.20159604418417829
0.3506421212924885	-0.1476195450278796	0.2015955921919148
0.35064257496131207	-0.14762001512889944	0.20159540924932998
0.3506433877093803	-0.147620229016044	0.2015957616261235
0.3506429053964897	-0.14761959344819625	0.2015961712385561
0.3506429287870726	-0.14761987538700316	0.2015959230462399
0.350642948265534	-0.1476192994838817	0.2015958402593106
0.3506426381610807	-0.14761874997555408	0.20159613168366064
0.35064323897510313	-0.147619445103025	0.20159584007490725
0.35064299002442695	-0.147619443018622	0.20159538186100073
0.3506442610726824	-0.14761963295995106	0.20159606377319791
0.3506429780645598	-0.14761975506393837	0.20159596044964714
0.35064359677153517	-0.1476196243265086	0.20159583984871698
0.35064371527145943	-0.14761968388787983	0.2015959578539237
0.35064284813492896	-0.14761910151955676	0.20159551205016119
0.3506435382782064	-0.14761935350988342	0.2015957877507348
0.3506429303712282	-0.147620125350227	0.20159566925235417
0.35064323897510313	-0.147619445103025	0.20159584007490725
0.35064386355009247	-0.14761955214916128	0.20159578656051358
0.35064323553713833	-0.1476193185952417	0.20159552231042746
0.3506434216373837	-0.1476197650515656	0.20159523369552007
0.35064323897510313	-0.147619445103025	0.20159584007490725
0.35064253093733244	-0.1476200189792663	0.2015953933675367
0.35064309779599473	-0.14761959351336668	0.20159547136303524
0.3506427221046168	-0.14762024015688963	0.2015953005829277
0.3506432156152338	-0.14761977795016534	0.20159537862467325
0.35064334711038075	-0.14761913233271767	0.20159588053531965
0.3506425631035598	-0.14762038746751377	0.20159491871116597
0.3506427399995399	-0.14761941428992942	0.20159547158989422
0.3506436712975787	-0.14762025704679776	0.2015951930088547
0.35064300015628835	-0.14761946701632084	0.20159543117060635
0.35064252250573147	-0.14761929078309827	0.20159503762048006
0.3506423313381987	-0.1476190696059868	0.20159513040579735
0.35064359677153517	-0.1476196243265086	0.20159583984871698
0.3506434301427933	-0.1476196662803559	0.20159574729043683
0.35064327405674955	-0.14762005960640628	0.20159517910970812
0.3506431165709376	-0.1476200873065207	0.2015953020131842
0.3506430977959948	-0.1476195935133668	0.20159547136303513
0.3506436712975787	-0.14762025704679776	0.2015951930088547
0.35064335795301665	-0.14761964623921248	0.20159543094409962
0.35064220530739887	-0.1476202082434906	0.20159491893863324
0.3506432059314679	-0.147619280742826	0.20159551182327887
0.35064338249187565	-0.14761990937087494	0.20159524560183528
0.35064328896338626	-0.14761981469098007	0.2015953785782442
0.35064293116708617	-0.14761963546723367	0.201595378805064
0.3506427835868107	-0.14761993002226664	0.20159532421931972
0.3506427835868107	-0.14761993002226664	0.20159532421931964
0.3506427399995399	-0.14761941428992942	0.20159547158989422
0.3506424143700914	-0.14761960355370374	0.20159499716047818
0.35064355236259653	-0.14761962506982768	0.20159580908792338
0.3506429171234915	-0.1476189330689771	0.20159556441551574
0.3506424143700914	-0.14761960355370374	0.20159499716047818
0.3506431871261533	-0.147619150375087	0.2015960386727147
0.35064378793907053	-0.14761984550414847	0.20159574706428585
0.3506432749204588	-0.14761911229139152	0.20159556418894634
0.35064284813492896	-0.14761910151955676	0.20159551205016119
0.3506414569159048	-0.14761980766991173	0.20159515596353636
0.35064279109400626	-0.14762007170595715	0.20159535294815983
0.35064289831690393	-0.14761880270064315	0.20159609126355638
0.35064321037362745	-0.14761994079476393	0.20159537635875802
0.35064226678975036	-0.14761989810875537	0.20159494257501234
0.3506429502161509	-0.14761988806859533	0.20159541677717965
0.35064378793907053	-0.14761984550414847	0.20159574706428585
0.35064370490689695	-0.1476193115560332	0.201595880309106
0.35064273999953993	-0.14761941428992958	0.20159547158989424
0.3506427721664151	-0.14761978277740206	0.20159499693296576
0.35064316038453835	-0.14761957120626557	0.20159583785449997
0.35064328896338626	-0.14761981469098007	0.20159537857824433
0.35064384842407736	-0.1476197758233585	0.20159528583546743
0.3506427399995399	-0.14761941428992942	0.20159547158989422
0.35064292564813515	-0.14761952943394985	0.20159516662244026
0.35064240032674276	-0.14761890115719323	0.2015951827710274
0.3506425914948182	-0.14761912233398183	0.20159508998605846
0.35064309779599473	-0.14761959351336668	0.20159547136303524
0.3506427758603843	-0.14761911613280349	0.20159546398269274
0.3506429171234915	-0.1476189330689771	0.20159556441551574
0.3506425999261792	-0.14761985052865667	0.2015954457324205
0.35064233133819867	-0.14761906960598675	0.20159513040579735
0.35064282932938956	-0.14761897115226552	0.20159603889898872
0.35064295685750047	-0.1476209770674956	0.2015950604289407
0.3506425809991725	-0.14761956159981632	0.20159508971812945
0.35064164483945376	-0.14761996755390794	0.20159500968897864
0.3506422909099251	-0.14761892212460714	0.20159565628887532
0.3506424003267427	-0.14761890115719328	0.20159518277102745
0.35064293116708617	-0.14761963546723367	0.201595378805064
0.3506429171234915	-0.1476189330689771	0.20159556441551574
0.35064294929165446	-0.1476193015566573	0.2015950897588357
0.350643397098995	-0.14761950192027423	0.20159541903837333
0.35064377943345837	-0.1476199442757618	0.20159523346875502
0.35064333162690525	-0.1476197439114441	0.20159490418916867
0.3506431413832847	-0.14762010924610003	0.2015953239924998
0.3506432889633862	-0.14761981469098	0.2015953785782442
0.350642728714874	-0.14761945156772133	0.20159545287480396
0.35064339709899495	-0.14761950192027423	0.2015954190383733
0.35064338850564614	-0.1476197391323466	0.20159547117933613
0.35064300015628835	-0.147619467016321	0.20159543117060646
0.3506429048402064	-0.147619733137913	0.20159485205003835
0.35064199068020363	-0.14761842720759527	0.2015953815961769
0.3506432889633862	-0.14761981469098	0.2015953785782442
0.3506432210805393	-0.14762027096988534	0.2015956690680193
0.3506429607123096	-0.14761944880128275	0.20159541704528827
0.3506431603845383	-0.14761957120626557	0.20159583785450005
0.35064359677153517	-0.14761962432650866	0.20159583984871707
0.35064266140889405	-0.1476195403949127	0.2015954693696356
0.35064293116708617	-0.14761963546723367	0.201595378805064
0.35064314138328473	-0.14762010924610003	0.2015953239924998
0.350643397098995	-0.14761950192027423	0.20159541903837347
0.3506427835868107	-0.14761993002226664	0.20159532421931964
0.3506432257043432	-0.14761932828163138	0.2015955013035776
0.35064359677153517	-0.1476196243265086	0.20159583984871698
0.35064229219133514	-0.1476192139276234	0.2015951423107507
0.35064181355760826	-0.14761890842578335	0.20159528877133165
0.3506427910940063	-0.14762007170595726	0.2015953529481599
0.35064310829171597	-0.1476191542457933	0.20159547163091937
0.3506430989019757	-0.14761988133990145	0.2015958142172724
0.3506438960745678	-0.14761953273350797	0.2015957875245604
0.35064357887665376	-0.147620450194003	0.20159566884191357
0.3506428089881994	-0.1476192458393396	0.20159552395508828
0.3506429374643769	-0.14761865838231192	0.20159607935964624
0.35064163098287776	-0.1476184500373049	0.2015953294172898
0.3506432059314679	-0.147619280742826	0.20159551182327887
0.35064334711038075	-0.14761913233271767	0.20159588053531965
0.35064378995646656	-0.14761984397282285	0.20159574894100865
0.35064284813492896	-0.14761910151955676	0.20159551205016119
0.35064264870696965	-0.1476191013473011	0.2015956560619089
0.3506432889633862	-0.14761981469098	0.2015953785782442
0.3506425809991725	-0.14761956159981632	0.20159508971812945
0.35064235989803694	-0.14761875367515098	0.20159570865388624
0.35064316638360565	-0.1476210229898865	0.2015950546748935
0.3506424334192632	-0.14761985615506357	0.2015950351325522
0.3506430393026107	-0.14761932269669598	0.20159541926521662
0.35064293116708617	-0.14761963546723372	0.20159537880506412
0.35064335795301665	-0.14761964623921248	0.20159543094409962
0.3506424659108616	-0.14761982605242213	0.20159511316757517
0.3506422921913352	-0.14761921392762328	0.20159514231075057
0.3506428887336244	-0.14762019820302835	0.201595393140723
0.3506433877093803	-0.147620229016044	0.2015957616261235
0.35064381247758314	-0.14762010863560876	0.2015955617216885
0.35064289172249213	-0.14761961725175377	0.20159536467918243
0.35064279628610395	-0.1476188067918151	0.20159571064829257
0.35064396506411916	-0.14761936428002598	0.2015958398906964
0.35064359677153517	-0.1476196243265086	0.20159583984871698
0.3506420756226109	-0.14761967693158728	0.20159503536010387
0.3506438960745678	-0.14761953273350797	0.2015957875245604
0.3506422053073988	-0.14762020824349048	0.2015949189386331
0.3506430424112708	-0.1476199471191088	0.2015950149951569
0.35064314889057185	-0.14762025092917364	0.20159535272169835
0.35064306287596014	-0.14761992839659394	0.20159499674873554
0.35064309779599473	-0.14761959351336668	0.20159547136303524
0.3506437738959056	-0.14761914310287427	0.20159593267489379
0.3506438960745678	-0.14761953273350797	0.2015957875245604
0.3506428017123564	-0.1476195961122524	0.20159503517348268
0.3506433579530167	-0.14761964623921242	0.2015954309440997
0.35064218277466946	-0.14761923489460116	0.2015956158286529
0.3506423749255471	-0.14761958533817482	0.20159498303472448
0.35064378793907053	-0.14761984550414847	0.20159574706428585
0.35064226678975047	-0.14761989810875542	0.20159494257501237
0.3506429577228996	-0.14762002975156402	0.20159544550591976
0.3506427399995399	-0.14761941428992958	0.20159547158989427
0.35064240984527073	-0.14761925045568336	0.20159545764898176
0.3506430869960933	-0.1476189524101204	0.20159571046450636
0.3506428029048752	-0.14761954283990825	0.20159603172301555
0.3506426881509211	-0.14761911956200197	0.20159567018780378
0.3506429918529965	-0.14761981521590545	0.20159569288879528
0.35064233150951757	-0.1476200188063927	0.2015955373794839
0.3506422053073988	-0.14762020824349048	0.2015949189386331
0.3506422473209329	-0.1476184063926883	0.20159580366040492
0.3506432234910071	-0.14762005668253764	0.20159486372925856
0.3506431871261532	-0.147619150375087	0.20159603867271467
0.3506433185092961	-0.14761962802409317	0.2015954168187578
0.3506431860527142	-0.14761929381059696	0.2015954997739645
0.35064163098287776	-0.14761845003730478	0.2015953294172898
0.35064233133819867	-0.14761906960598675	0.20159513040579735
0.3506429502161509	-0.14761988806859533	0.20159541677717965
0.35064227429676986	-0.1476200397943443	0.201594971303741
0.3506430799007541	-0.14762041938096093	0.2015953003561531
0.35064331585742364	-0.1476201868964126	0.2015957223512908
0.35064314138328473	-0.14762010924610003	0.2015953239924998
0.35064256232079644	-0.1476197993836822	0.20159529510549887
0.3505405203305883	-0.14747393404178927	0.2015937579023362
0.3503513606017382	-0.14703744792643691	0.20167538516033756
0.35036269687430793	-0.14638565243662177	0.20196164846388112
0.3503917653127822	-0.14526105378082765	0.20248691534251106
0.3503425569670421	-0.14346404434980337	0.20330865522695052
0.35030653630619146	-0.14270226576673428	0.20365776611872488
0.35043047809166744	-0.14166207906027928	0.20422034843830342
0.3506246519268478	-0.14044735904245198	0.20487395833057337
0.3507083653174798	-0.13889125314436063	0.20566615628026402
0.35087501614804256	-0.1373137944627416	0.20657432799602315
0.3509642099303424	-0.13597507533808428	0.20737822629621586
0.3510617332817891	-0.13396021516246492	0.20858911275656186
0.3510740205589804	-0.13309701550426822	0.2091701523236088
0.35115255652685556	-0.1318501000158453	0.21002134775311607
0.35134363282706865	-0.12869627850620952	0.21189723869940394
0.35138588966989404	-0.12747721260801342	0.21254774266663146
0.35173530574105644	-0.12498599415937546	0.2139878816914796
0.35222812491001965	-0.12329000940594638	0.21507048214676733
0.3525578322582366	-0.12241973621312797	0.2156599725608669
0.35392666882752655	-0.12039346102847213	0.21717225046674463
0.3545861794115911	-0.11957412467159857	0.21775974732078812
0.35654165448943836	-0.11783000897735389	0.21881797134542338
0.3582634286973607	-0.11690768683365217	0.21942030989720102
0.3598443515997474	-0.11639284855533642	0.21968552024627866
0.36143673270208765	-0.11607969011020484	0.2197691959643492
0.3635261023320105	-0.11590476143465277	0.2195617964061826
0.3665014228622592	-0.11602562687129105	0.21890959026164208
0.36765709656081924	-0.11612528509512242	0.21853418381574397
0.3702737860768687	-0.1162171529226849	0.2174529789576314
0.3719025515124447	-0.11614971902207195	0.21659458236243986
0.3736245812057497	-0.115970311506591	0.2154072380816316
0.37517461786091916	-0.11557963493264269	0.2138970038309322
0.3759171961344294	-0.11535855061481419	0.21320061767212978
0.3774779177505322	-0.11488368681221488	0.21166460691552644
0.3784702194077192	-0.11437517762024015	0.21055390291492965
0.3792952056122118	-0.11363260424790265	0.20931111977452702
0.37985298686744123	-0.11311338129144226	0.20849498002451994
0.3807739210972394	-0.11171383771035044	0.2068218055516629
0.38100238325915525	-0.11108318216337339	0.2062262060782576
0.3814281751062916	-0.10947251189223382	0.20494064613548252
0.3816761239483317	-0.10827217648609076	0.20413974627988835
0.3817526856196958	-0.10698623097035036	0.20350720390052962
0.381811540866916	-0.10567158409069148	0.2030651834060997
0.381752174386823	-0.10410557943119787	0.2026855929775628
0.38160022659472237	-0.10197601052069823	0.20245768328149671
0.38141015218660423	-0.10052999332539454	0.2025481741699767
0.38119998071631483	-0.09908164921197306	0.2027317036661009
0.3808790926384251	-0.09683468780148512	0.2035262044808728
0.3806513956693842	-0.09550131774980407	0.2041112632605406
0.3804279923859758	-0.09432913950177967	0.2048251117887848
0.38005085104150654	-0.09242765312391173	0.20620106230397484
0.37975365966803454	-0.09115799000343101	0.20710485892797445
0.37947005723228044	-0.0899145786172187	0.2079927637290399
0.37907617334468746	-0.088551259545868	0.20904924880909195
0.37879628802600973	-0.08764201821460012	0.20973481508240965
0.3784920594035048	-0.08678660887975091	0.21037784713257152
0.37831146959778894	-0.08635171096255058	0.2107715689463433
0.3780505918980152	-0.0857786822190539	0.211289474121023
0.37761628413834364	-0.0851155754497508	0.2117764826831189
0.3772808828215366	-0.0848722635028361	0.21204648622095076
0.37719417851061576	-0.08471277904023618	0.21230403184604096
0.37699632741789135	-0.0843368784476937	0.21290822066332407
0.37686038534623423	-0.08410057061818195	0.2131643583487553
0.37631433747455767	-0.08320754268626442	0.21372284573327674
0.3758740268148344	-0.08261074267314501	0.21412630413832237
0.3756034175541701	-0.08234828311109528	0.21442325183171207
0.37532775215659214	-0.08205439183948442	0.21481019157385414
0.3750743183086793	-0.08178719869126978	0.21508000809208322
0.37493152443863026	-0.0816437370589836	0.21520579844602117
0.37442323305528113	-0.08106260242805179	0.21582299419743312
0.37417605544943255	-0.08081779142694114	0.2160738872331454
0.37400540534837506	-0.08064781245785153	0.21629028375348477
0.3738142117167024	-0.08042334431383426	0.21652516514541292
0.3735299974795191	-0.08006282603884064	0.21688529227114065
0.3731805174760189	-0.07969323496997453	0.2172318179354041
0.37303675281223747	-0.07954898520363703	0.2173527363210804
0.3726227741736584	-0.07910616987061798	0.21792985749290994
0.37248611642696117	-0.07894722248185364	0.21808054908797134
0.37216632897259194	-0.07859739384028851	0.2184007554589442
0.3719101013617789	-0.07830207657085785	0.21864108732858067
0.3716668048579405	-0.07801988370666911	0.21891557557644478
0.37142498752296493	-0.07776842967887908	0.21924179340094718
0.37124502965293044	-0.0775746417737143	0.21942215642625176
0.37100172359818456	-0.077313605771919	0.21968868931993865
0.3706930598422452	-0.07698076488652901	0.22004438420626535
0.37055204176836826	-0.07681972861367294	0.22019891926854718
0.37026874318365666	-0.07649955628825302	0.2205080464336781
0.3699533703052172	-0.07613787565591028	0.22093459928593345
0.36983673709461506	-0.07601613329528824	0.2210606256657177
0.36963996058117	-0.07581248477153228	0.2212855420609782
0.3692475005507751	-0.07535956622364019	0.22174014521942198
0.3690489050111811	-0.07513097299097705	0.22201913717827212
0.3688705832351051	-0.0749388867322275	0.2222587406812625
0.368756053433168	-0.07479994381226544	0.22241647311126223
0.3685509582668416	-0.0745075311922518	0.22268145779161536
0.36832790069188587	-0.07388749839543758	0.22316028615682276
0.3681825425932461	-0.07350308514095731	0.22350091422897395
0.36793584833364107	-0.0732329822411923	0.22383329616920788
0.3677766626253198	-0.07307742570874314	0.2240780493791168
0.367673969072893	-0.07296511393262532	0.22426199613969067
0.3674316259073948	-0.07270839984430004	0.22466430246384983
0.3671092554029098	-0.07235360045290624	0.22510344516659767
0.367030484623567	-0.07218996008984775	0.22526789394943794
0.3668400077530821	-0.07158848610152156	0.22582492316009548
0.3667220519496951	-0.0712395451883331	0.22612451212687565
0.3665195640605758	-0.0709506622819437	0.22649784131673983
0.36643526249655384	-0.07088413809502851	0.22663975057884286
0.3662291138114018	-0.0707087196437174	0.227313973213908
0.36619781573189947	-0.07069575690182318	0.22772644965320402
0.3661897186863791	-0.07051176463545868	0.22802818901199529
0.36610433825066496	-0.07026726817152963	0.2281854494220334
0.36586448096735535	-0.06954518510642059	0.22867792224078928
0.3656015600783057	-0.0685929836154832	0.2292745932100158
0.36540909026877544	-0.06772878261275224	0.22957874412324766
0.3652383840667783	-0.06709870647390694	0.2298964704967834
0.36497126320242196	-0.06596420866327225	0.2303155219687222
0.3646925949046034	-0.06493104019018316	0.23074440184585795
0.36450660230940757	-0.06402922774161722	0.2311185445542699
0.3642529879239076	-0.06300493744390702	0.23154049581425984
0.363968611888695	-0.06185615807101623	0.23190355797224377
0.3636058698950466	-0.060348540353837035	0.23252157627069303
0.3631518276193889	-0.058583726097255026	0.23313191584148127
0.36292430928835784	-0.05756496664340126	0.2334706224012177
0.3625420422250064	-0.056162899514435496	0.23397493698909286
0.36239193360282257	-0.05554119055581343	0.2340939464360072
0.3619196623528452	-0.05375543640254553	0.23477775859603245
0.3615113145780781	-0.05223735380430429	0.23524889250480668
0.3611007514438455	-0.050543845473060914	0.2357582054932933
0.3607492636777978	-0.04888877206149374	0.2363247642583295
0.36055929313204205	-0.04799298948746765	0.2365866280213225
0.36020187558886113	-0.046296688401413336	0.2371270999782484
0.359615822193246	-0.04334673924330866	0.23800588644292658
0.3592512417801558	-0.041574766702396806	0.2385778075134528
0.35889345186727967	-0.03979626045721442	0.23913413312312018
0.3586227484224561	-0.03839464387468346	0.2395376488506229
0.3582476767766912	-0.036599325389211804	0.24012762467798637
0.3578634384754416	-0.034621293867364775	0.24068304554811254
0.35741703607201764	-0.03223075358945675	0.24135856663552713
0.3570401800410067	-0.030528980261081848	0.24190137845942722
0.35674789193469847	-0.028861105557502445	0.2423804250282972
0.35647117880486984	-0.027689686161101637	0.24273435320846254
0.35602995172575724	-0.025354276577962645	0.24343000113639773
0.3555471223457756	-0.02289784851074754	0.24411498181855332
0.3552323553720733	-0.021286098429535147	0.2445719536884507
0.35494191842202816	-0.019738565566291735	0.24498691006065126
0.35462553868129815	-0.018149876506595955	0.24540672624595516
0.354310239106024	-0.01656186674893477	0.24586710683020815
0.3538647378079464	-0.014215916600702275	0.2465235857606375
0.3535284609362397	-0.012626906450498701	0.24694286347370817
0.3532806559797621	-0.011266456626794999	0.24730370997351037
0.35296872691089753	-0.009816656374719443	0.2477297854758883
0.3528132596832252	-0.008891884380701473	0.24788759042994504
0.35245685370816976	-0.007079415122100904	0.24846231483060896
0.3522152160799249	-0.005856081618102929	0.24870358396675465
0.3520101050501823	-0.004611923288059164	0.24903536681546187
0.35169193668831417	-0.0032550784739383137	0.2494428819185178
0.35144258116580185	-0.001666561142053949	0.2497519333558406
0.35119845384440374	-0.0005904665846484941	0.25010321046983164
0.3510724199471901	-1.0442934651702651e-05	0.25026705965002494
0.35092037635816603	0.0009079661355653051	0.2504532870736925
0.35074463995346805	0.0019219107266575247	0.2506334367001779
0.3505717855771793	0.0027084330649839866	0.2508976272129928
0.3504097353841821	0.003362507818605323	0.25106637461476167
0.35029292799020995	0.0038370558180703535	0.25110564906395433
0.3502355062133936	0.0040035357051932535	0.25108834099993116
0.3503189206164984	0.004123354701175433	0.2508566640565028
0.35032703691007794	0.004123645946165891	0.2508160562976622
0.3503266052197159	0.00412026357497354	0.2508135900434334
0.35032635242034726	0.004116852408880059	0.25080931233676973
0.3503250960399412	0.00411283358943805	0.250805985701576
0.35032469590662685	0.004105007823117027	0.25079985502980817
0.3503251708093466	0.004097609022121931	0.2507954652932386
0.3503251214506837	0.004093510305064982	0.2507914383867057
0.35032648662684684	0.004089851861723573	0.2507881497290524
0.3503279024682294	0.00408529262844233	0.2507843902079452
0.35032940248148936	0.004080117028726918	0.25077811225657787
0.35033288288704073	0.004074731694281228	0.25077274113588266
0.35033327752817156	0.0040728782921265055	0.25077103202867196
0.350334485531161	0.00407108715356104	0.25077025761237615
0.3503352153442613	0.004069615725616829	0.2507705427712089
0.35033615833873805	0.0040693311279615535	0.2507711235413438
0.35033678579990146	0.004068594445731585	0.2507708363459834
0.35033720011341507	0.004068145933848702	0.25077089269015584
0.350338371307321	0.004066997806298225	0.25077063418734735
0.35033827953263263	0.004067558243835298	0.2507712179020994
0.3503384115490666	0.004066861519443923	0.2507716222107176
0.3503388782266489	0.004066907029622133	0.2507719866957804
0.35033958753985317	0.004066818239499517	0.2507717772316371
0.3503395505941502	0.004066208549823189	0.250771408801214
0.3503393312772549	0.0040670338756449015	0.2507723895128475
0.35033976212344925	0.004066536086307818	0.25077242659768473
0.3503398508246337	0.00406645889722658	0.2507724515762186
0.35033950248929085	0.004066816086446726	0.2507730800505562
0.3503404424921168	0.0040659513860721724	0.25077193374774676
0.35034028495298525	0.004066414421698403	0.25077222330131266
0.3503402487264567	0.004066902470486619	0.25077298483456645
0.35034069639958826	0.004066956604623487	0.2507733440183175
0.3503403314883429	0.00406621384180271	0.25077312522368334
0.35034032419261146	0.004066961867683308	0.25077258166508665
0.35033999246195546	0.004067118105552783	0.2507735971153605
0.35033982125099905	0.004067335896880006	0.2507729065780558
0.3503397029080558	0.004068277863293487	0.2507734823627219
0.3503404589469409	0.004067426723876125	0.25077410902035036
0.35034052430614765	0.0040671714723172075	0.25077348345468475
0.35039653983516034	0.00404620647914912	0.2507791566118443
0.350399457710015	0.004043917581665071	0.25077915713051185
0.35039058999977596	0.004045563807634836	0.25077689621268107
0.35038105559337973	0.004047363746998836	0.250776383521898
0.35036640229615734	0.00405095613462321	0.25077291842638594
0.3503598736790128	0.004052671077707501	0.25077347435033354
0.3503573226095858	0.00405335207243436	0.25077279905059363
0.35035881235984406	0.004051746407278026	0.25077266484158034
0.3503749205138895	0.004035520714997257	0.25077320035841905
0.35038893531729726	0.004020632688440037	0.2507711392751809
0.35039511046656874	0.004012649332684401	0.2507632967376463
0.35039424341318426	0.004011520275889288	0.25075600050584745
0.3503891256732127	0.004015930174562324	0.2507558593996588
0.35038273507091805	0.0040225507622046325	0.25075818863269905
0.3503811319938876	0.004023581048537214	0.2507590397972258
0.3503759228089113	0.004028594123892629	0.25075874271670934
0.3503706500878782	0.0040335521247967104	0.250758610232942
0.35036517249317656	0.004039203487006385	0.2507589076615835
0.3503602843369145	0.004044650100872529	0.2507592943525988
0.3503544262987713	0.004051085473522439	0.2507591731035699
0.35034993469587566	0.0040548557545709435	0.2507593047814247
0.35034634507945456	0.0040588722047025655	0.2507607751114931
0.35034501283396086	0.00406106154961465	0.25076131856788547
0.3503440616069	0.0040622616110607	0.2507631692330934
0.3503426483265396	0.004062978902369632	0.25076350166260275
0.3503417430392687	0.004065391986035019	0.25076573534698143
0.350057710998184	0.0042386169148436875	0.25078724514668554
0.3500105808894551	0.004291973913609595	0.25079158474823776
0.3501607561168175	0.004246753408725115	0.25081478583540445
0.3502148312748732	0.004206364657871289	0.2508225604220004
0.3502976348107039	0.0041419592669469235	0.2508324630783314
0.3503182531888015	0.00411968948546472	0.250830756217745
0.3503258628304632	0.004110431724993521	0.2508287464211812
0.350333146483007	0.004098448590931211	0.25082372868437997
0.3503356760689367	0.004093480835380844	0.25081948124196124
0.3503379237102563	0.004086233124612107	0.25080960848292233
0.3503563186779114	0.004066869418981892	0.2507649377795532
0.3503603813083168	0.0040598125668175195	0.2507488308001693
0.35035880917708295	0.004057095243982803	0.25074802133090757
0.35035813216764206	0.00405532590790629	0.2507471721371809
0.3503562330911364	0.004055313122225138	0.2507478023947144
0.35035595591922897	0.0040547028758291664	0.25074896182025885
0.35035374886385734	0.00405547651385034	0.2507513868065067
0.3503525537979984	0.0040562787327376865	0.25075346531448783
0.3503520781327332	0.004056359052362471	0.2507533805325598
0.3503508128195044	0.0040563776849357885	0.2507544853244205
0.3503496553781402	0.004057688893913322	0.25075686925396456
0.35034962085468263	0.0040571198218758014	0.25075652537509585
0.35034824938558184	0.0040592752252918834	0.25075805964631764
0.3503476952941312	0.004058878189921386	0.250759262315563
0.3503470485657399	0.004060024770775092	0.25076012080457444
0.35034591854842767	0.0040599844067620156	0.25076097114190127
0.3503459965159781	0.004061038749460774	0.2507616038312578
0.3503459117256474	0.004060663314281357	0.25076322184424155
0.3503447146671143	0.004062238788289305	0.2507654491911427
0.3503437599505102	0.0040629942497671795	0.2507667904704619
0.3503423011468202	0.004063902298052438	0.25076811254386044
0.3503417517826939	0.004064684561414136	0.2507706464686884
0.3503390051251412	0.004066607234352995	0.2507787157795391
0.35031816316236275	0.004058371257948265	0.25097218471595517
0.35046237943031455	0.003520408217017837	0.25121786450351496
0.35047016873629977	0.003131911246772187	0.2512707562404243
0.35048966165804	0.0025253977407672795	0.25136192210129804
0.3505652795099711	0.0014534872368276303	0.25156842110443545
0.3505833438113761	0.0006161749173639458	0.25174812673053015
0.3505598911221182	-0.0004834074732028709	0.252003958316674
0.3506157006430978	-0.0013922889403110844	0.2522581013605855
0.3506005666771548	-0.0029702419606228297	0.2526552315624045
0.350584326318228	-0.0041181703045612	0.25297063957842303
0.3506115137974531	-0.004842758818257811	0.25316199582556576
0.35057994766095213	-0.006165472198260649	0.25355767967046716
0.3505652122123318	-0.007779103812173269	0.25400190859987953
0.3505050657687027	-0.00970574036266493	0.2545630555107113
0.35050762346522824	-0.011464252625295171	0.25505442115658955
0.35045891899824316	-0.013025912882456095	0.25545057454729514
0.3504701598045839	-0.013911699406345304	0.25568266359244807
0.35040106029124485	-0.015525249642961272	0.2561938303786824
0.35032273111912116	-0.01699114473976711	0.25667680382543984
0.35015438356146456	-0.01990486366941381	0.2576616415822966
0.35002399866839723	-0.021645802509199355	0.25827067111950913
0.34995597304781767	-0.02261490176124624	0.2586191145385417
0.34976164305162954	-0.02509665984339883	0.2594619623151435
0.34970413917720383	-0.02685369352925375	0.2599650607837284
0.3497496902802962	-0.029754300813852344	0.2603178265482012
0.3497311855686824	-0.03155416637227239	0.2605696168505748
0.34977091245502945	-0.03367124603881748	0.26084692341208515
0.3497154903385309	-0.03575298270686862	0.26119144591845056
0.349689850743227	-0.03831397074345948	0.2615019721134717
0.3497216400209181	-0.040628312372680955	0.2617246510305251
0.34969400529462635	-0.04278267966040526	0.26196344890090273
0.3496584456354779	-0.04413756854743346	0.2621531765094468
0.3496502897703444	-0.046993960260501164	0.26235531329334955
0.3496334123526334	-0.049284318575048267	0.26250695729961937
0.3495828650829388	-0.052067856973834606	0.26264654873902094
0.3496378639720716	-0.05341993355161602	0.2626451455686678
0.3495843411731573	-0.05570847340685202	0.2627626025313562
0.3495912715894613	-0.05855014602617302	0.2627335384480243
0.3495788881260989	-0.05993758921310931	0.26273628672172145
0.34958246686341216	-0.06190272937450368	0.2626800860667876
0.34954714134977893	-0.06629255564860174	0.26239918881298185
0.3495143165580641	-0.0682896537596178	0.2622837153521242
0.34952125233638315	-0.07015568503253113	0.26205187292575527
0.3495134413272177	-0.07242171637045154	0.2617555986791372
0.3494808544756101	-0.07448997148087598	0.2614944351022289
0.34948586234217766	-0.07750639947559797	0.26093810472089024
0.34948491995457454	-0.07969701402968711	0.26041504471823723
0.3494442762353933	-0.08142510336103036	0.26004872682225816
0.3494749721669316	-0.08274815049682653	0.2596901362007807
0.34943328727236134	-0.08458513273107619	0.2591553380847004
0.349437584826972	-0.08747975119672778	0.2581955767657297
0.3494228486903283	-0.08941976012363871	0.25742733551595576
0.34941448906874506	-0.09176976892437676	0.2564568204630723
0.3494192907577827	-0.09409693763458511	0.25529283095519995
0.3493986885432569	-0.0958194234204253	0.25437088203022107
0.3494114174410318	-0.09745516683063442	0.2534057714551964
0.34940015215411163	-0.09859296368070862	0.25268743176257213
0.34942884008868336	-0.10003469662493637	0.2516941504604039
0.34944575050922605	-0.10327012111181245	0.24923198742964778
0.34962050058972566	-0.10416806696105903	0.24858682044892996
0.3504358771573979	-0.10664506572530096	0.24675307764628096
0.35119263166860687	-0.10834315241622418	0.2451761819129638
0.35215932366182834	-0.11011747427362449	0.2436779752685514
0.3528090169097412	-0.11114538969582678	0.24278457606815987
0.3553545478145599	-0.11491305274388831	0.23945877285018718
0.3568306459023802	-0.11678427586650707	0.23771237334321912
0.3583339393867815	-0.1184562774164881	0.23618695950311044
0.35981823510539007	-0.11999200964618954	0.23470233824517142
0.3624751301780524	-0.12269869030159257	0.23221520929771225
0.36388259378470933	-0.12404629426474086	0.23089129674567554
0.36807466771552033	-0.1277772946769556	0.22727149677804973
0.37050438149815523	-0.12983460501474442	0.22531860847319324
0.37338900603664693	-0.13218652821508614	0.22293243690452744
0.37494655856539705	-0.1334348991356864	0.2217175688773973
0.37927052432522934	-0.13676214154800365	0.21845082985233924
0.38133580652941046	-0.1382618937171572	0.21698505088925624
0.38713658052011685	-0.14217440063022574	0.21320979604835652
0.38987262440031056	-0.14394456779998616	0.21172652124192143
0.3928246621502266	-0.14569948869980065	0.2101051936108471
0.3946996008077489	-0.1468209266450708	0.20911703129479098
0.39883805500475844	-0.14914416338574155	0.20690360455779608
0.40227230750996384	-0.15100388657887426	0.2051122535889922
0.40595875340798326	-0.15294971540129215	0.2034162196414876
0.40775848396240816	-0.153873951820169	0.2026653910257672
0.4104465743144792	-0.15518538131678516	0.2016057297268805
0.41382050215337	-0.15657643481572975	0.19996282543324057
0.41648794366665776	-0.15770023509632525	0.1985458580894093
0.41944060297686714	-0.15873630373423336	0.196970277974448
0.4213956381578444	-0.15927679866545652	0.19577368911677667
0.4230712952251369	-0.1596729999746926	0.19477162492562666
0.4246830576890001	-0.15998554480169142	0.193593031990554
0.4265696364511854	-0.1601328012700236	0.19194495654527613
0.4274744716795766	-0.16019942930325326	0.19104771613453972
0.42857580465233364	-0.1602968132233905	0.18983429412393324
0.43015202047790957	-0.16017438853350674	0.18778558287799893
0.4313504707239061	-0.1599332318546413	0.18607569740531332
0.4328693234556347	-0.15955263366381472	0.18393137373739032
0.433527323311421	-0.15952335632473374	0.1827426167017101
0.4346801425163718	-0.1596778565135123	0.18012844280443777
0.4355446738401652	-0.15947291941347613	0.17819186647965726
0.4364213105757742	-0.15902569027645252	0.17619474435030144
0.43730434217347114	-0.1585084958369381	0.17399814403861902
0.4381515568211619	-0.15787950419162494	0.1714708333820655
0.4385425540024101	-0.15749578682860033	0.17027888521423665
0.4395025079342432	-0.1566207032701165	0.16758687982657813
0.4401309910788545	-0.15613837845548934	0.1657334365758691
0.44128265509741627	-0.15529713780211601	0.16282486289222686
0.4420972384527826	-0.1547695326385644	0.16086338701144065
0.4427646838365612	-0.15421506504033794	0.15901209562140917
0.443382052725919	-0.15361629235661717	0.15696146020286778
0.44387888319109164	-0.15315910778196923	0.15491855931444776
0.4445087400370815	-0.15262773870814317	0.151943007670504
0.44487569175077485	-0.15243058195387127	0.14974116246930974
0.44508967547870076	-0.15238010204348051	0.148392193020918
0.44536265938731734	-0.15218754389085892	0.1456360424481849
0.44535972511789046	-0.1519845781420202	0.14404275852675502
0.4453659117433237	-0.15179082832342994	0.1418030293733602
0.4456936657753699	-0.15185147115761027	0.13852585267918016
0.4461643574639569	-0.152191754173569	0.1364709117386097
0.4466316150501595	-0.1525526036206305	0.13336143560457703
0.446941941368825	-0.15288859378439412	0.13187567591544064
0.4473793729415615	-0.1533792533900784	0.1296612266381777
0.4480047388438041	-0.15406099206364565	0.12655635014104083
0.448605855924014	-0.15467760418157278	0.12324848376879799
0.44899717508990095	-0.15511680904690317	0.12093112921467974
0.4492330679234946	-0.1553714194803505	0.1195200040614624
0.44961065550624213	-0.1558188548681766	0.1174108418740768
0.4500024317011222	-0.15626781075690344	0.11500224984673063
0.4505952296512501	-0.15693241117099987	0.11151997465151386
0.4510613299437413	-0.15758126019906632	0.10806870543526237
0.45134107250746774	-0.1579440446161982	0.10638362614178343
0.45177404640124746	-0.158530647606915	0.10338220408517967
0.4519977951091805	-0.15884250132657235	0.10181298390206078
0.4524779054259155	-0.15949542456554683	0.09837305437209681
0.45267371503937043	-0.15974656026827344	0.0971579854223073
0.45316986829488054	-0.16015530080021917	0.0944560206273613
0.4535356205276087	-0.1604742019246303	0.09233881838292601
0.4539939210567273	-0.16109714004795112	0.08906681035394759
0.45428247470512667	-0.16153430804345048	0.08686675194849225
0.4545875843930472	-0.16198359339253554	0.08458134162304809
0.4547527570956121	-0.16220661247347518	0.08329754047327215
0.455446378113995	-0.16285769850555165	0.07925335714417964
0.4558083773576792	-0.16317737445107983	0.07747105241879837
0.45607449646221965	-0.1635566144996246	0.07529871222030193
0.45627829765378136	-0.16384401668871867	0.07396618283002038
0.4566073849815153	-0.16432070132391774	0.0714962353589107
0.45692118280518795	-0.16475561316734627	0.069345916423039
0.4573911302052762	-0.16528691148903896	0.06646245911869542
0.4576825298240556	-0.16543957425053513	0.06511204949640931
0.45791685896784884	-0.1657346621672277	0.06353204272632323
0.4583110386300758	-0.16622119500432442	0.06114256397009865
0.4587503247954269	-0.16668418333227375	0.05920250231445601
0.4592988749625967	-0.16709558835802496	0.05748628736527478
0.4596859249142508	-0.16747577520849516	0.05609179126153374
0.46024887943683457	-0.168004981439835	0.053986371901552255
0.46050419033185136	-0.16823382320742575	0.052906112720737086
0.4611247221892543	-0.1689350021604859	0.05009139702217624
0.4614188526038018	-0.16925056334767696	0.04853061895414962
0.4616358294872275	-0.16954399650456614	0.04718060776428867
0.4617812086407216	-0.1697767770693674	0.046200836886407914
0.4620481220608877	-0.17019375909228907	0.04419573238383884
0.46221977103886497	-0.17061762403695602	0.04209223755294805
0.4622827701659868	-0.1708030092833961	0.04096387220654468
0.46233466290279823	-0.17099488944007935	0.04000595753311298
0.4623775926346648	-0.17132050166595442	0.038176659585947625
0.4624524598899198	-0.17157681351748305	0.03691083689779817
0.46284736895536616	-0.1719940389423138	0.03552156942714968
0.46310978502124733	-0.1721963208193411	0.03497071416064984
0.4633915246760919	-0.17251832091639085	0.03414512809681858
0.46395257287826425	-0.1728937305347038	0.03302012859328679
0.4642680406963653	-0.17309550303787213	0.0323516573048091
0.4645838823506079	-0.17325132716712122	0.031650665022079194
0.46528172651238886	-0.173646650548346	0.030803625483447394
0.4655609980543385	-0.1737950370823183	0.030331127258387602
0.4658064224449533	-0.1739854099878036	0.03001627241166782
0.4660638364295006	-0.17424661730514074	0.02959986291520167
0.46634189025324563	-0.17445953175647644	0.02932268282160677
0.46682438318535685	-0.17477857325257962	0.029042976728101688
0.4671732447058161	-0.17511691768502718	0.028740467502097466
0.4675341547212509	-0.17542068544099565	0.02857767982757564
0.46788009339041103	-0.17564492847558721	0.028422804281273306
0.46818167321144066	-0.17584395819002052	0.028235995270236736
0.46839032835473454	-0.17603306092833593	0.028019854782906806
0.46883969091662886	-0.17637145187166448	0.027826016827755706
0.46911332646328635	-0.17661437644714023	0.027683517833123394
0.4693892063187986	-0.17684730792954473	0.0274810661996982
0.4696550768279835	-0.17704817732304462	0.027300703433074003
0.4699733011963927	-0.17726249601542715	0.027176713538272945
0.47024485405111544	-0.17746486526093558	0.02700783968442949
0.47061574295636605	-0.17773615689648842	0.026737467648679847
0.47076503848609824	-0.17785325795647067	0.026635150148664133
0.4711589137090895	-0.17821224248614476	0.026441058900820213
0.47134182296109084	-0.1783473860783052	0.02636444131418747
0.47175697096429425	-0.17856737395949707	0.026162135573135736
0.47209345175503664	-0.17865475418591203	0.025998750615543298
0.4723605815479691	-0.17880307056767025	0.025856977940506898
0.47266697636122956	-0.17908361677828655	0.0257030115190513
0.472891871384017	-0.17921091110072296	0.025594007622596726
0.47309539541640266	-0.17932283248744524	0.02541990609429068
0.47355408032051977	-0.1795552662537201	0.02518379931338255
0.4739116522011494	-0.17968954104752327	0.025067905876224372
0.4742576003091951	-0.17987719337156294	0.024925439780683345
0.47444420117844444	-0.18000970889623658	0.02478910395089229
0.4745932685490101	-0.18010489292047266	0.024648932499464427
0.47487615658429766	-0.1802256023503357	0.024448875179013063
0.4752712468155477	-0.18036297289344405	0.024363113604044973
0.4755356484111897	-0.18049195331187246	0.024256163536965247
0.4758972678377312	-0.18056796841234618	0.02422499451043636
0.47634038713465476	-0.18074006864814757	0.0242551406665516
0.4768226400920419	-0.1808222480553276	0.02433618230116391
0.4770070142308748	-0.1808690061429848	0.02435195642798843
0.4776921485239832	-0.18096373990967396	0.024434349824756896
0.4780931176913385	-0.18103853441690798	0.024499783892193594
0.4782616252331127	-0.18111218759714348	0.024495109154327732
0.4787209177175181	-0.18122868261967856	0.024570298563101556
0.47930893193695606	-0.18127002986898866	0.02465431826879666
0.4797625168026541	-0.18130317413813135	0.02467777293052853
0.48008470574158435	-0.18141057548472295	0.024692537706064666
0.48041233897960145	-0.18156024919061253	0.02471829955358984
0.48081562832919517	-0.18161780343158634	0.02479271432823016
0.48123805255700774	-0.18162443709407272	0.02484153030010755
0.4815421837432821	-0.1816882362891576	0.0248516425533013
0.48173151335939834	-0.181769075940865	0.024854737471923127
0.48225106134332524	-0.18191347542150627	0.024838349314811548
0.4824895352110063	-0.18192611476364123	0.02486711632166161
0.4830325580435687	-0.18196181955026308	0.02495280829111718
0.48335818073633574	-0.18196873501917837	0.02494586447122865
0.48336194744360866	-0.18199346844823105	0.02474351857153606
0.48337647548221424	-0.18196636218742335	0.02453646599208731
0.4833933938927136	-0.1821130656313995	0.02435172514731937
0.48337837821462604	-0.18234742084425026	0.024211217236450477
0.4834970156401252	-0.18309562062382145	0.023921251868015136
0.4835896807548842	-0.18352481394593495	0.02382041542192742
0.48360215552149516	-0.1837564933236357	0.023736348133779117
0.48357531222610506	-0.1841848736215912	0.0235373220061999
0.4835307789077782	-0.18467870294857908	0.023291219645563577
0.48350242568275026	-0.18487277999999735	0.023183532833662035
0.4834639971465918	-0.18509623965614558	0.023049931315440253
0.4836390189807459	-0.18518955227516815	0.023190579891656737
0.4840385013719417	-0.1853497694056424	0.023616064246231805
0.48433116388852365	-0.18528726720113364	0.024363823947213425
0.4844192291724703	-0.18538121450059075	0.025259911210785857
0.4843095952700033	-0.18548694515453745	0.02674367550841289
0.48444031513625313	-0.18566607385293915	0.028313350786013047
0.4845334773349961	-0.18573774009034705	0.029917621687033547
0.4847348810435905	-0.1858615371786131	0.031954399774141995
0.48489521280497916	-0.18602549391587997	0.03421046420807339
0.48494186719759363	-0.18615985813358005	0.03573688157261279
0.48514293591074903	-0.1862825441616347	0.03811146500235918
0.4852730430958045	-0.186394206268729	0.04190245578614332
0.4853736215155984	-0.18651867597524835	0.04482271857951542
0.48550524606781514	-0.18667480618595417	0.04824769718572047
0.4856215969038896	-0.18681654106904289	0.05297701081766498
0.48568412784262377	-0.1868603257730484	0.05500936747182017
0.48577629717037435	-0.18694322226227833	0.05890978061156987
0.485884818351987	-0.18710075014353472	0.06359594404514685
0.48592085111284455	-0.18716741372749718	0.06696492179055924
0.4860254997882418	-0.18722935745978803	0.0693157707264066
0.48611104054905535	-0.18738110147168896	0.0769317818700408
0.4861742867643991	-0.18744087908645596	0.07986351289070598
0.4862492533739263	-0.18758551956549147	0.08577770327430895
0.486286175441567	-0.18760669516277773	0.0881101037541876
0.48637574246328374	-0.18771222122200903	0.09433330815565216
0.4864266599699185	-0.18778030005125135	0.09858633468444705
0.48643581550081416	-0.18783389483277058	0.10322402163981259
0.48647378695368654	-0.18787871311245558	0.10770830529088904
0.48654181003703006	-0.18793807650204075	0.11018935999409946
0.48661395004030344	-0.18805486041570402	0.11636397045456837
0.48664150952553104	-0.1881307059934325	0.12259053244510298
0.4866757444220032	-0.18816708885403882	0.12672408220482578
0.486700274149641	-0.18819724043420633	0.12915230904868574
0.4868000783507102	-0.1882250906713529	0.13549327742346567
0.48685826827812995	-0.18835943395288357	0.14131998630084536
0.4869047498526573	-0.1883769785355961	0.1456595034800191
0.48692564008203043	-0.1884156586379474	0.14852311111520317
0.486996519723345	-0.18849049710009924	0.15396229724340366
0.4870553923000108	-0.18851695232037313	0.15825327430832575
0.4871279143207083	-0.18858639336150024	0.16227777505267743
0.48720141441941694	-0.18862995724667975	0.16619132337224546
0.48723502572232263	-0.18871102904030607	0.16995994667170794
0.4873069232533979	-0.18870948022334155	0.17275270121026637
0.48740200374499476	-0.18883323113602946	0.17688826849877395
0.48745011587419723	-0.1888348516433872	0.1787757767604449
0.487584456413051	-0.1889662662284663	0.18385428309649862
0.48766495601578924	-0.1889511032240767	0.1878163272265235
0.48773605399833697	-0.18903856645078332	0.19046739879413913
0.487828791192267	-0.18915642907889502	0.19294007558970355
0.48794864271579713	-0.18920199526436904	0.19637971264283033
0.48803905118327057	-0.1892279885676259	0.197942130028066
0.4882715007025651	-0.18932304519260862	0.20072823974378307
0.4883927700718518	-0.18950867804396015	0.20221226145142412
0.48848375213806455	-0.1896224257680887	0.20309897720814446
0.488584363872459	-0.18993132804296908	0.20557603191898502
0.4886903730250979	-0.18999776856969136	0.20652637387064396
0.4888099031480276	-0.19000039269925179	0.20731964441170264
0.4888219075861575	-0.18995593889973061	0.20762754310657255
0.48888438638772064	-0.18988425864166147	0.20810716637178162
0.48913177185787293	-0.19004958036097414	0.2082900317922885
0.48902571619604496	-0.190138525811535	0.20807591719902746
0.4887624606289966	-0.19023901914982883	0.20791358227074117
0.4882078591049437	-0.19012405073584282	0.20780102365462794
0.487408071516084	-0.1899272707017321	0.2077053889418843
0.4859342539973766	-0.18952696977515332	0.20753053335852947
0.4851753002345264	-0.18933069720082674	0.2074565959376811
0.4838825514221486	-0.18893600580061853	0.20739909137835694
0.48191071842665933	-0.18826891061343004	0.20737899082629296
0.48058757969322186	-0.18774712987302755	0.20745593613122557
0.4784762579727015	-0.18704825995810803	0.20739285465165852
0.4757210475825296	-0.18625880376258946	0.20725294307307301
0.47394458321225214	-0.18573576633589106	0.20718292521135295
0.47165317910141363	-0.18508359908982147	0.20713552551944964
0.46947395100018247	-0.18443572485452603	0.20711297874245138
0.4661132755762749	-0.18350002552237027	0.20698303732916623
0.46444817262283195	-0.1830165659768226	0.20693575444763707
0.46182223701625946	-0.18220612118674923	0.206916590386504
0.45650330521363786	-0.18060999429747254	0.20680783064559805
0.4549116863720113	-0.18010399361028057	0.20677846788822038
0.45162930514719574	-0.1790964946666911	0.20671835692999418
0.4487179300290375	-0.1781516173701448	0.20672324016345883
0.44475697473386305	-0.17688704140903172	0.20662921039293553
0.43956039334700736	-0.17513145417946646	0.20660356187656598
0.43632453309032804	-0.17409075113695233	0.20655976577393587
0.43323179623092545	-0.17310735994102688	0.20647460959629685
0.42986752249733695	-0.1720438852859969	0.2064827265174146
0.4246440558825201	-0.17033556357715357	0.2064154478464501
0.4222774173645537	-0.16959648572246172	0.20641981579055466
0.4191516886523786	-0.16858600840918386	0.20639607385490702
0.41432827040234377	-0.16703881984990138	0.20636724293568612
0.4122038215433877	-0.1663686299827455	0.2063308020469175
0.40770523765749295	-0.1648651082591971	0.20630715038460787
0.40369249671394747	-0.16362199250517445	0.20625911461817076
0.39883883262038244	-0.16204321037833963	0.20623412008094028
0.3970699622004832	-0.16146624570958307	0.2062130069363347
0.3926163735041921	-0.16001961402561488	0.2062116041833975
0.38916768572811006	-0.15890010493716705	0.206176030539113
0.3852874292776658	-0.1576593679665057	0.2061735321748005
0.3817662905703332	-0.15652464612120714	0.2061501585007583
0.3785633442109516	-0.15548421488887199	0.20610142852181673
0.3765906697845049	-0.15484764041646099	0.20611223958709568
0.3739329751847038	-0.1539747164127081	0.20609801877966907
0.3696679427861756	-0.15262310391393358	0.20603244688767186
0.36603411423541143	-0.15145562803882068	0.2059956542660729
0.3645625296262147	-0.15095903029304159	0.20599623807508569
0.3621104606876285	-0.15019713588188677	0.20596267364504112
0.35872663178263026	-0.1491052175520532	0.20592728289988618
