0.349997942398604	0.14999887264479245	0.2015199256571658
0.349997942398604	0.14999887264479245	0.2015199256571658
0.3499973102035464	0.14999856331820233	0.20190919327174656
0.3499967876280554	0.14999831879742592	0.2022048936142689
0.34999646022012315	0.14999816814423972	0.20238289590595937
0.3499957146613888	0.14999778226757998	0.20285782276928965
0.3499950663823432	0.14999746196471136	0.20323203463512676
0.34999431581287516	0.14999713663464775	0.20357085297168087
0.349993475402268	0.14999676620456615	0.20395028345296604
0.34999256684645946	0.14999634270821122	0.20438598335931635
0.3499916395321257	0.14999587653871455	0.20488007460652402
0.34999098139860063	0.14999550791095156	0.2052953461830997
0.349990253084452	0.14999514363705913	0.20564580121402176
0.3499892502096944	0.14999460418803456	0.20618846387878959
0.3499884925148809	0.14999419471190167	0.20657750268962113
0.34998774530160603	0.1499937769244304	0.20697150664901476
0.3499872790936074	0.1499935128018105	0.20721495131236306
0.34998658610375033	0.14999306143544255	0.2076914996996886
0.34998573371251684	0.14999252190347023	0.20819323251259608
0.3499850781993367	0.14999209746910425	0.20857356673292501
0.34998458924396425	0.14999175643197282	0.20888757416055975
0.34998424934754924	0.14999151197462457	0.20910876605896286
0.34998376798594505	0.1499911672794223	0.20938980802142232
0.3499830867574734	0.14999060277649362	0.20991783969930844
0.3499829318620953	0.14999045202101996	0.21007569387914224
0.34998270383534474	0.14999018335445888	0.21040277367788626
0.3499826135926383	0.14999007101769463	0.21052397891764407
0.3499823970774142	0.14998979123173628	0.21078636341037227
0.3499823345827617	0.1499896502320215	0.21096265000722467
0.34998234946587764	0.1499895404308991	0.21113865652268649
0.3499823762239839	0.14998950980528175	0.21119987125014472
0.3499824858236077	0.1499895023136804	0.21129049250079474
0.34998266955016083	0.14998958541522756	0.21132347046845726
0.3499828306724289	0.1499896940991594	0.21131013399887216
0.349983012630458	0.14998985139397547	0.2112496719981113
0.3499831763171282	0.1499900590828188	0.21115479005670695
0.3499833735109505	0.14999041144211156	0.2109705127558811
0.34998347311945915	0.14999074004033397	0.2107811063214201
0.349983551376369	0.14999108788322676	0.2105458642111352
0.3499835586499118	0.14999130504252306	0.21039679623432445
0.34998352230095875	0.14999190256890826	0.20994420229685729
0.349983517137734	0.14999235924641446	0.20953303477689653
0.3499831210434104	0.1499928716479925	0.209107966747745
0.3499824256038727	0.14999356977188721	0.2084822632387965
0.3499817404781909	0.1499941171628623	0.20792972957261638
0.3499807806507348	0.14999466027006614	0.2073559530918269
0.34997885329250045	0.14999545516496215	0.20643666143134182
0.3499771771812811	0.14999603664882	0.20566443159409237
0.34997612846756493	0.1499963405443609	0.2052229862046446
0.34997380086316376	0.1499970597394712	0.20407786832646116
0.34997159033124414	0.14999757253550827	0.20311212714135862
0.3499671504289846	0.1499981623458571	0.20164116900790452
0.3499646473315608	0.14999862639556194	0.20049953710629873
0.34996314098025677	0.1500120698717527	0.1994491492174942
0.35000320913184096	0.1502432997240577	0.19823588792321564
0.35019986906972156	0.151284328659348	0.196258955089803
0.3504084433252427	0.1523858794262905	0.19481767009560438
0.3506555961616956	0.1536965144018445	0.19337218645628884
0.35098790780690337	0.1554310584322411	0.19176559821924077
0.35142363126383996	0.15772007067824456	0.18986656894501663
0.3518138194531896	0.15982592250967992	0.18825841750478106
0.35230360088740587	0.1624876684420452	0.18635718197786333
0.3528410024706087	0.16534967752369167	0.18445342497527728
0.35362331353587395	0.16956703865003758	0.18179351850582687
0.35461900748630026	0.17496707127460798	0.1785723094474127
0.35527936560529944	0.1785386849749041	0.17653102849456992
0.3559806072340849	0.18234907428020264	0.1744233470588551
0.3566844542245766	0.18612980258239226	0.17237284969476002
0.35748275412327085	0.19043911398185498	0.1700812201435262
0.3582836556750016	0.19494348183286442	0.16773768784168644
0.35946260281929043	0.20126014882283627	0.16450473257073628
0.3602942526136827	0.2059266223456055	0.16216115183960683
0.361201071484343	0.2109246070157298	0.15967517651189828
0.36253449312612523	0.21834133839808834	0.15603516911362247
0.36344518066321024	0.22339707205684745	0.15357503869028505
0.3644222269140498	0.22879539362445417	0.1509662615751362
0.36533621373041897	0.23380224950349582	0.14855781700540582
0.3663621945108347	0.2395972976280546	0.14578451681049387
0.3678280050542193	0.24769031335608305	0.14192201921869846
0.3688591584416855	0.25338368487582114	0.1392095157624551
0.3698459069542269	0.2588705581354782	0.13659755202133517
0.3703774027449144	0.261885533823394	0.13516336524943268
0.3718214244676938	0.26992659062945223	0.131330399214603
0.37328620256316425	0.2782558117919636	0.12734983954731194
0.3743473320510715	0.2840358407985364	0.12457086070313506
0.3753665647986535	0.2898170103578825	0.12178071863625162
0.3765089249565515	0.29631233441398275	0.11862929410562684
0.3779074620562936	0.3039676281072209	0.11487774413761126
0.37888125919195753	0.3093439249260043	0.11221853967627377
0.3798019088729032	0.3144200559095566	0.10968767514057015
0.38097414732816354	0.32084752484735984	0.10644548943056509
0.38221618189541695	0.32761548571787935	0.10298429312306218
0.38315972953512	0.33287547833016456	0.10025001878073658
0.3841237523521666	0.33800133974315105	0.09754679104805669
0.3850653914533036	0.3432366586702623	0.09473435527017093
0.385944568094951	0.34811692579598064	0.09206361721901746
0.387154906834704	0.35464001172420556	0.08840446100505184
0.38790901169101677	0.3587736712070056	0.08602793790985108
0.38915381191852405	0.3655127262482156	0.08202438051552513
0.3898552121027022	0.36922835010948063	0.07973629457810671
0.3902783667864969	0.3714475915218742	0.07833793545543322
0.3912481072382466	0.37683668752641847	0.07481119200253333
0.39186408490334645	0.3801609727245593	0.0725221820051048
0.3927801236842136	0.38503110237634025	0.06897393277214547
0.3930691654901746	0.3865731037556096	0.06778284658018602
0.39378812365435445	0.39033477543869954	0.06468762605365441
0.39447407944911217	0.39388067547829503	0.061426052760905236
0.3947319367397979	0.39521419435040134	0.06006719527192106
0.39504399676280305	0.3967968584891713	0.05830106575758115
0.3953425769077575	0.3982645415019866	0.05642221759653315
0.39579145900377316	0.4004763176515715	0.052812603537858216
0.39588659651769215	0.4009440526444419	0.05178444744516625
0.39601663492099437	0.4015124573130896	0.04981757351393257
0.3960642664432084	0.40157263200465076	0.04783742541264158
0.39608532929183915	0.4015530583837944	0.046589227272904044
0.39612760071394865	0.4015054064675552	0.04383990776238361
0.3961526350376306	0.4014772448683562	0.042212096120665454
0.3961754845919043	0.40144950861844975	0.040666085476626423
0.39619085852341535	0.40142992933254373	0.039599025471517835
0.39623229767643475	0.4013874241884993	0.03702381296413959
0.39624776913282744	0.40137168092530373	0.0360664351531354
0.3962788227059013	0.4013354799786313	0.03401170797643649
0.3962923879012719	0.40132214819809037	0.0331885644051908
0.39631718307554864	0.40129767901218594	0.03168321548375591
0.39636056558733845	0.40125868868925685	0.029171967975881397
0.3963860943212936	0.4012340074807826	0.027648240689461145
0.39640930989720513	0.4012118664318531	0.026276454028694107
0.3964324280342894	0.4011900846356679	0.024923739799567135
0.39645466617319813	0.40116983905151293	0.023648760818761327
0.3964814551192817	0.4011489905418978	0.022224627831701482
0.39650177776417506	0.40112755381054666	0.020983754022185996
0.39652518757650546	0.4011098552991287	0.01976949176555748
0.39655965583165853	0.40108146934776473	0.017926071844423352
0.3965824409800665	0.40106078187243654	0.016661201725065133
0.39661553775276204	0.40103391675272093	0.014934797490581797
0.3966291630309049	0.4010225346285466	0.01422052266468421
0.39664979556369584	0.40100594768560766	0.013164405450273697
0.39668236780947574	0.4009825198570471	0.011595779609878953
0.3967076378042319	0.40096456648415535	0.010399286591582235
0.3967384943926252	0.40094244219567027	0.008953203311881985
0.3967601909563502	0.4009269691320212	0.007953371186161295
0.39679057091649517	0.4009035933473551	0.006526197543923307
0.3968150339140508	0.40088707428767056	0.00545971140679713
0.3968368544886739	0.40087296491336316	0.0045398403384601105
0.39685882207310863	0.40085771153561356	0.0035972116605457183
0.39688076980352605	0.4008444092585728	0.002724929502041229
0.39691506661773385	0.40082488166195435	0.00142540237831007
0.3969283053564166	0.400817743353827	0.0009430753240157186
0.3969569672266129	0.4007998080002895	-0.0001440810220725841
0.39698080883958253	0.400788317899551	-0.0009369163872949282
0.3970049650359772	0.40077447438629593	-0.0017765709713722933
0.39702867685251564	0.40076059298932826	-0.0025874796581432102
0.39706194019466173	0.400744800816634	-0.003597495901110026
0.39708432234522295	0.4007348465866141	-0.004238410265216319
0.3971019540081471	0.4007262674156302	-0.004747633603986723
0.3971409072573492	0.4007095362250519	-0.005770594032591059
0.3971619215099811	0.4007002490023251	-0.0063025380542645615
0.39718440375371195	0.4006903674569426	-0.006850586060577923
0.39720697956394024	0.40068089148693425	-0.007365592012208377
0.39723958983540386	0.40066852225572885	-0.008042264026863422
0.39726171083157896	0.4006601634456705	-0.00847427424788283
0.3972747023839115	0.4006555647191723	-0.008709959158705649
0.3973067214733741	0.4006446846478431	-0.009246045643815648
0.3973408091363501	0.4006337904115731	-0.0097459976443664
0.39735393714884604	0.4006298654516764	-0.00991719984025835
0.39738553489284556	0.4006200236947097	-0.010301462031118647
0.3973972538858779	0.4006163727423008	-0.01043296195713328
0.3974398093351259	0.4006043279484676	-0.010811887213335036
0.39746247262599527	0.4005981975932436	-0.01096861375810887
0.3974752151391862	0.40059480608209597	-0.011044401866483256
0.39750763004697265	0.40058657512169926	-0.011179607818646076
0.39752038161533365	0.4005834532371748	-0.011212444346270056
0.39756244278551833	0.40057347853121816	-0.011256864062522076
0.3975822195716307	0.4005688439709449	-0.011264721776931774
0.39761034157037506	0.40056224739932167	-0.01127257285378025
0.3976462374979762	0.40055384205021793	-0.011279015122431457
0.39768056440987576	0.4005457858948074	-0.011281330821786617
0.3977138608890346	0.4005379706785965	-0.011281181007133212
0.3977324976205666	0.40053360520557246	-0.011280334375197099
0.39776692389894863	0.40052551938961306	-0.01127704664724627
0.397801557484169	0.4005173759908202	-0.011271796250256372
0.39786915521444066	0.4005014944605456	-0.01125800722535858
0.39791264945810234	0.40049127124337824	-0.01124665629531385
0.3979393362562375	0.4004850162621389	-0.011239053071987082
0.39799591336176254	0.4004717472308951	-0.011221356153640283
0.3980583378630416	0.4004571014888504	-0.011199465827823774
0.3981071491436702	0.40044563975052644	-0.011180734869318143
0.39813504551743034	0.40043908371088416	-0.01116943534090803
0.3981753507562922	0.4004296192288986	-0.011152588485398351
0.39824306704183826	0.400413710699566	-0.011122842819868306
0.39831454376172426	0.4003969054974188	-0.011089436726225532
0.39836363397867636	0.4003853790353542	-0.01106558326616125
0.39838940684357316	0.4003793265528711	-0.01105280379488549
0.3984566237829831	0.4003635424257225	-0.011018557596278011
0.3985302945929227	0.40034623227068417	-0.010979544942337771
0.39856432818621923	0.4003382392356361	-0.01096115855553137
0.39861301414579864	0.40032680712222923	-0.010934408564924336
0.3986641091538655	0.4003147965400041	-0.010905676697686828
0.39873985565301473	0.4002970096961663	-0.010862198636166442
0.39878871195921345	0.4002855367002204	-0.010833612772317147
0.39885995859354595	0.40026880400650294	-0.010791143109769752
0.3989086568072942	0.400257366280436	-0.01076163600720409
0.3989593523763474	0.4002454622179299	-0.010730537319585953
0.39901406381708954	0.40023261034479196	-0.010696486366381874
0.3990790757528304	0.40021733752773664	-0.010655497251636337
0.39912839406495687	0.40020575391251145	-0.010623982259019005
0.39917285813804093	0.4001953053699855	-0.01059526796940713
0.3992230583840929	0.4001835097324308	-0.0105625572934262
0.39929507199327197	0.40016659933024984	-0.010515087365142284
0.39933929185815203	0.400156211374505	-0.010485594972217183
0.3993808144069002	0.4001464578007421	-0.010457710303656609
0.3994235180161697	0.40013642893350027	-0.01042881788166622
0.3994874993781919	0.40012139725053375	-0.010385105936953298
0.39952761797541503	0.40011197253166625	-0.010357450756412478
0.39956831372592494	0.4001024103039948	-0.010329200543541583
0.39960960512237237	0.40009271089363463	-0.010300360549260812
0.3996511294512885	0.4000829576760935	-0.010271165904171375
0.3996987169442801	0.4000717779005802	-0.010237462569660238
0.39973188779442514	0.4000639854070862	-0.010213799104087151
0.399765016626504	0.4000562020234487	-0.010190033578186208
0.39981138697749785	0.40004531075929417	-0.010156568838625757
0.3998290474911502	0.40004116010897317	-0.010143733858671955
0.399854549560548	0.4000351689431703	-0.010125136205258567
0.3998793735729486	0.4000293338406211	-0.010106940139855525
0.3999134211269191	0.4000213335499621	-0.010081829887699567
0.3999442577097523	0.4000140871735379	-0.01005892544888154
0.39996081873055994	0.40001019415440664	-0.010046541713770063
0.3999770297503558	0.4000063834444554	-0.010034361265469915
0.3999899400312809	0.400003348793808	-0.010024608510336042
0.4000037686095303	0.40000009581257695	-0.010014081492396243
0.4000149039245959	0.39999747512032385	-0.010005519438230859
0.40001981623589467	0.3999963160969691	-0.010001666653548402
0.4000225640867078	0.39999566557337757	-0.009999440021430939
0.4000279876166182	0.39999572506977854	-0.009867790623218797
0.4000500775918082	0.3999964354701918	-0.009208115921762738
0.40008351296102107	0.399996191674315	-0.008163273011226713
0.40010686225643566	0.3999951564135523	-0.0074017826410907595
0.40018554450605753	0.3999898952813933	-0.004738763271006807
0.4002589241353903	0.3999803754752547	-0.0020613247426011228
0.40034591744678255	0.3999528698813091	0.0016943939758855553
0.400420239848706	0.3999315335579551	0.004898346264603226
0.40046817896950826	0.39991593957719396	0.0070658860447122
0.4005817781212929	0.39987000102030973	0.012602735029273449
0.40070282062391566	0.39982022990887023	0.01874178949099764
0.4007599420201141	0.39979947141306893	0.02160975462497733
0.40085858428477905	0.3997172322079642	0.02832124547027054
0.40093200398045153	0.3996639796382896	0.03321191879144347
0.40102345397945816	0.3995535013238466	0.04113451266562468
0.40109786960299737	0.3994925600686138	0.046749528288382636
0.4011257866143002	0.39944858795451876	0.04974698824567758
0.4012057710085221	0.3993279533147959	0.05845284334421896
0.4012650745867049	0.3992944111484463	0.06294765619752424
0.40132483560713317	0.39918590838387447	0.07099327138856626
0.4013767150512565	0.3991243592642143	0.07699198357206388
0.40141620466370304	0.39899633783680316	0.0861080702682741
0.4014376973053907	0.39891569069002697	0.0922297621764579
0.40144439705828544	0.39885982532172753	0.09613451191240152
0.4014614088092132	0.3987260091855504	0.1075916027395189
0.40144668667846345	0.3986378845764322	0.113711421074433
0.40143090249128655	0.39857095802390097	0.12006853167148107
0.4014063909903405	0.3985087598990962	0.12636259367888408
0.40135106290643974	0.39842281125968226	0.1325764226140283
0.4012499917794321	0.39831551409375604	0.14129914111942604
0.401157002901946	0.39823386230914076	0.1472372664803061
0.40110286397014977	0.3981938115959194	0.15027992321034306
0.4009416164230849	0.3981085633069138	0.15790254264323844
0.400782443822728	0.39804697781621823	0.16404246022719493
0.4005669308631205	0.39797968925093136	0.1708173840837671
0.40046200755824624	0.39795756052184195	0.17361857734771374
0.40018348415263927	0.39791695616488476	0.17997228590104364
0.39983633703874955	0.39787063157449515	0.18624010033896654
0.3995613695723688	0.3978544787966258	0.19020920213178627
0.3992559407854447	0.39783506564617727	0.19387489427546603
0.39895457454568267	0.3978209525713041	0.19696130690878283
0.3983872143401331	0.39776832775113996	0.2013642836421904
0.397963127538508	0.39730193160801563	0.2040717312793915
0.39772312998641324	0.39686819047524824	0.20544521429217022
0.3969164115856391	0.39480627850317385	0.20948410765660247
0.3961649531557151	0.39225781598097065	0.21267311253257185
0.39559876720625275	0.3899846918512795	0.21477199755471746
0.3949444067476403	0.3871504480771498	0.21700300228141378
0.3945604235837029	0.3853866114990623	0.218230045454081
0.39314908648400465	0.3783551764765686	0.22221829809585214
0.3927249860695261	0.37613753545241535	0.22329470118528305
0.39160154855425133	0.37007215459009174	0.22597417214543525
0.3908376066294052	0.3657185764292031	0.22765809915740196
0.3895572803532105	0.35817894070950346	0.2302096990334835
0.3885842447119245	0.3521950658488481	0.23209039606377155
0.38811225531436633	0.34919681840777084	0.23291874457292974
0.38720605056338253	0.3432763735436944	0.23447955948514043
0.3863099854537253	0.33742937165319264	0.23593461356452847
0.38492874162912405	0.3282909881387724	0.23806656424081765
0.38391166251537834	0.3213584079127516	0.2394966831619647
0.382713244942573	0.31304323529732025	0.2411436046711674
0.38168020242102213	0.30569036553721707	0.24242378015783222
0.38027081457458606	0.2957059797544717	0.2441557484782193
0.37920564530467094	0.2880113757480471	0.2453404016012549
0.37818667068780026	0.2804952454898417	0.24638643341541674
0.3771450895506843	0.27261443532751695	0.24746618008736376
0.3757219527467012	0.2617771849659462	0.24870691847909393
0.37481585944826407	0.254646626981456	0.24950814945975403
0.37381752832035053	0.24679089488303924	0.2503325204245539
0.3727844403218336	0.23853507444527572	0.2511389264674925
0.37151480221650324	0.22819371913668013	0.252085644505702
0.37059385516022314	0.2206097964395281	0.2527694386006163
0.3696190352405302	0.21265065176511788	0.25335718719990574
0.3682356963280807	0.20127140188633708	0.25415407198341605
0.36734362146172134	0.19374570066694158	0.25466242474631284
0.36646543598558246	0.1865825152449782	0.2551106422720832
0.3659495886296315	0.18218966803805958	0.2553530471952091
0.36473221089692176	0.1718139237201084	0.2558910712230601
0.3634066577190346	0.1606326260148908	0.2563612167244742
0.3624769128555183	0.15287162357386958	0.2567099277486662
0.361681075487528	0.1461925795459565	0.2570074770164361
0.36042983916341614	0.13564822383157074	0.2574567848135928
0.35959689445216747	0.12871716162003327	0.25767436159603396
0.3587920658176407	0.12197438619598207	0.2579046920158282
0.3580358686316066	0.1157287262445466	0.25802546695181655
0.35723275043034214	0.10887227889310612	0.2581940991244277
0.3563391920324246	0.10124405784651545	0.25833609463624196
0.355670375963326	0.09554895529366307	0.258356509152712
0.35473620940692663	0.08763084921222171	0.2584031411562141
0.3541485458287026	0.08267549330679126	0.2584524581367637
0.3535590027562547	0.07766551460099612	0.2584686137156288
0.35321097901761267	0.07471099305549998	0.25847041429511164
0.3525698034322894	0.06932030802696694	0.2584199933155031
0.35190265333408516	0.06369583412196585	0.2583469355327319
0.35168085954943185	0.06182064936781849	0.25831406269079044
0.3512820479482391	0.05845090043255925	0.25819968657036874
0.3510590317740034	0.05656730556111621	0.2581290523185288
0.35061912439211446	0.05285703793116807	0.2579523272192348
0.35045519185528873	0.05148476058498787	0.25784770184114225
0.35034399824908424	0.05055557488260788	0.25775593773248406
0.350287139135769	0.050087657209984135	0.2576756952480435
0.3502776889142119	0.05002601312749501	0.2576015341908795
0.35027426522156346	0.05002675266775121	0.2574985293278827
0.35027270086035917	0.050027042564374694	0.2574521280400767
0.3502703760532806	0.050027380731064316	0.2573846146834321
0.35026821007391146	0.05002746714690483	0.25732439131109464
0.3502634346354588	0.05002758388753416	0.2571932219141908
0.35026170875537055	0.050027650969464196	0.25714579219697375
0.35025933473105675	0.050027586161580054	0.25708179060172764
0.3502561069177612	0.05002749530345239	0.25699518462630955
0.35025257674131205	0.05002738028984259	0.25690094836816935
0.35025014872962285	0.05002723798099161	0.2568363597833529
0.35024878640331486	0.05002714909910823	0.25680015618986435
0.35024535725120776	0.050026902905343604	0.25670917191991766
0.350242013724401	0.050026592220010005	0.25662003559962354
0.35023976170243504	0.05002642373225559	0.2565606734794057
0.3502384362608207	0.05002632425873775	0.2565258063943948
0.350236210427298	0.0500261484838211	0.25646726172443113
0.35023303782261306	0.05002586180535333	0.25638342371334794
0.35023040156328483	0.05002561006050639	0.2563136421155447
0.35022770844877443	0.05002533961581697	0.2562422061343338
0.35022656072957425	0.05002522440242256	0.2562118095126157
0.3502235323323479	0.0500249140311405	0.25613152555435564
0.35022046579250127	0.050024585953395664	0.25604998171567983
0.3502183536987926	0.05002435675493565	0.2559937990334545
0.3502160949002251	0.05002410372783779	0.25593346716973336
0.3502142020961646	0.05002389474848527	0.25588312599383745
0.350212135752915	0.05002366917214428	0.2558283604150098
0.35020923945299987	0.05002333808051611	0.25575101106927806
0.3502071603237184	0.05002309755722863	0.2556954275135771
0.35020595320699105	0.05002295829058469	0.2556632145902487
0.35020314783558726	0.050022629306781766	0.25558812330625624
0.3502004063852243	0.050022299390686295	0.2555142784788944
0.3501986488201202	0.05002209390419067	0.25546747774446077
0.35019669084893773	0.05002185748848682	0.2554147882171014
0.3501949006683418	0.050021642635250066	0.2553668132010085
0.3501930487191078	0.05002141907831713	0.2553171319100136
0.3501904960830701	0.05002111030463509	0.25524872009129046
0.3501894814725481	0.050020985523164155	0.25522130434148227
0.3501869886308638	0.05002067997863384	0.25515424338549153
0.35018452746303497	0.05002037714838671	0.2550880281809333
0.35018286457943704	0.050020171281123196	0.25504310039716116
0.3501814417915555	0.05001999465541314	0.25500462904331467
0.3501794105000964	0.050019742892694466	0.2549501732252387
0.35017845650446455	0.05001962403448311	0.25492432543361876
0.3501753097269602	0.050019231068316974	0.2548395011942209
0.35017371839705774	0.05001903168280526	0.2547966356409143
0.3501727188505872	0.0500189063664007	0.2547696115627766
0.3501704567511243	0.05001862224139049	0.25470841818989565
0.3501686454560919	0.050018394664145524	0.25465932371379335
0.3501664494246773	0.050018118859260316	0.2545996682058306
0.35016561281594605	0.05000490986857249	0.25457673416120397
0.35016338595707835	0.04990906958008183	0.25451435634710085
0.35016154455264786	0.049738542759383206	0.2544614537664492
0.350158771860441	0.049360273081700864	0.25438167222996605
0.3501566134252871	0.04900563719626273	0.25431993854459534
0.350155302197279	0.048773191207282504	0.2542827998803971
0.3501508353053616	0.047883008447969264	0.25415912946500474
0.35014835726153587	0.04734428150947968	0.2540921373224573
0.350145778315398	0.04676732148117087	0.25402414239216653
0.3501431825732189	0.04615888637613609	0.2539565400716133
0.35013933622430565	0.045244426447537775	0.2538597411093032
0.35013538268272887	0.04431028754299331	0.2537654940432316
0.35013222981691383	0.043511482642621516	0.2536877208809421
0.35012884915615006	0.04267819410460451	0.2536090629496286
0.35012301388070927	0.04124522912390442	0.2534780463579043
0.35012104866455673	0.04074460928019945	0.253433294414353
0.3501158833734919	0.039399570369636136	0.2533154496717352
0.35011193741192315	0.03836733910922453	0.2532268813292068
0.35010742188041416	0.03725850280643582	0.253134393451959
0.3501033092526851	0.036113488665755186	0.2530389876899783
0.35009742305275315	0.03464501405160446	0.2529207058025739
0.3500948057884116	0.033997289538358386	0.25286925947203265
0.35008819252929346	0.03232037391797453	0.2527374303784302
0.35008185653964774	0.03065616705942832	0.2526082134984875
0.3500772511516549	0.029496899071327395	0.2525199031096026
0.3500727994616817	0.02837968239623105	0.2524356640940869
0.3500677628402519	0.027036253273090435	0.2523344717014385
0.35006331419117226	0.02584646120562041	0.25224564172606256
0.35005682929472626	0.024051014959544995	0.25211235340641514
0.3500528547008302	0.022905270266838904	0.2520276069840939
0.35004725917429264	0.021537770735582593	0.25192997565131126
0.35003988992682245	0.019736935266102915	0.25180257247498483
0.35003746369205174	0.019031150814986894	0.2517515598979745
0.35003109391318843	0.01730158258777202	0.2516287166310044
0.35002639405655367	0.016017386428496025	0.2515381269077587
0.3500207459669583	0.014273859740641257	0.2514137442205133
0.35001666041378643	0.013177474270156184	0.25133784912710466
0.35001249129339335	0.01199440128695671	0.25125560419136705
0.3500095490954144	0.01118239670590783	0.25119973574111215
0.3500046669615592	0.009786757295340523	0.25110362365508443
0.3500005785660054	0.008571795196482226	0.25101993114733745
0.3499960290560258	0.007113195895995669	0.250918919618627
0.34999279403874434	0.0060628165485136915	0.250846431801056
0.34998962968198716	0.005042819618404762	0.25077648814482073
0.3499857160830374	0.0036486257776984915	0.2506800055366713
0.34998418228401207	0.0030788891959822456	0.2506405100362706
0.34998080255432984	0.0018321431112177516	0.2505546184883212
0.34997838641137524	0.0009508414961515582	0.25049449353048603
0.34997632022299185	0.00018116916970702113	0.2504420732072647
0.34997431363319614	-0.0006058340274111979	0.2503883351307774
0.349972105618665	-0.001566732239679	0.2503221285329482
0.34997055597109955	-0.0022577098019020275	0.2502747156998678
0.34996944147624415	-0.0028026005253844882	0.25023704598305374
0.3499687524323222	-0.003166441567217973	0.25021174783740163
0.34996729148302413	-0.00397810941020528	0.25015578534350524
0.34996682211730684	-0.004304580639868591	0.2501329732539886
0.3499664543969894	-0.004608668346147857	0.2501116063560974
0.34996624173600516	-0.004853920338786108	0.25009420772994484
0.3499661959887405	-0.004969050466468325	0.2500859191887775
0.3499663594641446	-0.005110072819692932	0.2500750927041827
0.34996671113834016	-0.005130836320174012	0.2500725621426045
0.3499670066086401	-0.0051296277930068385	0.25007180376857086
0.3499672752499249	-0.00512852881915811	0.25007113596441255
0.3499675512846821	-0.005127378330797558	0.2500704085865325
0.34996798479674796	-0.005125566396705708	0.2500692569237541
0.3499682567665888	-0.005124447684880226	0.25006856976928393
0.3499685267397264	-0.005123339642703326	0.2500678926341601
0.34996893693794534	-0.005121638332022074	0.2500668303362218
0.34996921435432776	-0.005120509554997918	0.2500661538510154
0.349969489440693	-0.005119391393735198	0.250065485408586
0.34996977233375137	-0.005118230367217189	0.2500647771849685
0.3499701474669752	-0.005116705806862368	0.25006386675443465
0.3499703322868684	-0.0051159473062547395	0.2500634044953176
0.34997055178858677	-0.0051150579050328465	0.25006287701414365
0.3499709175923223	-0.0051135738277878345	0.25006199481928515
0.34997127832576475	-0.005112106195963487	0.250061117517562
0.3499715251519179	-0.005111112923473951	0.25006053768909486
0.3499717695872201	-0.005110127002123641	0.2500599594253847
0.34997213236639596	-0.005108663964469143	0.25005910182447344
0.3499723833970797	-0.005107658962627784	0.25005852209847673
0.34997251341141367	-0.00510713787845006	0.25005822084334933
0.3499728464131835	-0.0051058026723967	0.25005744832934057
0.349973197590173	-0.005104403681069389	0.2500566504062425
0.3499733453950832	-0.005103816388782531	0.25005631738936746
0.34997365913218487	-0.005102567267357042	0.250055606052383
0.34997388620874625	-0.005101657099223597	0.2500550802839996
0.3499741529427349	-0.0051005957450441924	0.2500544768314592
0.34997448711735374	-0.005099261134720104	0.2500537121135842
0.3499747079562814	-0.005098383202170029	0.2500532140988547
0.34997491735054786	-0.005097554149862002	0.250052748013429
0.3499752581621507	-0.005097524606275508	0.2500519830341318
0.3499755892954204	-0.005120673273380574	0.25005125913952897
0.34997582315115905	-0.005144711619124762	0.2500507554919169
0.3499763195637749	-0.005204260275233782	0.25004969352793194
0.3499774333487071	-0.005368612700932654	0.2500473133700846
0.3499778290480183	-0.005432087379680914	0.2500464755185118
0.34997885565754755	-0.005604331636297463	0.25004432497166384
0.3499797022089042	-0.005754809935239399	0.25004252866660703
0.34998099737478083	-0.005993043692826758	0.2500398005913571
0.3499819458105825	-0.006172402837562721	0.25003781391237695
0.3499829427029337	-0.006364718131480027	0.25003568787373276
0.3499835163820821	-0.006476732543640687	0.2500344677652002
0.34998545278967214	-0.006862263744769823	0.2500303870045608
0.34998642934720103	-0.007058912325936292	0.2500282910623886
0.34998703476594883	-0.007181744413796834	0.2500269959760702
0.34998846445893245	-0.0074778561762378765	0.2500240143369821
0.3499899921189202	-0.007793850757324514	0.2500207486900331
0.3499905818499259	-0.007917917896020019	0.25001951334167394
0.3499920078939716	-0.008219609143058151	0.2500165331864247
0.34999343885451756	-0.008522982660551029	0.2500135205696985
0.34999400983636403	-0.008643857844960537	0.25001230828665716
0.34999528605021285	-0.008915169758868954	0.25000961126336124
0.3499961127578653	-0.009091402330750217	0.25000786969728195
0.3499972444147317	-0.009331457999635848	0.2500054464203525
0.34999762912454707	-0.009413270380771763	0.25000462978757065
0.34999858326034095	-0.009616402940824068	0.25000261835735726
0.3499989545914721	-0.009695146929166301	0.2500018157000833
0.34999940178696026	-0.00978994397129189	0.2500008672764138
0.3500000628575656	-0.009929715127315678	0.24999946732728026
0.35000038910873066	-0.009999090123865004	0.24999876129249377
0.3500005129639047	-0.01002561689222177	0.24999849171849772
0.35000052689325833	-0.010029365793813041	0.24999845513637148
0.3500005228076607	-0.010029191602004592	0.2499984584047685
0.3500005143701839	-0.010028828781938018	0.2499984650534606
0.35000050548095185	-0.01002843574033728	0.24999847358521549
0.35000049985052045	-0.01002818420712577	0.24999847925406193
0.35000049643874914	-0.010028036216314637	0.24999848174094425
0.35000048666356776	-0.010027576800409096	0.24999849556542064
0.35000048125949157	-0.010027332504440142	0.24999850116433472
0.35000047624703934	-0.01002709134566361	0.24999850914940824
0.3500004725466348	-0.010026916951083278	0.24999851429262904
0.3500004660817933	-0.010026614164757489	0.2499985228459947
0.3500004609428852	-0.01002635839534842	0.2499985325525867
0.35000045573031124	-0.010026104548301037	0.24999854126840837
0.3500004492834888	-0.01002579051793566	0.2499985520244056
0.35000044486058346	-0.01002556348482396	0.2499985616426317
0.35000043911545925	-0.010025276660765678	0.2499985725402192
0.3500004344172062	-0.010025043272631776	0.24999858120982751
0.35000042889657285	-0.01002476248642957	0.24999859265845334
0.350000422260736	-0.01002443459932735	0.24999860453939846
0.35000041751381544	-0.010024189910319017	0.24999861499662634
0.3500004152512721	-0.010024073290771804	0.24999861997804645
0.35000040906735524	-0.010023755297831186	0.24999863344161036
0.3500004044734161	-0.010023517254011197	0.24999864378862474
0.3500003990308593	-0.01002322616907729	0.24999865778707772
0.3500003966650945	-0.010023104640214012	0.24999866290888062
0.35000039127217486	-0.010022818288538446	0.24999867637099063
0.35000038538310474	-0.010022507301555919	0.24999869073996622
0.3500003814487353	-0.010022300254191471	0.2499987002008187
0.35000037841788006	-0.010022139168241143	0.24999870779130356
0.35000037369777004	-0.010021882638028598	0.2499987206922799
0.35000036492648273	-0.009996311446874004	0.24999875225669055
0.3500003013706748	-0.009820479887989494	0.24999895449586582
0.3500001525284485	-0.009553888535631952	0.24999936790271957
0.3500000104161552	-0.009360247492108217	0.24999973282672658
0.34999944314525616	-0.008689731471278259	0.2500011740262345
0.3499987050909166	-0.007919724104299433	0.2500030421064221
0.3499979493418256	-0.007243237976870251	0.25000492661194396
0.34999698386381434	-0.006487561449440363	0.25000730067257776
0.34999628666975097	-0.005960977074392179	0.25000902048849283
0.34999383272117324	-0.004004835371652124	0.2500152278603023
0.34999242791698554	-0.0033209790481335127	0.2500185890561768
0.3499900336872922	-0.002172635825441152	0.2500243534307086
0.3499870530502277	-0.0003590544810608137	0.2500318245410471
0.3499849277962763	0.000984125585476045	0.2500372368168189
0.34998066950152473	0.0029674214004223737	0.25004786591444866
0.3499785722789243	0.004418386542818273	0.25005336694569513
0.3499750371448266	0.005996141653960049	0.2500623539986398
0.3499725448484656	0.006911202927986845	0.2500686411943136
0.3499655247036374	0.009931073673639115	0.2500867410325024
0.3499612698536733	0.011627261220378896	0.25009781983724455
0.3499568796880228	0.01304137198310025	0.25010922480647363
0.3499529755989602	0.014576493367469037	0.2501195467458598
0.3499471365550391	0.017151596176400344	0.2501352885829282
0.34993958055059715	0.019974693242188826	0.2501557834128879
0.34993589431789063	0.021908084932827546	0.250166081311229
0.3499319225019707	0.02396287056804651	0.2501772695469303
0.3499266495094937	0.025956620311346754	0.2501921135500806
0.34992048216006144	0.029098616075249453	0.2502098431326272
0.3499165328386493	0.03059856568383469	0.25022125210669377
0.3499108574320584	0.03229985188904878	0.25023763532589766
0.3499053489133687	0.03545455118209419	0.2502540594443111
0.349899684719345	0.037581405268628534	0.2502709676912194
0.34989136168093715	0.040695585177536256	0.250296150109073
0.3498864073947751	0.04285181333538192	0.25031138748566717
0.3498836603347287	0.04403083565053016	0.25031992266074765
0.3498727425726932	0.048462829268167154	0.25035431215002224
0.34986878448936415	0.05053329324421289	0.2503670378152701
0.34986624787453224	0.05201075407187268	0.25037528117197794
0.3498583386163885	0.05584580312236369	0.25040129333404065
0.34985508272443244	0.0582886248212449	0.2504122072258537
0.349850370217015	0.06052984274920857	0.250428211597432
0.34984489684285563	0.06275936027600011	0.25044696029812347
0.3498390519195036	0.06592162278046378	0.25046737199908403
0.349835432843906	0.0680053662532593	0.25048023653580176
0.34983249761304414	0.06932306070780124	0.2504907754267768
0.3498290566457504	0.07210020965388668	0.2505033209668571
0.349824389575338	0.07510357036661695	0.25052072038054285
0.349822273149812	0.07697357324631722	0.2505287301392883
0.3498199917050476	0.07907294532778732	0.2505375950912283
0.34981714149466225	0.08193410280962025	0.25054893746042817
0.3498148236792326	0.08380736160594703	0.2505583763512381
0.3498124425996003	0.08575335251097736	0.2505683590618884
0.34981117117189453	0.08694319062013474	0.250573826744513
0.34980943183124347	0.08849869512006238	0.25058147676778725
0.3498068779967667	0.09165626544425705	0.25059349062634556
0.34980555346198516	0.09331913519223552	0.25060016999333784
0.34980525474857654	0.09486698570168127	0.25060245888474875
0.3498051065380501	0.09635352763472381	0.2506042577276096
0.34980459554891646	0.09772111939237958	0.25060808052445005
0.34980513471025576	0.09962811194840131	0.25060772041507606
0.34980526556079283	0.10087709549183417	0.2506092061145224
0.3498054936459031	0.10204782527237534	0.2505776560122519
0.3498068939852445	0.10379464372982143	0.2504044392228375
0.3498095413744793	0.10500628058959206	0.25020753642188387
0.34981256514223225	0.10569148859992662	0.2500726913141114
0.349821396120984	0.10731751778995001	0.24966590932751057
0.34983804495048076	0.10904493658915497	0.2491091577925666
0.3498553347014668	0.11024838763496551	0.2486574845427453
0.3498718937449721	0.11139099228458348	0.24816044957668557
0.3498921603129428	0.11253107433415944	0.24762063307628374
0.3499335283957718	0.11424165294245874	0.24675095278419573
0.3499663633053644	0.11537840172705759	0.24611157676883683
0.34999783839292276	0.11650326449401475	0.24542626297457965
0.35003185876736426	0.11762208556052957	0.24470823330117264
0.3500616552910283	0.11843728931918084	0.24416953740503297
0.35012755642276816	0.12010462653801394	0.2429806784703731
0.3502293063125591	0.12174300492530606	0.24175225983342208
0.35028564964199327	0.1228805999302905	0.24082562339849145
0.3503461871775459	0.12396289913398266	0.2399113793955029
0.35041555886024006	0.1251402060058982	0.23889375469688645
0.3505276757359222	0.12679394537193045	0.23741160002367992
0.3505893528960509	0.12787302700039205	0.23637516485516888
0.35065808980701485	0.128552860338987	0.23574014707712426
0.35079156962630764	0.13005103185102457	0.23426135600756975
0.35091724648142975	0.13121028341060958	0.2330927231675768
0.35101236259939583	0.1322096847646046	0.23205382436531846
0.35111157824264755	0.13319410125860173	0.23101173214053186
0.3512621488751982	0.13458516682027216	0.22948835311332577
0.3513179284719544	0.13517549879642937	0.2288178777316492
0.3514562051288861	0.13656701014609243	0.22719020278519284
0.35152831364391685	0.13742354914559804	0.22613167113971816
0.35166359309047057	0.13828942612671352	0.2251113152689021
0.3518580163617553	0.13957319968624654	0.22354766506955656
0.35194472533924365	0.14035029937223037	0.22252465860630072
0.35204323568955964	0.1411774459586685	0.2214390379289488
0.3521666049808111	0.1422240870019757	0.22000598200333235
0.35222882348086554	0.14275536694555516	0.21925907058633565
0.35237075463319045	0.14387466965643045	0.2176552368461365
0.35242692773706236	0.14449465037343517	0.2167054636161965
0.35245871060665673	0.14484294896066796	0.2161631256519085
0.3526077894199219	0.14568974682295607	0.21489077087778916
0.3526844023816986	0.14626374119526225	0.21397229040974394
0.3527477638218363	0.1467894851139092	0.2131030882942292
0.3527997981116345	0.14729206151982527	0.2122392158575055
0.35284489587425677	0.14771307105616913	0.21150181838903503
0.35288811215713173	0.14830540897534583	0.21041367657489662
0.35293254389693524	0.1488597177903787	0.2093677941718359
0.35295670694397585	0.1491732304746422	0.20875766422872222
0.35297489836852197	0.14944220601513025	0.2082288970456551
0.3530010457977549	0.1498377005175912	0.207417339460839
0.3530090227104354	0.15017397643800484	0.20671433562540303
0.3530091712974851	0.15043435615382195	0.20615418485924542
0.35301410628356805	0.15076467212118028	0.20542595786740042
0.35300954780559585	0.1509671304701083	0.20496396831905161
0.3529989125291519	0.15114346408464502	0.20455377620565632
0.35298723397222453	0.15128161530654521	0.2042196572725373
0.352959402376159	0.1514557926834585	0.20377735382681428
0.3529379136019476	0.15154159878804668	0.203540832089852
0.35291434480292766	0.1516018339578491	0.20335580069891218
0.3528899520620107	0.15162767257758836	0.20324359318840232
0.3528747723722851	0.15162572353525072	0.20321264764021088
0.3528256236798496	0.1515976463995039	0.20315809913161584
0.3527992009658243	0.15158261995554467	0.2031287359014569
0.3527855565803516	0.1515748683767129	0.2031135602919647
0.352758529609864	0.15155955110928748	0.2030834701224536
0.3527197245916113	0.15153762375676388	0.20304021539501682
0.3526836080945691	0.15151721455905864	0.20299995422931524
0.35265878002870843	0.15150319018479735	0.20297226919682157
0.35264488419391815	0.1514953436652391	0.20295677152167554
0.35261307949137716	0.15147738043046094	0.20292130106736028
0.3525790279009105	0.1514581455564059	0.20288332380740845
0.35255383511984806	0.15144391700457943	0.20285522424464567
0.35253033815942114	0.15143064383974064	0.20282901655865834
0.3525171246977471	0.1514231775778797	0.20281427941387756
0.3524758372291437	0.15139985265604838	0.20276822754827858
0.35245223742108045	0.1513865160672483	0.20274190541471868
0.35242963751395934	0.15137374273714638	0.20271669875084886
0.3524082717320715	0.15136166969350173	0.2026928667784737
0.3523947712963243	0.1513540406824303	0.20267780793742662
0.3523632447852349	0.15133622437382288	0.2026426417812034
0.35233964391048456	0.15132288691435247	0.20261631553189363
0.3523097504201571	0.15130599111493492	0.20258297007856835
0.352288526763122	0.1512939968870864	0.20255929430230574
0.35225905972141736	0.1512773424125592	0.20252642256301084
0.3522385123141409	0.15126572834004887	0.20250350082728277
0.35221702580768394	0.151253583480349	0.20247953089093498
0.3521966942786467	0.15124209545003892	0.2024568469747149
0.35218615156724975	0.15123613786316897	0.20244508452098925
0.3521634494981591	0.1512233071074598	0.2024197564019141
0.35212727259757676	0.1512028604920695	0.2023793934084187
0.3521085468212595	0.15119227590259393	0.20235850066456357
0.3520882996084568	0.1511808309374013	0.20233591007545665
0.35206914002263906	0.15117000435662803	0.20231453072867048
0.3520567331223646	0.15116299316337883	0.20230068631889137
0.35202234779147856	0.15114355951962682	0.20226231698096717
0.35201101276200014	0.1511371532018993	0.2022496683001698
0.3519941169916849	0.1511276033856449	0.20223081441997248
0.3519670498368159	0.15111230385055607	0.2022006098166779
0.35195522379692384	0.15110561917924842	0.20218741268071444
0.35192333554431166	0.1510875984529127	0.20215182427121126
0.35190641307971965	0.15107803378248702	0.2021329382939883
0.35189651802972105	0.15107244285905658	0.20212189401502445
0.3518682177758183	0.15105644950639396	0.20209030762496746
0.351853602745171	0.15104818779641327	0.20207399621001862
0.3518321555820406	0.15103606683898774	0.20205005759665354
0.35181602836969816	0.1510269513381391	0.20203205702946744
0.35179858893270854	0.15101709375166317	0.20201259153446058
0.35178274117098346	0.15100813544477504	0.20199490241350831
0.3517600127835304	0.1509952913643624	0.2019695306313527
0.3517431202311287	0.15098574340239906	0.2019506737678176
0.35172570573136996	0.15097590087769241	0.2019312335339643
0.35170164006273363	0.1509623002695588	0.20190436703185083
0.3516873338614287	0.1509542138450854	0.20188839605005857
0.3516711441647843	0.1509450634109722	0.20187032165239843
0.3516557931619741	0.15093638785106106	0.2018531827265978
0.351635523022976	0.15092493155773246	0.2018305514627552
0.35162027976393534	0.1509163164599291	0.20181353209009834
0.35161185288629315	0.15091155413737617	0.20180412297805642
0.35159192372802833	0.15090029097947083	0.20178187062807182
0.3515703278488803	0.15088808489316796	0.2017577569448359
0.35155716214114435	0.150880644702237	0.2017430552688976
0.3515478001935819	0.15087535299742244	0.2017326014924009
0.3515341815213344	0.15086765567787608	0.20171739402921643
0.3515075536062312	0.15085260630878466	0.2016876581739908
0.35149348360726385	0.15084465481622195	0.2016719451507259
0.3514863138427021	0.1508406029180301	0.2016639379829388
0.3514720400375384	0.15083253474994884	0.20164799755336557
0.35144863406661336	0.1508193078223083	0.20162185612541283
0.35144107942206715	0.15081503750592035	0.20161341893272514
0.3514220865235458	0.15080430191960398	0.2015922065821926
0.3514090200407136	0.1507969170679035	0.20157761229023285
0.35139494501383106	0.15078896187175572	0.20156189131646557
0.35137713915360763	0.15077889817856532	0.20154200253556628
0.3513644917862843	0.1507717503551213	0.20152787509047834
0.3513519607087838	0.1507646682429249	0.20151387721199446
0.35134004508280836	0.15075793259083253	0.2015005672576734
0.3513218772325976	0.150747664144052	0.20148027207066982
0.3513097313474471	0.15074079943761182	0.2014667035015166
0.35129768294614094	0.15073398930968557	0.2014532437934517
0.35128525324539017	0.1507269644801108	0.20143935732539617
0.3512785711703348	0.15072318803051094	0.2014318919490501
0.35125697758325347	0.150710982025764	0.20140776755506415
0.3512451066672549	0.15070427258258273	0.20139450448591492
0.3512376275211945	0.15070004517641317	0.20138614816498263
0.35122280294226776	0.15069166589403937	0.20136958455312687
0.3512075120735028	0.1506830228682675	0.20135249950162243
0.35119609123600315	0.15067656779748573	0.20133973795383742
0.3511850990276192	0.15067035484450692	0.20132745513071215
0.3511746814853279	0.15066446674484502	0.20131581414475186
0.3511634344474695	0.1506581101923189	0.20130324572337668
0.35114811344773833	0.1506494500969413	0.20128612477489766
0.3511375754753079	0.15064349418468165	0.20127434808159833
0.35112801984616443	0.15063809289390095	0.201263669289276
0.35111808686948526	0.15063247803821433	0.20125256869843272
0.3511069146654429	0.15062616293072617	0.20124008275632313
0.3510932230134311	0.15061842387454627	0.20122478055287937
0.3510866446128759	0.15061470507578562	0.20121742840233142
0.3510691365431924	0.15060480906860463	0.20119785966843848
0.35105909047203704	0.1505991305772662	0.20118663092800604
0.35104936903676254	0.15059363590777713	0.2011757645858138
0.3510401380646046	0.15058841799739092	0.20116544648932386
0.3510309995460937	0.1505832526306028	0.20115523133171476
0.3510211118865305	0.15057766352948987	0.20114417867880138
0.35100847617925207	0.1505705209105639	0.2011300538752404
0.3510000174132316	0.15056573968995135	0.20112059782825087
0.35099402102473165	0.15056235034413884	0.20111389431723162
0.3509774075753558	0.1505529594678	0.2010953214288747
0.3509688233450445	0.15054810730668244	0.20108572434065153
0.35095993180185014	0.15054308146884	0.201075783425092
0.35094853971703177	0.15053664132362904	0.2010630470400785
0.35094272634029966	0.150533355090414	0.20105654741020285
0.350934074050543	0.15052846440198842	0.20104687333689483
0.3509262200823667	0.15052402436339152	0.2010380920165018
0.35090963494561705	0.1505146488843464	0.20101954765162555
0.3509049023752272	0.1505119736482976	0.20101425581719892
0.350896583142151	0.1505072707641975	0.20100495339868257
0.35088550263416374	0.15050100715086268	0.2009925628790529
0.3508801961780822	0.15049800762209942	0.20098662884254667
0.3508731654508536	0.15049403329897498	0.2009787665443792
0.35085820248448474	0.15048557414635255	0.20096203379864613
0.3508499765901889	0.15048092400025442	0.20095283447134496
0.35084250259555677	0.15047669881857906	0.20094447587185987
0.35083810900748025	0.15047421485839707	0.20093956229248708
0.35082410162840844	0.15046629627229147	0.20092389626161725
0.35081751315512416	0.15046257166085092	0.20091652741481375
0.35080934646684814	0.15045795471335677	0.2009073932865954
0.35080513386559514	0.15045557319183983	0.20090268154159757
0.35079105522646564	0.15044761437628118	0.20088693408466055
0.3507840923660833	0.15044367782259904	0.20087914583566488
0.3507796940234698	0.15044119115831217	0.2008742260107243
0.3507700460222676	0.15043573656744713	0.2008634338255521
0.3507608307919319	0.15043052676543028	0.20085312532544908
0.35075322633266914	0.15042622739040723	0.20084461858217084
0.35074871434854643	0.15042367668551693	0.2008395709688171
0.35073976112593513	0.1504186150387466	0.2008295547930145
0.35073265881415516	0.1504145994388264	0.20082160927070025
0.3507262280092897	0.15041096385195846	0.20081441457925042
0.3507169581872612	0.1504057229071255	0.20080404356276554
0.35071035911190174	0.15040199173459434	0.2007966604763816
0.35070382711642584	0.15039829858241016	0.20078935219961022
0.3506945698921889	0.15039306474671132	0.20077899441659752
0.35068846368466705	0.15038961235509768	0.2007721621099926
0.35068240751145086	0.15038618816602672	0.20076538568426192
0.35067640578691256	0.1503827947612505	0.20075867002537762
0.35066992723813123	0.1503791318833363	0.2007514205608668
0.3506613701399739	0.1503742935160201	0.2007418451252605
0.3506574075801375	0.1503720531681242	0.20073741077779986
0.3506495370014768	0.15036760299865448	0.2007286031108802
0.35064329563981683	0.15036407377589533	0.20072161859782453
0.35063764038669615	0.15036087617271593	0.20071528969112945
0.3506297567928989	0.15035641859673732	0.20070646676702641
0.35062396048736594	0.1503531410321079	0.20069997977251863
0.3506157471016192	0.1503484968332754	0.20069078731980142
0.35060984531255723	0.15034515973905527	0.2006841817931196
0.35060447858304405	0.15034212506549116	0.20067817506163815
0.35060108923366273	0.15034020853001273	0.20067438144128263
0.3505931822519594	0.15033573754322255	0.20066553106144264
0.35058584519162805	0.1503315887131894	0.20065731838995784
0.35058068862981906	0.15032867277815914	0.20065154633975119
0.35057305434620106	0.1503243559334993	0.2006430004402037
0.3505677901636208	0.15032137920683897	0.20063710752642125
0.35056257488501635	0.1503184301194478	0.20063126922280988
0.35055763524800065	0.15031563693601746	0.20062573932966876
0.3505522933268924	0.15031261621425457	0.20061975897663942
0.3505474281886153	0.15030986489281484	0.2006143123991538
0.35054066089277847	0.1503060380514743	0.20060673598926795
0.35053344428859995	0.15030195695499438	0.2005986563936194
0.35052956497781756	0.15029976305104703	0.20059431312588727
0.35052335125670736	0.15029624917013062	0.2005873559194744
0.350520630395499	0.15029471052450444	0.20058430942367084
0.3505154313060574	0.15029177033963242	0.2005784880572865
0.35050702323227495	0.15028701543968898	0.20056907326903223
0.3505025595895018	0.15028449104123381	0.20056407511437505
0.3504979331282213	0.15028187451813824	0.20055889454908865
0.3504937488810016	0.15027950810976287	0.20055420903652227
0.3504878698425351	0.15027618327249104	0.20054762547248683
0.3504843245550788	0.15027417820870553	0.20054365526816553
0.3504781477592851	0.15027068496399748	0.2005367379060015
0.3504739433894594	0.150268307146061	0.20053202936367912
