0.3486958916682311	0.15163711220113368	0.20163854949752427
0.3486958916682311	0.15163711220113368	0.20163854949752427
0.34838491502968355	0.1519705838897965	0.20197260208762924
0.34812085127604686	0.15225057437591633	0.20225305782604833
0.34783094625095173	0.15255544101738108	0.20255862135719988
0.34765122169870327	0.15274294798567453	0.20274654605116244
0.347176756827255	0.15323451097982932	0.20323920788572053
0.346693191113888	0.15373087725464873	0.20373709745357615
0.3463638443971329	0.15406660791982338	0.20407346498306267
0.3460116062063387	0.15442393504411295	0.20443179269060444
0.34542382026229057	0.1550169527346748	0.20502663865171009
0.3450920772948539	0.15534989095971607	0.20536043208446084
0.34470819379028195	0.15573377967816704	0.20574531586639677
0.3443230955282998	0.15611745370271535	0.2061302384450076
0.3439721956246861	0.15646579180521702	0.20647923675421803
0.3434241757445001	0.1570077815731577	0.2070226759962181
0.34321010443549055	0.1572188452976608	0.20723442403645403
0.3426282524176154	0.157790353149092	0.20780741310471287
0.34226509164200847	0.1581455037847374	0.20816369887665975
0.3418954453267498	0.15850586501788722	0.20852518676104304
0.3415402401570145	0.1588508160109425	0.20887090997098154
0.34117034943222807	0.15920866866310934	0.20922952871186895
0.3407505230051023	0.1596129584194415	0.20963485477643728
0.34047555110253	0.15987610996219181	0.2098984427299736
0.34008313062575224	0.16024951173143726	0.21027262112079076
0.339918538735124	0.1604050355593387	0.21042844638146047
0.3396097292017732	0.16069447763496492	0.21071823037756607
0.3394217744056065	0.16086877654575843	0.21089269350387876
0.33926521105028035	0.16101204152627868	0.21103606426884675
0.3390641970766174	0.16119124300268317	0.21121518986379081
0.3389627125627092	0.16127841589551684	0.21130232289913703
0.33891823415335437	0.16131442955957406	0.21133826497353678
0.3388461991074349	0.16136628026050354	0.2113898947393924
0.33883419839737144	0.16136723300751737	0.21139070376250893
0.3388889245997038	0.1612861209160738	0.21130922961932158
0.33896862160763863	0.16119251269239546	0.2112154605553109
0.3390852306776927	0.1610622061445004	0.21108504780125634
0.33923576406717704	0.1608982178396618	0.21092103007346286
0.3394533642493923	0.1606663554849353	0.21068926069855898
0.33980788638704174	0.1602941012597992	0.2103173327048596
0.34012159979245593	0.15996765537225838	0.20999144289164495
0.3406766264426486	0.1593947883930017	0.20941979215048928
0.34109428101635175	0.1589662462763799	0.20899234740827702
0.3413603599256926	0.15869393019126932	0.20872085323143258
0.34205920644720056	0.15798041127810203	0.20801070701617716
0.3424837696451843	0.15754840923624963	0.2075806841958692
0.3436554198742253	0.15636054185359882	0.20639894554688837
0.34443885193425927	0.15556924331369548	0.20561140680805837
0.34517404201908325	0.1548276799050656	0.20487389077951385
0.3456529049931084	0.15434503700370608	0.20439427543260844
0.3473901503660598	0.15259773423083423	0.20265791680155154
0.3483622632580426	0.15162090494376684	0.20168893295532664
0.3493963533302507	0.15058322273712554	0.20065932777721604
0.3504904424368285	0.14948529416726275	0.19957261970213036
0.3517860262427967	0.1481856089974532	0.19831773593935648
0.3538737351341056	0.1460910634762123	0.19637752503786626
0.35539591699148493	0.14456370407679314	0.19501063117229755
0.3570175077902707	0.14293494838284804	0.19358053188698437
0.35873857922990077	0.14120275282193656	0.1920888492795112
0.36100827472177194	0.13892191145417515	0.19014944136982764
0.3637050706867291	0.1362081841545431	0.18788077016549526
0.3658839427161971	0.13401259122181658	0.18606945297436606
0.3675579107284689	0.1323250267522747	0.18468786890079283
0.37173852288197545	0.1281194748829413	0.18125334200902107
0.37435211579366234	0.1254869236436067	0.17912060045412193
0.3770395389122707	0.12277587744151396	0.17693816344881486
0.3784109191001702	0.12138901268639828	0.17583027621076194
0.3836038784963947	0.11615489374992537	0.1716193623369019
0.38672138205400547	0.1130071787106899	0.16909663835255162
0.3897411141998339	0.1099614843560364	0.16664591787467176
0.3926835506933461	0.10698753916275565	0.16425895792255857
0.3955407104674359	0.10409218756527096	0.16194195333080197
0.3984353646229391	0.10115667277090788	0.15958852012717611
0.40189597078018496	0.09764594188227756	0.15676303008327874
0.4051276329548523	0.0943687802835828	0.15410970306769717
0.4092108553776313	0.09023524618440772	0.15073198315470265
0.4109860153831454	0.08843255233661758	0.14925902046559042
0.41413570609849976	0.08520866813231105	0.146642115271223
0.4199218218882072	0.07930723482616918	0.1417757607907128
0.4230867782279072	0.07605393868965717	0.13909183782445883
0.4262498292925038	0.07280240863786021	0.13638575885747278
0.42926728655889584	0.06969711647406303	0.13378112665092562
0.4337640768733154	0.06504647053255923	0.12985457509848397
0.43660761454490105	0.06210733157200825	0.1273410087131851
0.4395628284831027	0.059043534808631074	0.12469940230623411
0.4426268111918351	0.055874112312882154	0.12193126048976993
0.4472122786516734	0.05109001367251191	0.11771833441044488
0.4500521976102869	0.04813908784931735	0.11507025203902416
0.45285541133112933	0.045238600209942456	0.11242523739983556
0.45584426540921175	0.042088034669538574	0.10954501367986402
0.458414787525482	0.03937934670874575	0.10703385401802046
0.462584098800832	0.03497743039146346	0.10286697812988971
0.4653620507783992	0.03205153373668686	0.10003023344136197
0.46794719379324123	0.029312199527673985	0.09732809831081501
0.4697061012968704	0.027467331580720164	0.095463576590811
0.47289546129475835	0.024121802920112442	0.09199816474226946
0.4761376924774539	0.020688976557363556	0.08834479127686967
0.4783706872562459	0.018352329962629463	0.08576202541609179
0.4796829921846246	0.016971844341618428	0.0842037895916124
0.4825473697563389	0.013966068365814502	0.08069415425702897
0.48481277368289744	0.011581022830649365	0.07778699201999667
0.48715382757887143	0.009111937448914711	0.07462331056450039
0.4887541253265583	0.007424344679257719	0.0723493541018368
0.49024099479437855	0.0058539252860603935	0.07011980461673595
0.4923191496269478	0.0036703779259013164	0.06677075103470648
0.4929816142397307	0.0029886160566776204	0.06562610864233931
0.4945420719302988	0.0013843516683756524	0.06273492006470949
0.4955333870563542	0.00034532556564416395	0.06064643395996572
0.49641344681985233	-0.0005673369533452516	0.05854130923518841
0.49730560104280436	-0.0014726249407513575	0.055942845794683116
0.4976263221841216	-0.0017981130879709123	0.05480514909191386
0.49813241974185446	-0.0023118110590357593	0.05237402994887663
0.49830733003609484	-0.0024710009657768067	0.049815567495558655
0.49830431131740205	-0.002449091884621349	0.048271888444856526
0.49829390033022675	-0.002427646935774505	0.04673403047933539
0.49828513145212583	-0.002403341679382484	0.04500578832695756
0.4982760148597308	-0.0023745896464756194	0.042971954127463796
0.49826724136614126	-0.0023485652364447634	0.04113420067807627
0.4982617382240464	-0.0023286082548674286	0.039733028385124214
0.4982535142388555	-0.0023069985271310517	0.038211557966423504
0.4982442270003918	-0.0022763218024023785	0.036069015523165326
0.49823936677247527	-0.0022558034639458685	0.03464585722978614
0.4982367001600014	-0.0022345765831866676	0.03318715727130994
0.49823434567997	-0.002222680579628364	0.03236943102835199
0.4982288007574759	-0.0022036318924319037	0.031058371788276862
0.49822369357173224	-0.0021657982742350063	0.028487631068571828
0.4982205589082417	-0.0021462255556481263	0.027165138542618095
0.49821742311355327	-0.0021259166059512807	0.02580110509821404
0.4982156740784411	-0.002114517482883313	0.025038581350323885
0.4982161970534783	-0.0020874686758087374	0.023251427003531833
0.49821428467562545	-0.0020590449026689356	0.021384443567369293
0.4982158879897688	-0.0020377240006487912	0.020002596650481153
0.49821713024097036	-0.002018272017383513	0.018752657278734486
0.4982175328864714	-0.0019981688192239194	0.017468694589605538
0.49821831810981065	-0.0019724705892023436	0.015844036927327387
0.49821900570934674	-0.001952778453760809	0.014613713048518384
0.4982191797359171	-0.0019348852469731753	0.013505045903494717
0.49822087997456505	-0.0019235788213414623	0.012813102697827594
0.4982223800443758	-0.001899533664300776	0.011354448059880562
0.49822339506841623	-0.0018757666277487844	0.009933025208039181
0.4982262583549907	-0.001855381448994206	0.008737206724755087
0.49823027516422763	-0.001837533627786228	0.0077053852631857045
0.4982322734889176	-0.0018182781377058116	0.00660738118683718
0.4982361534795011	-0.001799221802097753	0.005540833802413825
0.4982452732263801	-0.0017736604404719608	0.004146434337359561
0.49825159540944874	-0.0017550584614385994	0.003154885011237174
0.4982571155636367	-0.0017373501146265707	0.002230147270438021
0.4982638387952617	-0.0017173638167341104	0.0012115839976598597
0.4982727603707896	-0.0016967208079828183	0.00018743325531789257
0.4982806705991181	-0.0016796015674265669	-0.0006388294982676013
0.498287455487705	-0.0016647413198860733	-0.0013389866713738874
0.4982927086058827	-0.0016549312640806307	-0.0017894180479667288
0.49830788082502697	-0.0016243331526833021	-0.003145741658187262
0.4983148778083788	-0.0016091709090607226	-0.0037906436260187193
0.49832313723128296	-0.0015934968341392158	-0.004432217910562808
0.4983312573063275	-0.0015793288977719172	-0.004991958034194222
0.498339901791503	-0.0015625909017506628	-0.005628248862797169
0.49835036811872785	-0.0015459472995439233	-0.00623173434714569
0.4983641037304372	-0.0015264221362085578	-0.006899694835699022
0.49837481533590194	-0.0015115832519378286	-0.007376719097734963
0.4983902061129613	-0.001490481198419949	-0.008012231804366332
0.49839995042630825	-0.0014771342413984062	-0.008383075633824677
0.49840681162651923	-0.0014683485447405248	-0.008615092996061391
0.4984229169642097	-0.001448475134988178	-0.009099508957417624
0.49843533623698244	-0.0014331877881093719	-0.009433326851569335
0.4984533000466096	-0.0014124208089500573	-0.009826885900149407
0.49846583365866837	-0.0013979138587669887	-0.010065083278062104
0.4984741729204615	-0.0013882445802998883	-0.010205409963330525
0.4984903827569625	-0.0013704507529214843	-0.010418343818474951
0.4985035826497529	-0.001356402381850877	-0.010547018875598169
0.49851566150548277	-0.0013434677894667707	-0.010634066265107822
0.4985338309374515	-0.001325349142446905	-0.010695923924976758
0.49854746817274903	-0.001311356574542774	-0.010713517310157239
0.49855529912045027	-0.0013034266083009477	-0.010722280590231947
0.49857544875230486	-0.0012834220732515916	-0.010740773919752145
0.4985852192624883	-0.001273884235515263	-0.010748021668117391
0.4986125078059898	-0.0012477072886834945	-0.01076313917681121
0.4986355082838283	-0.0012259089471523404	-0.010771909815305403
0.4986580617562309	-0.0012046066817919393	-0.010777981235631895
0.4986773871524624	-0.0011865906346707616	-0.010781017725412345
0.4987089631545097	-0.0011572118581995444	-0.01078356506937217
0.49873279837030526	-0.001134781404030935	-0.010783828444135335
0.49875436996841893	-0.0011146100617670934	-0.010782742267037071
0.498769142828386	-0.0011008145807668707	-0.010781309195253663
0.49880374999207555	-0.001068582451981312	-0.010776371270472485
0.49884301135417064	-0.001032037243581821	-0.010768220807710782
0.4988684340606031	-0.00100848097466473	-0.010761600577001262
0.49889690988668567	-0.0009823065141025683	-0.010752872343698872
0.4989271379223474	-0.0009545738574310153	-0.01074253028387473
0.49894299226432365	-0.000939999618849871	-0.010736803715160004
0.498990351810994	-0.0008966462395800096	-0.010717791945549726
0.4990208313433657	-0.0008688155459431329	-0.010704372082303404
0.49904911429676013	-0.0008429618827196922	-0.010691179102236659
0.4990672541184465	-0.0008264513691044889	-0.010682347116944046
0.4991220660176622	-0.0007764033197210224	-0.010654447675736756
0.4991509720398847	-0.0007500403025130636	-0.010638969522048014
0.4991840031091711	-0.000719898764393892	-0.01062060656066216
0.4991999038282538	-0.0007054647527524188	-0.010611476758751182
0.4992556774991122	-0.0006547888249442829	-0.010578337366554114
0.49928750436869684	-0.0006258872691833756	-0.010558747501782206
0.49931795142559954	-0.0005982379602308824	-0.010539536485945633
0.49934829120631286	-0.0005706818843975309	-0.010519985626781636
0.4993902088508154	-0.0005327390102331658	-0.010492163896213491
0.4994187973421105	-0.0005068522538706349	-0.010472805442292454
0.49944843836602093	-0.00048002214319374514	-0.010452421581154503
0.49947399247557095	-0.0004568748953737295	-0.010434559945114663
0.4995167640161741	-0.00041822548712945606	-0.010404048262284693
0.49954402441173384	-0.00039356264989866274	-0.010384261483789237
0.4995695886032958	-0.00037050081776406063	-0.010365428025889467
0.49958762485742503	-0.0003542286675964762	-0.010352018663202789
0.4996394381130554	-0.00030740066247943176	-0.010312967140134799
0.49966566383302286	-0.00028371588379212664	-0.0102928481731
0.4996890059131726	-0.0002626648405108928	-0.010274729676586658
0.49971399244019343	-0.00024011810486239404	-0.010255158027273226
0.4997485277163897	-0.0002089847240919901	-0.010227756061932769
0.49977076355328687	-0.00018892863522655678	-0.010209928460257922
0.4997922255051516	-0.000169593508468166	-0.010192566600006281
0.4998138035136212	-0.00015015649925169405	-0.010174951807564614
0.49984402056955435	-0.00012296020386400042	-0.010150019276964073
0.4998623665665074	-0.00010647103542600622	-0.010134719667779901
0.4998796659894579	-9.094047913417447e-05	-0.010120166758906757
0.49989682463080587	-7.554183829881767e-05	-0.01010563649044649
0.49991238695866186	-6.156466539998517e-05	-0.010092378280871894
0.49993359577479385	-4.254352865658284e-05	-0.01007413592318196
0.4999462834675037	-3.118746867171451e-05	-0.010063120309511897
0.49995388043263755	-2.438477257647731e-05	-0.010056494248166514
0.4999685580717764	-1.1257978090054022e-05	-0.010043603642207855
0.49997405370180437	-6.3628929193731976e-06	-0.010038733577071801
0.4999895786797831	7.448540752394428e-06	-0.010024863975277576
0.4999957182640793	1.289050731644037e-05	-0.010019310262511294
0.5000008829914908	1.7440007432270588e-05	-0.010014582127338079
0.5000041073280341	2.0242859367317068e-05	-0.010011573385237449
0.5000063093060719	2.2065792725498024e-05	-0.01000939995994804
0.5000242251742121	2.218425882473396e-05	-0.009833134337057126
0.500080735564571	2.2148974603244942e-05	-0.009261426444351295
0.5001781779743188	2.2203182040755887e-05	-0.008253281714888872
0.5002538236447219	2.2272279036492093e-05	-0.007456788855262408
0.5005933665778948	2.3851096750335254e-05	-0.003717193974201116
0.500799709651756	2.6203538583943753e-05	-0.0012936018668804339
0.5010358306069836	2.84308862699284e-05	0.001525887071859633
0.501317278537784	3.165964102579133e-05	0.00502135073444876
0.5016181618660104	3.5388120054422045e-05	0.008878174751182022
0.5020093536884421	4.631781974291649e-05	0.014476773275733545
0.5022800629353865	5.3602155992746314e-05	0.018462888625623453
0.5027504237303327	6.882320635952233e-05	0.02591100529877316
0.5030443312404834	7.82372448229901e-05	0.030772945456204237
0.5033723209806789	8.762955292317132e-05	0.03633004313645971
0.5036743481793545	9.84076623721103e-05	0.041852103993285095
0.5041329863095297	0.00011778133506633315	0.05104800179434449
0.5043889632324948	0.00013140204272123202	0.05684500039189294
0.5045599507359642	0.00013715838031362615	0.060557271762350595
0.5047771206663927	0.00015063394006796516	0.06621225386278079
0.5051339546306214	0.000165538681955249	0.07555431662073236
0.5053356449738245	0.0001797626010027059	0.08224666482632587
0.5055784269953011	0.00019961843247544298	0.09207141311917394
0.5056867118291222	0.00021601596016902758	0.09862146523009813
0.505762523630369	0.00023271972778569905	0.10542130335366717
0.505828763793958	0.00024153253020743615	0.11191783213366646
0.505830778748487	0.00024982297672691833	0.11585926167189281
0.5057886596113359	0.0002676188269101626	0.12478720959882433
0.5057390400129921	0.00027523171756359266	0.12892122973697284
0.5055829286340828	0.0002838520633347691	0.137845769602079
0.5052746250404477	0.00030050520782771983	0.14655077186641818
0.5049876056688563	0.00031192256586663747	0.15243984784076853
0.5046669280350746	0.0003195068640430426	0.15790313999670946
0.5042824548977556	0.00032812607434352936	0.16321002142324909
0.5035698477514391	0.00033664379587726445	0.17098942747143037
0.5029957219193248	0.0003418389716578346	0.17596559153071503
0.5023909952229112	0.0003437911558966805	0.18048160465344146
0.5019893694376123	0.00034526774483849276	0.18302003578036666
0.5004964655336561	0.0003477319620563829	0.19079596024636292
0.49957011478656826	0.0003497920569820595	0.19453852680807798
0.49860687054670244	0.0003514910477140504	0.19783717779583515
0.49784134022472604	0.0003512961583877622	0.19996561646747307
0.49571714452458804	0.0004031548296821591	0.204795470855134
0.49499578706124714	0.0004614257440404973	0.20617192893340516
0.4929006834248091	0.0007118523781741021	0.2097186448731542
0.49123924964921484	0.0009761873121410664	0.2121510798791798
0.48955789936998867	0.001279483588951788	0.21441140801044897
0.48674819805243724	0.0018643647462829177	0.21775215735994247
0.48497987450645497	0.002274236779610292	0.21963200766734367
0.4823028071637572	0.0029353368097696925	0.22227132132508082
0.48006319862437524	0.0035253788016189197	0.22426882824416014
0.4788610838451651	0.0038539102229441374	0.22528613939869993
0.47449772856919775	0.005109079946849934	0.22873005704296637
0.4720931659539762	0.005834465908348421	0.23041621668285509
0.4705291552007651	0.006316306883081116	0.23145361027110045
0.46642458171363316	0.007638782765339955	0.23407900266855153
0.4628803233469128	0.0088094291967271	0.2361098974353372
0.4602131758206698	0.00970145756606415	0.23749811493931988
0.45728875912949324	0.0107267171403478	0.23902596636165885
0.453306849916223	0.01215909155024704	0.24095211118632606
0.45039815409196937	0.013218581530092768	0.24223447443799362
0.4477157247533625	0.014205675266703868	0.2433488227053105
0.44475338751433335	0.015341363096933	0.2445537726055429
0.44056375687666727	0.016918352908324455	0.24602058387699863
0.43757882487884886	0.018119335197919487	0.24710591301782922
0.43561684069543843	0.018910819628066247	0.2477728219944596
0.43299540639213757	0.019965184013785844	0.24860698937719866
0.4286989057595032	0.02176626502361549	0.24995747993615935
0.42426072146099736	0.023642854004830363	0.25119899910390947
0.4211627707462965	0.02499296196539512	0.2520230332038994
0.41829725347419966	0.026213003023287565	0.2526953224754308
0.41495124660663907	0.027680684280957393	0.2534627430880245
0.41062389701428537	0.029597590667903975	0.25435475148730186
0.40785679206649494	0.030840818020804642	0.25489290200502845
0.4050920314980892	0.032048442634772065	0.2553268430811586
0.402228014774952	0.03329814293203047	0.2557459572214983
0.39825510400333036	0.03508831750285256	0.25631429365217995
0.3949601806691344	0.03650619748141219	0.25666607110148987
0.3923834146250135	0.037657755625942826	0.25690924771516643
0.3897449377564632	0.03885010512344485	0.25716766529238666
0.38703336163510615	0.040045779721282745	0.25737497091372186
0.38528241974789423	0.040844449674485875	0.2575219638398405
0.38191358625835176	0.04234185687029453	0.25772392151332707
0.3785803568003445	0.043889402012956366	0.2579210713810247
0.37628490028743905	0.04488114002120484	0.25797480050975646
0.3739852961064212	0.04588083446538525	0.25802310782939764
0.3724934353525569	0.046520882452627074	0.2580421135973528
0.36975720632505565	0.04770647114686051	0.25805735403888563
0.3670573348691783	0.04884988236571393	0.25802122877109146
0.36501485545739476	0.04969292939612531	0.25795779318699574
0.36332544932746513	0.05039230233573004	0.2578854593888746
0.3617449450347157	0.051039980921634656	0.2578129369460128
0.36035314714515004	0.0516037095810805	0.25772863810310576
0.3595246174739932	0.05193203278001708	0.25766333628772664
0.35730886342770907	0.05279486107399779	0.25746311563482266
0.3562455563046734	0.05319424562924953	0.2573460625547307
0.35570778158297495	0.05338844646042322	0.25727576283352993
0.3547033120750374	0.05374456634702472	0.2571291783872985
0.35410403910384597	0.05394532404127518	0.25702279488577634
0.3535639779838843	0.0540942011826404	0.25688696988198717
0.35344623386531965	0.054115688779567475	0.25684262154339976
0.35334016649833044	0.054089349193945715	0.25674530091624637
0.35330747417015274	0.0540535616967152	0.25668004460509386
0.3532573398985143	0.053997459499268693	0.25657906010303994
0.3532245117796897	0.05396113132367751	0.25651253356288306
0.3531939772444697	0.05392675109819252	0.2564504062200297
0.3531746959027821	0.053905070309789596	0.25641104902444
0.3531422227607047	0.0538681950185612	0.25634466885142493
0.3530892104290243	0.05380758434481485	0.25623599625893423
0.35306066825186083	0.05377465306276412	0.2561774481779191
0.35302716615866647	0.05373616883155842	0.25610853241486653
0.3530056435483103	0.05371118651310537	0.2560643122207151
0.3529669663032416	0.053666030522901184	0.2559848929471769
0.3529365700524921	0.05362989571409256	0.2559227516075048
0.3528989013175393	0.053585722106477315	0.2558453540026119
0.3528712329429054	0.05355331159153799	0.25578845048815346
0.3528439180630066	0.05352116593832244	0.25573233389548894
0.3528170181459137	0.05348925850172499	0.2556771942118816
0.3527858474293512	0.05345214017163709	0.25561336870585305
0.35274851841986526	0.053407722406692545	0.2555368934562684
0.35273012883152227	0.05338577507198079	0.25549925238659954
0.3526988961451165	0.05334838126403903	0.2554353893532062
0.35268124351063124	0.053327184651474804	0.25539932985267605
0.3526465202084566	0.0532851192140565	0.2553286316053177
0.3526205614506881	0.05325396411832807	0.25527558767302677
0.35259382049179594	0.05322180912173992	0.2552209833040345
0.35256552532470836	0.053187362803683344	0.25516347717906196
0.3525426653722092	0.053159567333509114	0.25511699530238946
0.35251467124043634	0.053125818873008365	0.2550598864512663
0.35248611929851226	0.05309115841966801	0.2550017965098949
0.3524627789813066	0.05306298589153645	0.25495420624155185
0.35244767182060394	0.05304474602341604	0.2549234073034651
0.3524041238233337	0.052991810673195985	0.25483486212196016
0.35238261607090676	0.05296567674497553	0.25479112710763574
0.35235739703538665	0.052935078477262795	0.25473981893368147
0.3523354314896456	0.05290825645493823	0.25469524290733825
0.3523231047430274	0.05289320010618705	0.25467023131251665
0.35228415736974744	0.05284545785529797	0.2545913192987036
0.35226740208761176	0.05282484736269148	0.2545574188658113
0.35223990697726015	0.05279101378951724	0.2545017997404256
0.352220001859135	0.05276657028613717	0.25446150533272094
0.3522002876930718	0.05274233582646985	0.2544216155951886
0.3521781058851968	0.05271504770023573	0.2543767480444579
0.35215889040909404	0.052691269349207856	0.2543379678486691
0.3521293274031086	0.05265488689345131	0.25427818761366
0.3521147215299096	0.052636880095797575	0.25424867363315673
0.3520900409316558	0.052606436988893265	0.254198814174972
0.35207825533705017	0.052591869089729085	0.25417502429995864
0.3520496375951731	0.05255653177285004	0.25411724077289544
0.3520234579470694	0.05252421895412744	0.2540643766070278
0.3520046970149985	0.052501048279303394	0.2540265042727947
0.3519835973035453	0.052436489504480585	0.25398395617640845
0.3519710217548547	0.0523662879308162	0.25395865396079975
0.3519411903221369	0.052119688069608164	0.2538988335320471
0.3519051308620047	0.051703192420074165	0.25382709814651105
0.35188818252265003	0.051467231004067734	0.2537933884997351
0.3518499189877509	0.050866820378411295	0.25371760304781377
0.35183364556549346	0.05058978082910702	0.2536855270984898
0.35177457346913826	0.049498064062639666	0.2535700266296402
0.351740171943448	0.048810785236493306	0.2535036588227399
0.35170807359741096	0.04814510707496587	0.2534422301829986
0.35167498511366696	0.04742729004255532	0.2533788501478469
0.35163751029799606	0.04659448867935849	0.2533082730780123
0.35160235235906684	0.04578077101099158	0.25324164899387713
0.3515602940996165	0.04476984518528736	0.25316118898462847
0.35150232069611886	0.0433587370998222	0.2530534830301756
0.35147801696187003	0.042758430392332666	0.253008840906468
0.3514221359019314	0.04132554514739546	0.2529038999284553
0.35138115836638617	0.04025707252952186	0.2528275406913995
0.3513426489202804	0.03925442642545053	0.25275793394303125
0.35130056625514094	0.03812613347104969	0.2526800496051269
0.35125260689344284	0.036815730351770506	0.25259090333537304
0.3511917922058583	0.03516742412402886	0.2524824695847679
0.3511465387896709	0.03389981845793989	0.25239928179710613
0.35110485844744904	0.03272092774046044	0.25232283712497217
0.35103998142565446	0.030874298540518277	0.25220505342154853
0.35099783191011474	0.02966107735220873	0.25212876871836365
0.35097315651125716	0.028939256927636423	0.25208332813994727
0.35090727699449975	0.02703788599555025	0.2519671592482282
0.35086336839999377	0.025744362174242627	0.2518880928921084
0.35081787925465646	0.02439028883671969	0.25180579260712965
0.3507595287802429	0.02263943981350143	0.25170034994584367
0.3507183305522066	0.021397722552447748	0.25162647115005266
0.35068682931752276	0.020441067895911783	0.2515697009832717
0.3506137893055917	0.018204144114789864	0.25143786079096353
0.3505765933316652	0.017041975645328236	0.251368952562004
0.3505333584346521	0.015721892579576444	0.2512935975311407
0.3504973761769641	0.014583377634253228	0.251226638824523
0.3504562774074449	0.013296507322775084	0.25115269228220954
0.35041472250095496	0.01197886972424271	0.25107668864498617
0.35037705936894903	0.010787410081347468	0.2510089297510578
0.3503419820860626	0.009669027946436662	0.25094528834361984
0.35029563869064756	0.00818305218588948	0.2508611501401421
0.35025953432229634	0.006989970493910605	0.250791910024086
0.3502105153541847	0.005376187930459866	0.2506997247931869
0.3501827245520697	0.004448768041963966	0.25064644848901035
0.3501519137068426	0.0034224369392441695	0.250588117689476
0.35012587814124	0.0025316753633444627	0.2505362650753826
0.3500862900066466	0.001182053357224086	0.2504588329131274
0.35006114753446893	0.00031635832112246465	0.2504090584290696
0.3500372992864827	-0.0005201250833561794	0.25036028675746
0.3500157488285935	-0.0012745201561695368	0.25031683846011715
0.35000388125070764	-0.0016916640858238713	0.2502928553758145
0.34998738676977326	-0.0022765862133197895	0.2502590854926583
0.34995994330489344	-0.0032657951082556286	0.25020164211284324
0.34994995364438497	-0.0036284671789863637	0.2501807135373626
0.34993664974705074	-0.004121682331294466	0.250151833432258
0.3499312144297891	-0.004326664801567723	0.250139743020764
0.3499202415489989	-0.0047515587526246045	0.250114283480648
0.34991297446290076	-0.005052486623185623	0.2500957097643773
0.34991077958548267	-0.0051587860817767645	0.25008872506344676
0.34991072748671903	-0.0051875016693163495	0.2500861897128287
0.3499115075015958	-0.005185900465049645	0.25008539028170523
0.34991269989599555	-0.005183373197252386	0.2500841899059978
0.3499134978360393	-0.005181678764944339	0.2500833792714603
0.3499143231481406	-0.005179922327361711	0.2500825318580753
0.3499151407906815	-0.005178183882152257	0.25008169616388143
0.3499156477339225	-0.005177109226481055	0.2500811853238999
0.3499170184889154	-0.005174203706326	0.25007980478457303
0.3499174158083213	-0.005173359781589101	0.2500794006897029
0.34991846589719877	-0.005171133398844993	0.2500783419334057
0.34991950276946804	-0.005168937830921053	0.2500773029124991
0.34992001631833136	-0.005167851025698514	0.25007678974904657
0.34992090750954497	-0.005165964881025567	0.2500758989650921
0.34992131765298956	-0.005165098609323113	0.2500754929856117
0.3499220071417813	-0.005163642024240564	0.2500748098568898
0.3499233070730361	-0.005160896650558008	0.2500735238242841
0.34992404023440776	-0.0051593491855629475	0.25007280062241943
0.3499247064213589	-0.005157942857763151	0.2500721430323327
0.34992539649167725	-0.0051564872757929175	0.2500714644729706
0.34992634625502	-0.005154484302560061	0.25007053145399544
0.34992699210635914	-0.0051531233129299	0.25006989936278357
0.3499276616423051	-0.0051517118780976395	0.250069242950506
0.3499282682431485	-0.005150432071903813	0.2500686459986955
0.349928954858375	-0.0051489848982992775	0.25006797348982696
0.3499297189675989	-0.005147376074531931	0.2500672287812825
0.34993053156767423	-0.00514566370758994	0.250066433727975
0.34993086469116824	-0.005144962602427014	0.2500661097022615
0.3499320469834266	-0.005142472203585144	0.2500649552419856
0.3499326442353755	-0.005141214342818709	0.2500643725203891
0.3499330212460829	-0.005140420985568592	0.2500640061026623
0.3499338486048121	-0.005138680348590038	0.25006320289131473
0.34993501134664373	-0.00515998220359791	0.25006206592123803
0.349936176135152	-0.0052063511455858885	0.25006092614820485
0.3499375699964535	-0.005276528917311882	0.2500595660930895
0.3499384418414517	-0.005324047551515984	0.250058719034861
0.3499418719426397	-0.005533299790855886	0.25005537495478136
0.3499439272531078	-0.0056668134691026245	0.2500533890380646
0.34994611468216585	-0.005813633782205216	0.25005128965456913
0.3499473215074571	-0.005896706077213834	0.25005012620171707
0.34995072157714996	-0.006136961616921691	0.2500468590338459
0.3499544532058189	-0.006408106691624518	0.25004326316509173
0.3499559521934428	-0.006518821498449831	0.25004184080768643
0.34996001287096024	-0.006822319445226169	0.25003792716582907
0.3499614697189636	-0.006932357015411297	0.2500365220235238
0.34996661369957094	-0.007326217145166167	0.250031601287986
0.3499694373919313	-0.007545440043347437	0.250028916161266
0.34997212807833505	-0.0077550160060977785	0.2500263265670698
0.34997490042240126	-0.00797291534699672	0.25002368487140025
0.3499777382242729	-0.00819759046274808	0.25002100554145
0.3499817401692132	-0.008516062698025892	0.25001722161276263
0.34998393704184144	-0.008691345624784338	0.2500151334951122
0.34998656207659357	-0.00890112792393126	0.2500126253055325
0.3499888432540817	-0.009083855158119172	0.25001044216550977
0.34999180628831866	-0.00932103812870165	0.25000756374377164
0.3499935905598674	-0.009464043898765442	0.2500058244757302
0.34999471040029034	-0.009554006105754395	0.2500047389247656
0.34999683194143344	-0.0097245121498339	0.2500026785110022
0.3499984429989282	-0.00985398058958327	0.25000109321981295
0.3499994300198881	-0.009933309957749784	0.2500001276605253
0.34999980630599764	-0.009963533273205052	0.2499997604432484
0.3500002892818628	-0.010002418620491879	0.24999928355318354
0.35000036600123396	-0.010008758341628413	0.24999920624937436
0.3500003608491986	-0.010008665460713759	0.24999921066896794
0.35000035456098455	-0.010008550303482175	0.2499992152003892
0.3500003514668488	-0.010008488884955577	0.24999921884093465
0.35000034699805965	-0.010008400611130105	0.2499992233465538
0.3500003431549826	-0.010008326220258448	0.24999922611762784
0.35000034069352587	-0.010008279066130846	0.24999922750257536
0.3500003334139324	-0.010008132944601497	0.24999923363416773
0.3500003296842804	-0.010008057445723903	0.2499992366866727
0.35000032766346184	-0.010008015198552475	0.24999923882929495
0.3500003225396967	-0.010007908715531297	0.2499992437750027
0.35000031759469963	-0.010007803741660146	0.2499992492493961
0.3500003142574146	-0.010007731503496056	0.2499992534398999
0.35000031112643903	-0.010007663061238167	0.2499992575965774
0.3500003080473092	-0.01000759524379484	0.24999926185458457
0.3500003049704658	-0.010007527915831607	0.24999926587957808
0.3500003030136379	-0.010007485324991197	0.2499992683230375
0.35000029724338544	-0.0100073563965518	0.24999927690137697
0.35000029526666077	-0.010007311954638817	0.24999927993983714
0.3500002910115161	-0.010007215231950015	0.24999928691030993
0.3500002889219843	-0.010007168631857119	0.24999928993607085
0.3500002837334741	-0.010007053300607763	0.24999929726187564
0.35000028083474577	-0.010006987935079384	0.24999930174513424
0.3500002781266679	-0.010006926075544806	0.24999930627000336
0.35000027575919923	-0.010006870544275917	0.24999931084563298
0.3500002725731184	-0.010006796184298353	0.24999931683722
0.35000026887773367	-0.010006711487024797	0.2499993231136013
0.350000265737813	-0.01000663868458275	0.24999932880185502
0.35000026323297273	-0.01000658002909667	0.249999333584968
0.3500002607551546	-0.010006521891363016	0.2499993383637107
0.35000024392783663	-0.009948036641236238	0.24999939949941447
0.3500001944501068	-0.009824816082113455	0.24999955001666282
0.3500000617080681	-0.009564743284049257	0.24999993539432416
0.3499997624803916	-0.009183388397808925	0.2500007118889347
0.3499995247415181	-0.008908013990586258	0.2500013243033202
0.3499988193360428	-0.008150963394091423	0.25000314207322083
0.34999766027314166	-0.007118827235400596	0.25000607078610826
0.34999635484008323	-0.006322726570811357	0.2500092011867424
0.3499947224334638	-0.00538998503792458	0.2500131298907589
0.34999325957038396	-0.004537674812484863	0.2500166936946941
0.3499910339771307	-0.0034333766304251306	0.2500220695747659
0.3499889723394773	-0.0021167531095407782	0.2500272569376252
0.3499868973456891	-0.0008740645564012245	0.2500324939570988
0.34998287109017073	0.0008456605254730659	0.25004241749109557
0.34998123465170083	0.0016333991585214952	0.25004651969056235
0.3499758074880537	0.003928017352599525	0.2500601373718126
0.34997208835362603	0.005483918263253326	0.25006958178968275
0.34996771103424495	0.007168178624302177	0.25008074299816413
0.34996137345502143	0.00966141433255642	0.2500971149748953
0.3499568552259693	0.011417667960115549	0.25010894041911125
0.3499526953570292	0.013160593445539118	0.2501199651699175
0.3499498976624043	0.014613590031621201	0.25012756189204965
0.3499405823097299	0.017859699625459233	0.2501525788134136
0.34993555837037277	0.019923568235202208	0.25016638813680186
0.34993114414059556	0.021850401683703682	0.2501786900823828
0.3499236731344714	0.024076488570801316	0.2501994075483047
0.3499186932051811	0.025980834781962267	0.2502134778725726
0.34991130056911507	0.029115489567018163	0.2502347562706212
0.34990477579675544	0.03126806844886636	0.25025364752803336
0.34990041168935443	0.03277964232938209	0.25026642103596863
0.3498934602867558	0.03545192837180998	0.2502870836777407
0.34988566761156126	0.03868637363303169	0.25031063345170435
0.34988092948709415	0.040869759366423494	0.2503252072124116
0.34987559939816415	0.04321242631987106	0.25034180074585655
0.3498701750336844	0.04546752442025111	0.2503588326843267
0.34986540570571084	0.0478260241698031	0.25037406522910816
0.3498602883876488	0.05087989767370925	0.25039069113231954
0.34985509505879303	0.05303865164773898	0.2504077187339863
0.3498501326787419	0.055199525115172135	0.2504241544198528
0.3498472261992259	0.05676445689266159	0.2504339113013335
0.34983960616741594	0.059692112515543336	0.25045974891936573
0.34983252566538064	0.06307462981516589	0.2504842400939235
0.349830203973754	0.0642248628393119	0.25049240467345935
0.34982545809220494	0.06641602611656273	0.25050926917857236
0.34982034306570514	0.06932846343576128	0.25052772189630135
0.34981658215071515	0.07164201811475891	0.25054162479104236
0.34981168678908636	0.07455451614526641	0.25056003628527174
0.3498101751350389	0.07589275785054699	0.25056585597583464
0.3498068868084867	0.07870002835755967	0.25057879034129804
0.34980324020211745	0.08076620599072588	0.2505933390747457
0.3498005527856397	0.08302577048684052	0.2506044001378117
0.34979734834016263	0.08531094066203461	0.2506179463506246
0.3497947354615914	0.0872141971900444	0.2506293266226512
0.34979374638866045	0.08836809073810405	0.25063389710277617
0.34979109694214305	0.09141379892956684	0.2506467217907371
0.349790515256416	0.09240757044367891	0.2506498669130753
0.34978978080902984	0.0945892370706193	0.25065471889577556
0.34978945226899505	0.0960095882025276	0.25065762561489563
0.34978881879397095	0.09756850568100932	0.2506624946765098
0.3497889425146062	0.09944416902100241	0.25066467309708085
0.3497892407202252	0.10018684456645806	0.25066451580847715
0.34978995354209086	0.101840093174822	0.25061941070180216
0.3497909871752132	0.10300745274327201	0.25052146958688937
0.3497921126082933	0.10369672741413684	0.25043719854567714
0.34980006583165923	0.10591251217531215	0.25000962599886134
0.34980917136968726	0.10712492466792213	0.2496990077808014
0.3498202445186893	0.10833158058653229	0.24931842216564826
0.34983328612038345	0.1092777898420083	0.24898718614058638
0.3498673704034033	0.1113183081891332	0.24816372523158448
0.3498962166050887	0.11257316391339413	0.24759349687546273
0.34993402341221264	0.11373233753119723	0.247018907048763
0.3499518570482763	0.11435596696620366	0.24668190320979322
0.35000015829449377	0.11595613837063594	0.2457345933852601
0.3500728652772181	0.11766926874301871	0.244653623405197
0.3501273855732427	0.1188540947649973	0.24385221777629235
0.3501831922559034	0.11997873536476879	0.24304162180108
0.3502239624564214	0.12074324271083521	0.2424760293541454
0.35032274487949217	0.12232744802832742	0.24127350170601958
0.3504024508950862	0.12344712540350557	0.2403807307587332
0.35051405624455056	0.12517638657117197	0.23889874059468713
0.35059692629177747	0.12635172545055315	0.23785389677216523
0.3506543914229364	0.12708482911152852	0.23719027071097262
0.3507575299635877	0.12815626093806853	0.23619606943979016
0.35094785186569805	0.1301205895691823	0.2343139226315608
0.35109909764851327	0.13136832191875236	0.2331133503927536
0.35118910399304937	0.1320328889142104	0.23246235174449417
0.35132061228210804	0.13344176163217097	0.2309357947583772
0.35152410764194564	0.13493780909148098	0.22933111573092677
0.3516145759632524	0.135813300738313	0.22832540587896327
0.35172773131429885	0.13678897423239594	0.22718224077450683
0.3518407043717727	0.13778354049370217	0.2259993780288108
0.3519734735206467	0.1387215729869673	0.224886823858039
0.3520650639531621	0.13946113260859455	0.22395350660055263
0.35223382151876637	0.14071331907300144	0.22235843045213025
0.3523516408654796	0.14143942310686713	0.2214359947196765
0.35243029914592516	0.14212264628890983	0.22049677223295344
0.3525016133581242	0.1426297512644955	0.21980359250084297
0.35267270914040016	0.14388808696000582	0.21802192245350593
0.35276756806693316	0.1445760195927523	0.2170097080773033
0.35285204027305006	0.14513452487354805	0.21617054246584605
0.3529285927919367	0.14570713486500503	0.2152821249285501
0.35304578100993167	0.14647379713452408	0.2140649076060473
0.35311632772116575	0.14696205735218304	0.2132549558682545
0.35315755282563416	0.1472284371312419	0.2128069664033258
0.35323766389028427	0.1478292528949844	0.2117591923507086
0.3532856660534616	0.1482615440740867	0.21097289386954746
0.3533356197103739	0.14883477503475545	0.2098858884750786
0.3533603809060139	0.1492242298263733	0.20912087845574606
0.35336899069972655	0.14943910039331681	0.2086859537821331
0.3533922103209013	0.14982712226328154	0.20788074743875176
0.353409129049128	0.15008154298258175	0.20733656335963388
0.35341290075416226	0.15022698196953604	0.2070214062798521
0.3534147565114921	0.15064753333180203	0.20608705523207765
0.35340549686473993	0.15085009640606345	0.20562194299385153
0.3533947327172906	0.15101848253124917	0.20522332947055463
0.3533725907191788	0.1512404423839061	0.2046799895422819
0.3533535795538577	0.15135420417306122	0.2043850428307818
0.3533299233329783	0.1514433396281627	0.20414090345171024
0.35331468612695544	0.15148265939169747	0.2040234929240159
0.35326207931101417	0.1515466803837422	0.2037731584019274
0.3532443621661466	0.1515407819920156	0.2037474170084475
0.35320322082655164	0.15152078906713878	0.2037003488751976
0.3531731684350423	0.15150618294841695	0.2036659776928581
0.3531320564731772	0.1514864619934122	0.2036187558429498
0.35310415445998444	0.15147313375345106	0.20358666188268612
0.3530765708267351	0.15145999129482673	0.2035549077907731
0.35305791168972367	0.1514511145504186	0.20353341751251716
0.3530209993838899	0.15143357324923262	0.20349088892845704
0.35298218010733573	0.15141514475604073	0.2034461475487057
0.35295579985200953	0.15140262459802772	0.20341573960995385
0.3529403215108249	0.15139527954706045	0.20339789697551597
0.35290144812041424	0.15137683704253785	0.20335308206217334
0.3528746751256552	0.1513641359800607	0.2033222157213554
0.3528378519977719	0.15134666687993148	0.20327976176411994
0.352811681619638	0.15133425107670567	0.2032495890510081
0.3527879803783924	0.1513230050244389	0.20322226342809777
0.35275119899889357	0.1513055554254215	0.20317985504260017
0.35272916558579603	0.1512951034010504	0.2031544497661335
0.35269969216681596	0.15128112113681685	0.20312046568068606
0.3526747984275796	0.15126930873266747	0.2030917629494694
0.35264697996129624	0.15125611123862798	0.20305968579068234
0.35261416373981425	0.15124054081747934	0.2030218457923952
0.35259947719037765	0.15123357237907864	0.20300491056858588
0.35256730773428974	0.15121831235745997	0.20296781280340165
0.3525334900430939	0.15120226971765094	0.20292881347348088
0.3525203213633366	0.15119602462131726	0.2029136256369929
0.3524931569640557	0.15118314011822281	0.20288229663995022
0.35246522047587153	0.151169884636578	0.20285007892245538
0.3524415599418605	0.15115866030311848	0.20282279047697616
0.3524103153007947	0.15114383508565193	0.20278675571499624
0.3523880974353595	0.1511332925459602	0.20276113114736483
0.35235470507554306	0.15111744928651216	0.20272261663151608
0.35233492746047573	0.15110806771021612	0.20269980347234645
0.35231344100272893	0.15109787463664642	0.20267501913995029
0.3522903302888125	0.1510869122251028	0.20264835993133162
0.3522692592407656	0.15107691659190609	0.20262405337677333
0.3522483522545881	0.1510669970791379	0.2025999364650304
0.3522187475672664	0.15105295419289405	0.20256578363183275
0.35219922340094273	0.15104369274481966	0.2025432594781232
0.3521807071412946	0.15103490717941237	0.20252189887973346
0.3521614925690927	0.15102579123780813	0.2024997316787407
0.3521329601855246	0.15101225323381318	0.2024668147152554
0.3521133258266808	0.15100293880486937	0.20244416156736125
0.3520955553864695	0.15099450858566893	0.20242365847107355
0.3520770726613443	0.15098573907045248	0.20240233387348566
0.35205544675212	0.15097547865835526	0.20237738193920002
0.35203161029903535	0.15096417056449363	0.20234987809173421
0.35201210786063825	0.15095491937297456	0.20232737400232548
0.3519943742909352	0.15094650621015682	0.20230691114649785
0.3519689095461513	0.15093442789563943	0.20227752493759446
0.3519507942635362	0.15092583486451505	0.20225661977627035
0.35193282492935873	0.15091731004496667	0.20223588313245544
0.3519157881387634	0.15090922746850022	0.2022162222897942
0.3518966097469882	0.15090012890213916	0.2021940894491987
0.3518730964196926	0.15088897388113243	0.20216695303746235
0.3518551209635178	0.15088044750128238	0.20214620643384912
0.35183804336042734	0.1508723463876223	0.2021264959790883
0.3518203690391303	0.15086396119367917	0.20210609690032139
0.35180507615763706	0.15085670738121182	0.2020884451076846
0.3517805796282502	0.15084508766321025	0.20206016944087957
0.35176416847285435	0.15083730185483252	0.20204122670061977
0.3517557133091682	0.1508332926878207	0.20203146584837844
0.35173190882932126	0.1508220022703975	0.20200398648823925
0.35170905922429385	0.15081116231999026	0.20197760990515198
0.3516980957739518	0.15080596150196834	0.20196495369893086
0.3516777310561248	0.15079630106947878	0.20194144404504108
0.3516622797690408	0.1507889712680907	0.2019236062184123
0.3516463275794923	0.1507814046876368	0.20190518920398337
0.3516239876659687	0.15077080811212024	0.20187939678771033
0.3516103361676301	0.15076433253051474	0.20186363521514097
0.3515955002350714	0.15075729445279468	0.20184650613217303
0.3515814622700299	0.15075063596530974	0.20183029739071165
0.3515600063699409	0.15074045885135695	0.20180552302054697
0.3515506349456336	0.15073601379829826	0.20179470186123905
0.35153635282264245	0.15072923861320953	0.2017782105275363
0.35151610647058346	0.1507196347442572	0.20175483136632158
0.3514961269968281	0.1507101574691812	0.20173175961025677
0.3514877278086773	0.15070617319818752	0.20172206028885745
0.35146636995953234	0.15069604273860082	0.2016973952395789
0.35145930290837646	0.150692690071198	0.20168923403905467
0.3514406489591935	0.15068384145411085	0.2016676909699206
0.35142682469511377	0.15067728417500142	0.2016517249538237
0.35140802352547523	0.1506683658423587	0.20163001055612595
0.35139901616971614	0.15066409388969965	0.20161960686025135
0.35138893804981125	0.15065931359276408	0.20160796650516463
0.3513706336938736	0.15065063078974478	0.2015868245525907
0.3513585639565713	0.15064490537116637	0.20157288337145854
0.35133850445026565	0.1506353899203569	0.20154971289526563
0.3513267188722531	0.15062979931299592	0.2015360991133663
0.35131399978226746	0.1506237665594179	0.20152140627522286
0.35130243210433915	0.15061827937385347	0.20150804354123167
0.3512858004628185	0.1506103904688949	0.20148883026903674
0.3512739865547953	0.15060478703736896	0.20147518201956233
0.35126327666852997	0.1505997066339338	0.20146280930314317
0.35125164499632283	0.15059418878022346	0.20144937149527703
0.3512386784030527	0.1505880393852974	0.20143439009685976
0.3512248099949014	0.15058146050026966	0.201418367388047
0.35121401417839887	0.15057633890878114	0.20140589441501788
0.351202851244003	0.15057104384150388	0.20139299659194862
0.35119321677477744	0.15056647342964946	0.20138186475469724
0.35117655583720575	0.1505585702056519	0.20136261363279057
0.35116570586954127	0.15055342256283505	0.20135007704402655
0.3511540459023497	0.1505478912297204	0.2013366038557428
0.3511383874218296	0.15054046339328842	0.20131850961316
0.3511324547777986	0.1505376490865628	0.201311653991879
0.35111797331933237	0.15053077912866625	0.20129491936357088
0.3511072269716177	0.15052568087217777	0.2012825007753202
0.35109793105551956	0.15052127136363774	0.20127175769405262
0.3510821664484538	0.15051379311160157	0.20125353856608943
0.351076527893448	0.15051111829507785	0.20124702197148156
0.35106235377214556	0.1505043945584606	0.20123064015875342
0.3510525646346484	0.15049975031771923	0.20121932635467088
0.35104287677319485	0.15049515441420402	0.20120812916619502
0.35103327474519724	0.1504905991224309	0.2011970309918121
0.3510192471929759	0.15048394442611285	0.20118081719819458
0.35101028511420096	0.15047969312609066	0.20117045785836904
0.3510046100116031	0.15047700069844916	0.20116389805862855
0.3509965661844019	0.15047318468458437	0.20115459998858548
0.35097911585416336	0.15046490667451218	0.20113442775716958
0.3509700984540758	0.15046062855635678	0.20112400376795891
0.35096154844647737	0.15045657210459995	0.20111411990197087
0.3509561573044794	0.15045401459680258	0.20110788743496652
0.3509389874681989	0.1504458682127267	0.20108803825991067
0.3509337151773725	0.15044336686871362	0.20108194296332807
0.3509232730821318	0.15043841312668	0.2010698704002831
0.3509136684311227	0.15043385632575734	0.20105876595349426
0.35090890354883153	0.15043159567886633	0.20105325691861797
0.3508933283661261	0.15042420638706638	0.201035248669812
0.3508854607386515	0.150420473682565	0.20102615176237554
0.3508769537861004	0.15041643756745177	0.20101631546664903
0.3508685469774492	0.15041244937007864	0.20100659447635158
0.350863666141527	0.1504101335644072	0.20100095075119198
0.35085158536440386	0.150404401616352	0.20098698136368526
0.3508417171130651	0.15039971971130067	0.20097556985305332
0.35083429820502726	0.15039619965977236	0.20096699064482285
0.35082661652620517	0.15039255501196103	0.20095810731676994
0.35081867161707003	0.15038878535250488	0.20094891943892967
0.3508114678949565	0.15038536760808463	0.20094058836040074
0.35080107846855274	0.15038043788514532	0.20092857304701825
0.35079402437250456	0.15037709097693625	0.20092041466267024
0.3507832463980198	0.15037197723073037	0.2009079490880546
0.35077916450802427	0.1503700405217233	0.20090322795240176
0.3507692043616417	0.15036531470971803	0.20089170778632864
0.35076213419871327	0.15036196028916604	0.20088352991170824
0.3507545171437042	0.15035834625651923	0.20087471933805698
0.35074405074164616	0.15035338017033872	0.20086261267474023
0.3507368317497019	0.15034995485431546	0.2008542621335567
0.35073181380921953	0.15034757391783227	0.20084845752301364
0.35072653515702634	0.15034506921131818	0.2008423512635781
0.35071726174713846	0.15034066929728107	0.20083162347169597
0.3507123787364694	0.15033835237099225	0.20082597456992368
0.35070253028304454	0.15033367931859992	0.20081458116474074
0.35069373278814914	0.1503295049705296	0.20080440322664928
0.3506876117679604	0.15032660027614708	0.20079732175249904
0.35068127935797616	0.15032359541379536	0.2007899954568998
0.3506777245813066	0.15032190856461525	0.20078588269681763
0.35066551704371834	0.15031611581932375	0.20077175849511605
0.350661839792182	0.15031437097506412	0.2007675037023587
0.3506562688458019	0.1503117273140676	0.20076105785699205
0.35064944002235837	0.15030848677529896	0.20075315637431707
0.350641911972576	0.15030491448462868	0.20074444555144347
0.35063319460770137	0.1503007777493075	0.20073435828451336
0.3506296398111107	0.15029909084870796	0.20073024477035958
0.35062434586409824	0.1502965786492234	0.20072411864925233
0.35061835035635863	0.1502937335149958	0.20071718053860094
0.3506082252344096	0.1502889283956041	0.20070546338022047
0.35060238597706794	0.15028615737938128	0.20069870566017692
0.35059731267550487	0.15028374967469033	0.20069283435691784
0.35059180717327604	0.1502811368689147	0.20068646271860222
0.35058612418948193	0.15027843993619122	0.20067988545052384
0.35058096056668603	0.15027598942284692	0.20067390916581443
0.35057492175612504	0.15027312362367362	0.20066691974717493
0.3505675796516228	0.15026963936010934	0.20065842160341102
0.35056257840930155	0.15026726583381023	0.20065263283663948
0.35055964354007285	0.15026587296932337	0.20064923577435956
0.3505527127295807	0.15026258373143153	0.20064121325131512
0.35054499116084115	0.15025891918095108	0.20063227513652743
0.3505419334001609	0.15025746800580742	0.20062873553505073
