0.3499978877725156	0.14999884600943653	0.20155633287062713
0.3499978877725156	0.14999884600943653	0.20155633287062713
0.34999753308694664	0.1499986801331753	0.2017617670766936
0.3499966893683209	0.14999830648355134	0.20220539607938143
0.3499960414855604	0.14999801845775934	0.20253790271011346
0.34999549359943516	0.1499977515426688	0.2028570606058323
0.3499948787299825	0.14999746114708906	0.20318762924269287
0.3499937991778249	0.14999697945312496	0.20369780994845685
0.34999319814477525	0.1499966709856408	0.204049740089142
0.34999258825061974	0.14999635312916526	0.20440651245000735
0.3499918351222584	0.1499960105562781	0.20473522810450467
0.3499907832602538	0.14999545604039843	0.20533297718890448
0.34999001735441926	0.14999508021507918	0.2056838632476226
0.3499895291114943	0.1499948408316456	0.2059011156314384
0.3499884101266768	0.14999426415667244	0.20643341936743972
0.3499873116983404	0.149993675558023	0.20695971521095963
0.34998662460370766	0.14999327785011873	0.20733153065672022
0.34998617992711933	0.14999303619185045	0.20752345372238823
0.34998502469223813	0.1499923220303821	0.2081744536187318
0.34998439268484494	0.14999192000832923	0.20851707659672677
0.3499840273490093	0.14999162972176586	0.20884420041330273
0.3499835999557816	0.1499913054879232	0.20915931344857241
0.34998301356655137	0.1499908432986578	0.2095857858300507
0.34998280026375583	0.14999063078683972	0.20983462352801102
0.34998266915725584	0.14999049054799024	0.21000354550077774
0.34998229250399804	0.1499901197791643	0.2103403456005243
0.3499820409715849	0.14998981038943388	0.21064597353134965
0.34998197546301546	0.14998967607521363	0.21081496336669997
0.3499819145521638	0.14998952835754312	0.210975696903611
0.34998194732304283	0.14998946959217882	0.2110953588062798
0.3499820112866556	0.14998943399746673	0.21119425434190103
0.3499821002171441	0.14998942696737605	0.2112582462557046
0.3499822845287717	0.14998949497298747	0.21129449416725363
0.34998245330742134	0.1499896189946895	0.21126745575742534
0.3499826170434229	0.149989776521053	0.21120969465860714
0.3499827881632048	0.14998998387847787	0.21111216710198227
0.3499829220489634	0.1499902186274013	0.21099401400126672
0.34998306888264996	0.14999052074344826	0.21081003730540188
0.349983157095579	0.14999101450542252	0.21049486831517913
0.3499831151432959	0.14999139225674904	0.21024943586877387
0.34998310843841046	0.1499917910834137	0.20993462130375679
0.34998307628943	0.14999220133662472	0.20957738915710328
0.3499826889810983	0.14999275158522374	0.20911997152775108
0.3499819310743567	0.1499934828197519	0.20847823194744003
0.3499811264123185	0.1499940472403386	0.20793074411846532
0.34998011633663695	0.1499945950871578	0.20736224016931593
0.34997869902086914	0.14999522203206445	0.20665474434979117
0.34997694017910397	0.14999594835305563	0.20570317487477863
0.3499748708498555	0.14999650871614129	0.2048754869061248
0.3499738589372514	0.14999678232087588	0.20443432181217314
0.3499695080533453	0.14999776572528328	0.20257006331302815
0.34996540870773224	0.1499980743456395	0.20155779379460576
0.3499625063342154	0.14999844077409058	0.20050481319545888
0.34996235971419476	0.15000266260297423	0.1993503124315106
0.3500398896751795	0.1500898022032064	0.1976322510598123
0.3501125465488473	0.15016675310713157	0.19688013297855927
0.3503908884742804	0.15045585124699234	0.1948993293986636
0.35064842012986674	0.1507222279300227	0.19344921163545184
0.35095654985668934	0.15104113591835783	0.19192945767786096
0.3515363282446954	0.1516361800192217	0.18949570087708026
0.3519729348505629	0.15208571712357072	0.1878035883586841
0.352471421448049	0.15260649790204278	0.1859617405603539
0.35303039828730604	0.15318672129841704	0.18404060286538293
0.35392104984403483	0.15410483853291368	0.18117190252850954
0.35461190507268087	0.1548261211482776	0.17900896203375186
0.3552377179866652	0.15547034958055528	0.17715048330501898
0.3557310078463126	0.15597667803220144	0.1757249042147834
0.35724476259088356	0.15755046361795105	0.17141205618378633
0.35816994729199564	0.15850791169863687	0.1688735300337281
0.3589697281842925	0.15934025956201436	0.16669950851626153
0.35986156968289773	0.160275607479974	0.16428233359215033
0.36095322852404244	0.16141720765070072	0.16138079931655025
0.36179331373265766	0.16228788103820613	0.15919729046754627
0.363166307949536	0.16371850829307583	0.15564329264757443
0.3640948060057359	0.16468125329521854	0.15327563568203478
0.36517272438758147	0.16580316882651996	0.15053267377208085
0.3666869145328648	0.16737346652700374	0.14671817633185352
0.3676657646933826	0.16838860306188885	0.14426302980032613
0.36870170341363245	0.16946297953046247	0.1416707926802015
0.3702642397243553	0.1710918330021144	0.13774351555015707
0.3713230372168951	0.17218633474429285	0.1351102280437369
0.3720970718772453	0.17298510110367854	0.1331881254986328
0.37407332444595653	0.17502681307001677	0.12826311034141552
0.37530354068353017	0.17629321423232402	0.1251978939521468
0.3761770976802979	0.1771941740105697	0.12300732135305842
0.3774900807919215	0.17853886625287385	0.11972766599013662
0.3781165857120958	0.17918313244554318	0.11814709497203468
0.37979626747157746	0.1809026259372971	0.11390309008696253
0.38126055282374527	0.18240373058167897	0.1101532733837744
0.3823270192539274	0.1835018857889651	0.1073793903123001
0.38292050022639385	0.18411569951859635	0.10581378787994028
0.38486229644159214	0.18609902740446743	0.10069061189209594
0.3857855645992395	0.18704160362555688	0.09821180725713852
0.3867705001377786	0.18804984092006882	0.09551349793531161
0.3876941647375211	0.18899028001874202	0.09296024103447492
0.38902572053503043	0.19035382471332712	0.08916540953047741
0.3896108671585134	0.19095392625452218	0.08745867633574644
0.3907789153581621	0.1921456959574842	0.08398354147985077
0.3912148903150855	0.19259140724451862	0.0826530703443425
0.3926617563354411	0.1940631691039475	0.0780908200084906
0.3933721251882567	0.19478113463125213	0.07576116845814379
0.39406896520768303	0.19549443747672246	0.07335072239293966
0.39478478011049345	0.19621851736087026	0.07079755591835607
0.3956355493386768	0.19707044662834655	0.06758035039645366
0.39618526870987036	0.19762867652492244	0.06530547904159706
0.39667166733569853	0.1981181228828744	0.06314321850634014
0.39696115104729435	0.19841017569651692	0.061759829086040274
0.39749006615883037	0.1989413140633695	0.058983131104594466
0.3978476895056642	0.19929577969513285	0.056775680358800706
0.3980991037403222	0.19954449438066757	0.05493223230636024
0.3983087881165281	0.19975174867996082	0.05307707390313099
0.39847083790790516	0.1999046360841995	0.05072413026617839
0.39851656978526256	0.19994348229120806	0.04912725282532543
0.3985182969848105	0.19993283006399115	0.046751252260679055
0.39851759729399594	0.19992433578279428	0.04530255198538935
0.3985161714984146	0.19991506680380844	0.04379713858112755
0.3985150369614995	0.19990944684519746	0.04291358846206472
0.3985138164205594	0.19989589794265356	0.04056153224234277
0.39851430493537376	0.19988603964344626	0.03864200211250379
0.39851312348953144	0.19987760673067412	0.037200683061836715
0.3985165373114351	0.19987220470430722	0.03571632750884601
0.398517112323192	0.19986495902099793	0.03424468871687941
0.39851925450613346	0.19985633834463673	0.032289759587462774
0.398520290466287	0.1998512928421029	0.03116911453309651
0.398522093542344	0.1998468487783031	0.030059921789526267
0.39852197310613424	0.19983995489836343	0.028716505904001877
0.39852240180120707	0.19982664724485272	0.026021273228832353
0.3985257873505606	0.19982240869379914	0.024734553953306815
0.3985278957911138	0.199817439418761	0.023463215218344657
0.3985304352357545	0.19981228059591666	0.022096769825685703
0.39853784113253377	0.19980840794880528	0.02037117388140247
0.3985406844010223	0.1998031809206901	0.01894595444662195
0.39854384109112656	0.19979930648897837	0.01776203787139019
0.3985464986149955	0.19979652377531487	0.016862031529543742
0.39854988629068266	0.19979143929196613	0.015401700548835828
0.39855422667524537	0.19978632318529166	0.013822253401248707
0.398557248530216	0.1997847111962373	0.013124743157689633
0.3985635215623237	0.19978100164582124	0.011607388192552082
0.39856858706364434	0.19977649978441642	0.010079929380721608
0.3985745521845783	0.19977493944948527	0.00906170677863305
0.39858016677295544	0.19977302646222989	0.008018154692071677
0.3985850214054691	0.19977097469737765	0.007039455582007859
0.39858980214617645	0.1997666165092542	0.005605367932974836
0.3985934639130593	0.19976386077686387	0.004636886013106134
0.39859969859207706	0.19976281155767767	0.003742154126407382
0.39860635401164873	0.19976166526374012	0.002789350627793341
0.39861424980571175	0.19975972064478198	0.0015610328042073296
0.39862014502598486	0.19975871746236779	0.0007481842807538497
0.3986273059366098	0.19975771416849997	-0.00018396524749852983
0.3986365174989969	0.19975680739742213	-0.0012832210467993432
0.3986439364760781	0.19975663888188833	-0.0020390273060582054
0.3986502357806067	0.19975630557178842	-0.0027068925791872145
0.398659108292105	0.19975680705968513	-0.0034350713310475345
0.39867099154768615	0.19975744707417664	-0.004391685959678759
0.3986778509908229	0.19975730846122186	-0.0050281895429027945
0.3986858864878139	0.1997580445839663	-0.005577645952795918
0.39869387718363963	0.19975868857284612	-0.006127603233224976
0.39870199922842503	0.19975932010251085	-0.006676828427238046
0.39871506491108866	0.1997606964894691	-0.007451828092511548
0.39872014909020326	0.1997613412123172	-0.0077219403115889595
0.39873196675076983	0.19976283905716846	-0.008329159828827593
0.3987453982944336	0.19976479858254348	-0.00892808119163474
0.39875038979237076	0.19976560189941533	-0.009121804840921344
0.3987594569918175	0.19976709509455037	-0.009458450608068436
0.3987690411825298	0.1997687085966156	-0.00979583839745074
0.39878532810498424	0.19977165676552983	-0.0102806885235886
0.3987906800546206	0.19977268341539045	-0.010414904927078583
0.3988038941889084	0.19977527181326543	-0.01068958045812185
0.3988133674103691	0.19977722558415684	-0.010847005120184439
0.39882750723688476	0.1997802800480521	-0.011030192323711774
0.39883706128871343	0.1997824033277924	-0.01111027249777885
0.39884283570755114	0.19978364760788309	-0.01113939064038838
0.3988618562354199	0.19978798763213668	-0.011172657117194618
0.39887166059802553	0.19979024760697395	-0.01117576120929814
0.3988781276119263	0.19979169176363964	-0.011176921634180492
0.398895202288842	0.19979548909646383	-0.011177425531620933
0.3989142243869884	0.19979946583513652	-0.011174235301862623
0.3989223701809732	0.19980117587945384	-0.011172064185144603
0.39894426990186793	0.19980564119404776	-0.01116415364617207
0.39895975394547356	0.1998087687723088	-0.011157065533193622
0.3989847458450095	0.19981387642837123	-0.011143754895194202
0.39899472715955064	0.19981588407033885	-0.011137791332294478
0.3990121193500525	0.19981934773420756	-0.0111266567062287
0.399041254451144	0.19982521723543967	-0.011106286126644993
0.3990603291511694	0.19982904672654456	-0.011091952780423076
0.3990874835110914	0.1998344421319342	-0.011070322714337777
0.3991082610080955	0.19983851082791265	-0.011052875597859835
0.39913049481547735	0.19984283881518022	-0.011033408620164387
0.39916140056280885	0.1998487719830503	-0.011005314658297516
0.39918393244376205	0.19985314056356873	-0.01098412859289688
0.3992054982066304	0.19985730224695736	-0.010963286580210951
0.3992272935380585	0.19986151691295984	-0.010941776126975944
0.3992614292163267	0.1998680847486204	-0.010907223625512441
0.39927669805156235	0.19987098400791015	-0.010891399104452304
0.3993063762414039	0.1998766365281427	-0.010860171205417102
0.3993300485430953	0.19988115408599993	-0.01083482756938714
0.3993651807640101	0.19988788450493644	-0.010796569387277244
0.39938694803513103	0.1998920375814544	-0.01077248469922526
0.3994015010299567	0.19989480252724923	-0.010756188347488704
0.3994347614042041	0.19990108191478873	-0.010718500838111045
0.39945863288155975	0.19990559973946015	-0.01069106880635623
0.39949548969967336	0.19991253894491773	-0.010648160871311763
0.3995194486604011	0.199917093459542	-0.010619934555131605
0.39954493909520644	0.19992191078147575	-0.010589585723937978
0.3995681583594646	0.19992625741032521	-0.01056169690808656
0.39959217886404563	0.1999307949816992	-0.01053260139970591
0.39960408135797004	0.199933037314784	-0.010518106706188024
0.3996266650488613	0.19993728466429234	-0.010490436351152932
0.39966989576779666	0.19994539834360692	-0.010436912058371994
0.3996830530904279	0.19994786325769093	-0.010420482476191595
0.3997033673183428	0.19995164587166586	-0.010394984247425798
0.39972512035125374	0.199955707184526	-0.010367526949936312
0.39974289910339045	0.19995904322687125	-0.010344956422009388
0.3997788296122303	0.1999657303736222	-0.010299002228849108
0.3997929040737684	0.19996836295895537	-0.010280878305383045
0.3998169112763891	0.19997284201625432	-0.010249805856851257
0.39983524801894976	0.19997624975315997	-0.01022592548640916
0.3998589411019304	0.19998064764411083	-0.010194915219000122
0.39987117451741316	0.19998292151633562	-0.010178829672275458
0.3998918023203857	0.19998674390140536	-0.010151576506493676
0.3999067335546122	0.19998950482484212	-0.010131754057188858
0.3999144005424154	0.1999909213071132	-0.010121536724001123
0.3999327013711706	0.19999430347159175	-0.01009706086259543
0.3999444952554419	0.1999964768566524	-0.010081215456606729
0.39995880821210916	0.19999910702420626	-0.010061899527583795
0.39996796150403624	0.2000007867859815	-0.010049494328587316
0.39998018652368905	0.20000301811658056	-0.0100328495850176
0.399986868369536	0.2000042291710425	-0.010023709178680063
0.3999928150116877	0.2000053074535314	-0.01001553561559404
0.3999976639652315	0.2000061744071882	-0.010008844040591158
0.40000233734417456	0.20000699293218338	-0.010002344734484026
0.4000045848423863	0.20000737393324275	-0.009999179699124394
0.4000053893045882	0.20000748323562328	-0.009997998207384062
0.4000063889983479	0.20000998260858793	-0.009972482185727272
0.4000291839532962	0.20007765598648003	-0.009277495262397517
0.40006157041094015	0.20017863383233242	-0.008225909062443304
0.400136031245062	0.20041671811412093	-0.005682030157436235
0.40019348159184776	0.20061779570621696	-0.003457736970333525
0.40025000155875556	0.2008336954823881	-0.0009974114262651934
0.4003499654389058	0.20120883515815963	0.0033913256760644273
0.40038681137117227	0.20137368860853216	0.005404547389304071
0.40047437934869806	0.2017764698898415	0.010461409082842987
0.40051716964564776	0.20195943766150182	0.012807182049945298
0.4006382677974074	0.20254656186852532	0.02069329829481853
0.40068133089320207	0.20281264641451408	0.02449616077814204
0.4007728763049866	0.20322792317905397	0.030470873036753443
0.400835348641663	0.20358883441561293	0.03601795448862355
0.40088438430916673	0.20391426298665422	0.04127865925276791
0.4009203736379813	0.20426951994521225	0.04748060971816348
0.4009497756151365	0.204702405336544	0.0557295385605589
0.4009746445603153	0.20502813257635488	0.06234207736418834
0.40097663180953474	0.20517347090462607	0.06556716872438578
0.4010133302773006	0.20568052495327183	0.07765106766210267
0.4010129908668432	0.20581168554923596	0.08126450124668999
0.40091744322886286	0.20604044305886515	0.08963848043855177
0.4008450601875422	0.206179448889872	0.09582183729946181
0.40082015067800586	0.20625410334991967	0.09949593185076439
0.4006629522411477	0.20641009819518413	0.11273512172771843
0.4005928955704455	0.2064335552035323	0.11888169370919272
0.4004956220574862	0.20640741097619314	0.1252480495066392
0.40039636623637925	0.20634482746587124	0.13126552748036147
0.40022585378785913	0.2061541349722859	0.14010432734278172
0.4000764012042166	0.20594643795828738	0.14611452136329633
0.3999002008973127	0.205698935083863	0.15149040488475657
0.3997392888137662	0.20539603911192855	0.15695026857438338
0.3994416407524835	0.20481269675076946	0.16481728099397286
0.3992406935033614	0.20432714764378324	0.17000667376640433
0.3991056367142583	0.20401699151155683	0.1728503453291826
0.39887029122740536	0.20344195541355742	0.17748065993807383
0.39838668377328756	0.20218217252519888	0.18544677533929915
0.3980892745992751	0.20135485919868462	0.1894736263587994
0.39779325945058525	0.2005255076676879	0.1928850087688103
0.39728546806300097	0.19907363908718662	0.19768261276166768
0.39703580511646447	0.19834739537790708	0.1996090116577988
0.39647325935100636	0.1966933919518557	0.20329714637938187
0.3960031790172854	0.19529073375376477	0.2059168749613471
0.39545048014271406	0.19363645516974012	0.20867598259126785
0.3949463964442993	0.1921355334585495	0.21092885840866976
0.39415134523819034	0.18970315529898163	0.2140857056004984
0.3937430179206541	0.18845557819597403	0.21558155523700628
0.39253292847926136	0.184718221139866	0.2196002369039513
0.39213702134632167	0.18348359364110356	0.22076872817372634
0.39110229954222586	0.18022256381937457	0.2236758208305159
0.3903508908813291	0.17784084814843468	0.22563075235071758
0.38988359263772443	0.1763399297517212	0.2267647534761058
0.3884393940781626	0.1716715442410306	0.23004475406829147
0.3876250400603063	0.16901553441303205	0.23176200117569087
0.3870817182129284	0.16724125953923655	0.23282157214730526
0.3863144668431837	0.16471139242846788	0.23427202414468032
0.38479795353731977	0.15964720931238052	0.23694619431042202
0.38391828336519523	0.15673309736974644	0.23832443198819125
0.383070018714746	0.15390137482476549	0.23957444806478131
0.38216108710500174	0.15077818423958336	0.24089649052605233
0.3808963969237546	0.146439897096521	0.24261502028501025
0.3800451377355651	0.14352054022511096	0.24369663814378825
0.3792402525041088	0.14059474335099903	0.24477419585334217
0.37795257275533645	0.13619631169865315	0.24614711648435178
0.3770182539495101	0.1330279923073594	0.24704070963805583
0.37615405025566656	0.13004680312733985	0.24784396169542705
0.3753587315377383	0.12721204855467688	0.24859045202060523
0.3743519247037544	0.12370003944679957	0.2494361938777879
0.3737910253227533	0.1216850793768307	0.24990589509002156
0.37218777932884606	0.1160527540301425	0.2510725156665944
0.37140638969595025	0.1133756540284555	0.25154892270683976
0.3704444639312483	0.11005666406799226	0.25210080293379744
0.3695124097380396	0.10688901414862619	0.2525692888070749
0.3685847264658238	0.1037523464139289	0.25298847120636747
0.3673319372041557	0.09961663341270884	0.25344459944234277
0.3666200869557591	0.09720836137674331	0.2536981043115558
0.36572154069157436	0.09409799204351242	0.25401711587777864
0.3644482342298732	0.08982432860996202	0.2543614861540743
0.36397699395979705	0.0882621989346959	0.2544713385389573
0.3628799670033558	0.08462658375166156	0.25468616033013824
0.3620666303628775	0.08198901417547093	0.25480763898562153
0.36094362020720594	0.07833499860230624	0.25494202407856387
0.36018651472770047	0.07587669093011347	0.2550087253667234
0.35976556812640625	0.07451571952012322	0.25504305225036217
0.35875857855366744	0.07129572113291359	0.2550771176377941
0.3580703764891369	0.06911322916629213	0.255072057527425
0.35739196131075357	0.06699049145115156	0.25504750816319677
0.35644683960107965	0.06402718704011616	0.255012126368206
0.35605293486714196	0.06280226719748268	0.2549839297515111
0.3553540427443067	0.06066596725074795	0.2548955312256389
0.3547976580307323	0.05895797362651593	0.2548188529818771
0.3542984212739179	0.05743945407609753	0.2547375212572998
0.35365626560699764	0.055502384071512936	0.2546109858069988
0.3532558936212896	0.05430595191365052	0.25452480373718767
0.35292502931966363	0.05332344453933459	0.2544467244462577
0.35253222941689766	0.05215647767299088	0.2543498115050767
0.3521549021812868	0.051057237036546896	0.2542377789672753
0.3519610796547364	0.05051333365836015	0.25416435297583734
0.35182315468576086	0.05014078413199473	0.25410161228594924
0.35177081775573293	0.05000807405249667	0.2540717259832611
0.3516929650296065	0.04986304739054202	0.2539912861938478
0.35167739383515845	0.04986470624733798	0.2539539016070557
0.35166130839151555	0.04986638423297059	0.25391542839301207
0.35164597731064184	0.04986781662918836	0.2538790340739642
0.35163208880207797	0.04986907499738262	0.25384609435870126
0.351609211794715	0.04987099385287587	0.2537920946418149
0.35159369258066236	0.04987226615637756	0.25375547178878216
0.35157961388246217	0.049873405792475026	0.25372226429647854
0.35156626373135186	0.04987448973590293	0.2536907371077989
0.35155117859964674	0.049875696319612375	0.2536551509094171
0.351534999391197	0.04987698143099577	0.2536169867482395
0.35152145019929043	0.049878052943560694	0.2535850310897398
0.351501370377366	0.04987963599182825	0.2535376808449952
0.3514881283434403	0.049880678713030355	0.2535064505226075
0.3514685081201224	0.04988222147764461	0.2534601873408368
0.35145555559847824	0.04988323961915085	0.2534296377007039
0.35144271007854305	0.04988424885687269	0.2533993374711043
0.35143403659654177	0.04988493083787014	0.253378884484578
0.35141171967161444	0.04988668495958219	0.2533262563163274
0.3514043511757534	0.04988726379239357	0.25330887804026037
0.35139196689238494	0.04988823656037812	0.2532796700440185
0.35137473642893136	0.049889592206008124	0.2532390411369121
0.3513609887769957	0.04989067356299286	0.2532066234947288
0.35134299047564443	0.04989208537621874	0.2531641724774687
0.35133061466825	0.04989305823551839	0.253134988739237
0.3513183627780285	0.0498940222405566	0.253106099572335
0.3512999294040314	0.04989547262662132	0.2530626354421983
0.3512874557145481	0.049896455619717825	0.25303322700521635
0.35127664475282105	0.04989730815987585	0.25300773986863256
0.351265393502411	0.04989819393294416	0.2529812126760581
0.35125133657617874	0.04989930395237714	0.2529480757100464
0.3512382273248986	0.049900335856342196	0.25291716893138155
0.35122586112044646	0.04990131217837411	0.252888017886264
0.3512194660488021	0.04990181619331456	0.2528729418751822
0.3511994273826744	0.04990339541626869	0.2528257026118106
0.3511870165103264	0.04990437366392354	0.25279644593403156
0.35117700505907545	0.0499051617387984	0.2527728451231974
0.3511661369020539	0.04990601748284949	0.25274722534634486
0.35115516397024166	0.04990688268866088	0.2527213599156334
0.3511406133052652	0.04990803237163295	0.25268706313055816
0.3511351250285431	0.04990846621292906	0.2526741272488647
0.3511210548825043	0.049909577750023956	0.2526409638831124
0.3511111896606933	0.049910358279645614	0.25261771237543934
0.3510965638521083	0.049911516424944444	0.25258324132964005
0.3510908626830708	0.04991196846991798	0.2525698047707653
0.3510773358442498	0.04991303795991821	0.2525379241504316
0.35106315401346266	0.049914161766132656	0.25250450086525017
0.35105378699587925	0.04991490323243454	0.2524824251561461
0.3510436654367435	0.049915704817584325	0.2524585715046458
0.3510344614384978	0.049916433237464905	0.2524368805146961
0.35102366421816433	0.04991291818017109	0.2524114298279788
0.35101400506021646	0.049860029648252355	0.2523886100976769
0.35099949272535313	0.049702001713511926	0.252354313608083
0.3509877254892771	0.04949384886023182	0.25232655022162614
0.35097067250700037	0.04911003670780022	0.2522866107716222
0.3509576166510055	0.04875413914255984	0.25225622953492444
0.35094201434537475	0.048285633373498796	0.2522202974964759
0.3509269014284874	0.04779095121364725	0.2521858394066875
0.35091247792606006	0.0472771714425763	0.25215272197532074
0.3508924690157446	0.046523893995886675	0.252107074395597
0.35087523189241426	0.04585393008296647	0.2520690230967434
0.3508599156403265	0.04521789470552588	0.25203405800712664
0.3508351624514544	0.04417002033977181	0.25197940965273213
0.35080806412404075	0.04298754404652409	0.25192084002025616
0.35078885751266986	0.04211999366817738	0.2518793772801695
0.3507776234707245	0.041599069963755356	0.251854757233016
0.35075725303500466	0.04065187849912026	0.2518113242540879
0.3507263406424576	0.039201187936749815	0.2517473008945591
0.35069764756470967	0.037792637687858247	0.2516858518091507
0.35068451268994033	0.03714305082522355	0.25165817435572957
0.35066122536367883	0.03600988080975319	0.25161198748728875
0.350620133964878	0.03395597245791519	0.25152940845355376
0.35059833809077806	0.032849364945830975	0.2514858386833202
0.3505755112880753	0.031671760804407076	0.2514397840239561
0.350554911406122	0.030580408321229838	0.251396715947657
0.3505236870117209	0.02892404194675345	0.2513328730253345
0.3505053786410769	0.027936034076491187	0.2512948647572596
0.3504846799681292	0.026810709860263002	0.2512518673607883
0.3504612860636712	0.025570117628113467	0.25120685410537835
0.35043053624466436	0.023889145107425888	0.25114472759942386
0.35039606541894824	0.021985230720000873	0.25107516774703886
0.3503744081387129	0.020789797712607735	0.25103233510073053
0.3503539154114184	0.01965096736244358	0.2509917624234236
0.3503320433620074	0.018408814826099948	0.2509468812355278
0.35030106643057163	0.016640477362470776	0.2508835268764232
0.35027983292469167	0.015420416523224664	0.250840195483164
0.3502602000991718	0.014266886508407337	0.25079849257685066
0.35024696924152565	0.013487788679652793	0.2507704904119802
0.35020994150106005	0.011319669170393662	0.2506944273843319
0.35019187560809584	0.010248831341806777	0.25065685168539575
0.3501737225264555	0.009172255469961546	0.2506194205413266
0.35015589755219945	0.008117569269381106	0.25058330619100205
0.35013187410921165	0.006638208646732882	0.25053032890862703
0.3501142043563458	0.005561504710433721	0.25049283037087666
0.35009800760842485	0.00456355290909162	0.2504578877259859
0.35008268016941413	0.003605031054121341	0.2504239631097064
0.35006177177829384	0.0022905171058130586	0.2503776560069704
0.3500480983263601	0.0014229973223290476	0.25034706613066937
0.35003460569593414	0.0005626740042164596	0.25031687888179865
0.35002226554711713	-0.00022347439792903823	0.25028964969906603
0.3500067426814399	-0.0012331125582881047	0.2502540087839629
0.34999683786774893	-0.001878980685359341	0.2502314781706244
0.3499871009494839	-0.0025132342669458435	0.2502097665602076
0.3499790762405192	-0.003053874579462365	0.2501904000570617
0.34997104821748665	-0.0036018790685466012	0.2501707403110621
0.3499624031457946	-0.004203767066111877	0.2501489036769561
0.349958966382622	-0.004449550661073012	0.25013977783139985
0.34995489793572754	-0.0047473855883917865	0.2501284569202076
0.34994976380604326	-0.0051473910456200506	0.2501124049962002
0.34994808293113655	-0.005293328022528007	0.25010613221160605
0.3499476251080825	-0.005342435109916652	0.2501037448169574
0.3499478005185905	-0.005368485178647978	0.2501013463442019
0.34994855071709324	-0.005363064809269555	0.2500996897094304
0.34994893128437377	-0.005360283061787943	0.2500988510998115
0.34994940968702914	-0.00535680825644326	0.25009782147321136
0.3499499027429767	-0.005353219392623856	0.2500967525216401
0.3499505299420037	-0.005348691508230349	0.2500954338028534
0.34995099542132235	-0.005345339249265238	0.2500944641565592
0.3499514362180109	-0.005342144421563208	0.2500935244307832
0.34995166565410196	-0.005340495809958198	0.25009305065095344
0.34995247505472726	-0.005334621688377186	0.25009131813671703
0.34995288371933575	-0.005331651941674523	0.250090439629181
0.34995312379249494	-0.00532991031994022	0.2500899268574104
0.34995372849695905	-0.005325533492726728	0.2500886462295596
0.34995416334414103	-0.005322383304447051	0.2500877228694
0.34995474951988903	-0.005318178417620098	0.2500865216429604
0.3499550430236352	-0.005316080930505826	0.2500859285245517
0.3499556084170386	-0.005312026730660016	0.250084772097752
0.34995585431534826	-0.005310277302016511	0.2500842833130674
0.3499564110902164	-0.005306310532047401	0.25008317099160693
0.349956959603022	-0.005302405725589085	0.2500820784629755
0.3499573524593422	-0.005299613770970726	0.2500813008261572
0.34995757221430274	-0.005298054592922083	0.25008086845384947
0.34995810806131966	-0.005294243202155116	0.2500798047347471
0.34995866364929373	-0.005290290088138125	0.25007870064647586
0.3499590300567921	-0.005287690368602091	0.25007797988779945
0.3499594191758569	-0.005284926413471322	0.2500772114594068
0.3499596283671137	-0.005283437778321257	0.2500767956949582
0.3499600280447613	-0.005280607664116241	0.2500760151865413
0.34996053336586846	-0.005277026043740987	0.250075025082318
0.3499610334180148	-0.005273471892079315	0.25007403577757825
0.34996154011886704	-0.005290188422741385	0.25007304530987173
0.34996185046629263	-0.005306968927743169	0.2500724448001947
0.3499632089241246	-0.005407432148652316	0.2500698308639119
0.3499641784009461	-0.005495457465965262	0.2500679709799545
0.34996482019944225	-0.005557626086690512	0.2500667471495688
0.34996644454156356	-0.005725162013794097	0.25006363528881875
0.3499676643599956	-0.005857222838916917	0.25006130961224754
0.3499696059936749	-0.006075547235111653	0.250057615983876
0.34997121579844676	-0.006262439007742551	0.25005455394589243
0.3499725977493342	-0.006426043940231538	0.2500519202669566
0.3499740963198001	-0.006606493484179923	0.2500490555650463
0.34997640836751187	-0.006889947951476197	0.2500446396811632
0.3499776951923383	-0.007049664222948296	0.25004217384776695
0.349979780347529	-0.007312163777991029	0.25003820723173775
0.34998065648591853	-0.007422159733799991	0.25003650215587353
0.34998224484809165	-0.00762478854577027	0.25003347128096637
0.34998509845998427	-0.007992513713048752	0.2500280407771322
0.349986289107528	-0.008146959215185476	0.25002577145407423
0.34998840885174004	-0.00842265113812303	0.2500217132913848
0.34999005954191237	-0.008637937308791907	0.25001854376827737
0.34999205819506485	-0.00890002787336279	0.2500147132359092
0.3499929525187296	-0.009017508669537946	0.2500129985128299
0.3499946895651695	-0.009246794335560152	0.2500096891392354
0.34999585012574636	-0.00939973226010167	0.2500074572105288
0.34999691919104897	-0.00954078016589234	0.25000540506804725
0.34999825247189875	-0.009716815305536544	0.25000284756989827
0.34999899854637706	-0.009815296542741617	0.25000140390681563
0.34999961619899117	-0.00989685938102329	0.2500002109972176
0.35000008313322134	-0.009958486696627453	0.24999931244765583
0.3500002746788238	-0.009983820389675727	0.2499989433517631
0.35000053728616254	-0.010018852732236808	0.2499984331957717
0.3500005390178644	-0.010019661117225728	0.24999842402573214
0.35000053312240476	-0.010019479646882143	0.24999843165332694
0.3500005250377327	-0.010019236264176543	0.24999844029074134
0.35000051875713417	-0.01001904255566323	0.24999844840585603
0.350000512517255	-0.01001885064633111	0.2499984562872312
0.3500005054148675	-0.010018630502366135	0.24999846577092788
0.3500005000558152	-0.010018458283904838	0.24999847479142936
0.35000049486214735	-0.01001828835706882	0.24999848445233494
0.3500004896493116	-0.01001812553365243	0.24999849178068248
0.35000048267943246	-0.010017893404344433	0.2499985059739915
0.35000047792139316	-0.01001774189498865	0.2499985135412583
0.35000047261412287	-0.010017570506630144	0.24999852270749076
0.3500004657939074	-0.010017345023955335	0.24999853607910977
0.3500004613262292	-0.01001719843286443	0.24999854449901293
0.35000045663075974	-0.010017039775549116	0.24999855473762636
0.35000045018039766	-0.010016821420704189	0.24999856892061345
0.3500004457250188	-0.010016672618006386	0.24999857810664083
0.35000044109981227	-0.010016518370689773	0.24999858757357574
0.3500004366296156	-0.010016365912547495	0.24999859774201363
0.35000043066483233	-0.010016162549574173	0.2499986112887595
0.3500004255560237	-0.010015981825015521	0.24999862485303648
0.35000042293723116	-0.01001589184435335	0.24999863100803724
0.35000041888349753	-0.010015751567463219	0.24999864083093157
0.35000041258808456	-0.010015536691606972	0.24999865519596046
0.3500004087395795	-0.010015399941726691	0.24999866558891695
0.35000040455305426	-0.010015251967675762	0.24999867665798012
0.3500004007854125	-0.010015117701564033	0.24999868694406652
0.3500003951250185	-0.010014918103683754	0.24999870176405242
0.3500003910832097	-0.010014776477045698	0.24999871207807342
0.35000038457887583	-0.010009049830300279	0.24999873164568992
0.35000036676648105	-0.009951792669804102	0.24999879367656283
0.3500003309921796	-0.009859560317119334	0.24999890476532127
0.3500000334804698	-0.009365749518093186	0.24999971902367896
0.3499998258854123	-0.009146954073954869	0.2500002274399795
0.34999938557411414	-0.00863664678439631	0.250001359460145
0.349998310451617	-0.007569531331614851	0.2500040898003621
0.34999733169236324	-0.006795189098424234	0.25000650704221705
0.34999613574101185	-0.005934097215037196	0.2500094459009173
0.3499950260661309	-0.005071150381795134	0.25001223809360107
0.34999219773542983	-0.0035816080097717945	0.25001905868140406
0.34999081906072127	-0.0028450247266765677	0.2500224193618073
0.3499886279297353	-0.0016995385941002	0.250027799820743
0.3499847327119446	0.00015675403968705426	0.2500373796649439
0.3499801661048525	0.002073933567767014	0.25004864049525616
0.3499763585773011	0.0035459239551525884	0.25005808115353156
0.34997380772785	0.004408654689650529	0.2500643936184218
0.34996978139971163	0.005982932758013884	0.2500745462920313
0.3499616375178641	0.009078404864300102	0.25009534640364306
0.3499587032879207	0.010086098521133638	0.2501028890794026
0.3499511377823395	0.012576181582088494	0.25012248959782213
0.34994493735476256	0.014838045287298332	0.2501388441295597
0.34994011029656114	0.016837164324852397	0.2501518380877479
0.3499346100803675	0.018990941104301565	0.25016677948986515
0.3499316275557399	0.020383894685721868	0.2501750427627408
0.3499268898150537	0.023147602674145187	0.2501884392936915
0.3499215233535357	0.025438199524601565	0.2502036029090964
0.3499135921910218	0.028285227030106427	0.2502261378198489
0.3499111090325916	0.02950587115279492	0.2502333280165678
0.3499043877385822	0.03253963326475136	0.2502530305316759
0.34989657241245237	0.035713467259020734	0.25027615395664776
0.3498944021712874	0.036877418600608156	0.2502827162967689
0.3498871853515356	0.03990310495315848	0.25030462405062
0.3498824439573034	0.04215900256321346	0.2503192644017096
0.34987510887306367	0.045417073872260835	0.25034218994655405
0.34987109112796866	0.04759198747613293	0.25035497311027044
0.3498663602213775	0.049475266227137646	0.25037013174943307
0.34986045236059665	0.051951718585678444	0.25038922360176513
0.34985382794638614	0.055113745213615825	0.25041108454349514
0.34984842571471486	0.057282626088677	0.2504291064882359
0.34984397140136486	0.05943891843045075	0.25044415651331486
0.3498397176206272	0.06177716775133128	0.25045879333514076
0.3498341512763546	0.06486580546621314	0.25047825940726787
0.34982905829494915	0.06706676550547956	0.2504962993255502
0.34982621356237764	0.06848822426974459	0.25050649546704196
0.34982127994601564	0.07111164937056079	0.2505244630525656
0.3498171416167735	0.07413994560027747	0.2505398885312986
0.349814039348873	0.07621364023928333	0.2505517073932454
0.3498115644043226	0.07807550285758295	0.25056130258807546
0.34980797515863166	0.08093410067128796	0.25057554462145726
0.3498064250061976	0.08203890376196489	0.25058182672449897
0.3498043311419799	0.08387221065283713	0.2505905054802108
0.34980260047698786	0.08644678269760013	0.2505981083084927
0.34980086069947863	0.08847538413939858	0.25060599038873466
0.34979873696279207	0.0908047976365194	0.250615960688782
0.3497975940766798	0.0924556859538833	0.2506218571322484
0.34979676170605345	0.09404969452492089	0.25062661036458955
0.3497958866039992	0.09564914041937271	0.2506319044371618
0.3497957229192619	0.09758814656309604	0.2506346654490731
0.34979584199474667	0.09836067431418892	0.2506350464108585
0.34979612527217546	0.10017046048021906	0.2506365191094848
0.3497963631674403	0.10140307243007605	0.25062584132361143
0.3497975392035487	0.1030477745980312	0.25050103767670373
0.3497984727128451	0.10373611685209493	0.25041927066810654
0.34980513713861683	0.10600153837751415	0.2499985900709916
0.3498111330430339	0.10710273132802171	0.24971021419137712
0.34981967951845133	0.10830459151107767	0.249345676502288
0.3498324590089775	0.10955668666344397	0.24890103962053056
0.3498578363333895	0.11122520572618118	0.24820724314472714
0.3498835918365842	0.11242583235300392	0.24765274456969494
0.34989759356381206	0.11304925269924947	0.24734586526168295
0.3499443818759398	0.11471268037078379	0.2464509046669783
0.34999740099911225	0.11641369931670649	0.24544239165132603
0.35004389514538675	0.11755099487773489	0.2447234887742256
0.3500826922288733	0.11866702951456824	0.24396566926509486
0.3501325268548946	0.11983507199688702	0.2431368985293209
0.35022211387210056	0.12160718945224934	0.24181137269257968
0.3502655698024618	0.12268720289862835	0.24093128773728886
0.35034965456606376	0.12375611174375621	0.2400657748814623
0.3504083219665842	0.12482731565858937	0.2391329149509398
0.35052448085882176	0.1264357787542607	0.23769014687213225
0.3505801297098559	0.12707006020425798	0.23711185688015818
0.3507010204973569	0.12858984078220623	0.2356585092455331
0.35075742022428746	0.12915929011538385	0.23510597816901016
0.3509529784508039	0.1311633676972589	0.23310388412871813
0.3510582681302778	0.13212874689961485	0.2321170384601712
0.3511519997110181	0.13313723950786058	0.23101981001070193
0.35129463347435436	0.13464606354870742	0.22934631410581235
0.35134913848135235	0.13518982424420029	0.22872230554381934
0.3514454442095786	0.13639962594940103	0.2272734037452256
0.3515023044231898	0.13699653384603666	0.22655640912417896
0.3516813829570888	0.13822989558488363	0.22511463419560568
0.3518161504418511	0.13941742443740696	0.223615397552068
0.3519465320509687	0.14018513190765425	0.2226699350056804
0.3520422964608514	0.14098288029155953	0.2216225803462712
0.35221589649352564	0.14214539251876815	0.22007707868803764
0.3522662140235077	0.14252559771095463	0.21955138587783857
0.3523482642683435	0.14319759484089056	0.2185983772812307
0.3524590636050851	0.14417671934138365	0.21714915867091988
0.3525553149772703	0.14503438706158245	0.21583834897502685
0.3525829166834301	0.14536511553055032	0.2153079322046305
0.3526466072637166	0.1459065197621921	0.21444604559649882
0.35273903465328404	0.14661816075269024	0.21328802755993237
0.3527982244370679	0.1473243366350747	0.21206742869399664
0.35285540507104546	0.14778018843152735	0.2112736840708698
0.35291143965073435	0.1482439787965102	0.21044429183624602
0.3529319744960629	0.1484526909740339	0.21005785522368847
0.35297662527796814	0.14915872435832989	0.20869303147414453
0.3529870940498908	0.14935156168379665	0.20831016650417772
0.35301526334942224	0.14976943100102236	0.20746131650163835
0.35301736159333263	0.15007378315914083	0.20682436083518113
0.35303238036221407	0.1504289378066616	0.20606423646668007
0.3530262282105951	0.15064399789252164	0.20559121456104473
0.35302406582321266	0.15079149056841318	0.20526210303158116
0.353016130653766	0.15102357188238302	0.20473142920662718
0.35299634363226967	0.15127206216199024	0.20413614327054327
0.35297786094108896	0.15139216115907023	0.20383216213724983
0.35296486414217965	0.1514576006644195	0.20365897164736832
0.3529454073863907	0.15152329203215908	0.2034718611271374
0.352899614546044	0.15158732878350578	0.20323105197031183
0.35287305056971685	0.15158417846558853	0.20317743450638553
0.3528542821145993	0.1515737819807751	0.2031567701161037
0.35282178714949575	0.15155568135925218	0.20312107442663518
0.3527965961828154	0.15154172025884033	0.20309334678878688
0.3527593347133294	0.15152112682845442	0.2030522860922413
0.3527348683357773	0.1515076322538913	0.20302530090775078
0.35271056596964134	0.15149422989613842	0.20299849594457028
0.3526963446962559	0.15148639083622178	0.20298280640022723
0.3526510455008426	0.15146144207634327	0.20293281201801633
0.3526276209740692	0.15144853903811445	0.2029069594576342
0.3526044857902531	0.15143579969759002	0.202881422896424
0.35257838040242934	0.15142141943564325	0.20285260981952438
0.3525453986546045	0.15140325179252262	0.20281620591598248
0.35252095197757904	0.151389784571882	0.2027892224917977
0.3524987315693636	0.15137754153933963	0.2027646968780665
0.35247674404641793	0.15136542806355557	0.20274042735316541
0.35245298112009427	0.1513523356433099	0.20271419804560345
0.35243139382458494	0.15134044094712362	0.20269037013995359
0.35240131700245214	0.1513238688066897	0.20265717064524022
0.3523802122033745	0.15131224055497366	0.20263387396647714
0.35234788819432106	0.15129442568939577	0.20259819424981762
0.3523272815291339	0.15128307297904703	0.20257544573963554
0.35230679503827694	0.151271782492447	0.20255283124016527
0.35228739704503875	0.15126109107221936	0.20253141823310658
0.35225638923069674	0.15124400388712045	0.2024971870410493
0.3522374328842175	0.15123355678223943	0.2024762600081102
0.35221775941838196	0.15122271531991782	0.20245454043384545
0.35219823607486356	0.15121195514686364	0.20243298679122634
0.3521693082230579	0.15119601385097586	0.20240104874314446
0.35215023511736676	0.15118550321715335	0.20237999032155962
0.3521313070520812	0.15117507115574724	0.20235909221092227
0.3521032684584671	0.15115962036671132	0.20232813328719082
0.35208310718411273	0.15114851031051463	0.20230587152741364
0.3520557025865061	0.15113340884033793	0.20227561086805762
0.3520433575410782	0.15112660560000396	0.20226197911150942
0.35201887346257904	0.1511131117528423	0.20223494288743432
0.35200431749084754	0.15110508920980736	0.20221886941444098
0.35197282504316896	0.15108773588719382	0.20218409091027612
0.35195429599511446	0.15107752560258758	0.2021636278878441
0.35194490345462764	0.1510723495986821	0.20215325496335793
0.3519208832014559	0.15105911448201803	0.20212672598435022
0.3519025100183982	0.15104899055062515	0.20210643345393486
0.35188572112358174	0.1510397368303663	0.20208789163406018
0.35186239867855024	0.15102688446494678	0.20206213213386734
0.3518452661589691	0.15101744243340604	0.20204320921800661
0.3518268223201339	0.1510072777213755	0.20202283743181731
0.35180350111679315	0.15099442592804502	0.20199707722081076
0.3517876452646081	0.1509856883650071	0.20197956249682675
0.3517726384478394	0.15097741858598512	0.20196298530749823
0.3517556251722175	0.15096804230056693	0.20194419166326052
0.3517401963130114	0.1509595403188092	0.201927147267507
0.35171728404715447	0.15094691357861145	0.20190183570472567
0.35170079725833947	0.15093782724551208	0.20188362224304005
0.35168515626334546	0.15092920754204298	0.20186634248186644
0.3516669884379491	0.15091919577231833	0.20184627038388456
0.3516463680125899	0.15090783231471222	0.2018234879895424
0.3516364932619407	0.15090239105561798	0.2018125773924762
0.3516169061849861	0.1508915973608837	0.2017909355005083
0.351595607250869	0.15087985925261532	0.20176740194442322
0.35158158206779483	0.15087213058554683	0.2017519044259226
0.35156703577026116	0.15086411408347294	0.20173583105774093
0.35155324231928564	0.15085651227484703	0.20172058931647463
0.3515389700430741	0.15084864733409753	0.2017048177058669
0.3515199447309686	0.15083816331769684	0.20168379306790446
0.3515102168375715	0.15083280266468663	0.20167304264670827
0.35149094452414037	0.15082218231951983	0.2016517441028334
0.3514772625434161	0.1508146433203879	0.20163662283706352
0.3514583847735622	0.15080423930952125	0.20161575968954182
0.35145078172813904	0.15080004895935484	0.20160735689692563
0.35143112662333253	0.15078921787796906	0.20158563290050624
0.35142425140172645	0.15078542915961468	0.20157803385369952
0.3514004323591688	0.15077230262891012	0.20155170671443084
0.35138701623690954	0.15076490963344058	0.20153687709163504
0.3513753834667422	0.15075849937374763	0.20152401840024356
0.35136272402451524	0.15075152221707944	0.20151002513651783
0.3513451712770427	0.150741848915231	0.20149062202363438
0.35133295453073105	0.15073511612686458	0.20147711711112495
0.35132069503499835	0.15072835969899723	0.20146356465932874
0.35130749603603717	0.15072108542497858	0.20144897328780043
0.3512996589202613	0.15071676685797175	0.20144030889151476
0.3512784350634712	0.1507050701817763	0.20141684477694993
0.3512661919371061	0.1506983234898116	0.20140330853939262
0.3512555632715871	0.1506924660417145	0.20139155723480764
0.35124402224884643	0.1506861056884483	0.20137879696906857
0.3512325761525069	0.150679797265729	0.2013661415644929
0.3512173451982804	0.1506714037932979	0.20134930041949917
0.35120664071792834	0.15066550442912463	0.20133746413826262
0.3511955451242401	0.15065938933012174	0.20132519520432268
0.35118314366655873	0.15065255509033598	0.20131148164679563
0.35116804110259536	0.15064423178480457	0.201294780987585
0.3511619493473127	0.15064087413595828	0.2012880446734196
0.35114712873878223	0.15063270650601418	0.20127165486567047
0.3511365848714141	0.15062689550218455	0.20125999444037704
0.3511207253621479	0.15061815485973867	0.2012424549564303
0.35111088343303876	0.15061273104738782	0.2012315699506984
0.3511002395907488	0.15060686511047744	0.20121979786860322
0.35109010813673347	0.1506012807552647	0.20120859266711014
0.3510800814481342	0.15059575445483525	0.20119750288773303
0.35106973635525524	0.15059005318689545	0.20118606036016914
0.3510560797388198	0.1505825263851367	0.20117095486945194
0.3510463647880025	0.15057717179704422	0.20116020904457438
0.3510371701445815	0.15057210435336094	0.20115003828348407
0.3510309547521902	0.15056867904872812	0.2011431628136854
0.35101660040236843	0.15056076703598525	0.20112728437857785
0.35100801610508897	0.15055603578157384	0.20111778815166476
0.35099555487593126	0.15054916782079614	0.20110400271500387
0.350986393368534	0.1505441180514696	0.20109386761607984
0.3509738652061734	0.15053721294536926	0.2010800074838925
0.3509644695369005	0.15053203447700947	0.20106961251115724
0.35095636464535857	0.1505275670948219	0.2010606455825471
0.35094718759758026	0.15052250877603535	0.2010504922021238
0.3509392464855055	0.1505181320840202	0.2010417058065302
0.35092612323384115	0.1505108983668682	0.20102718578277412
0.35091723966412075	0.15050600180984886	0.20101735627032186
0.350909181859512	0.15050156064033937	0.2010084400959526
0.3509008242651383	0.1504969539927669	0.20099919212243295
0.35089218823014906	0.15049219391632634	0.20098963577879553
0.35088116517959667	0.1504861183203754	0.2009774375833607
0.3508762250044653	0.15048339526458737	0.20097197071850956
0.3508653820177007	0.15047741845309948	0.20095997148927028
0.35085364272632535	0.1504709475165419	0.20094697997204436
0.35084647076944153	0.15046699414097897	0.20093904278155023
0.35083867673209196	0.15046269766077736	0.20093041705511308
0.35083464458068975	0.15046047504379179	0.2009259544853842
0.3508197068486846	0.15045224119652428	0.20090942158952296
0.3508128313820995	0.15044845140519592	0.20090181161388926
0.3508082705220216	0.15044593723022892	0.20089676354887684
0.35079732623679455	0.15043990469130364	0.20088464954233992
0.3507922165411861	0.1504370879613119	0.20087899372484458
0.35077989816734184	0.1504302973829979	0.20086535840151132
0.35077584346506196	0.1504280623633547	0.20086086998900832
0.3507659402558125	0.15042260327661378	0.20084990739402514
0.35076164866853143	0.15042023757288625	0.2008451565963119
0.35074862620022096	0.1504130591570445	0.2008307401802273
0.35074174109495254	0.15040926360848939	0.20082311797164645
0.35073552239822864	0.1504058356420313	0.20081623321941877
0.35073081251403565	0.15040323924580523	0.20081101886854175
0.3507194477992956	0.15039697402961527	0.20079843668680675
0.35071569846026035	0.1503949070457123	0.20079428559200607
0.35070939884217023	0.1503914341126918	0.20078731081484816
0.3506976519618185	0.15038495837334398	0.2007743043783806
0.3506911196566961	0.15038135702667477	0.20076707156701423
0.35068642223262453	0.15037876745375345	0.2007618701752662
0.35067847902734617	0.1503743884722486	0.20075307461815975
0.3506722359060141	0.15037094654742417	0.20074616149684704
0.3506660606596787	0.15036754219846532	0.20073932326454197
0.3506566048825235	0.15036232912107467	0.20072885210467195
0.3506504602531916	0.15035894145376894	0.20072204747778105
0.35064500575098	0.15035593442502992	0.20071600685755728
0.3506393409731829	0.15035281145824975	0.20070973323153476
0.3506329603608938	0.1503492937680726	0.20070266671330492
0.35062688742627807	0.15034594555618935	0.2006959408689117
0.35061938032124934	0.15034180664332158	0.20068762642060434
0.35061293233426044	0.15033825139873774	0.200680484950845
0.35060754248680637	0.15033527977556643	0.2006745151404076
0.3505995420220004	0.15033086871868317	0.20066565361115316
0.35059427123287273	0.15032796270889143	0.2006598153439089
0.35059094478721303	0.15032612874064238	0.20065613065708948
0.35058598437264077	0.15032339381733495	0.20065063599582253
0.3505769945859796	0.1503184373075005	0.2006406776676682
0.35057043875547167	0.15031482268094154	0.2006334153156247
0.3505674654341787	0.1503131832337644	0.2006301215377772
0.35056179954615757	0.15031005924676588	0.2006238447957795
0.3505532623141324	0.15030535194399308	0.20061438692563022
0.3505497401439777	0.15030340981398915	0.2006104848582032
0.35054272329275865	0.150299540836839	0.2006027108892593
0.3505379530867568	0.15029691062589767	0.20059742582245949
0.35053515248825645	0.15029536639291158	0.20059432291073073
0.35052790126213285	0.15029136814273164	0.20058628871820555
0.3505209497725661	0.15028753502285508	0.20057858644845034
0.3505161668898871	0.15028489777246123	0.20057328678486785
0.35051141873995184	0.1502822795344791	0.20056802557530634
0.3505083460581476	0.15028058518233894	0.2005646208098758
0.3505020523487621	0.15027711462634863	0.2005576467631598
0.35049584249706117	0.15027369035434107	0.2005507653778509
0.350491475491896	0.1502712821713671	0.200545926060886
0.35048715649216816	0.15026890056099018	0.20054113975452453
0.3504807473829816	0.15026536635580745	0.20053403702060424
0.35047652268721713	0.1502630367032951	0.20052935497444008
