0.3504839510727656	0.14999872734888436	0.20145480133188365
0.3504839510727656	0.14999872734888436	0.20145480133188365
0.3505765155699755	0.1499984368754113	0.2017333339121941
0.3506740541053187	0.14999812045495808	0.20202687683169374
0.3508248921149805	0.14999766071027598	0.20248059337317137
0.35093017158077333	0.14999732159405127	0.20279734767826454
0.35099403774340304	0.1499970462774437	0.2029899113942863
0.35115575269782834	0.149996379896305	0.20347726245586523
0.3513402147276258	0.14999560739759665	0.2040331131088827
0.3514045042055538	0.14999533936053855	0.2042268078142985
0.3515788838658162	0.14999462362475818	0.20475207009287144
0.35170016916514024	0.1499941420062672	0.2051172559515248
0.35183300482315477	0.1499935646576347	0.20551742061561223
0.3519549132973081	0.14999303321025947	0.20588462741098962
0.3520875956259157	0.14999255911360482	0.2062837493131847
0.3522466951519375	0.1499917589305248	0.20676330731645595
0.3523820115232992	0.14999105703591192	0.2071712001339701
0.3524985637160863	0.1499906036166615	0.2075218312307074
0.35261296151727145	0.14999010081189834	0.20786616875195907
0.35277979777809604	0.14998922734130526	0.20836880012130785
0.35285237373598966	0.14998895794516298	0.20858700259303614
0.3529514126526833	0.14998853466548473	0.20888492291688615
0.3530557447079123	0.14998806265276704	0.20919880680186606
0.3532355112662588	0.14998737284271907	0.20973910878766117
0.35331922701313345	0.14998704097856408	0.20999068047394884
0.3533973766535029	0.1499866964999339	0.21022557989549467
0.35347024793754317	0.14998648656631808	0.21044426702384403
0.35353645808729306	0.14998624491550872	0.21064304408134993
0.3536206400518509	0.14998597799145547	0.21089560440336108
0.3536602206927197	0.14998593669676835	0.21101413781428646
0.35369750289299534	0.14998590287165087	0.2111257406875569
0.3537235774723979	0.14998590725107308	0.21120370316609352
0.35374054904050717	0.14998600537623896	0.21125420653181043
0.35373823881304683	0.14998614185905224	0.21124699992175583
0.3537305643607882	0.14998624190360466	0.21122384972469715
0.353694736050934	0.14998652189304018	0.21111619406652163
0.35363124787939926	0.14998687519925474	0.21092584139532294
0.3535991766141676	0.14998702590081842	0.21082976325162442
0.35353393114137716	0.14998730708021496	0.21063450553779167
0.3534172680672317	0.14998770072785939	0.21028544686076958
0.35325908674064865	0.1499881469764004	0.20981324281954522
0.35318237803293995	0.14998832282277574	0.20958399878563888
0.3530490755951161	0.14998857040415503	0.20918623904096337
0.3528162792131389	0.1499888475255331	0.20849297486193277
0.35268933960493765	0.149989004224373	0.20811397680904112
0.352300838186554	0.14998910983478336	0.2069573310896389
0.3520703436883281	0.14998895679721086	0.20627259972679823
0.35190740646609314	0.1499888958866364	0.20578767727410166
0.35153314916280737	0.14998847020683964	0.2046756604035575
0.35128085640057566	0.14998807311868528	0.20392644719700118
0.35076841526285574	0.14998720800371873	0.20240404476182428
0.35041598525542517	0.14998573652670044	0.2013632445198154
0.3500440899209958	0.14998450467677343	0.20026184016514398
0.3498412306094544	0.14998372908240648	0.19966153517176594
0.3492693393671045	0.15005297633865455	0.19801991847953254
0.3486865798816456	0.15020938940265133	0.19641337793311792
0.34800200638543416	0.15049717056541745	0.1945854572686413
0.34744561778517635	0.15076907170670023	0.19312884879485825
0.3471006940912935	0.15095375120164678	0.19223662573372408
0.3458155018135857	0.1517480953895824	0.18897157477531945
0.34539421156577643	0.15202557621906038	0.18792247934747133
0.34462430034585184	0.1525609420014764	0.1860140349950787
0.34384882733563643	0.15313507016966904	0.18410321614947261
0.3427548267680638	0.15397836725307873	0.18143286432609174
0.34149466352181496	0.15500139888131642	0.17837159640399414
0.34088288338850725	0.1555152091381573	0.17688776496474953
0.34005320487371127	0.15621704882073417	0.17489720230982742
0.3387928185783051	0.15730680587423612	0.17188366394069657
0.3374056030965782	0.15854915772037265	0.1685610082263902
0.3364583423948576	0.15941195408774578	0.16629621972359404
0.3354934591506952	0.1603002752044489	0.16399355136109794
0.33451415398367984	0.16122001071760533	0.16164620783423334
0.33306849939793837	0.16260468033474246	0.15816443143229236
0.33238234077342715	0.16326834842006183	0.15651006188893846
0.33141239419956225	0.16420845386556604	0.1541755441061114
0.32992273283959955	0.16568530281558896	0.15055256162188202
0.3288914818043633	0.16671860301976832	0.14803326966561903
0.3272653703146611	0.16833272309184338	0.1440940598852457
0.3266428786487314	0.16896178253960267	0.14256837772705577
0.32496471054979054	0.17066600570022777	0.13843927781429216
0.32339850997188285	0.17227356075002492	0.13454914824611924
0.3222473514257396	0.1734775305848757	0.1316420343994954
0.32114204548124387	0.17461485631596507	0.1288732374042309
0.32056470498689	0.17520697281437453	0.12742646769326216
0.31858124284047307	0.177282391111666	0.12235309630472091
0.3175518066845736	0.17836320062856342	0.11969196649856034
0.31643530276488047	0.17953368318058044	0.11678833628004537
0.31539122629895927	0.18064909818228814	0.11401191195627469
0.31436036501784426	0.18175299098975817	0.11124178667010992
0.31329683829557253	0.18288957496081443	0.10835921763292378
0.3123090112118425	0.18396470459426278	0.10561214599081575
0.3111557504724835	0.18520007992905566	0.10239745181825682
0.30990699844399117	0.18654032449114213	0.0988536309118031
0.3090611717280041	0.18745590129268264	0.09639499759885012
0.30773103021196935	0.18890561412571671	0.09242779127112949
0.3071762289751902	0.18951029899794986	0.09073751218945525
0.306046756484037	0.19078091178464193	0.08712619709039443
0.3054899128096527	0.1913924082563757	0.08533601211333225
0.304459666755235	0.19253004548637048	0.08191730585098356
0.3037458025510818	0.19332767979613186	0.07942981866878807
0.30303129447074595	0.19412335291280497	0.07687213963513617
0.30210012097718225	0.19517376113487167	0.07332578729766243
0.3016685503973895	0.19565621968470576	0.07160584538901055
0.3011612195822797	0.19622294491516373	0.06950188934456258
0.3004451190357078	0.19701468685609214	0.06636854854721597
0.30001524141478075	0.1974972382253189	0.06428411232331899
0.2994613744475036	0.19812696212413133	0.061293241797716724
0.29910380247238	0.19852654520143243	0.059129569064172716
0.2988357811064081	0.19883569726051165	0.05716898457088471
0.2986202646938105	0.19907476377476085	0.05534816105462165
0.29842908878711744	0.19927923078117954	0.05342133737174287
0.2982799114239393	0.19944099895175277	0.05079316066729794
0.29825921402220934	0.19946262814292132	0.049197227583179015
0.29825697355991493	0.19945383079543072	0.04758691113673974
0.29825654243262084	0.19944978235956212	0.0467531687949973
0.29826009266420306	0.19944490655470554	0.045033539664339595
0.2982618681567379	0.19943340674157156	0.0420723430221015
0.2982634333341466	0.19942762259986402	0.04043952179545879
0.2982689325663337	0.19942526031741292	0.03892146715939243
0.29827063357356864	0.19942269536455098	0.038003535211310446
0.29827133284826846	0.1994143742667397	0.03585989185409927
0.29827028649627396	0.19941021590261254	0.0350231798519578
0.2982812191718306	0.1994076582463687	0.03245115503710222
0.2982826413417853	0.19940490725638366	0.031501924580704166
0.29828827057102475	0.19940136843358935	0.02959610209242186
0.2982944535135317	0.19940050621871647	0.028266447205711753
0.29829980224056746	0.19939915711916972	0.02695225140629881
0.29830181479085993	0.1993922836488597	0.024772608243345318
0.2983074836021039	0.19939074061896978	0.02333378191229457
0.2983117589793995	0.19938879436662066	0.022028476242758666
0.29831822380641193	0.19938859682277177	0.02080304152826684
0.29832276367107147	0.19938860477120596	0.019977621088277386
0.29832701502730413	0.19938651744547076	0.018617108424864803
0.2983350986406792	0.1993862808047447	0.01707529696782295
0.29834220616559426	0.19938429674452723	0.015202071389739669
0.29834836206572785	0.19938504026662524	0.014290750755867665
0.2983567517306061	0.1993853833083195	0.012846359989370504
0.29836099203623845	0.1993842328699696	0.011722115035350977
0.29836931679964496	0.19938584635829576	0.010676168671196307
0.2983779106605308	0.19938588133159552	0.009092896473105572
0.2983835391674861	0.1993858813898977	0.00804929213539568
0.2983900239013903	0.199386472978007	0.007031586541742574
0.29839525565690456	0.19938777534308527	0.006470650017391999
0.29840221886501894	0.19938891815649717	0.0055335419202272584
0.2984172640480096	0.19939229013849596	0.0038131622801213516
0.2984250209710229	0.19939407443264956	0.0029441710438002366
0.298432928361494	0.19939600243921163	0.0020985143833950337
0.29844295451307157	0.19939884305858102	0.0011705677560778782
0.29845140654715385	0.19940100864061244	0.0003074272712341175
0.29846406974572826	0.19940464331476437	-0.0008336284553580597
0.2984729856894789	0.1994073096216349	-0.00159551671747854
0.2984818041620565	0.1994099860079493	-0.0023316780056923947
0.29848958447040047	0.19941249797569677	-0.002916090182991715
0.2985025086773863	0.19941707295187866	-0.003708162377496771
0.2985138126213373	0.1994208674286938	-0.004495546826157437
0.298524768516799	0.19942462685278683	-0.005217207780374378
0.2985348463653556	0.1994282118287597	-0.005821087318081564
0.29854421478733606	0.19943161032678602	-0.006347875945117043
0.29855920017892146	0.1994372253905648	-0.007082011373093444
0.2985673012279009	0.19944030215358816	-0.007458182454092188
0.2985789286586958	0.19944478147294809	-0.007968215047903793
0.29859052647914086	0.19944930251666748	-0.008397531888772458
0.29860154644130826	0.19945364986154535	-0.008779186057664645
0.2986130785429016	0.1994582961230857	-0.009162909673451791
0.298624556216302	0.199462861458431	-0.009475647764238704
0.29864030998601265	0.19946933672419742	-0.009873698103808837
0.2986512456837999	0.1994739045780463	-0.010114490383565156
0.29866245994037705	0.19947855913046358	-0.010317200845904595
0.2986798044526947	0.19948576592869238	-0.010560110774011644
0.2986907939968711	0.1994905743830932	-0.010684035297092553
0.29869807248854785	0.1994937354987279	-0.010744540723587215
0.2987123332951259	0.19949987246818046	-0.010815298803134255
0.2987236519888677	0.1995047664429811	-0.01083505279479291
0.29874233687549834	0.1995128922499126	-0.010845544070637536
0.29875440117370844	0.1995179545815104	-0.010849980121965475
0.29876915832064077	0.19952411798713376	-0.010853549108269411
0.298784546055512	0.19953038565160364	-0.01085518256081347
0.2988005754857366	0.19953706756567652	-0.010855631217048967
0.2988173417634249	0.19954403296837098	-0.010854885664328684
0.298839157110649	0.19955294144895908	-0.010851879772710404
0.2988578512493385	0.199560535353276	-0.010848146022576333
0.29887552870937495	0.1995677531887109	-0.010843692598474952
0.2989039355333297	0.19957908067432784	-0.010834707076972705
0.2989240813121956	0.1995872286315734	-0.010827363207854046
0.29895326154070434	0.19959901480039033	-0.010815588288168865
0.29897878196737193	0.19960919189255089	-0.010804009644260815
0.2990019061157091	0.19961838730511572	-0.010792773885615892
0.29902439091229027	0.19962733451824272	-0.010781296674999163
0.29904313076689504	0.19963478653986483	-0.010771261618315375
0.2990847200062141	0.19965120241349277	-0.010747675604037554
0.2991107282969592	0.19966155667743563	-0.010732177027610867
0.2991372458032839	0.19967198660314617	-0.010715719736511531
0.29915061026413303	0.1996772381642697	-0.010707236590460745
0.29918652662507833	0.19969138837412076	-0.010683848283578656
0.2992126186670457	0.19970164710060273	-0.010666311045854415
0.2992388993312871	0.1997119691454256	-0.01064821877439942
0.2992756331703085	0.19972638321135533	-0.010622331679343788
0.2992906538118833	0.1997322351594586	-0.010611501574861015
0.2993403361997926	0.19975170540984744	-0.010574976765659216
0.29935998309116046	0.19975941396712898	-0.01056021618050279
0.29939001673636073	0.19977111371413464	-0.010537300412511497
0.29941765452176733	0.1997819577375876	-0.010515877751507918
0.29944286990349844	0.19979184028083852	-0.010496098047327429
0.2994713643081521	0.19980297223207305	-0.010473413138915033
0.2995063745611142	0.19981664544604993	-0.010445179518983772
0.2995220488547453	0.19982276379562258	-0.010432404628037795
0.29954645596182927	0.19983225903287355	-0.01041232340723186
0.2995933653483779	0.19985052092495376	-0.01037320856899926
0.2996211333061752	0.1998613453205561	-0.010349721419173341
0.29964420666396385	0.1998703345125244	-0.010330010718766658
0.29966790182991393	0.1998795529870478	-0.01030962388823986
0.29970000235390404	0.1998920251201624	-0.010281728032913051
0.2997224647177219	0.19990075682685354	-0.010262035491234445
0.29973395536186037	0.1999052176953654	-0.010251909703050677
0.29975740089452624	0.1999143237526504	-0.010231137761312292
0.2997879490082884	0.1999261572797142	-0.010203829090212335
0.29981544550257816	0.19993683099672704	-0.010179028758771691
0.2998270617355146	0.1999413451095911	-0.010168488013854393
0.29985229789003615	0.19995110609172767	-0.010145449148843966
0.29986879262637484	0.1999574853301348	-0.01013029681953559
0.2998928408211011	0.1999667902877203	-0.010108064934021666
0.2999065192195838	0.1999720627845038	-0.010095333372717119
0.299921955223168	0.19997802981852297	-0.010080893049866757
0.29993524704151425	0.1999831759996466	-0.010068393435411715
0.2999467649752054	0.1999876140566812	-0.010057507007306954
0.2999634726001992	0.19999404862299264	-0.010041625222519834
0.29997324547659016	0.1999978122173906	-0.010032279578327419
0.29998095391690355	0.20000075336070722	-0.010024872089679504
0.29998570020799664	0.2000025712063883	-0.010020288025081758
0.2999958914842516	0.20000647358391865	-0.010010375323899201
0.3000004454841404	0.2000081943350394	-0.010005899581157718
0.3000019946241695	0.20000877187191035	-0.010004362576583603
0.30000449937538926	0.20000968534827396	-0.010001825278849685
0.30000499649292156	0.2000279843108046	-0.009815528988001032
0.30000491892502135	0.20008366614414164	-0.009240306676967291
0.3000044789574733	0.2001315022217321	-0.008744508893604286
0.3000021829703826	0.20027168184162447	-0.0072708039162738825
0.2999965029075976	0.20048120797299657	-0.005019516320411366
0.2999808985702454	0.20071168403154294	-0.002431004085665045
0.29996545184294415	0.2009374168945774	0.00015404190727963396
0.299931304798391	0.20129808201781574	0.004469041583443134
0.29989582691206496	0.20158253895341655	0.00801616664930871
0.29983318926806235	0.2020729242436326	0.014351063709372947
0.2997906432170101	0.20237663591049398	0.01843570512991488
0.2997442303196479	0.20271412112112708	0.02311920924246147
0.2996872554588659	0.2030183975249633	0.027595677239543703
0.2995868592877639	0.20351282275507476	0.035238814335116164
0.29954829259379356	0.20368609988709702	0.038069851087265794
0.29947955841594703	0.20400333415151517	0.0433807612869741
0.29939239613186225	0.204335609950704	0.049357642725358475
0.29929026252958196	0.20461690383547176	0.05499151976752675
0.29915615417565783	0.2050138425192033	0.06344610127302164
0.2990019308671769	0.20536674014402756	0.07209234863293518
0.2988891419439196	0.2055430690653005	0.07730736146540246
0.29877367670908134	0.2057929610067074	0.08480453663391535
0.2986695447807613	0.20596352209519653	0.09095041909838764
0.2984841628452571	0.20617232528856394	0.10104285169279564
0.29840650391052714	0.20622191547397695	0.10497553741470916
0.2982437858431417	0.20625699423048893	0.11141149729744432
0.29807900916062635	0.20625246744911646	0.11780764927180892
0.2978573115798996	0.20616320247474523	0.1295930283392323
0.29778210536038535	0.20610199140315338	0.1328295943496301
0.29766013914987005	0.20596529482823994	0.13869080236297154
0.2975139560090973	0.20568620306575497	0.14673679222574026
0.2973467377747908	0.2052500469313283	0.1555113924938175
0.2972658174283177	0.20488583327310067	0.16103355316244278
0.2971964631171824	0.20462313092624052	0.16430673797049528
0.29704868235511855	0.20402042626542738	0.17062864441663544
0.2969696204435944	0.20347553289449594	0.17532506600136757
0.29689932102685906	0.20292300869685875	0.17940594289192233
0.2967815990176498	0.20181883679247825	0.18607598848289292
0.2967385334561044	0.20109304168341874	0.18953415130827336
0.2966794859386381	0.19981069580067318	0.19461404238672375
0.2966085233702729	0.19818933257871996	0.19939256972455344
0.296591706417422	0.1969431030548513	0.2022784522873716
0.29664551877706447	0.19556016250901193	0.2050561570511836
0.2967102975764553	0.19481087476741407	0.2064060732170801
0.29688672624248236	0.19326505987050718	0.2089319590835772
0.2974278800846214	0.18995591367992992	0.2135298452858299
0.29785751901578905	0.1877876076377835	0.21613166724709418
0.2983034818803008	0.18573543247565535	0.21839589137569987
0.2988254804321464	0.18357571326923527	0.2205310825168546
0.29943444731140584	0.18122076116177588	0.22271220576565923
0.3000514415802032	0.17896232247339322	0.22466727544047382
0.30077432729440956	0.1764569123186513	0.22661459428106567
0.30155072323884063	0.17386852014891607	0.22852006139453085
0.3026638588100406	0.17032088568392795	0.23098115288808702
0.30355278001513075	0.1676064210128222	0.23273090954855352
0.3044699221035889	0.16483334812753914	0.23432157069587112
0.305904657334886	0.1607524570453978	0.23657594678399446
0.30689588296343706	0.15798279059147818	0.23799210632798687
0.30797990072979964	0.1550336613830531	0.23939043493216686
0.3090931166493698	0.15205437098200575	0.240704590638244
0.3104363814822503	0.1485509923162565	0.24217549186436643
0.312018651032148	0.1443995376636399	0.24370115077244806
0.3131088711603595	0.14159498980802526	0.24466679709894495
0.3138186120724718	0.13985780591394317	0.24526664778626905
0.315638570499413	0.13527167363223208	0.24664288979269866
0.3169786838948225	0.1320302220274785	0.2475534555669647
0.31871298629554506	0.12783350302940863	0.24861218481343875
0.3199547662626721	0.12485665315505945	0.24929449965849618
0.3211979423149526	0.12188862535627183	0.24992209691420209
0.32314400331340865	0.11720448385105933	0.2507823682261159
0.3245600632696109	0.11382180174697597	0.2513350192542755
0.32584503636041834	0.11076503989385192	0.2517838560526662
0.3270307544649836	0.10783947224018482	0.25214971906583394
0.32827222004903633	0.10497757786093663	0.2525040654111856
0.3295620924288565	0.10185505391842396	0.25282198026019165
0.33098393094051715	0.09856601941733957	0.2531287971220395
0.3327425138461403	0.09440629334838284	0.25344037723509427
0.33380575500754184	0.09180256854475564	0.2535867906558127
0.33490745173337344	0.08912121665144802	0.25371609736243206
0.3356027313327217	0.08743966509250063	0.2537863720028938
0.33718249903909464	0.08371454554590906	0.2539066871470256
0.3386945379097412	0.08010206293045853	0.25397595778379567
0.339789367424856	0.07748210804291718	0.253997765610389
0.34044341786741983	0.07586879745031448	0.2540001400239369
0.3418340401343287	0.07246676751122542	0.2539766417841586
0.3428384950976986	0.07000589175153886	0.2539374501368619
0.34366305910330175	0.06803554911171968	0.2538880188872592
0.34447892437487054	0.06603938795005689	0.253829034723428
0.3456248848857951	0.06325351861386218	0.25371679938661384
0.3466844926911839	0.06065113483736233	0.2535944099215749
0.34735334539511453	0.05899903702333857	0.2535010550266683
0.34800007167259056	0.05737116131868457	0.2534065984857973
0.34857439130301304	0.055939953211833135	0.25331143605963746
0.34887351636769826	0.055189005921998366	0.25325821577971896
0.34953972654732196	0.053526773359217225	0.25312181906879694
0.3501164867924055	0.05206428636406969	0.25299357489272045
0.3504080884799222	0.051320196821788275	0.2529180958071754
0.35064870158604106	0.05069907919302709	0.25285017544488053
0.3507667555433851	0.05039169685779439	0.2528135777551449
0.3509975907551338	0.04977586418507325	0.2527198493344818
0.3510260473588489	0.049683857467437656	0.2526866104738899
0.35101774250842266	0.04968511626631923	0.25266214515924457
0.3510087688881413	0.04968814964958064	0.2526381905732298
0.3509994713387795	0.04969127206674316	0.25261338581112647
0.3509866664010566	0.04969550768357743	0.2525793014810581
0.3509771538760487	0.04969854740909106	0.25255418221695636
0.3509677328530515	0.049701520733140506	0.25252937405271436
0.3509545093838955	0.04970573281286407	0.25249436189949426
0.3509460399483225	0.04970842220648379	0.25247192869759294
0.3509414628556331	0.04970985390753961	0.2524598691871917
0.3509293621708514	0.04971362991229909	0.2524279936374619
0.35092004270973987	0.04971652094145708	0.2524034884915052
0.3509100491094799	0.049719615739674136	0.2523772204565171
0.35089981852268176	0.04972277944653379	0.252350337459169
0.35089405029593046	0.04972455296114463	0.2523352310412682
0.35088649506428643	0.04972688689468523	0.2523153757155123
0.35087758361589844	0.04972963796764722	0.25229196025472417
0.3508657185625413	0.04973329189463256	0.25226083375478814
0.35085454870643884	0.04973672797703292	0.25223155069821457
0.3508466363872479	0.04973916557253395	0.25221077225576616
0.3508395197187738	0.049741351872343534	0.2521921376324733
0.3508321026810377	0.04974363260013796	0.25217269099631345
0.3508207631016852	0.049747119359893	0.25214295816353
0.3508138364999592	0.049749248304382335	0.2521248011082277
0.35080631336632384	0.049751560458900765	0.25210507938767224
0.3507985405617342	0.049753948610820206	0.2520847097265745
0.35078767930274746	0.04975728362020383	0.25205627197892466
0.3507807253620701	0.0497594187885675	0.2520380632775352
0.3507741513379292	0.04976143685847158	0.2520208565529189
0.35076671372632817	0.04976371959823038	0.2520013975373829
0.35075934044937884	0.049765982577781157	0.25198210384168257
0.35075143110759555	0.04976840997457903	0.25196140833164604
0.3507424047697901	0.049771179867614465	0.25193779220803514
0.3507379311078956	0.04977255260698389	0.25192608797426796
0.350728784130964	0.04977535917189581	0.25190216741403
0.3507190816603067	0.04977833596510821	0.251876794464871
0.3507136801165644	0.04977999308115312	0.2518626670710018
0.3507056989983697	0.04978244181590312	0.25184180857203975
0.3506989019800943	0.04978452680029301	0.2518240331971758
0.3506952532878418	0.049785646108833834	0.2518144944940087
0.35068611722440546	0.04978844872128284	0.25179061168129935
0.3506775561943464	0.049791074640627916	0.25176823124930914
0.350674015248149	0.04979216074754968	0.25175897517666207
0.3506656547602073	0.04979472536665645	0.2517371256773301
0.3506568630640393	0.04979742208107919	0.2517141494521806
0.3506505577091378	0.04979935667503456	0.2516976775706543
0.3506476874806511	0.04980023730659182	0.25169017959832274
0.350638884608029	0.049802937819286644	0.2516671814222319
0.3506330049933725	0.049804741875464145	0.2516518234663198
0.3506251620048367	0.049807148272572	0.2516313372550183
0.3506191255845353	0.04980754042620357	0.2516155642743647
0.35061297994426016	0.04975146167937762	0.2515994295820652
0.350608490869222	0.0496773325804042	0.25158762589200406
0.35059591280581687	0.049323538365233524	0.2515546176026934
0.3505912777022222	0.049152802267269494	0.2515425472876271
0.350579731977912	0.04865891184571185	0.2515126507963379
0.3505711497394899	0.04824353304810815	0.2514908643160887
0.35056248883921215	0.04777872113442751	0.2514688905160227
0.35054850236727764	0.046976370788664776	0.25143419077950857
0.35054230383848456	0.04659661618093246	0.2514188647666781
0.3505274038901204	0.04564552209669963	0.2513826154023758
0.3505156690222196	0.044863720013043104	0.2513543940314835
0.3505084763048756	0.04436154736783694	0.2513367485351473
0.3504933931367356	0.04330472738709175	0.251301761085361
0.35048143980238194	0.04245086349009984	0.2512746690159493
0.35046725491640507	0.041391950164509625	0.2512415705771158
0.35044973265216456	0.040066791474011335	0.2512019433371854
0.3504366942145085	0.03907760777983939	0.2511737380705715
0.35042429933847263	0.03809215562186384	0.25114533283639
0.3504113803846678	0.03708174908231533	0.25111774235204526
0.35039059992548477	0.03544504725893448	0.25107437332967353
0.3503773210454345	0.03435542618182706	0.2510451887507066
0.35036392810010963	0.03326385680797515	0.25101696208677826
0.3503559805981082	0.03261033135096776	0.25100020909779774
0.35033508400212526	0.03087382297666237	0.2509562394585504
0.35031635034533537	0.02925741417630133	0.2509147445637532
0.3503069940237435	0.02846703635284066	0.2508954484006874
0.35028768705509106	0.02681984445601597	0.2508555226845234
0.3502673017684866	0.02505204990122291	0.2508129978241165
0.35025303432707994	0.02380737672230203	0.2507834364380197
0.3502375439227986	0.022456938186620187	0.25075197220004564
0.3502240873964866	0.021213720127419775	0.2507212437778236
0.3502107150109361	0.02002569696158328	0.25069381582823225
0.3501910124216832	0.01829144112584094	0.2506550304678634
0.35017659597687845	0.016970591660775594	0.2506243272370187
0.3501633028001265	0.015753170646616813	0.25059646113445416
0.3501501574366227	0.014547285108774663	0.25056914289994814
0.3501371456506613	0.013354823896620446	0.25054254037595836
0.35012508960327554	0.012183233777154176	0.2505145193028845
0.3501075467240994	0.010552388636121152	0.2504784881899367
0.35009430908262273	0.009304989110723708	0.2504507873752374
0.35008734247377293	0.008633650897494557	0.2504355526060986
0.35007662349883656	0.007556444197339904	0.2504098389753899
0.3500623388313493	0.006144028722677844	0.25037733878699686
0.3500517670917285	0.005088322667205089	0.250353010988666
0.35003720840175145	0.003617838751041505	0.25031913073692763
0.3500312719486355	0.0030119632850779815	0.25030512882914485
0.3500232285704695	0.0021883277623421654	0.2502861702626553
0.350014183369555	0.001226666905716503	0.2502630370828974
0.3500067085460627	0.000420282517203871	0.2502434533012851
0.3499943589075253	-0.0008874543973534238	0.2502132729565164
0.3499907911910738	-0.001277050759582718	0.25020398189636883
0.3499828080134452	-0.0021666693800098252	0.25018239669164954
0.34998007724455843	-0.002475846479865193	0.25017480974511086
0.3499716549054884	-0.003443049803374662	0.2501510987519872
0.3499680976149817	-0.003868554631645163	0.25014027525089333
0.3499660877201004	-0.004112974580218379	0.2501340551712893
0.34996175807445473	-0.004668169622451077	0.25011910556375727
0.34996001493132195	-0.004908109398169561	0.2501123803492708
0.34995901952721764	-0.0050645229835000055	0.25010760986510927
0.3499587133377863	-0.005128819330953896	0.2501053297074181
0.3499588899789188	-0.00516773128510313	0.25010289033542066
0.349959289872236	-0.0051660817802538644	0.25010176324784494
0.3499596538352543	-0.005164538755232609	0.25010074525399284
0.34996018684164626	-0.005162286523431439	0.2500992689781539
0.34996056118183194	-0.0051607238019461404	0.2500982680411208
0.3499607463727034	-0.005159945257692908	0.25009776278747764
0.3499612352477206	-0.005157884051059228	0.25009641803123794
0.34996173829800464	-0.005155771722537436	0.2500950506675329
0.349961944464131	-0.005154911838283163	0.2500945011751232
0.34996228749673997	-0.005153479856633045	0.25009358467743165
0.3499627302439745	-0.005151630810995997	0.2500924005012923
0.34996320678286225	-0.005149649324389036	0.25009114206180216
0.34996357271658496	-0.005148121437220224	0.2500901644202627
0.34996391511233116	-0.005146688866866547	0.25008924441365415
0.3499642123094336	-0.005145447293465763	0.25008844941922653
0.3499644234691906	-0.0051445684304231715	0.25008789060004843
0.34996498088604777	-0.005142251414508345	0.2500864210805664
0.34996528463417725	-0.005140997207115736	0.25008563554121754
0.34996546271178947	-0.00514025993094748	0.25008517149459863
0.34996603217383393	-0.005137904820774267	0.2500836923517702
0.3499663536698996	-0.00513657797444754	0.2500828623164175
0.3499665266068009	-0.005135864649222541	0.25008241658733976
0.34996696163689	-0.005134070018815481	0.25008129498685006
0.3499671316204428	-0.005133370204233087	0.2500808593070214
0.3499675586864848	-0.005131604299635037	0.2500797511847868
0.3499679174021251	-0.005130129723669483	0.25007883586397345
0.3499682846657841	-0.005128617136680516	0.2500778937817723
0.34996858558614496	-0.005127379172491078	0.25007712437744845
0.3499687351744659	-0.005126766927734047	0.2500767474360606
0.3499690321555625	-0.005125549211480826	0.25007599525910107
0.3499696379634718	-0.0051360941238503405	0.2500744578910495
0.34997008946630837	-0.005169430457194965	0.25007333474809634
0.349970620312806	-0.005218231976646628	0.2500720193414736
0.3499712776355104	-0.005289357085220395	0.2500703965507042
0.34997205331056586	-0.005384438206771688	0.2500684773718773
0.34997330902269924	-0.005550292966338424	0.2500653796611375
0.3499742281206633	-0.005678155012863409	0.25006312341186365
0.34997527554006774	-0.005830071472637907	0.2500605169019111
0.34997681501085737	-0.006060814958064389	0.25005673368007203
0.3499774652562493	-0.006160442283620879	0.2500551390869955
0.3499791217679671	-0.006419044508612123	0.25005107280628547
0.3499799875884809	-0.006556526922051345	0.2500489269691625
0.34998108100318054	-0.0067319243455905425	0.25004622274676463
0.34998341839380004	-0.007113113506530586	0.2500404483745011
0.34998415330237986	-0.007234221823333178	0.2500386247301427
0.3499859614593492	-0.007534352587795931	0.2500341367409476
0.34998718926089395	-0.007741496837016457	0.2500311177797402
0.34998901378508385	-0.008049685010606392	0.2500265978195178
0.34999014654708294	-0.008242937748320092	0.250023804583553
0.34999083244366574	-0.008361278983700385	0.25002212989448735
0.3499925737650022	-0.008659794428250642	0.2500178276517411
0.34999412178870026	-0.008926157678586386	0.2500140058085243
0.3499951633568267	-0.009105888417424587	0.25001143731305675
0.34999609416639843	-0.009266073885741036	0.25000912977884004
0.3499969248800378	-0.00940924295882252	0.25000707478065654
0.34999812953329235	-0.009617059665167307	0.25000410258301353
0.3499988178562968	-0.009735546638061102	0.25000239149358844
0.34999916468363157	-0.009795235540540556	0.25000152768487793
0.3499997079848699	-0.009888674732522237	0.2500001927551217
0.35000036958258757	-0.010002645538725721	0.24999854846684458
0.3500004787628488	-0.010021428583075295	0.24999827888824064
0.3500005862273829	-0.010040334134230541	0.24999801040231884
0.3500005801422051	-0.01003998276892433	0.24999802129513116
0.35000057069955987	-0.010039438682579796	0.24999803776028667
0.3500005644580929	-0.010039074917170002	0.24999804924552615
0.35000056074655617	-0.010038855287002532	0.24999805659710986
0.3500005551703293	-0.010038527869609612	0.24999806719155332
0.35000054371230205	-0.01003783651916336	0.24999809191709652
0.3500005398910373	-0.010037608515029842	0.24999809972340864
0.35000053205218384	-0.01003714142929367	0.24999811560550497
0.35000052604752174	-0.010036783626644633	0.24999812775689823
0.35000052025589506	-0.010036429838186797	0.24999814088181987
0.3500005169816102	-0.01003622533766109	0.2499981490280964
0.35000050916336845	-0.010035746862555942	0.249998166869623
0.35000050404820116	-0.010035431438717698	0.24999817892369844
0.35000049668847044	-0.010034977421178273	0.24999819628912037
0.3500004911939603	-0.010034640388419266	0.24999820894048744
0.3500004842973659	-0.010034200166049015	0.24999822759121126
0.3500004806605186	-0.010033964735971748	0.24999823795158896
0.35000047380012983	-0.010033529856785559	0.24999825600590211
0.3500004685326084	-0.010033194021041927	0.2499982701754119
0.3500004658172459	-0.010033020683238789	0.24999827751397014
0.35000045922704737	-0.010032597923485306	0.24999829565328063
0.3500004543895761	-0.010032284598287297	0.24999830944630386
0.350000447908496	-0.010031859128345297	0.24999832882997447
0.35000044372028516	-0.010031579107027469	0.24999834215896094
0.35000043949124243	-0.010031300907807891	0.24999835489219185
0.35000043697877087	-0.010031137412180077	0.24999836217234997
0.35000042838086554	-0.010030577763649948	0.24999838710764055
0.350000424548101	-0.010030320890261527	0.24999839939289276
0.35000042052678815	-0.010030053700472122	0.24999841191358757
0.35000040962978296	-0.009996707966043142	0.24999845364774276
0.35000036238608584	-0.009848963125614521	0.24999862386225766
0.3500001295356258	-0.009461916360310949	0.24999926000708103
0.34999982546619335	-0.009084065386035997	0.2500000367764278
0.34999940572815136	-0.008550215302467926	0.2500011498215237
0.3499988304568651	-0.007954116178659335	0.2500026196806174
0.3499977348625349	-0.007041987557347959	0.2500053289524482
0.34999719493145076	-0.006482235955941731	0.25000674265736567
0.34999614645521687	-0.005564500623087762	0.25000942141121035
0.3499939018711553	-0.004300365585491919	0.25001483920810486
0.34999237044283704	-0.003215462125386939	0.250018693932665
0.3499892558045254	-0.0015381521133144976	0.25002635944629115
0.34998775592923365	-0.0007831486194773557	0.2500300591769793
0.3499855396254702	0.000529145705766218	0.25003564687516955
0.34998308441467657	0.0018523347703553322	0.25004185682333263
0.34997920184913717	0.0037396312130565795	0.2500516774317839
0.3499753835792639	0.005548710010164701	0.2500614181073669
0.3499688532891952	0.008005186938087341	0.2500780142357989
0.34996398651854754	0.009691003082069757	0.25009048115842475
0.3499611258015678	0.011129574252709648	0.25009805789313055
0.34995613415848054	0.013227434727841783	0.2501112642146383
0.3499525751556335	0.014996622849850497	0.25012086018390034
0.34994880513507776	0.017139383946742956	0.25013123503364376
0.3499422467954826	0.019334855814078858	0.25014899104398586
0.3499363364191155	0.021839128501512192	0.2501653292113739
0.34993199781128087	0.0238742441189234	0.2501775422163085
0.34992524470789693	0.02662103112670018	0.25019669032292113
0.34991925603377116	0.028761991026581904	0.25021377728783956
0.34991699219929545	0.030152606252877648	0.25022042332557554
0.3499109169515802	0.032956789822179436	0.2502382956417494
0.34990595626760757	0.03511697697038631	0.2502530470317609
0.34989947251551595	0.03837374137669282	0.25027261935652567
0.3498925644756423	0.040688654006190275	0.250293613890848
0.3498866631190077	0.04281881083681975	0.25031177395383064
0.34988308497845805	0.0448609609238048	0.25032300362600246
0.34987814211899443	0.047198838784164074	0.2503386677627507
0.3498699694537429	0.05022502362955171	0.250364814300319
0.3498665161819722	0.05236954096962733	0.25037607965453995
0.34986216679710097	0.054609222000244775	0.2503904246568245
0.3498569762209083	0.057036256996213466	0.2504077395458175
0.34985207613091246	0.060315146344655304	0.25042436256464295
0.3498476450860219	0.06242558832328675	0.2504396197236623
0.3498454068174276	0.06366462404501409	0.2504474067037651
0.34983801406864884	0.06764623362843418	0.2504734972937585
0.3498355803696454	0.06902514383619772	0.25048225993607015
0.34982967553047795	0.07188437018508363	0.2505037809633883
0.3498275657894102	0.07387178418052366	0.25051162805496524
0.3498250505650093	0.07601010097644269	0.25052114950038307
0.3498216730081043	0.07805324464775708	0.2505341130703281
0.3498193896963658	0.0800894966299447	0.2505430934332915
0.3498159516632614	0.08285658447005619	0.25055695500818925
0.349814521621961	0.08400463735689927	0.2505628545243047
0.3498122354114497	0.08671146202349904	0.2505725919942373
0.3498111241319689	0.08787279307359362	0.25057752052567217
0.34980860615467185	0.09028447244949166	0.2505889398344995
0.3498071138048551	0.0926449710487079	0.2505964217630632
0.34980628909447364	0.09435267428922987	0.25060109828264626
0.34980596224981003	0.09573292236713109	0.250603530439802
0.3498054485560723	0.09712016519098897	0.25060715788252
0.34980591641410963	0.0985435266830209	0.25060632323794735
0.34980590332834227	0.09984856434920371	0.2506082376787181
0.3498059500239253	0.10151867407954619	0.25060699396035707
0.3498061654298681	0.1022090550219202	0.25056740601686806
0.3498086638762172	0.10437719557854692	0.2503203887478549
0.3498131722741757	0.10564286738590194	0.25009732685078945
0.34981554564057077	0.10632378521013221	0.2499323669906779
0.34982696785985096	0.10805151598251765	0.2494469133062608
0.3498349509126665	0.10878511499280875	0.24920811627667416
0.34986419364340177	0.11101067116199671	0.24834694877284447
0.34988544799201604	0.11222065326621365	0.24780232143505432
0.34991238461380886	0.11341485726661198	0.24722147953880583
0.3499416667784075	0.11460274712793618	0.24658908456797424
0.3499755676124143	0.1158244642856505	0.2458784646688286
0.3500417070700966	0.1174442925501362	0.2448740315466197
0.3500598489230987	0.1180506532683145	0.24447039934273798
0.3501371823378129	0.11969210263987813	0.24333932332730215
0.3502130663690995	0.12111722127858347	0.2422836053034082
0.35028591075341486	0.12256108443795459	0.24112894542078275
0.3503349105325038	0.12340976287861428	0.24043808905262765
0.35041938174343834	0.12484110407240984	0.23922847995267335
0.35050017604860073	0.12631118560430554	0.23788735842715414
0.350590105811302	0.12748659474259838	0.23680637060644527
0.3506596260080659	0.12812710191442722	0.23622264828154155
0.35074145519552846	0.1291596614512049	0.23521320724458766
0.3508560471784772	0.13024411431917904	0.23414701965151535
0.3510653197178654	0.13223926531226218	0.23212253951516565
0.3511255376891174	0.13285182718321908	0.23146633473098355
0.3512404789231524	0.1341887029176115	0.22997937658421402
0.3513349106600015	0.13516370995053978	0.2288795365319112
0.35146581116936004	0.13646911227029973	0.2273616251746597
0.3515190205933241	0.13703597865138745	0.22667859626653064
0.3517249722750699	0.1382841745960969	0.22524963257855427
0.35182007296643514	0.13911492412750356	0.22422021754351454
0.3520117219114553	0.1403306856239614	0.22270790401486074
0.35212239518083865	0.1411575897292526	0.2216331552099533
0.3522172018186024	0.14188799814656727	0.22064410726470754
0.3523026755612259	0.14258932720903886	0.2196742638486163
0.3523968900756497	0.1433230236361516	0.21864498017929931
0.35250040517409725	0.14407797520985816	0.21756398474514732
0.3525790460345075	0.14468620993394543	0.2166567457561681
0.35269339720501475	0.14554568993852562	0.2153369020152587
0.35277258805011913	0.14608640068151518	0.21448681342270498
0.35282470928867676	0.14648748519453342	0.2138370687443757
0.3529145911331474	0.14735771076782117	0.21235559384579145
0.35295049525376376	0.1478226488834669	0.21152411944517063
0.35297362439448393	0.14812627598419914	0.21097171869008902
0.35304168409429704	0.14868628661188515	0.2099473591479119
0.3530607635062256	0.1488982309942773	0.2095436733816082
0.3530832393921578	0.14926315874426677	0.20883532484908995
0.3531123530821844	0.14984818404828776	0.20764578538071699
0.3531237740476601	0.15004380847189336	0.20723256179177987
0.3531244602746501	0.1503776753635392	0.2065209255164901
0.35313114158243236	0.150586684485076	0.20606406945392075
0.3531243864875689	0.15091963656008822	0.2053200775002021
0.35311978901112223	0.1510461139207907	0.20502968329334617
0.3531093919121427	0.15121298991814897	0.20463793598191174
0.3530860461537293	0.15142226738349962	0.20412348755968923
0.3530615905650294	0.15154758911419353	0.20379400729343172
0.3530409438258827	0.15162116032178402	0.20358578556955836
0.3530040804757273	0.15168175267206463	0.20336995223662893
0.3529849458239163	0.15168651024581326	0.2033157343650081
0.3529471954296915	0.1516675962083885	0.2032686963064919
0.3529315704163968	0.1516586711398218	0.20325148729079134
0.3528922928566633	0.1516363288611225	0.20320816438215042
0.3528548747885474	0.15161510394264005	0.2031668320749142
0.35283067210866	0.15160141626110957	0.20314006186669148
0.35280442596539713	0.15158657468224784	0.2031110268395708
0.35276503298138673	0.15156430144534938	0.20306744019846346
0.35273951093641953	0.151549876956942	0.20303919449722696
0.35272629525632265	0.1515424077827086	0.2030245679334011
0.35269029984179906	0.15152206295569892	0.20298472872772746
0.35265526521421753	0.15150226183058207	0.20294595072222893
0.35262855220908146	0.15148715876423202	0.20291638505466444
0.3526050809730211	0.15147388943176354	0.2028904062846232
0.3525904839269358	0.151465638027236	0.2028742490437349
0.35255101990059373	0.15144332540766586	0.20283056789986348
0.3525349339768731	0.1514342285598792	0.20281276350649416
0.35250049762718155	0.15141475670245175	0.2027746462598396
0.3524774799297923	0.15140173886789393	0.20274916872119067
0.35245469451275907	0.1513888531963936	0.20272394734004576
0.3524233315991673	0.15137111553838084	0.2026892310952448
0.3524019986621512	0.15135904989949267	0.2026656168590324
0.35237990111759243	0.15134655186242385	0.2026411556676368
0.35235993133075627	0.15133525891000588	0.20261904853762006
0.3523282282405172	0.1513173283404996	0.20258395248729408
0.35231303718946805	0.15130873855549393	0.20256713426394574
0.35228626343011155	0.15129359664377057	0.20253749327997722
0.35226617363059914	0.15128223567262422	0.20251525105276513
0.3522453090802402	0.1512704334595858	0.20249215205871907
0.3522166971355478	0.15125425476256837	0.20246047216063578
0.3521971644801711	0.1512432055309923	0.2024388466832977
0.35218570917877223	0.15123672583668657	0.20242616360483723
0.3521586872874988	0.1512214441331753	0.20239624321408745
0.35212769220712037	0.1512039134964111	0.20236192323209531
0.3521081200416607	0.1511928434323439	0.20234025093277697
0.35209715922917767	0.15118664522174902	0.20232811314267907
0.35207873971095327	0.15117622919187407	0.20230771535649933
0.3520431265809106	0.15115608605723113	0.20226827818792625
0.35202438118607304	0.15114548634817304	0.20224751778425631
0.35200738176442864	0.15113587206128387	0.20222869154129708
0.3519897118492325	0.1511258778027647	0.20220912269668864
0.3519721869010825	0.15111596499779106	0.20218971422569543
0.35194467712872923	0.15110040725543422	0.2021592454100459
0.35193376583326214	0.15109423574797615	0.2021471605507532
0.35190986055883794	0.15108071673049606	0.2021206824995636
0.3518915730019529	0.15107037551313113	0.20210042574236542
0.3518809668409771	0.15106437697944336	0.20208867778358994
0.3518480177644277	0.15104574188542952	0.20205218051721752
0.35183248440993176	0.15103695607833528	0.20203497412602844
0.3518163508478001	0.15102783077105175	0.20201710248478927
0.351792447014312	0.15101431203596055	0.20199062191666542
0.35177595801504186	0.15100498601760587	0.20197235530741753
0.35176104713541745	0.15099655311847943	0.20195583627488312
0.35175189424235576	0.15099137736617907	0.20194569568416432
0.3517226076901199	0.15097481461017193	0.20191324883986922
0.35170952001420047	0.15096741295855642	0.20189874842881492
0.35169586192531993	0.15095968920319391	0.20188361546051728
0.3516762501559357	0.15094859852567788	0.20186188537325297
0.35165348634574795	0.1509357226557949	0.2018366633697381
0.3516389289243579	0.15092748888866042	0.20182053328375515
0.35162972844179363	0.1509222848897871	0.2018103387422679
0.3516095699541606	0.15091088411986064	0.20178800100752373
0.3515954077513172	0.15090287425942306	0.20177230752742709
0.3515794585960904	0.15089385343677136	0.20175463360301316
0.3515599371232803	0.15088281352585753	0.2017329996420699
0.35154497036757354	0.15087434861449456	0.20171641323740355
0.35152463554928987	0.15086284804184363	0.20169387695504642
0.3515106457318906	0.15085493690306195	0.20167837161015775
0.3515009654903071	0.15084946183381598	0.201667643004615
0.35148894981299755	0.15084266574779348	0.2016543258445876
0.3514693395287099	0.15083157434102173	0.201632590744841
0.3514494170894659	0.15082030683408443	0.20161050863670046
0.35143667201612644	0.15081309866741838	0.20159638150285014
0.35142348918336624	0.1508056437137218	0.20158176835234953
0.35141042210948037	0.1507982539980119	0.2015672832907534
0.3513974392111072	0.15079091053590604	0.20155289193505468
0.35137848552960776	0.15078019054717212	0.2015318810280414
0.35136636400797494	0.1507733349347104	0.20151844333982072
0.35135434180976877	0.15076653521887767	0.20150511560358858
0.3513472807687355	0.15076254126900096	0.20149728776942447
0.35132583885465596	0.15075041492245395	0.20147351565164867
0.3513131139848796	0.1507432175811339	0.20145940791120592
0.3513010512836121	0.15073639534753008	0.20144603364175798
0.3512937477131788	0.15073226417714203	0.20143793610034344
0.3512761891488069	0.15072233266472712	0.2014184681010926
0.3512649496452599	0.1507159751589584	0.20140600607821918
0.35124879397443515	0.15070683739343999	0.20138809235025903
0.35124079366976885	0.1507023123475839	0.2013792212359389
0.3512249639385132	0.1506933590508837	0.20136166795501056
0.351209819606624	0.15068479405578322	0.20134487377204305
0.3511982232952649	0.15067823534026265	0.20133201395081504
0.35118771163224033	0.15067229069234106	0.20132035632515377
0.35117631475673744	0.15066584433505287	0.20130771730534536
0.3511654836018858	0.15065971757793567	0.20129570558605112
0.3511538473979457	0.15065313612992282	0.20128280033893065
0.3511395812565957	0.15064506719915854	0.20126697785570064
0.35113364843486283	0.150641711496101	0.20126039770528795
0.3511191877734191	0.15063353261843687	0.20124435867806456
0.3511138089810278	0.15063049027779057	0.2012383927277686
0.35109915515608053	0.15062220192284043	0.2012221388144768
0.3510851403022341	0.15061427522652826	0.20120659295809554
0.3510760406180016	0.1506091284897505	0.20119649893999625
0.351070429094887	0.15060595416559408	0.20119027440535073
0.35105633267128883	0.15059798054286488	0.2011746374258193
0.3510428415969205	0.15059034932500026	0.20115967144062072
0.3510340800085697	0.15058539326211035	0.20114995176234385
0.35102456574153373	0.150580011349074	0.2011393969059878
0.3510106722521449	0.15057215250024075	0.20112398324895112
0.35100500902909687	0.15056894915483277	0.2011177001855141
0.350991783458279	0.15056146815940358	0.20110302675718303
0.35097874035614984	0.15055409053791202	0.20108855516660037
0.35097011500250175	0.150549211074806	0.2010789852817477
0.35096080380512235	0.15054394389027242	0.20106865403321963
0.35095236553761894	0.15053917094088665	0.20105929085232482
0.3509417233929156	0.15053315113566051	0.2010474820793618
0.3509341881199453	0.15052888856998708	0.20103912066179186
0.3509226398401092	0.15052235618062354	0.20102630575553104
0.35091673653563493	0.15051901692962422	0.20101975480201878
0.35090206820973	0.15051071943604039	0.2010034768779414
0.35089744081232593	0.1505081018302329	0.20099834156108776
0.3508863232493494	0.15050181238432508	0.20098600372165476
0.350878517006011	0.15049739619957464	0.20097734042524013
0.3508697477277636	0.15049243558357284	0.20096760788087661
0.3508620936899966	0.15048810560185816	0.2009591130142033
0.3508510739429431	0.15048187141209896	0.2009468824627907
0.35084630859845184	0.1504791757529988	0.200941593245355
0.3508385327795444	0.15047477700206402	0.2009329625089215
0.35082351619208835	0.15046628190657135	0.200916294475436
0.35081626784798664	0.15046218127695254	0.20090824879457966
0.35080940557430523	0.15045829897950058	0.20090063152827636
0.3508022764231238	0.15045426563771352	0.2008927178778077
0.3507949020560334	0.15045009378265295	0.2008845316916858
0.3507850696868862	0.15044453133639613	0.20087361662048067
0.35077691263548283	0.15043991654199884	0.20086456114735987
0.3507728802941729	0.1504376355425765	0.20086008441582454
0.3507627046520769	0.15043187873033115	0.20084878751800722
0.35075243631968456	0.150426069389907	0.2008373873647385
0.3507457433627541	0.15042228287500237	0.2008299564274995
0.35073888472454334	0.15041840251839322	0.200822341425374
0.35073444069945514	0.15041588815150309	0.2008174072857888
0.35072507083667603	0.15041058718388967	0.20080700355451106
0.3507172567252451	0.15040616631631482	0.20079832700028988
0.3507092264268385	0.1504016228185201	0.20078941034487124
0.35070243132003487	0.15039777845438507	0.20078186482972227
0.35069877418524226	0.15039570933610458	0.20077780379380372
0.3506868082712122	0.1503889391828011	0.20076451602610917
0.35068023170382395	0.15038521843463287	0.20075721257021203
0.3506764175167966	0.15038306039385085	0.20075297681356208
0.3506680494681245	0.1503783258088655	0.20074368364721942
0.3506621727959977	0.1503750007848631	0.20073715712990003
0.3506537274384757	0.1503702225353294	0.20072777751577636
0.3506477116035657	0.15036681863776885	0.20072109614531955
0.3506422664030317	0.15036373758649346	0.2007150484167133
0.35063892382618755	0.15036184633636085	0.20071133585395257
0.3506279873195808	0.15035565828601893	0.20069918850565532
0.3506242092084482	0.1503535204373938	0.2006949920573726
0.3506167462775889	0.15034929789659335	0.20068670233046831
0.350611327507032	0.1503462318777739	0.20068068310750645
0.35060328365636517	0.15034168043659457	0.20067174773272517
0.3506001525110517	0.15033990885930465	0.20066826938764432
0.35059369207843244	0.1503362534354094	0.20066109254100695
0.3505894093222624	0.15033382994507938	0.20065633490435517
0.35058024258297404	0.15032864280441116	0.20064615138521263
0.3505744400198129	0.15032535928263963	0.20063970501123063
0.35057167523922544	0.150323794752886	0.2006366334166609
0.35056665039670587	0.15032095142206153	0.20063105076957144
0.3505569500485307	0.15031546229165432	0.20062027331303944
0.35055360237367433	0.1503135678851732	0.20061655384352234
0.35054653683133047	0.15030956968049325	0.20060870333036024
0.3505411448993351	0.15030651856672372	0.20060271215094685
0.3505341657582147	0.15030256900615158	0.2005949573360436
0.3505292556932196	0.15029979043906166	0.20058950133379705
0.35052460197788254	0.150297156927525	0.20058433006520762
0.35051956629137193	0.15029430716692282	0.2005787342728397
0.3505127963501172	0.15029047610037283	0.20057121100214348
0.35050965965339076	0.15028870106590958	0.20056772517477486
0.35050476390811003	0.15028593039206284	0.20056228454130676
0.3504983127133298	0.15028227944532518	0.20055511511315838
0.3504953205084192	0.15028058608504863	0.2005517896697113
