0.34999768618368393	0.14999882196386016	0.20156212090873135
0.34999768618368393	0.14999882196386016	0.20156212090873135
0.34999739201512636	0.1499986915476405	0.20172093195344673
0.3499966420982308	0.14999835614473933	0.20212130572676912
0.34999588665308184	0.14999806412176236	0.20243552005710552
0.34999490189677096	0.1499976278202188	0.20292919122015945
0.3499942703259872	0.1499973321584015	0.20326222685329415
0.3499934066049979	0.14999698317858662	0.20360366880463965
0.34999294370057005	0.14999677270380313	0.20382536761053674
0.34999168539707504	0.1499962339090637	0.20434178617140125
0.34999072123874114	0.14999581057745487	0.2047362471125527
0.34998967370549694	0.1499953118288519	0.20521892212121587
0.3499887946313403	0.14999488360429775	0.205620425184944
0.3499879956657824	0.14999449262851633	0.20597150429748778
0.34998689230390245	0.14999390687768166	0.20652005798567438
0.3499860728205859	0.14999347197248325	0.206898408597876
0.3499853236401891	0.14999305234321791	0.20727126778667163
0.3499846459443279	0.14999264924218864	0.2076366970316556
0.3499837686119451	0.14999210078351044	0.20813055504183886
0.3499830104051188	0.14999162618669634	0.20851754593750368
0.34998257189210785	0.1499913514525848	0.2087204018422553
0.3499816033558959	0.1499906634544907	0.20929503084700402
0.34998123101383166	0.14999035949357914	0.20957352880641872
0.34998092844179496	0.14999009108028055	0.20982435345740055
0.3499806338015801	0.1499898062193384	0.21009166154506717
0.3499802910513637	0.14998947191050682	0.21035824564771252
0.3499801147164141	0.1499892494351105	0.21056984278772367
0.349980001722382	0.14998902383689422	0.2108231744246078
0.34997996073712995	0.149988884059817	0.21097148459477416
0.34997996575447377	0.1499888140780925	0.2110596333211171
0.34998005078216166	0.14998873594904683	0.21119494968412614
0.34998011998002965	0.1499887476134132	0.2112281122838309
0.3499803257301416	0.1499888267386889	0.21126615098149962
0.34998051466590874	0.1499889471586417	0.2112507423477281
0.34998075943512424	0.1499891657620267	0.2111752345778347
0.34998093426220617	0.14998937945978225	0.21107841136715522
0.34998105984756417	0.1499895570300665	0.21098187248947303
0.3499811996345032	0.149989805891304	0.21083764900866264
0.3499813518580446	0.14999048442780916	0.21041803753361665
0.3499813563761044	0.1499907316381922	0.21024577190419286
0.34998124015258975	0.14999115266113128	0.20995676687138193
0.3499810144245423	0.1499918106109338	0.2094340498714913
0.3499805990613834	0.1499923988171885	0.20893783205596883
0.34997992747653933	0.14999296151426839	0.2084488571217887
0.3499789653462286	0.14999373617632483	0.2076699962543804
0.34997812351734287	0.14999429049826724	0.20705066638401487
0.3499759433406483	0.14999505516574418	0.20616668065803564
0.34997355071308694	0.14999573742451333	0.20524218040779105
0.34997156388496703	0.14999626952860273	0.20441142350117802
0.34996878960758915	0.14999670668230725	0.20359824589453693
0.3499649271156454	0.14999715518268592	0.2025634453337125
0.34995826194673185	0.1499976305256327	0.20092839288775466
0.34995357913951936	0.14999783065180694	0.19981018886412558
0.3500302518400214	0.15007955724307814	0.19867236915571596
0.35015279852385356	0.15020638067470732	0.19796542247643178
0.3505673112807007	0.15063401342116883	0.19652224120054118
0.3514992095145145	0.151586068341998	0.19449868699745332
0.3527970541661326	0.15291461921239669	0.1922596766950484
0.35387217084282235	0.15401210047951858	0.1906744918312101
0.3546459865382374	0.1548035858513499	0.18962392806447637
0.3564179165981503	0.1566174083195297	0.18737159891824612
0.3588952998115891	0.15915556110439433	0.1844979358100895
0.36023290018488174	0.16052118771042884	0.18304392786463566
0.3625733244641583	0.16293104056743207	0.1805744995311323
0.36473825351810923	0.16516233515260242	0.17838317133088202
0.36804546508688746	0.1685727057615682	0.1751662146754889
0.37040043474760037	0.17101738991459547	0.17292715985369062
0.37287319715638795	0.17357266263492926	0.17063874306523893
0.3752170007496145	0.17600126226050372	0.16850491184481342
0.3791770837587352	0.18008861241978796	0.16499052054921226
0.3809145898291683	0.18187712726851668	0.16347605250398833
0.38399679152564536	0.18508647301492687	0.16078555350480078
0.38655826848469654	0.18772725934654239	0.15859781372599002
0.3908942912027021	0.192208298435534	0.15492601822384572
0.39386604648670787	0.19526040365463226	0.15244609267916698
0.3985435454096871	0.20009792786592612	0.1485479124357072
0.4014932939066785	0.2031295511697946	0.14611676583453564
0.40475912545282083	0.2065014861671992	0.14342305227515778
0.40648166090163307	0.20827303873482755	0.14201010778573586
0.41124832183837146	0.2131780951093838	0.13810241183039274
0.4153254008831469	0.2173808415299438	0.1347560366653882
0.41869881078319543	0.22085093851008059	0.13198971180976848
0.42386816826657414	0.2261406756518029	0.12776023347414095
0.42710524224386326	0.22946397181574157	0.12509196714442117
0.43033980946992934	0.23277447303370358	0.12242328394751789
0.4329756570042247	0.23547495292110665	0.12023466816990014
0.4373296889898374	0.23994545689103208	0.11658882781509017
0.4391987190743743	0.24186958130365455	0.11500793346669042
0.4448565811754412	0.2477285562029377	0.11014463469469526
0.44878482580462786	0.2517301289486602	0.10677541738138535
0.4508531651298319	0.2538451446372991	0.1049746201123663
0.45519809534065436	0.2582748141033848	0.10116043505102323
0.458243196124524	0.26137959891437346	0.0984386885378542
0.4613404348124565	0.2645417197393856	0.09561736647022212
0.4659200098441454	0.26920988185036615	0.09135278890617954
0.46895335986424624	0.2722859935074342	0.08846607024388026
0.47149941364003395	0.27487648909739526	0.08597630984082061
0.4729586413521077	0.27636426545810616	0.084516607351107
0.476614663222076	0.28007909546127935	0.08076118663135362
0.4780482953184537	0.2815377608232605	0.07923614722744504
0.4801261303927718	0.28364026015766897	0.07698518397796456
0.4833604252901467	0.2869362557416255	0.07328627245660335
0.48626436319941285	0.2898833942264977	0.06973942204367012
0.4872180995946752	0.2908402045476583	0.06851556521999558
0.48944130264287933	0.2930746853742611	0.06549809210359686
0.4902921515835209	0.2939308097371745	0.06425907642213441
0.4926965771257128	0.2963387331049032	0.06039221697163305
0.49373778897734716	0.2973760490266122	0.05844795870437852
0.49463030700217814	0.2982579461718386	0.05656705362547898
0.49535825941838013	0.2989749434815308	0.054741382290166396
0.49615580758310857	0.2997426502267655	0.05198415562653552
0.4964939788197861	0.3000593618208815	0.05016392087375854
0.49664699323554906	0.300190511620883	0.04862755542456454
0.49666187500371445	0.300175877627382	0.04693948142208931
0.49667631266213674	0.30015841794651404	0.04520821157337185
0.49669034830193	0.30014588919020074	0.043770659225773445
0.49671116613836763	0.30012568497398107	0.04153579519931305
0.49672538894188667	0.30011061751847207	0.03992940794850064
0.4967369138781642	0.3001003164555841	0.03873737696246227
0.49675759585999735	0.30007594319216996	0.036241147689113073
0.4967693703365272	0.3000622499467579	0.034827327873828806
0.4967811700798942	0.30004876960765653	0.033422496241498956
0.4967974209356035	0.30003939663373375	0.032041092032750296
0.49681667246909844	0.3000214934258419	0.02999147717695072
0.4968320743388906	0.3000120405824913	0.028650065051464446
0.4968389637072359	0.30000573526346697	0.02792301344653575
0.49685680838801793	0.29998884626399375	0.02600791536055086
0.49687238279838186	0.2999783241257862	0.02459989907535326
0.49689369207096284	0.2999651825818709	0.022756713635838866
0.4969072901204438	0.29995465570010627	0.021451917814369004
0.49692460155370005	0.2999464184672066	0.020118060331944965
0.4969425072389764	0.2999380029919041	0.018752099496091412
0.49696297599269607	0.2999265812977444	0.017088941068864938
0.4969792213476284	0.2999191894656232	0.015882024136193162
0.4969914425434046	0.29990975141964377	0.014740985934884654
0.49701657157177687	0.2998995155851307	0.01298011361747009
0.4970331281899302	0.29989308296473133	0.011850729485521683
0.49704225910696775	0.29988854679482346	0.011171671771260772
0.4970638588029769	0.2998797982354114	0.00970216486764136
0.4970792261699994	0.29987225481371854	0.008589692881264266
0.49709366407470357	0.2998650045801455	0.0075465842654268145
0.49711216098540495	0.299859406108193	0.006447822969337602
0.4971277066030895	0.2998548796785286	0.005546998121779723
0.49715683695294804	0.2998451342779568	0.0038173699857747545
0.49716657148502585	0.29984089550499504	0.003193324621908189
0.49718353314412794	0.29983575045481964	0.0022514041759968406
0.4972046791335743	0.29983024717484763	0.0011523289814255322
0.4972211353639749	0.29982653868783266	0.00034783855126169216
0.49724600314970985	0.2998200166115238	-0.0008875709105331531
0.4972612447378306	0.2998165055869102	-0.0015977315079861998
0.49727304526584043	0.2998147123126685	-0.002088696046191385
0.4972897268656592	0.29981307041388544	-0.0027191243176758473
0.49731737975777485	0.29981005620290546	-0.0037488239966725345
0.4973278173434943	0.2998088934092332	-0.004126762641603832
0.4973568573156699	0.29980662515586665	-0.005091202107471993
0.4973741218989858	0.2998053166284622	-0.005638009009811762
0.49739905557721154	0.2998038264158871	-0.006375918244737044
0.4974195320709902	0.29980315011087705	-0.0069228582397259375
0.4974384859103486	0.29980221678831154	-0.007423551510196691
0.4974675390718765	0.29980173159248624	-0.008102554613487134
0.4974796958200437	0.29980173537952143	-0.00836100000464124
0.49750737253507976	0.29980186270646575	-0.008911786329279914
0.4975291116833331	0.2998022045963336	-0.009298896787394706
0.49754760511974033	0.29980274436050824	-0.009592235591963205
0.4975684688293817	0.2998033588950257	-0.00989968214438619
0.49758770890113957	0.2998041037433381	-0.010152866940107919
0.4976159419305972	0.29980552401351346	-0.010461425092043286
0.49763634487586633	0.29980674939870394	-0.010643044867119755
0.4976656458903571	0.2998087391026854	-0.010850167763256535
0.4976870520969758	0.2998103840085722	-0.010953977850762298
0.49770576060228117	0.299811934269765	-0.011018052286421498
0.49772630240061433	0.2998137675632519	-0.011050778172116416
0.4977452471089988	0.29981551572799053	-0.011056827606934383
0.4977782563055626	0.29981857275004475	-0.011062607991280893
0.4978005107608044	0.2998205831337834	-0.011064374611961914
0.4978258087453926	0.2998227926863403	-0.011064351501980096
0.4978712590306695	0.2998267727486086	-0.011061419843430287
0.4979013948656439	0.2998293940523581	-0.011057717011719648
0.49791781060624973	0.29983079590224854	-0.011055103680549017
0.49795178592572736	0.299833709416431	-0.011048727147597692
0.49799609950017143	0.2998374912147696	-0.011038843466570136
0.49805094736677397	0.2998420792723827	-0.011024095591733063
0.4980898437117412	0.29984535217288383	-0.011012588875078388
0.49812677494487223	0.29984843641621284	-0.01100070347390436
0.49816992853586023	0.299852033447419	-0.010985907972307196
0.4982071086128969	0.29985512790450686	-0.010972451374999581
0.49823414558965534	0.2998573680312704	-0.010962292985053523
0.4982986048827772	0.2998627075790066	-0.01093698990370906
0.4983418411264711	0.29986627932353976	-0.010919279908655655
0.49840325521410067	0.29987132340830414	-0.010893080211271666
0.49845413429925056	0.2998754866026723	-0.010870527506069927
0.4984976664908933	0.29987904909621355	-0.010850757567988145
0.49853157638536705	0.2998818266247342	-0.010835074937115163
0.49858782908699567	0.29988643779393315	-0.010808572611386291
0.4986609403146935	0.2998924010133071	-0.01077311604974246
0.49868951894262725	0.2998947270948836	-0.010758997012685956
0.49876132257078365	0.29990058014771415	-0.010722886564902223
0.49879009313277506	0.29990292716914146	-0.010708210095542625
0.4988579876198301	0.2999084406335567	-0.010672981235320733
0.49889908072242406	0.2999117756683409	-0.010651353891719895
0.4989707747413454	0.2999176072627943	-0.010613160606574135
0.499015597761837	0.2999212418306911	-0.010588894160567075
0.49904802756214817	0.2999238699310665	-0.010571198594041598
0.49910445318337343	0.2999284507034085	-0.010540150646294821
0.4991483293885944	0.2999320048371151	-0.01051572547099
0.49922318641677277	0.2999380765644649	-0.010473605192050262
0.4992658494868189	0.2999415374995456	-0.010449344794430604
0.49929077264998284	0.2999435578970734	-0.01043508037200036
0.4993324989112126	0.29994694157159063	-0.010411076372422667
0.4994157250570744	0.2999536884769743	-0.010362717763437723
0.4994516126656035	0.2999565940104627	-0.010341651159985477
0.49949200559480206	0.29995986429150256	-0.010317795059275936
0.49953126846979695	0.2999630391724099	-0.010294447120452188
0.4995728873772841	0.2999664060450046	-0.010269570226957181
0.4996211547564855	0.2999703115258644	-0.010240538617583839
0.4996550222137664	0.2999730506779338	-0.010220019518988765
0.49969211219337545	0.29997604796176386	-0.010197440290467708
0.49972506807461686	0.299978716497633	-0.01017728764805137
0.4997592887901323	0.29998148732467644	-0.010156258560516385
0.4997890831969825	0.2999838974584493	-0.010137857096788327
0.499828035703002	0.2999870503109138	-0.010113675457400662
0.4998519558848623	0.2999889878266764	-0.01009875497174445
0.49987842733996807	0.2999911303044941	-0.010082171140939789
0.49991026964680924	0.2999937072713943	-0.010062126425626983
0.49992844432005284	0.2999951785182123	-0.010050629578210069
0.49994702279740555	0.2999966790215534	-0.010038830059545312
0.4999636907155051	0.2999980276120559	-0.010028205488390118
0.49998214944156044	0.299999519575614	-0.010016380550082415
0.49999034626661054	0.3000001841477668	-0.01001110534064753
0.49999881357455106	0.30000086915803786	-0.010005637076497764
0.5000083657477211	0.30000164416275643	-0.009999428152586087
0.5000122588584338	0.3000019610282924	-0.00999686940665484
0.5000134993024307	0.3000020610934403	-0.009996017750435793
0.5000329113405726	0.3000333920463857	-0.009804956984501234
0.5001422512801782	0.3002131171833629	-0.008697075284609168
0.5002125730966562	0.30032948033725143	-0.007970542422297555
0.5004339802627047	0.3007015850068252	-0.005586861955105604
0.5006364820233927	0.3010457443285509	-0.003317686965728317
0.500928486673967	0.3015451577015712	7.37905754700785e-05
0.5012207493252797	0.3020486537766928	0.003594920445629257
0.5015102073520447	0.3025530893207175	0.0072468155850373694
0.5016658786434708	0.30282345047915415	0.009243509512222137
0.5022476055359201	0.30384129936760823	0.017050816893382503
0.5025583175779623	0.3043880261663361	0.021446723752892916
0.502881682082639	0.30496527923094496	0.026310659441429463
0.5032117925259025	0.3055525107005799	0.031429546446143763
0.5034299491486949	0.3059388506981731	0.0349181523688723
0.5038852918683718	0.30675124103135804	0.04262125121050908
0.5043474295438394	0.30758457004560397	0.05115235516679534
0.5046548233975446	0.30814461868337023	0.05739815240860546
0.5049020830265134	0.30860522584316047	0.06296322699363632
0.5051630593273816	0.30908696723634416	0.06918437089068458
0.5055240440022521	0.3097347497793139	0.07829534315533454
0.5056444436919868	0.3099501899603723	0.08164766944678781
0.5059355394048057	0.3104888517561196	0.09149192527592243
0.5060706913953589	0.3107553298559073	0.09770727075574764
0.5061556947605425	0.3109203450705032	0.10223548792201109
0.5063095161058413	0.3112216729669488	0.11408001916638938
0.506321623192056	0.3112756965662592	0.1205116871896258
0.5062912799524824	0.31125613569928046	0.12605268785792384
0.5062111205150279	0.3111554430875821	0.1328917285020138
0.5060547768908824	0.3109391477041866	0.13934821105205675
0.5057679418570763	0.31050313477939767	0.14772189455379964
0.5056088815660202	0.310257014683651	0.15130133900823423
0.5051564271708633	0.30954606492285747	0.15924330749710158
0.5047482066102802	0.30889760824215035	0.16471696732069635
0.5040897447240795	0.3078324119849099	0.1717171500419332
0.503514037605388	0.30690239036272554	0.1766468785087694
0.5029157131654712	0.3059397192018513	0.18093184192098094
0.5022194857265716	0.3048020881905265	0.1851301290239305
0.50124483697741	0.3032210119128227	0.18991279631039773
0.4999355303526993	0.30110060470751493	0.19504087944438273
0.498879688826758	0.2993686160877017	0.19824904713180477
0.4970740286309677	0.29643201037318023	0.20255318224431074
0.49645288216824657	0.29542379716979006	0.20383980481814554
0.4940939042025893	0.2915689682724649	0.20798727797371255
0.49247807255003706	0.2889216202169959	0.21045929110751704
0.4907238467066951	0.28606023616235365	0.21284536422366174
0.4895942972541327	0.28420894361476434	0.2142542385645838
0.48626199577772	0.27873584025152326	0.218041071872074
0.48470599038617573	0.2761792029635247	0.2196231543590512
0.4827155355243682	0.2728920573578113	0.22151606466093474
0.4792310933172576	0.2671438972328937	0.22458936652219913
0.47693613149275405	0.26333460598960695	0.22641614751171096
0.47340729938108117	0.25745908963092967	0.22902036020896194
0.4718059905907292	0.2547914255490374	0.2301188182423503
0.46799964319194376	0.24844189462242372	0.2325038800814215
0.46647147777030057	0.24589056219132233	0.23343078158058309
0.4615445483994593	0.237616595300007	0.23622593597167268
0.459702363303521	0.2345400867726386	0.2371948283390125
0.4569816662893034	0.22993161018928715	0.2385892455927209
0.4528934774601915	0.22306345193074	0.2403983790962269
0.45020571575764545	0.2184948914671454	0.24157283771889942
0.4455803082681768	0.21068151642587052	0.24346218841450337
0.44248091715132504	0.2054480054607276	0.24463022518495395
0.43956469032781803	0.20049621388724542	0.2456465505181177
0.43689867137923455	0.19598649636849064	0.24654961745219658
0.4331869110587365	0.1896876968487886	0.24776032375582097
0.42913923675352544	0.18279650299568956	0.2489137778995166
0.42605776834782416	0.17754568358256756	0.2497484334357289
0.42405981591633884	0.17412977616368489	0.2502895494729199
0.41992210895850685	0.1670691255936409	0.251317916540886
0.4162484396019883	0.1607933279132167	0.2521837044408542
0.41181807865962405	0.15325837311210527	0.2530662346062091
0.4090595947440977	0.14855322176532917	0.2535855688117471
0.40596380957284794	0.14323765470623334	0.2541840342622633
0.402371110915012	0.13708852213214995	0.2548517092210689
0.4008530118285689	0.1344811745610719	0.2551361148220836
0.39670230915625515	0.12739212799318078	0.25575207750248274
0.393871381579279	0.12254843681111595	0.25613379038845147
0.38992214628478244	0.11578422854712565	0.2566698337577598
0.3869548991813111	0.11070460971409914	0.25700736211008646
0.3850060841235331	0.10737538534792772	0.2571725719626514
0.3818663457204273	0.10201554898691916	0.257418199597515
0.37925403928284007	0.09753967814030674	0.25765396984826144
0.37682905931505223	0.09337579938446715	0.25786964409072866
0.3741848417893527	0.08885169204766465	0.25803568543569333
0.371761656575359	0.08469785397246114	0.25818488425088343
0.3706089329562029	0.08271904928279712	0.2582545881189943
0.3663294223151347	0.0754025291842003	0.25841123458829995
0.3650839753382079	0.07328407305740013	0.25841983714905525
0.3632536550713952	0.0701660341326371	0.2584373627071306
0.36138546115966985	0.06697953370643171	0.25845022837595905
0.3592664578308257	0.06339110713713526	0.258397954291093
0.3578271073207923	0.06095354551477809	0.2583508912066613
0.3564866721086966	0.058688687154231464	0.25828806624144385
0.3547863308322776	0.055836035245022606	0.25815098190047636
0.353851406266172	0.05427255963113921	0.25805736077441604
0.3530606791683933	0.05295256979803996	0.2579655909457134
0.35238582527711615	0.05183607523666893	0.2578606123065533
0.35166214124171513	0.0506437346985235	0.25772338672217615
0.3514149981888929	0.05024224916033439	0.2576571958254903
0.3512121059604774	0.049927898585001365	0.2575515973153113
0.3511955492632177	0.04991987221968995	0.2574812867946191
0.35118401768668417	0.04992082823654802	0.25740925405011494
0.35116883303269036	0.04992209334982463	0.2573140767710499
0.35115754623048984	0.049922952822072944	0.25724348233521704
0.3511472950426066	0.04992367758543227	0.2571794930260654
0.3511366733217097	0.04992439739887712	0.25711323070510383
0.3511212658789342	0.049925407983936146	0.2570171148119013
0.3511148089013943	0.049925821400225626	0.25697683642341196
0.3511018059798318	0.04992664217216654	0.2568957172515136
0.35109117894817465	0.0499273044924516	0.2568294092518316
0.3510810621805083	0.04992792824683699	0.25676628079168146
0.3510660215071175	0.049928853278845206	0.25667239480179144
0.35105729424986737	0.04992938338395987	0.2566179252137796
0.35104709456941335	0.04993000594693865	0.25655424177651215
0.35103822754045655	0.04993054153699354	0.2564988909439797
0.35102405398365816	0.04993140163127961	0.256410386537144
0.35101539983391294	0.049931927030954434	0.25635634014398534
0.3510092667629484	0.04993230027555008	0.256318032795219
0.35099709761206455	0.04993303774425702	0.2562420318443288
0.3509830965565071	0.0499338896543952	0.25615457288345705
0.3509740178231315	0.04993444643976182	0.2560978436916165
0.35096696713308495	0.04993487817649893	0.25605378917071425
0.3509560965624937	0.04993554347317279	0.25598586825289005
0.3509476561718726	0.0499360645537477	0.2559331143564682
0.3509343549378001	0.04993688010537471	0.25585000213364417
0.35092572917880915	0.04993741319688093	0.25579608895921874
0.35091717872098094	0.04993794120463445	0.25574264900127003
0.3509127523943588	0.04993821565627955	0.2557149806746383
0.3508985227840998	0.04993910139516512	0.25562602182553246
0.35089418745570455	0.049939371181267775	0.2555989197025597
0.3508820071154745	0.04994012763851029	0.25552278265563266
0.35087350896080677	0.04994065620503009	0.2554696606992083
0.35086205484791555	0.0499413737029268	0.25539804271432076
0.35085436642797363	0.049941855342383615	0.25534997137176263
0.35084650176108323	0.049942352550434346	0.2553007807000908
0.35083934415283796	0.04994279643150347	0.2552560491768111
0.3508342689021366	0.049943111546552524	0.25522433048413085
0.3508196061992605	0.04994403433568716	0.255132644880211
0.3508126929016534	0.049944468824319674	0.25508942038614923
0.3508055097536725	0.04994492010400593	0.25504451055709054
0.35079806966811267	0.04994538847017978	0.2549979915938302
0.3507900954752069	0.049945892787612425	0.25494812463878924
0.3507827775068171	0.04994635600000842	0.2549023610331229
0.3507730667602005	0.04994697350322623	0.25484162361106255
0.3507659471788195	0.049947428258286033	0.25479708563130127
0.35075591889895047	0.04994806506329787	0.25473437024704015
0.3507509612421489	0.04994837996053368	0.2547033663455296
0.35074253833012464	0.0499489175232513	0.2546506817145913
0.35073568926672244	0.04994935495960366	0.2546078412406897
0.35072625700554555	0.04994777091353374	0.2545488270354324
0.3507212705791577	0.04991109090268224	0.2545175501253696
0.3507151337477397	0.04984047402197801	0.2544790277048331
0.35070424689005253	0.04961492345918071	0.2544107491706417
0.35069165180734896	0.04924823282719236	0.2543321437918029
0.3506825484197521	0.048919137671890225	0.25427576314011724
0.35067253395510284	0.04851660859051328	0.25421419391653716
0.3506628564674945	0.048082714436630355	0.25415485843014934
0.3506517923696355	0.047553977707213216	0.2540875448837579
0.3506351498226729	0.046714373410562185	0.2539877224475627
0.35062833140020533	0.04634777796576005	0.2539467230212505
0.3506108839646599	0.04537627264483403	0.2538430608991307
0.350598403524577	0.04465839612807858	0.25376990266887167
0.3505787709138503	0.043508429081883224	0.2536579215734252
0.3505633602649726	0.04257697943860973	0.2535707881720145
0.3505553122421753	0.04206880949717186	0.2535241401424851
0.3505347926802452	0.040768794828672225	0.2534082377745925
0.3505189539434379	0.03974911904686164	0.25331992461060804
0.3505049631172604	0.038818256984861396	0.25324078418612805
0.35048019527847385	0.03717238229084187	0.25310458550409165
0.35046651646889976	0.036224577635071156	0.2530270443154285
0.3504505119104167	0.03510975845712479	0.25293738882770933
0.3504260622835964	0.03342653299254418	0.25280546566625534
0.35041729303894203	0.03282149581721196	0.2527588313351494
0.35040119129438124	0.03169582162777003	0.2526727642270241
0.35037648263285054	0.029923269610189054	0.2525383597479198
0.3503512544046884	0.028066161292524774	0.25239897955646706
0.3503325289644983	0.026727719377691597	0.25230140647383614
0.35031693389592417	0.025539288035209953	0.25221347088061247
0.35029936321952737	0.02423807241142166	0.25211945918145456
0.3502830169880613	0.022988727346633445	0.2520288422289753
0.35025863832810755	0.021138706105260682	0.25189692394724694
0.35024287628629597	0.01994294558191638	0.25181276539129016
0.3502278084396937	0.01880561100972876	0.25173354803553916
0.3502048000466518	0.017030343109383103	0.2516099782039814
0.35019567501226334	0.01633553652302193	0.25156233497294844
0.3501805161960285	0.015168257489083417	0.25148236425206827
0.3501580960744566	0.013391394869857146	0.2513601194683024
0.35013708924577575	0.011701296322125312	0.25124417652639364
0.35012238748078384	0.010498667675944665	0.25116174992837687
0.35010832651378965	0.00932191377334636	0.2510807641587707
0.35009595608012317	0.008311165119718592	0.25101254518674543
0.35007696417607753	0.006730226185723762	0.2509056533846703
0.3500648896757556	0.005693032835533726	0.250834995553284
0.3500577065066388	0.005079016680921908	0.25079348237814497
0.350047395434486	0.004182231710116266	0.2507325631136645
0.35003193335569327	0.0028355379469398173	0.2506417079219114
0.3500236787154262	0.0020946165049650495	0.2505912670767868
0.3500092500264492	0.0008096201209337323	0.25050492491980003
0.3500036286578344	0.0002955666040516808	0.25047013584490024
0.3499937225061282	-0.000613096892009321	0.25040895633407284
0.34998505727950896	-0.0014235583441941507	0.25035420962157257
0.34997855928545935	-0.002036116735430901	0.250312973455295
0.3499696561830776	-0.0029035567229799414	0.2502540281351175
0.3499646089217924	-0.003408306310010531	0.2502196113002909
0.3499604339202253	-0.003837869753681014	0.2501901017929045
0.3499569774055482	-0.00420528457899004	0.25016466978049434
0.3499542183252025	-0.004510637926212077	0.2501433297955166
0.3499529231162603	-0.004661444825920305	0.2501326577190537
0.349951035164083	-0.004906607485678241	0.25011484899567515
0.34995044875564285	-0.005027392698825975	0.250105311884923
0.3499506945095197	-0.005032403779885966	0.25010426702007005
0.3499512898659378	-0.0050320174773211684	0.2501028224580041
0.349951727392296	-0.005031705451319798	0.2501017824338464
0.34995214154634624	-0.00503140773147133	0.2501007866391925
0.34995259096502485	-0.005031090769316612	0.2500997339797689
0.34995316559016126	-0.0050306867584362785	0.2500983935053992
0.3499536250136703	-0.005030367710610842	0.25009734001056616
0.3499540694873617	-0.0050300611228481645	0.2500963303728008
0.3499545129267223	-0.005029752297823861	0.2500953092697002
0.3499550312491838	-0.005029396040689263	0.25009413768088795
0.34995543830589226	-0.005029116717993873	0.2500932197138349
0.34995573662162394	-0.005028911078946083	0.2500925426098095
0.34995638958865355	-0.005028462713966689	0.250091068701438
0.34995677475087617	-0.005028199005645509	0.2500902028875823
0.3499571330155652	-0.0050279559208408625	0.25008940786779643
0.34995750506227696	-0.0050277027268125635	0.2500885787528261
0.3499577234884754	-0.005027554379687951	0.250088093408616
0.3499582734553328	-0.005027183001645827	0.2500868814383611
0.3499588001826317	-0.005026827840346373	0.25008572321921335
0.34995915855759496	-0.005026586311457568	0.25008493577887625
0.34995951380279333	-0.005026346351550345	0.25008415272135626
0.3499598503900041	-0.00502612092754294	0.25008341986637195
0.3499603897773911	-0.00502576112963167	0.2500822523141948
0.34996071933418893	-0.005025540822673022	0.25008153678097256
0.3499610769388888	-0.00502529929066399	0.2500807487917456
0.34996152365746713	-0.005025000619075667	0.2500797787589679
0.349961874462864	-0.005024766577150716	0.250079019390694
0.3499623274704699	-0.005024465949563725	0.250078046344106
0.3499626563161031	-0.005024246951236336	0.250077336435201
0.34996302664388845	-0.005024000538892723	0.25007653800559393
0.34996353192356705	-0.005029464111683382	0.25007546436627603
0.3499640091878364	-0.005051814410060321	0.2500744522673184
0.3499645560479938	-0.005090293001072818	0.2500733028699932
0.3499653470792012	-0.00516177840807365	0.2500716505734345
0.34996632041542264	-0.005261637320857257	0.25006962363788565
0.3499672578802047	-0.0053662835192229835	0.2500676669389218
0.34996884670963596	-0.005554237627368772	0.25006435330397836
0.34997067879041033	-0.005781303617547098	0.2500605638905987
0.34997163427309375	-0.005903782234278163	0.25005857014060534
0.3499733460265534	-0.006127663195639996	0.25005499816845367
0.3499753043485624	-0.0063908228898371805	0.2500509471461789
0.3499768869559146	-0.006606333445258725	0.2500476372521714
0.34997853615524066	-0.00683514391046515	0.2500442196147075
0.3499801707092418	-0.00706414717540764	0.25004082976964115
0.34998175230670076	-0.007287476693794495	0.2500375369770772
0.3499827107896282	-0.007424470446613665	0.25003555791423154
0.34998557405929154	-0.00783505476076267	0.2500296041976747
0.34998718570368076	-0.008066293490890233	0.2500262133763931
0.3499886863338289	-0.008284674099497194	0.25002310026493757
0.3499901433789835	-0.00849827524216433	0.2500200962634587
0.3499914297705436	-0.00868688022983298	0.2500174336748757
0.34999345534354975	-0.0089843748103723	0.2500132376418781
0.3499946401348227	-0.009158417469514027	0.2500107774487852
0.34999574970903896	-0.009321526992714588	0.25000847479860755
0.34999644885439085	-0.009424093592741392	0.25000701453076457
0.34999813584920236	-0.009671532663093188	0.2500034970631725
0.34999865720017526	-0.009747980343872656	0.2500024114640246
0.3499995664313955	-0.009881092496007757	0.2500005155236406
0.3500000428136465	-0.00995081589488174	0.24999951727839242
0.35000038180005444	-0.01000046829411054	0.2499988046045947
0.3500006006856313	-0.010032762968876938	0.24999834089437278
0.3500005946401463	-0.010032501904283245	0.249998345951806
0.3500005874101828	-0.010032187441856341	0.24999835093635264
0.3500005808416511	-0.010031889678983455	0.24999835787582142
0.3500005769824913	-0.010031710077869113	0.24999836288237887
0.3500005680514867	-0.010031290857574246	0.24999837516185347
0.3500005586360636	-0.010030863313533797	0.2499983852393248
0.3500005554415173	-0.010030714101792973	0.24999838948014053
0.350000546908913	-0.010030319247189542	0.24999840008024754
0.3500005387753483	-0.010029923769380542	0.2499984139477934
0.3500005353706433	-0.010029765301356922	0.2499984183599076
0.350000526565873	-0.010029344221031453	0.24999843198409824
0.3500005207478831	-0.010029061481620707	0.24999844187173245
0.35000051738404336	-0.010028897780771998	0.24999844763198925
0.3500005117950572	-0.010028619782095557	0.249998458375681
0.35000050456709164	-0.010028264104582282	0.24999847152150526
0.350000501151248	-0.010028093759133952	0.24999847817163284
0.35000049110498666	-0.01002758897171234	0.2499984984676
0.35000048622259267	-0.010027345196684703	0.2499985080304316
0.3500004811623927	-0.010027092540125085	0.2499985179428062
0.3500004772703778	-0.010026896546317485	0.2499985258894997
0.350000471112083	-0.010026583914588674	0.24999853894875435
0.3500004662944061	-0.01002633851724781	0.24999854932493143
0.3500004611543669	-0.010026074507301683	0.2499985608151749
0.35000045473726304	-0.010025740770513117	0.24999857595246566
0.3500004519637797	-0.010025596106277415	0.24999858257454857
0.35000044597658103	-0.010025288169694016	0.24999859603457805
0.35000043932176095	-0.010024942663273237	0.24999861161286147
0.3500004343919736	-0.010024683992105946	0.24999862367222203
0.35000043031628825	-0.010024466618704445	0.24999863431089642
0.3500004262336526	-0.010024250804378118	0.24999864459835291
0.35000041716626146	-0.010000820807148827	0.2499986745952358
0.35000033799005364	-0.009809769678816763	0.24999891040830402
0.35000017329058686	-0.009551281623245492	0.249999344938963
0.34999988272472266	-0.009160943117709305	0.25000010437057896
0.3499993490816369	-0.008662473589007944	0.25000139777633734
0.349998747879183	-0.008017497616081878	0.25000294078628094
0.34999794111543636	-0.007223132537849189	0.25000500576100537
0.3499963228877074	-0.006149441296783784	0.2500089036919848
0.3499954086059458	-0.005522956869967774	0.2500111466151451
0.34999324375297763	-0.004271013656243258	0.2500163830162979
0.34999057200535466	-0.002611517264989857	0.2500230089681096
0.3499881475110067	-0.0013460679785566726	0.25002896645890604
0.349985358859432	-5.980000939474761e-05	0.25003580154108107
0.3499828773297524	0.0011921340117587303	0.2500419964733174
0.3499798809622879	0.002623868743252003	0.2500495098264762
0.34997664345873647	0.004185486577999817	0.2500577177060901
0.34997059421410764	0.006593341413527645	0.2500729987445396
0.3499658912028034	0.008250567704081821	0.25008493135748094
0.3499609927955762	0.009969765928122196	0.2500974831544771
0.3499580997563893	0.011042500201136299	0.25010498877864185
0.3499497004262378	0.014241469539894261	0.2501270684742002
0.3499450275822858	0.01628826442136712	0.25013965789227016
0.34994062970374284	0.018144694142090925	0.25015161388953444
0.3499365055921028	0.0200464415146092	0.2501629747598892
0.3499317999003931	0.02242891425257558	0.2501761506498533
0.349924543136238	0.02513077225199399	0.25019647602948025
0.34991833415413437	0.0272382819193253	0.2502139752878798
0.34991545463550394	0.028536783316292655	0.2502222615058715
0.34990955540209967	0.030882305541101843	0.2502393456287433
0.3499019725105911	0.03373039156032882	0.25026157327525844
0.349895084446789	0.036905518277281876	0.2502821461357107
0.3498896236069869	0.03894487554752753	0.2502986580458909
0.34988441757989697	0.04050587515505567	0.25031443025027666
0.34987732362700197	0.04354482546330589	0.2503363766231122
0.34987231480139097	0.04561263649754317	0.25035206186125597
0.34986404669773086	0.048966847110664555	0.2503783318232464
0.3498584761718116	0.05104099557499665	0.2503962662921747
0.34985630455853634	0.05241975730728775	0.25040337472727003
0.34984952416577175	0.055474399002509625	0.2504257883610274
0.3498420659968703	0.058808244010169555	0.2504507953328141
0.3498362833852065	0.06124413314335485	0.2504705365927765
0.349831288711701	0.0634681236203241	0.2504878572613868
0.3498252039123743	0.06567846960799346	0.2505092018817102
0.34982078541566375	0.06776784001387821	0.250524937318484
0.349814776576436	0.07085870754122849	0.25054682341723844
0.34980997115907914	0.07307424555222015	0.250564602374368
0.34980745007080466	0.07426072929335921	0.25057406253934433
0.34980326533027406	0.07712271513480763	0.2505901068917686
0.34979937437245845	0.08016942310300847	0.250605545303796
0.3497967180227129	0.08203865215351035	0.25061631235216575
0.3497945910324362	0.0839470566112591	0.2506252085038569
0.3497919755644667	0.08581274128270223	0.2506363274135142
0.34979005282338216	0.08777428389877946	0.25064498174869443
0.34978771500638395	0.08946219415548447	0.2506555605988855
0.3497853738342619	0.09211494015805143	0.25066705892172514
0.34978453606663007	0.09309229597942718	0.2506714383493034
0.34978383161181575	0.0948510406242301	0.2506760124357874
0.34978332298961606	0.09671758922447089	0.2506803180624477
0.3497831068635798	0.0981799299726464	0.2506832368744843
0.3497832330702143	0.09944850549108573	0.2506846701469361
0.3497834562530777	0.10133104751881326	0.2506779494112763
0.3497841737368454	0.10257395277492644	0.2505971178505662
0.3497858046420413	0.10379351414610884	0.25046883883036797
0.34978919870449887	0.10495692089924187	0.25029306776075677
0.349795131861015	0.10611769626855876	0.2500432491167969
0.34980559534529493	0.10753705666167944	0.24966816989389182
0.3498204279041942	0.10895246682663749	0.2492149143888034
0.3498365622529671	0.11020528132538075	0.24873766474739664
0.3498482101981904	0.11093533976889249	0.24843435452114546
0.34989957530527144	0.11318143937042276	0.24737388939930677
0.34993213945108226	0.11437614374935047	0.2467351969392766
0.3499498622566836	0.11499634273305635	0.24638222586009365
0.3500109913176104	0.11680332542470555	0.24529907998281925
0.35005811588726293	0.11798582921731225	0.2445247935371385
0.35011075458805785	0.11906784161444921	0.24377805323371785
0.3502041023508162	0.12080901214381633	0.24250988025803732
0.3502775103444166	0.12188917430526951	0.24168862523537216
0.3503533142542842	0.12300683516585505	0.24080381586264415
0.3504766302664906	0.12471690096507682	0.23938575564639056
0.3505407590082041	0.1257843002021244	0.23843181330578478
0.3506276123380018	0.1269079165331059	0.23741303885145199
0.350747149079875	0.12813576166180096	0.23628867048544705
0.3508179051212157	0.1289032056086179	0.2355585674777128
0.35097514149789905	0.13068803749121136	0.23379254639071056
0.3510400851707756	0.13129465008537222	0.23318487114845352
0.3511901729197714	0.13271002151927708	0.23172238362156222
0.35131783424899515	0.13386994078825665	0.23048994092551897
0.3514279954039002	0.13497571443246606	0.2292439036718214
0.3515862403818838	0.13620105840742205	0.22787216755732823
0.35172504702520585	0.13707908255179296	0.22689571447722223
0.35179678231227657	0.1376745783499438	0.22618766749229563
0.352033218578419	0.13926623802517468	0.22429034397362205
0.35213227738188513	0.13989711660556947	0.2235248019724522
0.35225636024327406	0.1408874467228357	0.22225122563079147
0.3523909373995388	0.1417112600617712	0.22120025792489514
0.35253275695747077	0.14280028665846883	0.2197163340276585
0.35258002268208644	0.14316689707390878	0.21920017070166606
0.35270367227242155	0.1441027141384714	0.21784542988535682
0.3527700448793004	0.1447353139798384	0.21688246860603538
0.35286384167479967	0.1453626635211072	0.2159369760042139
0.352924006220906	0.14593143789440588	0.21502690164865879
0.3529939983270784	0.1464444312281805	0.21420249461310928
0.3530914593407732	0.147138172273814	0.21305446791547147
0.35316516714089186	0.14766028284139993	0.21215872836445304
0.3532368472470882	0.14816232294403042	0.21127136957998016
0.3532603743394916	0.14838796307249674	0.21085326836160428
0.3533255680006801	0.14893606750213345	0.2098170451355634
0.35335310901246214	0.14925249963651122	0.20919670944622112
0.3533824586845366	0.14970866961106666	0.2082711404980504
0.3533928503412213	0.14987541845129176	0.20792614767280235
0.3534067512566201	0.15020188650910776	0.20722588257003174
0.35340759481184725	0.1505120322531795	0.20654405960802025
0.3534062278277705	0.1506372953231317	0.20626058335796732
0.3533915363218798	0.15101255684055792	0.20538958524831252
0.35338082999228587	0.15117216233332942	0.20499942932562187
0.3533629146787614	0.15131051243406224	0.20465239076925956
0.3533485638023006	0.15138577994070523	0.20445591003684874
0.3533058522752228	0.15153519074740174	0.2040348185153173
0.3532775150948497	0.15157970711216112	0.2038768161796192
0.35326064164854765	0.15158977004093344	0.20381837812880463
0.35321940285017334	0.15157729986980611	0.20375382135215706
0.35317597681523993	0.1515553807895994	0.203703846410422
0.3531475734961116	0.15154128251192883	0.20367096188943717
0.35311695651167146	0.15152618110797877	0.20363543685122396
0.35308662014298314	0.1515112312597059	0.2036002251962542
0.353055472948404	0.15149594159848584	0.20356402270288754
0.35302837587095726	0.1514826596152552	0.20353251027151217
0.3529934358752317	0.15146555340258283	0.20349186083038923
0.35296902604312513	0.1514536047265106	0.20346345904160376
0.3529309193368292	0.15143495369871574	0.20341911636878063
0.3528992375042101	0.15141945238438176	0.20338224504948885
0.35287133563469814	0.15140579763223228	0.20334977320286632
0.35284598188082256	0.15139338839051203	0.2033202667659239
0.3528186125043714	0.1513799936513021	0.20328841315926544
0.3527904381403014	0.15136620277734097	0.20325562295060282
0.35275357929336115	0.15134816433360804	0.2032127223920944
0.3527392279623724	0.1513411408935555	0.203196018272291
0.3527063262936396	0.15132503420135157	0.20315772440482874
0.3526803386439794	0.15131231487153984	0.20312747540599232
0.3526543038343957	0.15129957023330542	0.2030971719925448
0.3526195197361499	0.15128254062085472	0.20305668470431842
0.3526048156975571	0.1512753434177297	0.20303956850724358
0.35257768609409695	0.15126206152947402	0.20300798923339733
0.3525457867134537	0.15124644945871918	0.20297085403924855
0.35252235451123537	0.1512349799974052	0.2029435757926331
0.35249335942435805	0.1512207859061126	0.20290982167734242
0.3524741193466059	0.15121136844764965	0.2028874224526148
0.35245238414714647	0.15120073287223967	0.20286211610989763
0.3524190657549759	0.15118442291250278	0.20282332592515234
0.3523893862797463	0.15116989472085052	0.20278877087179514
0.3523661685332582	0.15115853164736204	0.20276173711564138
0.3523462860941116	0.15114880049159857	0.20273858655334365
0.3523246771057153	0.15113822283017114	0.20271342590725516
0.35231257834147556	0.15113230208122969	0.20269933741123247
0.3522735651774788	0.1511132056370853	0.2026539095782102
0.35225108878565065	0.1511022036661619	0.2026277366869675
0.3522312785207009	0.15109250813214126	0.2026046670618691
0.3522080852098873	0.15108115656261856	0.20257765729382293
0.35218774550671195	0.15107120033050603	0.20255397084319185
0.352166007447337	0.1510605617093938	0.20252865414147292
0.35213734380134615	0.15104653253693617	0.20249527139593065
0.35211935954585105	0.15103772937056897	0.20247432621202344
0.35209905401583674	0.15102779343927197	0.20245067506476017
0.35208897015237156	0.15102285896257545	0.2024389296577179
0.35205147534847414	0.15100450517670655	0.20239525883923226
0.3520416030255962	0.15099967332942427	0.20238375966363475
0.3520235963162306	0.1509908586444652	0.20236278618497994
0.35199772642106214	0.15097819684789793	0.20233265197269987
0.3519698421613572	0.15096455086452654	0.20230016926515704
0.35195173495283827	0.15095568982738344	0.20227907519184116
0.35194236509187254	0.15095110510216175	0.20226815921797706
0.3519167979595618	0.15093859338349008	0.20223837349370027
0.35190758228069174	0.15093408342010778	0.20222763704002966
0.35189002977482303	0.15092549295187718	0.20220718801104473
0.3518557557903372	0.15090872199028743	0.20216725486739634
0.35184579345740546	0.15090384573962612	0.20215564809713424
0.3518236540272968	0.1508930095430664	0.20212985343641812
0.35180685902167813	0.15088478914187098	0.20211028506695938
0.35178448682788716	0.1508738399372837	0.20208421727162101
0.35176736411813014	0.1508654602365399	0.20206426535223437
0.3517518015430837	0.15085784354743553	0.2020461312171737
0.35172991029529754	0.15084712828107338	0.202020622646593
0.3517127786914471	0.15083874374271233	0.2020006590696316
0.3516970416107879	0.15083104288731153	0.20198231941911238
0.35168146994362404	0.15082342388293157	0.20196417159242924
0.35167136887096584	0.15081848056052904	0.20195239976214874
0.3516506561683125	0.15080834276821442	0.20192826127658728
0.3516272973801073	0.15079691182596539	0.20190103700056683
0.35161265919949725	0.1507897482249072	0.2018839760647602
0.35159910742481104	0.15078311592435045	0.20186818120697123
0.351589507215245	0.1507784179447489	0.20185699153577297
0.35156309422948895	0.15076549215914337	0.20182620474963694
0.35155289477397456	0.15076049989045265	0.20181431653167314
0.35153920588601245	0.15075379961634877	0.20179836084468541
0.35152015659535124	0.15074447702070914	0.20177615568115992
0.3515037302473497	0.15073643698102884	0.20175700807499403
0.3514905235134119	0.15072997463272164	0.20174161201625973
0.35147089574626245	0.15072036894204033	0.20171873066167073
0.3514573627678977	0.1507137457397823	0.20170295409913294
0.3514439773933003	0.15070719565194274	0.20168734873672095
0.35143184879693495	0.15070125999130313	0.20167320861200544
0.3514186608616114	0.15069480509137367	0.20165783358649864
0.3513978930780578	0.15068464090165057	0.20163362052658973
0.3513854091132176	0.15067853078498877	0.20161906521564849
0.3513710051525682	0.1506714811136226	0.20160227083693288
0.351357802395955	0.15066501789827608	0.20158687746943466
0.35134474302650576	0.1506586254622287	0.20157165056560844
0.3513345156685083	0.15065362005602573	0.20155972499428335
0.3513211647788809	0.15064708551267397	0.20154415715410728
0.35130273139684326	0.15063806451219697	0.2015226615298398
0.3512912650311772	0.15063245264096242	0.20150929017753588
0.3512798788990615	0.15062687931982283	0.20149601251871907
0.3512675842140244	0.1506208616751551	0.2014816748041954
0.35125087633687324	0.1506126841342269	0.20146218990355094
0.3512403626327971	0.15060753839111762	0.20144992831346759
0.35122797175577813	0.15060147422319142	0.20143547694550346
0.35122156117459896	0.15059833631035652	0.2014280005190009
0.35120644051165933	0.1505909358940648	0.20141036486018415
0.3511892187802992	0.15058250794681866	0.20139027752081495
0.3511820543238594	0.15057900148341313	0.20138192091909263
0.3511668868888352	0.1505715777470334	0.20136422949429728
0.3511557084083852	0.15056610723668806	0.20135118995682966
0.35114738161718084	0.1505620318602039	0.20134147692185853
0.35112998223113645	0.15055351553219998	0.20132118064929372
0.35111958744393507	0.1505484279002523	0.2013090546932642
0.3511097436967661	0.150543610232381	0.20129757112929716
0.3511035302926465	0.15054056946167638	0.2012903224415277
0.351089435625502	0.15053367098476067	0.20127387935151098
0.351078973074402	0.15052854989911318	0.2012616733941171
0.3510677638793907	0.15052306366776785	0.2012485958577584
0.3510549802198433	0.1505168069482296	0.20123368093328214
0.35104485198868235	0.15051184952872632	0.20122186403522827
0.3510394073378895	0.15050918457226203	0.20121551147878833
0.35102612146196943	0.1505026814843743	0.20120000989246356
0.35101548118657183	0.1504974741141672	0.20118759428711108
0.3510021056107738	0.15049092724392832	0.20117198704611977
0.35099688065769985	0.15048836968864893	0.20116589026466267
0.3509833501131197	0.15048174677620718	0.20115010157521163
0.35097431003103574	0.15047732205113534	0.20113955234463055
0.35096535256399725	0.15047293772482162	0.20112909930150222
0.3509518736799603	0.15046634015711496	0.20111336958223222
0.3509423379643874	0.15046167205049182	0.20110224154578166
0.35093328167085264	0.15045723882752782	0.2010916726101698
0.35092506639206067	0.15045321752179758	0.20108208479892745
0.35091656868178306	0.1504490582841272	0.2010721669488284
0.3509092303873795	0.15044546620641658	0.20106360229048553
0.35089675775447077	0.15043936082059622	0.20104904489044192
0.35089186402250894	0.1504369654981122	0.20104333293846854
0.35088081208020105	0.1504315553068164	0.20103043323966055
0.35087164497708256	0.1504270676812295	0.20101973326328854
0.35086287747264555	0.1504227761684816	0.2010094991291715
0.3508546522969637	0.15041874968276792	0.2009998980789855
0.3508450941302863	0.15041407092950043	0.20098874059590405
0.3508403592702117	0.15041175327923162	0.200983213310149
0.35083027631761354	0.15040681720331267	0.20097144299815517
0.3508193211430067	0.15040145401973398	0.20095865416568434
0.3508120835328916	0.15039791046111695	0.20095020511536255
0.35080785154047156	0.15039583877233043	0.20094526448261285
0.3507975373293757	0.15039078982445597	0.20093322279076006
0.35078914954410995	0.15038668380072323	0.20092342994077966
0.350778850675699	0.15038164204844368	0.20091140565037013
0.3507716971217705	0.1503781403360474	0.20090305321718088
0.3507676813322275	0.1503761745383304	0.20089836435467048
0.3507578603771506	0.1503713664784196	0.20088689742613638
0.3507505956003783	0.15036781019217316	0.20087841462577094
0.3507404134784071	0.15036282556704494	0.20086652515247494
0.35073360859249986	0.1503594943184216	0.20085857894559198
0.3507297823456812	0.15035762106666678	0.20085411097986547
0.3507201589500808	0.15035290962142422	0.20084287335438467
0.3507135363679366	0.15034966747857698	0.20083513957776372
0.3507049833024318	0.15034548010152937	0.20082515123472208
0.350697080895529	0.150341611014344	0.20081592263417877
0.3506906650396115	0.15033846990375005	0.20080842976898577
0.3506845839766878	0.15033549269559204	0.20080132774061438
0.35068102377149524	0.15033374979987063	0.2007971696412607
0.35066909808655555	0.15032791131177958	0.20078324096240213
0.3506629407337083	0.1503248966889731	0.20077604929993076
0.3506597505679796	0.1503233347811339	0.20077232319307076
0.35065132263352405	0.15031920850552954	0.20076247913216455
0.3506427483694813	0.15031501062102243	0.20075246380243966
0.35063683306897625	0.15031211441188308	0.20074555421581458
0.35063123407236063	0.1503093731865775	0.20073901387173954
0.3506279424173934	0.15030776150394493	0.20073516880624354
0.3506219090440312	0.15030480736064256	0.20072812096614026
0.35061346568480556	0.15030067325023233	0.2007182575998496
0.3506047375016341	0.15029639978291498	0.20070806107929282
0.35059909095828135	0.15029363497150489	0.20070146453740348
0.35059406145274447	0.15029117243278162	0.20069558861742975
0.3505888317581418	0.15028861176533242	0.2006894787621672
0.3505808350761516	0.15028469616067647	0.2006801360437211
0.3505757195270663	0.15028219130363646	0.20067415925960302
0.3505706441537974	0.15027970602907936	0.20066822934462575
0.3505651698510794	0.1502770255626374	0.2006618330770893
0.35055771678927217	0.150273376000699	0.20065312468442204
0.35055258527658284	0.1502708632869892	0.20064712865836876
0.35054750723690553	0.15026837682944677	0.20064119492479038
0.350544439380356	0.15026687465009486	0.20063761004452296
0.35053942553151723	0.15026441943858027	0.2006317512274477
