0.34999999999782583	-0.14999999999910257	0.2000000000013635
0.34999999999782583	-0.14999999999910257	0.2000000000013635
0.34999999999787346	-0.14999999999912206	0.20000000000133397
0.34999999999791304	-0.1499999999991387	0.20000000000130927
0.3499999999979765	-0.14999999999916458	0.20000000000126944
0.3499999999980199	-0.1499999999991829	0.2000000000012421
0.34999999999804615	-0.1499999999991936	0.20000000000122573
0.3499999999981117	-0.14999999999922037	0.20000000000118454
0.3499999999981605	-0.1499999999992408	0.20000000000115442
0.34999999999822684	-0.14999999999926833	0.20000000000111262
0.3499999999982815	-0.14999999999929092	0.2000000000010786
0.34999999999832543	-0.1499999999993098	0.20000000000105095
0.34999999999840076	-0.14999999999934166	0.20000000000100365
0.3499999999984322	-0.14999999999935487	0.2000000000009839
0.3499999999985021	-0.14999999999938396	0.20000000000093995
0.34999999999854947	-0.14999999999940333	0.20000000000091028
0.3499999999985786	-0.14999999999941582	0.20000000000089185
0.34999999999868087	-0.14999999999945818	0.2000000000008278
0.34999999999874026	-0.14999999999948282	0.2000000000007908
0.34999999999878995	-0.14999999999950325	0.20000000000075951
0.34999999999882153	-0.14999999999951635	0.20000000000073964
0.3499999999988799	-0.14999999999954128	0.20000000000070287
0.34999999999894954	-0.14999999999957075	0.20000000000065882
0.3499999999990065	-0.14999999999959412	0.20000000000062257
0.3499999999990728	-0.14999999999962138	0.20000000000058088
0.34999999999910575	-0.14999999999963493	0.20000000000056026
0.349999999999175	-0.1499999999996629	0.20000000000051726
0.34999999999924714	-0.1499999999996926	0.20000000000047227
0.3499999999992908	-0.14999999999971098	0.20000000000044482
0.3499999999993353	-0.14999999999972952	0.20000000000041696
0.3499999999993794	-0.1499999999997475	0.20000000000038912
0.3499999999994434	-0.1499999999997736	0.2000000000003489
0.3499999999994832	-0.14999999999979036	0.2000000000003238
0.3499999999995292	-0.14999999999980945	0.20000000000029475
0.3499999999995701	-0.14999999999982583	0.20000000000026902
0.3499999999996274	-0.14999999999984953	0.20000000000023357
0.3499999999996647	-0.14999999999986519	0.20000000000020998
0.34999999999969905	-0.1499999999998795	0.20000000000018808
0.3499999999997175	-0.14999999999988672	0.20000000000017665
0.3499999999997791	-0.1499999999999121	0.20000000000013796
0.34999999999979714	-0.14999999999991964	0.20000000000012694
0.34999999999983755	-0.14999999999993613	0.2000000000001013
0.3499999999998635	-0.14999999999994684	0.20000000000008497
0.3499999999998782	-0.14999999999995317	0.20000000000007553
0.3499999999999224	-0.14999999999997082	0.2000000000000481
0.34999999999994447	-0.14999999999998026	0.20000000000003426
0.34999999999996095	-0.14999999999998687	0.20000000000002394
0.3499999999999773	-0.14999999999999364	0.20000000000001375
0.3499999999999952	-0.1500000000000014	0.20000000000000234
0.3500000000000049	-0.15000000000000518	0.19999999999999651
0.3500000000000124	-0.1500000000000078	0.1999999999999921
0.3500000000000174	-0.15000000000001013	0.19999999999998902
0.35000000000002	-0.1500000000000114	0.19999999999998694
0.35000000000001985	-0.1500000000000119	0.19999999999998697
0.3500000000000198	-0.150000000000012	0.199999999999987
0.3500000000000198	-0.15000000000001207	0.1999999999999872
0.35000000000001985	-0.1500000000000118	0.1999999999999874
0.35000000000002024	-0.1500000000000113	0.19999999999998774
0.35000000000002063	-0.15000000000001096	0.19999999999998808
0.35000000000002046	-0.150000000000011	0.19999999999998813
0.3500000000000198	-0.15000000000001118	0.19999999999998846
0.3500000000000195	-0.15000000000001068	0.19999999999998863
0.3500000000000198	-0.1500000000000103	0.19999999999998902
0.3500000000000198	-0.1500000000000094	0.19999999999998924
0.3500000000000194	-0.1500000000000084	0.19999999999998982
0.3500000000000192	-0.15000000000000818	0.19999999999999024
0.3500000000000188	-0.15000000000000813	0.19999999999999052
0.35000000000001824	-0.15000000000000757	0.1999999999999909
0.35000000000001813	-0.1500000000000073	0.19999999999999118
0.35000000000001785	-0.15000000000000702	0.19999999999999157
0.3500000000000175	-0.1500000000000063	0.19999999999999196
0.3500000000000171	-0.15000000000000596	0.19999999999999254
0.3500000000000174	-0.15000000000000563	0.19999999999999313
0.35000000000001696	-0.15000000000000535	0.1999999999999932
0.3500000000000167	-0.15000000000000469	0.19999999999999393
0.3500000000000162	-0.15000000000000374	0.19999999999999435
0.35000000000001513	-0.1500000000000029	0.19999999999999457
0.3500000000000146	-0.15000000000000252	0.19999999999999468
0.3500000000000127	-0.15000000000000263	0.19999999999999452
0.3500000000000124	-0.15000000000000252	0.1999999999999947
0.3500000000000117	-0.15000000000000174	0.19999999999999452
0.35000000000001075	-0.15000000000000124	0.19999999999999443
0.35000000000000997	-0.15000000000000063	0.19999999999999477
0.35000000000001025	-0.15000000000000036	0.1999999999999946
0.35000000000000925	-0.14999999999999902	0.19999999999999474
0.3500000000000088	-0.14999999999999852	0.19999999999999502
0.3500000000000078	-0.14999999999999725	0.19999999999999515
0.35000000000000697	-0.14999999999999725	0.19999999999999502
0.35000000000000514	-0.14999999999999702	0.19999999999999513
0.35000000000000425	-0.14999999999999636	0.19999999999999535
0.35000000000000425	-0.14999999999999591	0.19999999999999563
0.3500000000000038	-0.14999999999999503	0.19999999999999568
0.3500000000000033	-0.14999999999999442	0.19999999999999568
0.3500000000000023	-0.14999999999999297	0.19999999999999593
0.35000000000000164	-0.14999999999999225	0.1999999999999962
0.35000000000000137	-0.1499999999999917	0.19999999999999624
0.3500000000000005	-0.14999999999999036	0.19999999999999654
0.34999999999999976	-0.14999999999998914	0.19999999999999676
0.34999999999999903	-0.14999999999998748	0.1999999999999973
0.3499999999999994	-0.14999999999998742	0.199999999999997
0.34999999999999976	-0.14999999999998814	0.19999999999999693
0.3500000000000001	-0.1499999999999892	0.19999999999999651
0.3500000000000004	-0.14999999999999009	0.19999999999999596
0.3500000000000005	-0.14999999999999075	0.19999999999999585
0.350000000000001	-0.14999999999999136	0.19999999999999543
0.35000000000000137	-0.14999999999999164	0.19999999999999515
0.3500000000000022	-0.14999999999999192	0.19999999999999474
0.35000000000000303	-0.14999999999999186	0.19999999999999446
0.35000000000000314	-0.14999999999999186	0.1999999999999945
0.3500000000000034	-0.14999999999999164	0.1999999999999941
0.35000000000000375	-0.14999999999999192	0.199999999999994
0.35000000000000403	-0.14999999999999153	0.1999999999999938
0.3500000000000043	-0.14999999999999158	0.19999999999999346
0.3500000000000049	-0.14999999999999153	0.19999999999999313
0.3500000000000051	-0.14999999999999142	0.1999999999999931
0.350000000000005	-0.1499999999999912	0.19999999999999274
0.35000000000000525	-0.14999999999999186	0.19999999999999254
0.3500000000000057	-0.14999999999999303	0.19999999999999196
0.35000000000000603	-0.14999999999999408	0.19999999999999168
0.3500000000000054	-0.14999999999999475	0.19999999999999124
0.35000000000000575	-0.14999999999999547	0.19999999999999102
0.3500000000000059	-0.14999999999999636	0.1999999999999908
0.3500000000000059	-0.14999999999999747	0.19999999999999024
0.35000000000000564	-0.1499999999999978	0.19999999999999007
0.35000000000000575	-0.14999999999999836	0.19999999999998985
0.35000000000000664	-0.1499999999999988	0.19999999999998946
0.35000000000000636	-0.1499999999999989	0.1999999999999893
0.3500000000000069	-0.14999999999999847	0.1999999999999894
0.35000000000000725	-0.14999999999999863	0.1999999999999891
0.3500000000000071	-0.1499999999999987	0.19999999999998905
0.350000000000008	-0.1499999999999983	0.19999999999998896
0.35000000000000797	-0.14999999999999786	0.1999999999999888
0.3500000000000079	-0.1499999999999974	0.19999999999998874
0.35000000000000847	-0.14999999999999702	0.19999999999998874
0.3500000000000087	-0.14999999999999675	0.1999999999999887
0.35000000000000847	-0.1499999999999967	0.19999999999998852
0.3500000000000085	-0.1499999999999972	0.19999999999998816
0.3500000000000092	-0.14999999999999786	0.19999999999998802
0.350000000000009	-0.14999999999999813	0.19999999999998805
0.35000000000000886	-0.14999999999999858	0.19999999999998766
0.3500000000000088	-0.14999999999999897	0.19999999999998758
0.3500000000000094	-0.14999999999999952	0.19999999999998733
0.35000000000000914	-0.1499999999999998	0.19999999999998713
0.35000000000000875	-0.1500000000000002	0.19999999999998713
0.35000000000000947	-0.15000000000000102	0.199999999999987
0.35000000000000936	-0.15000000000000124	0.19999999999998666
0.3500000000000092	-0.15000000000000174	0.19999999999998644
0.350000000000009	-0.15000000000000174	0.1999999999999863
0.3500000000000094	-0.15000000000000252	0.19999999999998624
0.3500000000000091	-0.1500000000000029	0.19999999999998602
0.3500000000000094	-0.1500000000000033	0.19999999999998602
0.35000000000000925	-0.15000000000000374	0.1999999999999858
0.3500000000000091	-0.15000000000000402	0.1999999999999855
0.3500000000000094	-0.15000000000000446	0.1999999999999853
0.3500000000000095	-0.1500000000000053	0.19999999999998527
0.3500000000000095	-0.15000000000000518	0.19999999999998508
0.3500000000000091	-0.15000000000000535	0.19999999999998497
0.35000000000000964	-0.15000000000000618	0.19999999999998475
0.3500000000000099	-0.15000000000000635	0.19999999999998466
0.35000000000000964	-0.15000000000000668	0.19999999999998447
0.3500000000000099	-0.1500000000000064	0.19999999999998447
0.35000000000001036	-0.15000000000000652	0.19999999999998436
0.35000000000001025	-0.15000000000000713	0.1999999999999842
0.3500000000000098	-0.15000000000000735	0.1999999999999838
0.35000000000001014	-0.15000000000000718	0.1999999999999839
0.3500000000000105	-0.15000000000000752	0.19999999999998386
0.3500000000000102	-0.15000000000000768	0.19999999999998375
0.35000000000001025	-0.15000000000000757	0.19999999999998352
0.35000000000001097	-0.15000000000000835	0.1999999999999834
0.35000000000001064	-0.15000000000000874	0.1999999999999832
0.35000000000001047	-0.15000000000000913	0.19999999999998289
0.3500000000000106	-0.1500000000000094	0.1999999999999829
0.35000000000001025	-0.15000000000000951	0.1999999999999827
0.3500000000000102	-0.15000000000000996	0.1999999999999825
0.35000000000000964	-0.15000000000001018	0.1999999999999824
0.3500000000000094	-0.1500000000000104	0.19999999999998225
0.3500000000000089	-0.15000000000001135	0.19999999999998203
0.35000000000000875	-0.15000000000001168	0.1999999999999818
0.3500000000000087	-0.1500000000000118	0.19999999999998186
0.350000000000008	-0.1500000000000123	0.1999999999999819
0.3500000000000068	-0.15000000000001096	0.19999999999998236
0.35000000000000614	-0.15000000000001018	0.19999999999998289
0.3500000000000054	-0.15000000000001007	0.19999999999998308
0.3500000000000047	-0.1500000000000108	0.19999999999998305
0.3500000000000036	-0.1500000000000099	0.19999999999998358
0.35000000000000236	-0.15000000000000863	0.1999999999999839
0.35000000000000125	-0.15000000000000802	0.1999999999999844
0.3499999999999999	-0.15000000000000774	0.19999999999998502
0.34999999999999903	-0.15000000000000724	0.19999999999998552
0.3499999999999974	-0.1500000000000063	0.1999999999999858
0.3499999999999964	-0.15000000000000596	0.19999999999998602
0.34999999999999504	-0.15000000000000496	0.19999999999998663
0.3499999999999943	-0.15000000000000457	0.1999999999999872
0.34999999999999354	-0.1500000000000044	0.19999999999998738
0.34999999999999354	-0.1500000000000044	0.19999999999998738
0.34999999999999354	-0.1500000000000044	0.19999999999998738
0.3499999999999926	-0.1500000000000032	0.19999999999998797
0.34999999999999204	-0.15000000000000274	0.1999999999999881
0.34999999999999154	-0.15000000000000313	0.19999999999998816
0.3499999999999904	-0.15000000000000208	0.19999999999998858
0.3499999999999887	-0.1500000000000004	0.1999999999999894
0.34999999999998754	-0.14999999999999997	0.19999999999998988
0.34999999999998643	-0.1499999999999988	0.19999999999999019
0.34999999999998543	-0.14999999999999786	0.19999999999999074
0.3499999999999844	-0.1499999999999973	0.19999999999999118
0.34999999999998377	-0.14999999999999608	0.19999999999999174
0.3499999999999838	-0.1499999999999962	0.1999999999999918
0.3499999999999838	-0.1499999999999962	0.1999999999999918
0.3499999999999838	-0.1499999999999962	0.1999999999999918
0.3499999999999838	-0.1499999999999962	0.1999999999999918
0.3499999999999838	-0.1499999999999962	0.1999999999999918
0.3499999999999838	-0.1499999999999962	0.1999999999999918
0.3499999999999838	-0.1499999999999962	0.1999999999999918
0.3499999999999838	-0.1499999999999962	0.1999999999999918
0.3499999999999838	-0.1499999999999962	0.1999999999999918
0.3499999999999838	-0.1499999999999962	0.1999999999999918
0.3499999999999838	-0.1499999999999962	0.1999999999999918
0.3499999999999838	-0.1499999999999962	0.1999999999999918
0.3499999999999838	-0.1499999999999962	0.1999999999999918
0.3499999999999838	-0.1499999999999962	0.1999999999999918
0.3499999999999838	-0.1499999999999962	0.1999999999999918
0.3499999999999838	-0.1499999999999962	0.1999999999999918
0.3499999999999838	-0.1499999999999962	0.1999999999999918
0.3499999999999838	-0.1499999999999962	0.1999999999999918
0.3499999999999838	-0.1499999999999962	0.1999999999999918
0.3499999999999838	-0.1499999999999962	0.1999999999999918
0.3499999999999838	-0.1499999999999962	0.1999999999999918
0.3499999999999838	-0.1499999999999962	0.1999999999999918
0.3499999999999838	-0.1499999999999962	0.1999999999999918
0.3499999999999838	-0.1499999999999962	0.1999999999999918
0.3499999999999838	-0.1499999999999962	0.1999999999999918
0.3499999999999838	-0.1499999999999962	0.1999999999999918
0.3499999999999838	-0.1499999999999962	0.1999999999999918
0.350000007332672	-0.15000000823586884	0.19998783428993155
0.35000002114801265	-0.15000002515047905	0.19996267824696062
0.3500000423770704	-0.15000005445417008	0.19991864160130665
0.3500000649555568	-0.15000009256630265	0.1998604936971709
0.35000009661030346	-0.15000015364865443	0.19976563500498698
0.35000010755666605	-0.15000018266135978	0.1997196790953792
0.3500001427690289	-0.15000026206398254	0.19959277029579972
0.3500001756792043	-0.15000035810881857	0.19943453351848783
0.35000017848917553	-0.15000041919047985	0.19932818995711798
0.35000017095525815	-0.15000045480239815	0.19926334259029402
0.3500001748188497	-0.15000051561332828	0.19915458436417413
0.3500001640340887	-0.15000064265406365	0.1989142631955603
0.3500001729051329	-0.15000070915285257	0.1987882403649052
0.3500001759061869	-0.15000077929703692	0.19864887251412838
0.3500001793936857	-0.15000084159782295	0.19852135499220347
0.3500001789711772	-0.15000090497929186	0.19838474557603475
0.35000017676271855	-0.15000095667131425	0.19826771219938133
0.35000018467447425	-0.15000100841244737	0.19815053204979166
0.3500002081884637	-0.1500010767774474	0.19799564423703578
0.3500002284220658	-0.1500011230742631	0.19788515393018588
0.35000024251631745	-0.15000116094656912	0.19778349145600552
0.3500002607882358	-0.15000119203821782	0.1976973508433151
0.35000027439841264	-0.15000121377797754	0.19762689854353027
0.35000029735649485	-0.15000123709259577	0.19754184300717978
0.35000031204460513	-0.15000124467979253	0.19750087684518283
0.35000032004726306	-0.1500012445533877	0.19747726078648717
0.3500003208366815	-0.15000123582147729	0.19746795739757966
0.35000031344110455	-0.15000122364304486	0.19747567446152217
0.35000029516838227	-0.15000120082660823	0.197497236933574
0.35000021302546896	-0.1500011333352354	0.19758683927664208
0.35000012831877914	-0.15000107694406567	0.19767111154445188
0.3500000243844844	-0.15000101329114202	0.19776804867196104
0.34999987991009557	-0.15000093956889338	0.19788549304038472
0.3499996959861267	-0.15000084063282138	0.19803693670580141
0.349999324941107	-0.1500006652306054	0.1983058326581445
0.3499990134606218	-0.1500005192944785	0.19852281462231675
0.3499986599665491	-0.15000036768775366	0.19874506587291552
0.34999787000222876	-0.1500000699624292	0.19916707391786098
0.3499971397273008	-0.149999840669172	0.1994768959812553
0.34999654964998295	-0.1499996592013409	0.19971327426809832
0.34999541468193895	-0.14999930742923512	0.20015126020613017
0.34999469046359355	-0.1498940721579214	0.20057058169330427
0.3499973763932826	-0.14946528582828256	0.20128547341914108
0.3500028851688445	-0.14904432091970798	0.20178393136546288
0.35001162494582977	-0.14849713744212667	0.20234596657380172
0.35002778364514664	-0.14779539700422112	0.20300215236094482
0.3500554334777056	-0.14654367255520012	0.20402151707848928
0.35009076918422366	-0.1454420728397669	0.20486579932274726
0.35012659543250585	-0.14436161390657565	0.20565283239836973
0.3501688571656069	-0.14328431803899672	0.20641507994475833
0.350196201889781	-0.1425804241756145	0.20690284409450438
0.35031202865977384	-0.14011479559655265	0.20856231607643524
0.3503525465818043	-0.1391556121861598	0.209177198233364
0.3504217689520459	-0.13770167831664437	0.21010300230126788
0.35051581821919614	-0.1360407862247351	0.21115877872597438
0.35065173686354595	-0.13291417746744066	0.21305012405422163
0.35068639656456874	-0.13197439711061182	0.213598801176869
0.35082339578022714	-0.1294333428054658	0.21514977278996425
0.35092312167526307	-0.12761167576813243	0.2162124112481197
0.35104386717089714	-0.12468919289714746	0.21788832628123528
0.35109907010980135	-0.1234600716431669	0.21858228186099077
0.3512225803915757	-0.12076632751425338	0.22009122688959437
0.3512825887697949	-0.11882409499666095	0.2211314134518408
0.35139227660429206	-0.11669379730016384	0.22231898003525977
0.35151904234854636	-0.1136722421556698	0.22395295050289205
0.3516386570895559	-0.11128588828439344	0.2252462514357282
0.3516988030153211	-0.10974033859624897	0.22606609310110592
0.3517997092143669	-0.10691822762578075	0.2275506289278351
0.35191504357515285	-0.10338951940165143	0.22938768305432966
0.35196418756142617	-0.10180479413913891	0.23018885764883804
0.35204549223376236	-0.09884094776740872	0.23168991429184954
0.3520983254892829	-0.09647415007573991	0.23287587333672877
0.35214793128703326	-0.09430268698061363	0.23395179677019132
0.3521800435189777	-0.09107251423409853	0.2355144687156237
0.3522001128628298	-0.08941766036831199	0.2363131132224654
0.35222897891526833	-0.08662711713691619	0.23765810681339886
0.3522364490138504	-0.08414512431895348	0.23880641271098813
0.352237719392143	-0.08210852407598758	0.23977380408798654
0.35224237540840714	-0.0798220798444799	0.2408457589836021
0.35224138020415185	-0.07684241650025979	0.24221881159753214
0.35223543157328807	-0.07483137612697426	0.24313469232689278
0.3522316639783118	-0.07362807255568594	0.2436821187145412
0.3522218530974584	-0.07096214334399371	0.24490534979875178
0.3522074384921517	-0.06911560342724472	0.24572085999531096
0.3521834981382007	-0.0664108443156989	0.24690318583323723
0.3521665407131658	-0.06478176814797813	0.24760790532451193
0.3521551435482097	-0.06378954801996341	0.24803913841096425
0.352127454802955	-0.06162059337498356	0.2489634868546228
0.3521037597461629	-0.0599731740350488	0.2496546448257919
0.35208238783776064	-0.05861217634460732	0.2502231601770126
0.35205050141519123	-0.05677912193390271	0.25097735978511215
0.3520275416504408	-0.055587694176350136	0.25146059113443353
0.35200611437826024	-0.05456865074839394	0.25186767396405657
0.3519877243134602	-0.05376777231702683	0.25218389508528866
0.35196598565804643	-0.05291920578135818	0.2525119806245952
0.3519365032403135	-0.051941312443937	0.2528782291437655
0.35191767771288796	-0.05144060637830443	0.25305823389086424
0.35190054149469835	-0.05107983833485662	0.2531798709161788
0.35188259343497946	-0.05082629593171846	0.25325293853762665
0.35187342228738083	-0.05074213744094201	0.2532707622375874
0.35184190721106046	-0.050683233483158466	0.25323346697922344
0.35182749059057294	-0.05067855848929463	0.25320703779425136
0.3518095321522586	-0.05067254977778789	0.25317440347278064
0.3517931150144195	-0.05066692269545901	0.253144667368596
0.3517774852798116	-0.050661446324449036	0.25311658947227234
0.3517521234485994	-0.05065241080322348	0.2530712655525881
0.35174234066189103	-0.05064887818346352	0.25305387294528203
0.3517228975480101	-0.05064182310036945	0.25301934035300705
0.3517077660792731	-0.05063629367343968	0.25299254871398635
0.35168190224844115	-0.05062678928488505	0.2529468385522543
0.3516664176909105	-0.05062107490442093	0.25291951445556227
0.35165774573432984	-0.05061786440924189	0.25290424157318125
0.35164120501610957	-0.050611730304275473	0.25287513484254875
0.3516208647601323	-0.050604177905824735	0.25283934028855803
0.3516052767423368	-0.050598382266750994	0.2528119209338759
0.3515834670124743	-0.05059026192952752	0.25277358744179224
0.35156636052262163	-0.05058388608328586	0.2527435360247461
0.35155254622934184	-0.050578734360976305	0.25271927207989464
0.35153824367919845	-0.05057339808835158	0.2526941586665006
0.35152898903887253	-0.050569944088508	0.2526779119742007
0.3515089286635238	-0.050562454910858104	0.25264270073092143
0.35148954855652503	-0.05055521777523088	0.2526086957915774
0.3514752414315809	-0.050549873765520933	0.25258359309273815
0.3514669458853939	-0.0505467746830643	0.25256903720387247
0.35144644210229525	-0.050539114562816165	0.252533067556306
0.3514383344575729	-0.05053608560139454	0.25251884724813983
0.3514256778904403	-0.050531356818595566	0.25249664859746623
0.35140693569065445	-0.0505243527327459	0.2524637733105489
0.3513882828245923	-0.05051738184525077	0.25243105855543196
0.35137490280710854	-0.05051238056781883	0.25240759081374037
0.3513616726877466	-0.05050743586322805	0.2523843890056767
0.35134912687822156	-0.05050274730488265	0.25236238939270883
0.3513372176325478	-0.050498296123792905	0.252341505821676
0.35132326348566884	-0.05049308021715025	0.25231703653689175
0.35130642246362664	-0.05048678652149867	0.25228750865323757
0.3512932568016015	-0.05048186682242729	0.2522644264661581
0.35128185771327297	-0.05047760715142034	0.2522444418513382
0.35127313595284576	-0.05047434860187207	0.252229152154971
0.3512578818577006	-0.05046864939947755	0.25220241138916355
0.35124128762548634	-0.050462448872428775	0.2521733214973285
0.3512338188299715	-0.05045965824654662	0.25216022900979007
0.35121903714736474	-0.05045413609521883	0.25213431843118883
0.3512126955061455	-0.05045176732656177	0.25212320271274036
0.3511962092010697	-0.050445607632901165	0.25209430476268213
0.35118448253445367	-0.050441226715491824	0.25207375044606767
0.3511728583851703	-0.05043688418724841	0.25205337625011903
0.3511616109326741	-0.05043268327482554	0.2520336630071982
0.3511513590219597	-0.05042885318925912	0.2520156946331971
0.35113707795274063	-0.05042351838145269	0.25199066504300327
0.35112659536022806	-0.050419602645233194	0.2519722932337257
0.3511138865627595	-0.05036961077535347	0.2519499766835404
0.3511010958790687	-0.050245418479654455	0.25192749013473015
0.35108504425672854	-0.04999512610034813	0.25189933618527605
0.3510714034144634	-0.049723308633457905	0.2518755875336921
0.3510620268103955	-0.049504594205556904	0.25185924469673315
0.35103326658249545	-0.04872404360455089	0.2518094640867866
0.3510175566365211	-0.04825318479965503	0.2517829835530079
0.35099892738082084	-0.04764070561958435	0.25175103999909787
0.3509802014183285	-0.04699729492954578	0.2517198259576444
0.3509624542115113	-0.046363511460227394	0.2516906149904701
0.35094411673907683	-0.04567865743226322	0.2516604402173712
0.35091368004785445	-0.04449931197075992	0.2516114253612594
0.350900211546861	-0.04395740887080264	0.25158977705142493
0.3508802397748665	-0.0431292839582398	0.2515570630625926
0.35084805729159096	-0.041780827558707725	0.2515068271742677
0.35083448548907203	-0.04120422997116978	0.25148604994088475
0.3508032178571565	-0.039826706014348304	0.25143653828449863
0.35077111105819997	-0.03838792270860093	0.25138666610290117
0.35075550807502925	-0.03769416893496032	0.251363943610612
0.3507349609411284	-0.03674651985965659	0.2513320774170327
0.3507079670156341	-0.035483502527725794	0.251290218567656
0.3506735933345596	-0.03389392110976254	0.25124054596610274
0.3506447939803298	-0.0325162544607145	0.25119692496887913
0.35062231922192033	-0.031428632996074804	0.2511627991454262
0.35058767124271717	-0.029749709906043184	0.2511114615579878
0.35056373377355327	-0.028577673927050032	0.25107614890539964
0.350527737400421	-0.026800811981894226	0.2510233712027363
0.3504990603825061	-0.025390448449766498	0.2509828450085614
0.3504848811810153	-0.024682703596483238	0.2509623305401862
0.35046113998673145	-0.023482227286746912	0.25092728733155245
0.350427809396977	-0.021788519761708938	0.25087845762876737
0.3503947902075553	-0.020096870100791628	0.2508301536477985
0.3503681907974948	-0.018738311783711784	0.25079225653780657
0.3503443244154198	-0.017495890495599978	0.25075707097992017
0.3503230751297221	-0.016370680449846423	0.25072467001321336
0.35029500934435076	-0.014933598441254567	0.2506862141939751
0.3502755365951141	-0.01388512843399596	0.2506560142316603
0.3502431920712991	-0.012178277232628307	0.25060916766666363
0.35022997800427386	-0.01146663583823869	0.25058918591045276
0.3502082449956884	-0.010312190940860708	0.2505578244314083
0.3501709203637833	-0.008311042605389216	0.25050337435750264
0.3501595472191014	-0.007694048511210791	0.2504864587138097
0.3501406593831565	-0.006631793759905399	0.25045585380855945
0.3501125155260156	-0.005067327538580982	0.2504120933128768
0.35009661300250283	-0.004168134165935963	0.250386542600836
0.3500721245308911	-0.0027760975654723546	0.25034706816416363
0.35005692921269604	-0.0018893815422144772	0.2503211896074058
0.3500415181169117	-0.001000196373173265	0.2502958733672763
0.3500271842721764	-0.00016051231674206468	0.2502716073970922
0.35001369381534353	0.0006509254516365998	0.25024745265355663
0.3499966059710165	0.001672810520762999	0.25021758027109675
0.3499874568058208	0.0022248624373362863	0.2502013730425357
0.3499778217273185	0.0028191015725491514	0.2501835368717953
0.3499697806988431	0.003314847492703124	0.25016880343889464
0.34996410621051777	0.0036667790020765284	0.2501583330684092
0.34995660740355855	0.004145430544612402	0.2501436520363718
0.3499494091218126	0.004621399921798816	0.25012857842884706
0.3499457159525519	0.0048787403101724774	0.25012004560732054
0.34994343846424625	0.005048897648579756	0.2501140835361053
0.3499422675029811	0.005152100493384507	0.25011004770304546
0.34994255663358487	0.005179248702860559	0.25010774480806364
0.3499428546309221	0.0051783224461307426	0.25010717897719037
0.34994358097925526	0.005176046720808861	0.25010580562083984
0.34994409801094356	0.005174425697705612	0.25010482650359056
0.3499446331661539	0.005172746638685097	0.2501038113700385
0.34994539161997307	0.005170369056459442	0.25010237547516195
0.3499457095451435	0.005169373005073127	0.2501017743572074
0.3499463796745431	0.005167274126161789	0.25010050813921464
0.3499466372552832	0.005166466821550794	0.2501000206903062
0.3499475493606	0.005163610639072183	0.25009829801826683
0.34994798931350307	0.005162233220595183	0.25009746743829614
0.3499483219193054	0.00516119227525573	0.25009684003860333
0.34994889915018146	0.005159385763416277	0.25009575124003935
0.3499495705250022	0.005157286076827736	0.2500944868193609
0.34994987287960655	0.005156340519185357	0.25009391743858556
0.3499504524311884	0.005154528211631079	0.25009282622977613
0.3499509269358017	0.005153044726688968	0.25009193325111767
0.34995135812987777	0.005151696614145898	0.25009112173691883
0.34995201718101315	0.005149636375752595	0.25008988173991625
0.349952419218991	0.0051483802244815385	0.2500891261605769
0.3499528370175293	0.005147074807184335	0.25008834093372423
0.3499532702047521	0.0051457211746287895	0.2500875266099769
0.3499536628002899	0.005144494107168676	0.25008678823251407
0.3499543088964039	0.00514247561294616	0.2500855742491238
0.3499546012004709	0.005141562549327364	0.250085025199993
0.34995512691733266	0.00513992009452878	0.25008403735165513
0.34995571729594144	0.005138076113449144	0.25008292863528037
0.3499561071335246	0.005136858298753891	0.250082196271886
0.34995649346835866	0.005135651567741886	0.25008147067099573
0.34995673726223075	0.005134890254649124	0.25008101302317787
0.34995748735708476	0.005136237363871296	0.2500796040838733
0.34995802469758497	0.005154623807386474	0.25007859065335347
0.34995877839221007	0.0052010981252408744	0.25007716479171854
0.3499596792352979	0.005271404115866338	0.250075458493753
0.34996024161547623	0.005319003419916521	0.2500743940636824
0.3499624561457642	0.005528579130494496	0.25007019147149534
0.34996377820977365	0.005662288152727554	0.25006768698103077
0.34996518144815325	0.005809317388431753	0.25006503241923217
0.3499659567408918	0.005892505723074606	0.25006356315238565
0.3499681378527627	0.006133090088230556	0.25005943123561913
0.3499705333907121	0.006404598446686324	0.25005488692647226
0.34997149004493383	0.006515459694895878	0.2500530789062537
0.3499740960620185	0.006819355067933366	0.25004813224791894
0.349975031140304	0.006929535448694998	0.25004635657140556
0.34997753301271484	0.0072290069729045725	0.25004161610096065
0.3499801242245104	0.007543401990148288	0.25003670680827383
0.3499818490856496	0.007753242268933494	0.2500334313426789
0.34998361944570333	0.007971414157355014	0.25003007737631616
0.34998542521110587	0.00819636817055154	0.2500266638388656
0.3499879729296516	0.008515232414281051	0.2500218461329145
0.34998937423301063	0.0086907296381155	0.2500191931308942
0.34999105197588387	0.008900766870033938	0.25001601315364524
0.3499931156554111	0.009159328827870197	0.2500120991910657
0.3499944170995801	0.009321181757694322	0.25000962195892934
0.3499955667045776	0.00946435732130925	0.25000743469269054
0.34999628675875954	0.009554425216239545	0.25000606725880126
0.3499976522356928	0.009725129371434355	0.2500034748263451
0.34999872321689646	0.009858194609289814	0.25000143810155595
0.34999933363208496	0.009934161950965942	0.25000028236065275
0.34999957689057554	0.009964417118510344	0.24999982365558793
0.34999989209403054	0.010003339133042244	0.24999923263895882
0.3499999447156417	0.010009666618178509	0.24999914180635077
0.34999994514332383	0.010009573887167625	0.2499991497009732
0.3499999457179316	0.010009447589220885	0.24999916045080256
0.3499999460527912	0.010009379584675723	0.2499991663449675
0.3499999465229083	0.010009282114276097	0.24999917476582292
0.34999994696431924	0.010009185401463921	0.24999918303781923
0.3499999475019549	0.010009071512150025	0.24999919285420247
0.34999994790097144	0.010008987926914778	0.24999920007999515
0.3499999482959275	0.010008905067448962	0.24999920724409613
0.34999994852519206	0.010008858638627993	0.24999921128840236
0.349999949300002	0.010008701776631726	0.24999922495699267
0.34999994967241	0.010008626465507653	0.24999923152245213
0.3499999500768741	0.010008547071923737	0.2499992384870297
0.3499999504639641	0.010008471828627963	0.24999924510133265
0.34999995085046237	0.010008397256446103	0.2499992516668882
0.3499999512825966	0.010008313222885826	0.24999925905314244
0.34999995166423725	0.010008240015646166	0.24999926550600324
0.3499999522169035	0.01000813467638001	0.2499992748030726
0.3499999524757337	0.010008085779588796	0.2499992791264398
0.34999995304541903	0.010007979296509331	0.24999928856203185
0.3499999536205835	0.010007870892172213	0.24999929814953784
0.34999995398071027	0.010007801303540342	0.2499993042712532
0.34999995436366865	0.01000772939756324	0.2499993106344732
0.34999995473081547	0.010007661293434042	0.2499993166763153
0.34999995506836373	0.010007600054507695	0.2499993221345849
0.34999995574626186	0.010007475781098008	0.24999933318453327
0.3499999560241879	0.010007424823056318	0.2499993377146768
0.3499999564634266	0.010007344604872417	0.24999934485129222
0.34999995682049867	0.010007279935152144	0.24999935061426598
0.34999995717519927	0.010007215829258925	0.24999935632890447
0.3499825509496332	0.00995450962635401	0.24999940959623373
0.34994587501375757	0.009843487102078469	0.24999953843026995
0.3498688039003678	0.009609067917304315	0.24999986392707235
0.34975676199751476	0.00926505524946905	0.2500005204562489
0.3496765252392751	0.009016433369869806	0.2500010367511589
0.34935256774115675	0.007994530912270523	0.2500033057893505
0.349166417898021	0.007397467630422025	0.2500050216062446
0.3489437304275644	0.0066758700324794085	0.2500076514753167
0.348686480621896	0.005829234407497427	0.25001094665325396
0.3484546877798897	0.005054497935262983	0.2500139315556009
0.3479933422352718	0.0034805387837317653	0.2500205554001298
0.3478121441666304	0.002848657378354033	0.25002276646506744
0.3474907367065035	0.0017135019884279706	0.25002714071914595
0.34705277040900306	0.00014069324253780657	0.2500354248531461
0.34685600650563525	-0.0005811130993555874	0.2500388494788934
0.3461363026019881	-0.003292804569816135	0.25005298624361616
0.34592250376883615	-0.004118540077546931	0.25005809714957455
0.345329218092304	-0.006467146011219463	0.2500729014401822
0.3449615855407897	-0.007973657448584734	0.25008109017653013
0.3445741065647214	-0.009599971790933595	0.2500909798760309
0.3442018723138752	-0.011218188484824879	0.25010021928485293
0.34367491345447243	-0.013587354432618631	0.2501132314284307
0.3432424179108979	-0.015595876068557682	0.2501276187183228
0.3428455705835712	-0.017526964832178624	0.250139272988498
0.3424878379456503	-0.019334217513011495	0.2501496900504482
0.3420854274962375	-0.021425532107879022	0.2501672382906771
0.3415755795202088	-0.024259463778372833	0.2501862189696069
0.34124971650704206	-0.026185613092300122	0.2501974602259517
0.34091794162774236	-0.02822757391531626	0.25021371448363383
0.34069596509831457	-0.02966524119113166	0.25022476159972457
0.3401788042337946	-0.03331874926285518	0.2502502879461341
0.33990608673015993	-0.03545004006719625	0.25026487834996025
0.33967836266429996	-0.037417954173063	0.2502765088810236
0.3394363832222428	-0.03968086495492969	0.2502914354554452
0.33922817103082786	-0.041867621799401164	0.2503069030670874
0.3389753393793507	-0.04508473963109709	0.2503259259637576
0.3388420532898525	-0.047246865954152825	0.25033740574185026
0.3387362945854555	-0.04927930768744042	0.2503528673058901
0.33865551074447564	-0.051415064638681965	0.25036877992511153
0.33861602588887457	-0.05296806615680334	0.2503784197522809
0.3385773994054192	-0.05588608678015221	0.2504041854984407
0.3386223006293578	-0.05928722539890645	0.25042959509573814
0.33865449723335683	-0.060449507428717394	0.25043828009272084
0.3387454789069696	-0.06267381331381001	0.25045653246685406
0.33901856711763756	-0.0666098640285497	0.2504829687338534
0.3391503137893963	-0.06804110391178626	0.25049384404179237
0.3394921220280135	-0.07107153966888143	0.2505165279567594
0.33969060866520706	-0.07247744644370817	0.25052434812845337
0.3401736757094079	-0.07544916751095941	0.2505424842414382
0.3405885215252513	-0.07765720598694247	0.25056304907352894
0.34113101081140684	-0.0801007291941173	0.2505804157891298
0.34176122929998864	-0.0825997188064249	0.2506026671579913
0.3423634378081059	-0.08470692638519213	0.2506227402165401
0.34277812795337514	-0.08600054536627204	0.2506321766542166
0.34402337673505673	-0.08946544502220234	0.25066103570082754
0.3444963336969836	-0.09061797761713468	0.250669713841544
0.3456649436301284	-0.09319111205675974	0.25068702705116
0.34655055186171296	-0.09490773376121793	0.2507001834155257
0.34760849854311215	-0.09682060817480158	0.2507203881493273
0.3491398153224858	-0.09924312238638046	0.2507404081336362
0.3497847160118111	-0.10016484653880624	0.250746538584139
0.351435696718671	-0.10236799131421793	0.25066282004280904
0.35274255374937064	-0.10397018110373944	0.2504563399515436
0.355018751889126	-0.10652501905532184	0.2498634631251383
0.3565610228671591	-0.10814310558462327	0.2493431562408483
0.3583663908520983	-0.10995211631390582	0.24866135667583386
0.36029652222144026	-0.1117981379958355	0.24782226509143918
0.36343627245119836	-0.11467075723606311	0.24633807467341112
0.36553479229440794	-0.11651215115338091	0.24526518502507982
0.36792336399074377	-0.11855147133090284	0.24399625256734647
0.37019997653883707	-0.12045646452060695	0.24272690469209457
0.3726830082667523	-0.12246561201542823	0.24124942808392405
0.37617353550427335	-0.12522505311049636	0.23905933854057532
0.37873670879240323	-0.12720515569826168	0.23743297006392866
0.38149628126690666	-0.12929597010477467	0.23562756841219726
0.3841887268492122	-0.13130779348738864	0.23379515052913294
0.3860553968200916	-0.13268640836376283	0.2325142342873362
0.39157690122971645	-0.13668892515030823	0.2286883411097287
0.3944743326106289	-0.13874644233272337	0.2266039104847778
0.3975418346301852	-0.14088832675301344	0.22433095994947072
0.40079655224029415	-0.14313359295782568	0.2219050810058085
0.40561201416609877	-0.1464281906915883	0.21823383332702231
0.40756370568342104	-0.14774009149595108	0.2167259732343319
0.41164654476939727	-0.15047153632518445	0.21356228475418218
0.41534316588728615	-0.15293134732857794	0.21070108790027986
0.4201684436021335	-0.15607184687229625	0.20676802933408533
0.42343858830713327	-0.1581862103900063	0.2040463327860965
0.4267102074126985	-0.16029071483054086	0.20130374074837645
0.4296988947213884	-0.162169608998244	0.19874008595918857
0.4330880088992512	-0.16429179151659246	0.19576814434256035
0.43664131945428625	-0.16648993775160958	0.19267194835733972
0.44130151655252287	-0.16935674753921703	0.18855555029429316
0.44433694641080607	-0.17120987808117394	0.18574877818734545
0.44767079765097656	-0.1732179896256833	0.1827041057979625
0.4505678924967798	-0.17496358353446495	0.18005904516308358
0.4533973532669469	-0.17664049136353688	0.1773499264113559
0.45818183748295255	-0.17946131464633036	0.1727264139262369
0.46118517784122026	-0.18122618449340405	0.16979590823954732
0.4642463242752917	-0.18300815852794522	0.16672278345211405
0.4668379715206718	-0.1845117856116586	0.16402577204024205
0.4709910388430084	-0.18690767635445232	0.1597291803715809
0.473575859496225	-0.18838552822655663	0.1569491150016027
0.4762217690414713	-0.18989357125170842	0.1540789836192415
0.477667708295437	-0.19071457273262854	0.1524598159074771
0.4814335694384702	-0.1928369909993693	0.14808489936987496
0.48460944732948946	-0.19460583805883774	0.14417143491008944
0.4867744668699125	-0.19580119653558764	0.14136232766507528
0.4889741600528138	-0.19700349702802195	0.13833313563668315
0.4902358298719215	-0.1976896018983635	0.13653505564354484
0.4926460082747731	-0.19899761507470232	0.13301251935083763
0.49505669470366986	-0.2002936238513272	0.129224640557216
0.49590333104556095	-0.20074207678230027	0.12775146472734883
0.49777283625017704	-0.20172544489422672	0.12430101261335819
0.4989925540214394	-0.20235814731698099	0.12179511437218332
0.5000653541758457	-0.20290786150013607	0.11935204230588858
0.5013699933975574	-0.2035644945730069	0.1159452234474308
0.502065069267098	-0.2039047290097865	0.11374828136479387
0.5027783054485424	-0.20423863082986526	0.11063660655971108
0.5029744664756217	-0.20432341289169653	0.10940089039253548
0.5032134507254766	-0.2044045861765441	0.10665561999854861
0.5031991769300295	-0.20437944992550616	0.10556802462959552
0.5031098720771638	-0.20427319796487192	0.10198112817017646
0.5030640386212436	-0.20421876746493733	0.10013132021970172
0.5030250210826173	-0.2041717566771708	0.09835830993230982
0.5029812086043774	-0.20411954726121362	0.0964909832017743
0.5029149462815389	-0.2040405965098253	0.09359672054307322
0.5028704714547245	-0.2039880481488554	0.09171310147582507
0.5028318095131402	-0.20394197153709598	0.08991602535649057
0.5027875402831427	-0.20389003432069752	0.08802637466851287
0.5027202618286508	-0.20381132592797546	0.08510393674055988
0.5026790361060521	-0.20376333637124228	0.08329743813229196
0.5026503137552785	-0.20372992034083381	0.08200820479440835
0.5026101022524985	-0.2036833307975512	0.08020501961238924
0.5025286566528474	-0.20358951994985575	0.0765217225752246
0.502500645024534	-0.20355777613593606	0.07532383124064224
0.5024573256869831	-0.20350875607941893	0.07344705587644768
0.502401482286639	-0.20344545111673512	0.07090110844824721
0.5023625639596301	-0.20340120848065435	0.06904600599411165
0.502293511210844	-0.20332416385280738	0.06594285627419344
0.5022702249788199	-0.2032981172964085	0.06486108618241743
0.5022282918657868	-0.20325122275903107	0.06287599060965371
0.5021485002977822	-0.2031635446147339	0.059274092652708055
0.5021144483462461	-0.20312549646522426	0.05758109033563341
0.5020766545666947	-0.20308364941024554	0.05574305001799418
0.5020435187467522	-0.2030467851611143	0.0540835733813233
0.50199371731155	-0.2029906661282559	0.051438396238204565
0.5019648412409778	-0.20295913514235708	0.05005293234370384
0.5019202065850843	-0.20291102319185744	0.04799948579418578
0.5019010577181129	-0.20288982519943066	0.047027345498190765
0.5018485852712555	-0.20283379288109654	0.044658273039871854
0.5017918317944875	-0.2027735269288366	0.04212608446550392
0.5017571635826152	-0.20273620567771905	0.040502386649593214
0.5017284207353225	-0.20270447252723284	0.03905262413628924
0.5016962976131557	-0.20266945033685752	0.03749414559152764
0.5016637476495656	-0.2026332857915063	0.03584438645840232
0.5016335158324408	-0.20260002432279178	0.034361858651330124
0.501588462450143	-0.20255141006609179	0.03229058391904671
0.5015616265820942	-0.20252092699987145	0.030904175406900325
0.5015354028284966	-0.20249154092408578	0.029609218690963002
0.5015081939604025	-0.20246215261018474	0.028400633830716282
0.5014677915717712	-0.2024173164214476	0.026524603142990877
0.501441339962407	-0.20238882310586687	0.02540619265073052
0.5014162119290368	-0.20236028805800355	0.02423502619243728
0.5013918260275024	-0.2023324013341511	0.023108957351429038
0.501358028544368	-0.20229446884606855	0.02166117760239239
0.5013428657642904	-0.2022769644376321	0.020992448640355987
0.5013152001665486	-0.20224433581342371	0.019769654423436922
0.5012884661859804	-0.20221197816734743	0.018589467442521324
0.5012663620642906	-0.20218476913953276	0.017640778091502385
0.5012494198255635	-0.20216291755856997	0.016901393109908347
0.501231820025717	-0.20214028890650787	0.016177087667509416
0.5012066773361992	-0.20210819478769776	0.015229004953608294
0.5011914387618642	-0.20208778921894321	0.014671217460101249
0.5011807153627933	-0.20207384072333323	0.014319126561575524
0.5011603508491883	-0.20204613727750875	0.013673966956065375
0.5011397684778013	-0.20201640381146369	0.013097269902534903
0.5011262061506604	-0.20199658688557975	0.012788505944746509
0.5011184028831248	-0.20198522303866717	0.012633989610306207
0.5011027176539629	-0.20196079978436343	0.012401642466362217
0.5010920850914108	-0.20194392917899195	0.012309606849047638
0.5010803324786249	-0.20192522847798322	0.01226859326926194
0.5010655645799968	-0.20190061133156684	0.012238498053063429
0.5010557878388243	-0.20188440570300015	0.012218627011867156
0.501045904157322	-0.20186851480708912	0.01219880505281129
0.5010388536262572	-0.20185695919335755	0.012184548373505355
0.5010210468594678	-0.20182760261976107	0.012148454114858043
0.5010103842731113	-0.20180987260924382	0.012126761970866318
0.5010007212923053	-0.20179365977276698	0.012107026421681766
0.5009915822194871	-0.20177826435789026	0.012088328602509302
0.5009829216534262	-0.20176369604448718	0.01207062224443367
0.5009730732501084	-0.20174721576447668	0.012050535719146327
0.5009606022879758	-0.20172606178214048	0.012024946023149352
0.5009511140001756	-0.20170980947360745	0.012005391094367546
0.5009452246625695	-0.2016997294944703	0.011993258162650289
0.5009319408652735	-0.2016771365689753	0.011965971533481612
0.5009192999266292	-0.20165543056309093	0.011939893000164903
0.5009109478628202	-0.20164111957073644	0.011922680161401411
0.5009056800157123	-0.2016320687528415	0.011911810333524342
0.5008923511458745	-0.20160896726972521	0.011884196605061181
0.5008879150302084	-0.2016013556978175	0.011875049371301405
0.5008719389647476	-0.20157368382374435	0.011841963334659589
0.5008673042758137	-0.20156558121568469	0.011832323438449033
0.5008559594867086	-0.2015458236536818	0.011808769959898435
0.5008503886307569	-0.20153601583902753	0.01179714490778161
0.5008441382595717	-0.20152506339072135	0.011784131080429971
0.5008290151361805	-0.20149861792905788	0.011752674951970798
0.5008215946581439	-0.20148554822420117	0.011737187915915659
0.5008128544791013	-0.2014702581621436	0.011719005716077258
0.5008055593739802	-0.2014574315895386	0.011703793461725343
0.5007946123481697	-0.20143804934709547	0.01168089011367246
0.5007870350348879	-0.201424677031882	0.011665061937248256
0.5007803213269583	-0.20141278901572252	0.011651015302031775
0.5007730546480809	-0.20139987586171892	0.011635785695772005
0.500762689989694	-0.20138155182043915	0.01161411748028901
0.5007559161626894	-0.2013694626662232	0.011599891449472988
0.5007513404840389	-0.2013612785055729	0.011590271606001734
0.5007428034212907	-0.20134612758475745	0.011572391632216628
0.500732877194731	-0.2013284811555492	0.01155158516054744
0.5007260413956456	-0.20131631387951904	0.011537248210789608
0.5007195680662009	-0.20130477715806527	0.011523663173225673
0.500713161477917	-0.20129333921144987	0.01151020667306607
0.5007027652562719	-0.2012748260255276	0.01148839805812707
0.5006987679458017	-0.2012676963692827	0.0114800062138542
0.5006897447390425	-0.20125155117125182	0.011461033522323305
0.500686111091827	-0.20124504911032587	0.011453393039125792
0.5006772394848443	-0.20122918002231838	0.011434742217217242
0.5006676708485249	-0.20121204954320826	0.011414617707606711
0.5006617496776934	-0.20120140957515842	0.01140214148084473
0.5006553403003055	-0.2011899023018494	0.011388642483864675
0.500651894705902	-0.20118371414054226	0.011381384461184973
0.5006432396327488	-0.20116815165957536	0.011363142173647811
0.5006341606266319	-0.20115185081411302	0.011344020612950256
0.500630055480312	-0.20114447416734638	0.011335371108701697
0.5006226848275308	-0.20113122238823028	0.011319837002653765
0.500616914942337	-0.2011208279636404	0.011307664404777096
0.5006114531970328	-0.2011109774449667	0.011296135270199514
0.5006035748927009	-0.20109678722080815	0.011279516228052677
0.5005979942583756	-0.20108671134924766	0.01126772968306039
0.5005924572129948	-0.20107672036403768	0.011256038932752066
0.5005869606106313	-0.20106681105733404	0.011244438828557357
0.5005817844676389	-0.201057427546259	0.011248566738802535
0.5005745502851627	-0.20104337783778498	0.01168506887253129
0.5005690143041363	-0.20103312589578332	0.012301514786717704
0.5005657404021432	-0.2010273227959417	0.01280476486791099
0.5005582552328114	-0.20101534556760375	0.014094822086003544
0.5005437654523852	-0.20099753221450756	0.01634722537307237
0.5005344459159854	-0.2009863759648115	0.018033260964906983
0.500520529554209	-0.2009741533176883	0.019734362462362542
0.5005058332442939	-0.20096116925101637	0.02168298135331309
0.5004866447005231	-0.20094562768752755	0.02401084252298602
0.500456641596618	-0.20092170396973524	0.0277997301574594
0.5004276562206548	-0.2009020443325416	0.030468821568841897
0.5004091437025743	-0.20088922963677358	0.03231598530036922
0.5003737737268411	-0.2008643333631927	0.03605903692889967
0.5003359852150646	-0.20083969884353647	0.03933749709346229
0.5002974503964459	-0.2008144032490703	0.042761688790495356
0.5002596454934266	-0.20079014334747552	0.04586700563155455
0.5001823178588999	-0.2007399757371956	0.05229871341917869
0.5001319253015355	-0.20070784557116494	0.05612009386463285
0.5000896192613076	-0.2006792415554186	0.059946357504307435
0.5000461502532709	-0.20064997649002497	0.06369146143343218
0.5000200699781904	-0.2006322622322303	0.0659422966695648
0.4999307599138061	-0.2005705180732671	0.07372754182981678
0.49988118874871956	-0.2005354374076911	0.07808534626920433
0.4998571737549075	-0.20051770547381276	0.08046850046458892
0.4997802397867538	-0.2004624057747938	0.08694826918366838
0.4997280598363118	-0.2004241778456783	0.09125774378530166
0.49969050659351066	-0.2003959867917844	0.09445904903222768
0.49964793337642843	-0.20036413615334503	0.09786052858787492
0.49956778465950497	-0.20029814327725254	0.10634513431326714
0.49951187352201437	-0.20025368139700456	0.11077690792643091
0.4994828543307646	-0.2002286289444129	0.1138111699862725
0.4994242682863999	-0.20017743752152528	0.1196669740181045
0.49936644497122545	-0.20012891336439992	0.12379839420884287
0.49930779432507366	-0.20007671098723723	0.12882439606621449
0.4992507256200382	-0.20002223588820306	0.13452024468536594
0.4992023404570124	-0.19997557171056957	0.13886648370001792
0.49918625505178177	-0.19995765831032797	0.14118918801091845
0.49912255440232955	-0.1998924891139407	0.14700798988680708
0.49907521120047227	-0.19983940052186522	0.152307220935733
0.49904806198689133	-0.19980560770614275	0.15613031557694662
0.49901675150652436	-0.19976698331170106	0.1598611057843955
0.4990001961053151	-0.19974526073589383	0.1620831448726361
0.49896548048992534	-0.19969657003498276	0.16714224044644027
0.4989410321449837	-0.19966045127264442	0.1706795954561465
0.4989121065336677	-0.19961599920699613	0.17476968873070164
0.4988915257272263	-0.19957596505309028	0.17926952684487543
0.49888081841269816	-0.19955630140697167	0.1810116904736973
0.4988643220189597	-0.19951931635888454	0.18479944748743243
0.4988616484948568	-0.19950884440311195	0.18622788557770742
0.4988559969094909	-0.19948725820069624	0.18882246224590574
0.4988553091017005	-0.19947364876946716	0.19090836155202903
0.49885972415068636	-0.19945458317085718	0.19438130757331057
0.4988604701466421	-0.19944666642314318	0.1954265849238042
0.4988666464430133	-0.19943644098428975	0.19738886435009673
0.4988698823996856	-0.19943317865061932	0.19810686874292227
0.49888454300691504	-0.1994294942608138	0.19993308059744497
0.4988928072956113	-0.19943003631678358	0.20054275328445462
