0.34999999939506676	-0.14999999971970396	0.2000000004571141
0.34999999939506676	-0.14999999971970396	0.2000000004571141
0.3499999994079584	-0.14999999972567923	0.20000000044738603
0.3499999994186399	-0.14999999973063027	0.20000000043932536
0.34999999943715265	-0.14999999973921102	0.20000000042535512
0.3499999994441857	-0.14999999974247064	0.20000000042004795
0.34999999946130134	-0.14999999975040368	0.20000000040713212
0.34999999948067045	-0.14999999975938094	0.20000000039251567
0.34999999948878907	-0.1499999997631436	0.20000000038638915
0.34999999950762334	-0.1499999997718734	0.20000000037217588
0.3499999995207963	-0.14999999977797884	0.2000000003622349
0.3499999995347007	-0.14999999978442363	0.20000000035174173
0.3499999995561959	-0.14999999979438638	0.20000000033551976
0.3499999995704345	-0.14999999980098588	0.2000000003247742
0.3499999995841596	-0.1499999998073479	0.200000000314416
0.3499999995929318	-0.14999999981141393	0.2000000003077958
0.3499999996136796	-0.14999999982103057	0.20000000029213755
0.3499999996351462	-0.14999999983098022	0.20000000027593645
0.3499999996433588	-0.14999999983478657	0.20000000026973844
0.34999999966417944	-0.14999999984443657	0.20000000025402437
0.3499999996786555	-0.14999999985114626	0.20000000024309902
0.349999999693083	-0.1499999998578333	0.2000000002322098
0.3499999997142501	-0.14999999986764445	0.20000000021623385
0.34999999972844575	-0.14999999987422347	0.2000000002055195
0.3499999997388531	-0.14999999987904722	0.20000000019766434
0.349999999755813	-0.14999999988690788	0.2000000001848631
0.3499999997755271	-0.1499999998960448	0.20000000016998304
0.3499999997896031	-0.14999999990256807	0.20000000015935882
0.3499999998022718	-0.14999999990843954	0.2000000001497963
0.34999999980963764	-0.14999999991185303	0.2000000001442365
0.3499999998225035	-0.1499999999178162	0.20000000013452465
0.3499999998453038	-0.1499999999283827	0.2000000001173139
0.3499999998573508	-0.149999999933966	0.20000000010821975
0.3499999998695979	-0.14999999993964258	0.20000000009897426
0.3499999998761148	-0.149999999942663	0.20000000009405466
0.34999999988730335	-0.1499999999478483	0.2000000000856082
0.34999999990495134	-0.14999999995602759	0.20000000007228524
0.34999999991381864	-0.1499999999601369	0.200000000065591
0.34999999992310654	-0.14999999996444158	0.20000000005857854
0.34999999993200914	-0.14999999996856717	0.20000000005185703
0.3499999999489246	-0.14999999997640623	0.20000000003908502
0.3499999999574575	-0.1499999999803603	0.20000000003264196
0.34999999996480263	-0.14999999998376423	0.20000000002709548
0.34999999997128445	-0.149999999986768	0.20000000002220014
0.34999999997757525	-0.14999999998968316	0.2000000000174486
0.34999999998331394	-0.14999999999234248	0.20000000001311444
0.34999999998970255	-0.14999999999530267	0.20000000000828794
0.349999999994436	-0.14999999999749558	0.20000000000471077
0.3499999999980851	-0.1499999999991864	0.2000000000019524
0.3500000000006382	-0.15000000000036928	0.20000000000002166
0.3500000000026778	-0.15000000000131342	0.1999999999984783
0.35000000000466713	-0.1500000000022338	0.19999999999697057
0.3500000000049881	-0.1500000000023819	0.1999999999967235
0.35000000000494275	-0.15000000000236036	0.19999999999675264
0.35000000000489717	-0.15000000000233832	0.1999999999967827
0.35000000000486947	-0.150000000002325	0.19999999999680065
0.350000000004787	-0.15000000000228608	0.1999999999968541
0.3500000000047581	-0.1500000000022722	0.19999999999687282
0.3500000000046972	-0.15000000000224328	0.19999999999691292
0.35000000000467296	-0.15000000000223124	0.19999999999692913
0.3500000000046127	-0.15000000000220232	0.19999999999696857
0.3500000000045527	-0.15000000000217406	0.19999999999700738
0.35000000000453024	-0.1500000000021633	0.19999999999702192
0.35000000000448866	-0.15000000000214303	0.19999999999704948
0.35000000000443293	-0.15000000000211644	0.1999999999970858
0.35000000000439035	-0.1500000000020964	0.1999999999971138
0.3500000000043343	-0.1500000000020697	0.19999999999715068
0.35000000000431164	-0.15000000000205876	0.19999999999716556
0.35000000000425807	-0.15000000000203328	0.1999999999972006
0.3500000000042171	-0.15000000000201352	0.1999999999972275
0.35000000000417864	-0.15000000000199526	0.19999999999725293
0.3500000000041251	-0.1500000000019699	0.19999999999728796
0.35000000000410475	-0.15000000000196012	0.19999999999730095
0.35000000000403464	-0.15000000000192626	0.19999999999734736
0.3500000000040006	-0.15000000000190977	0.19999999999736928
0.35000000000397813	-0.1500000000018994	0.19999999999738421
0.3500000000039428	-0.15000000000188213	0.1999999999974073
0.3500000000038896	-0.1500000000018572	0.19999999999744245
0.35000000000383974	-0.1500000000018331	0.19999999999747514
0.3500000000038024	-0.15000000000181507	0.1999999999974996
0.3500000000037662	-0.15000000000179792	0.19999999999752366
0.3500000000037317	-0.15000000000178149	0.19999999999754617
0.3500000000036795	-0.15000000000175634	0.1999999999975804
0.3500000000036475	-0.15000000000174113	0.19999999999760165
0.35000000000361986	-0.15000000000172786	0.19999999999761975
0.3500000000035833	-0.15000000000171076	0.19999999999764356
0.35000000000353626	-0.1500000000016885	0.19999999999767443
0.3500000000035048	-0.15000000000167368	0.19999999999769477
0.35000000000347126	-0.15000000000165792	0.19999999999771678
0.3500000000034475	-0.15000000000164648	0.1999999999977324
0.35000000000340387	-0.15000000000162556	0.1999999999977613
0.35000000000336845	-0.1500000000016085	0.199999999997785
0.3500000000033241	-0.15000000000158736	0.19999999999781426
0.3500000000033036	-0.1500000000015782	0.19999999999782703
0.350000000003276	-0.15000000000156488	0.1999999999978454
0.35000000000323434	-0.1500000000015448	0.19999999999787302
0.35000000000319853	-0.15000000000152708	0.19999999999789678
0.35000000000316067	-0.15000000000150926	0.19999999999792123
0.35000000000313264	-0.15000000000149594	0.1999999999979392
0.35000000000311615	-0.15000000000148805	0.19999999999794982
0.35000000000308734	-0.15000000000147445	0.1999999999979687
0.3500000000030353	-0.15000000000144964	0.19999999999800272
0.3500000000030085	-0.15000000000143726	0.1999999999980202
0.3500000000029812	-0.1500000000014241	0.19999999999803839
0.350000000002955	-0.15000000000141184	0.1999999999980556
0.3500000000029144	-0.15000000000139252	0.19999999999808174
0.35000000000289	-0.15000000000138108	0.19999999999809767
0.3500000000028614	-0.15000000000136704	0.1999999999981168
0.3500000000028479	-0.15000000000136093	0.1999999999981259
0.35000000000280906	-0.15000000000134245	0.19999999999815127
0.35000000000278364	-0.1500000000013303	0.1999999999981675
0.35000000000274784	-0.15000000000131342	0.19999999999819112
0.3500000000027239	-0.15000000000130248	0.1999999999982065
0.3500000000026893	-0.15000000000128677	0.19999999999822946
0.3500000000026625	-0.15000000000127411	0.19999999999824675
0.3500000000026479	-0.15000000000126695	0.19999999999825668
0.35000000000262493	-0.15000000000125574	0.19999999999827223
0.3500000000025902	-0.15000000000123964	0.19999999999829482
0.35000000000255327	-0.1500000000012217	0.1999999999983191
0.3500000000025318	-0.1500000000012115	0.19999999999833332
0.35000000000251863	-0.15000000000120506	0.1999999999983419
0.35000000000249687	-0.15000000000119457	0.19999999999835655
0.35000000000245296	-0.15000000000117314	0.1999999999983853
0.3500000000024301	-0.15000000000116281	0.1999999999984004
0.35000000000240833	-0.1500000000011527	0.19999999999841425
0.3500000000023863	-0.15000000000114194	0.19999999999842888
0.3500000000023715	-0.15000000000113473	0.19999999999843843
0.3500000000023339	-0.15000000000111663	0.19999999999846327
0.35000000000231274	-0.1500000000011067	0.1999999999984775
0.35000000000230147	-0.1500000000011012	0.19999999999848467
0.3500000000022769	-0.1500000000010897	0.19999999999850096
0.35000000000225834	-0.15000000000108066	0.19999999999851337
0.3500000000022191	-0.15000000000106167	0.19999999999853946
0.3500000000022081	-0.1500000000010563	0.19999999999854695
0.35000000000218	-0.15000000000104297	0.19999999999856544
0.35000000000216064	-0.15000000000103392	0.1999999999985779
0.3500000000021314	-0.15000000000101993	0.1999999999985975
0.35000000000211323	-0.15000000000101138	0.19999999999860926
0.35000000000209	-0.15000000000099978	0.19999999999862444
0.35000000000207754	-0.15000000000099362	0.19999999999863274
0.35000000000205267	-0.15000000000098207	0.19999999999864887
0.3500000000020396	-0.15000000000097602	0.19999999999865764
0.3500000000020113	-0.15000000000096292	0.19999999999867554
0.3500000000019911	-0.1500000000009532	0.19999999999868895
0.350000000001981	-0.15000000000094832	0.19999999999869494
0.35000000000194637	-0.15000000000093128	0.1999999999987179
0.3500000000019361	-0.15000000000092634	0.19999999999872475
0.3500000000019102	-0.1500000000009144	0.19999999999874135
0.3500000000019002	-0.15000000000090968	0.1999999999987478
0.35000000000186826	-0.15000000000089475	0.19999999999876833
0.35000000000185644	-0.1500000000008891	0.19999999999877638
0.3500000000018336	-0.1500000000008777	0.19999999999879176
0.350000000001816	-0.15000000000086916	0.19999999999880327
0.35000000000180814	-0.1500000000008651	0.19999999999880858
0.3500000000017788	-0.15000000000085045	0.19999999999882845
0.35000000000176246	-0.1500000000008428	0.19999999999883913
0.3500000000017468	-0.1500000000008357	0.1999999999988494
0.3500000000017386	-0.1500000000008322	0.19999999999885465
0.3500000000017258	-0.15000000000082553	0.19999999999887058
0.35000000000169074	-0.15000000000080843	0.19999999999888624
0.35000000000168224	-0.15000000000080493	0.19999999999889187
0.350000000001658	-0.1500000000007936	0.1999999999989078
0.3500000000016433	-0.15000000000078662	0.19999999999891724
0.3500000000016275	-0.15000000000077884	0.19999999999892756
0.3500000000016172	-0.15000000000077368	0.19999999999893459
0.3500000000015904	-0.15000000000076086	0.19999999999895185
0.3500000000015765	-0.15000000000075464	0.19999999999896098
0.3500000000015623	-0.15000000000074765	0.1999999999989704
0.35000000000154835	-0.15000000000074104	0.19999999999897944
0.3500000000015279	-0.15000000000073144	0.19999999999899276
0.3500000000015145	-0.15000000000072533	0.19999999999900164
0.35000000000149945	-0.15000000000071823	0.1999999999990117
0.35000000000150633	-0.1500000000006509	0.19999999999902818
0.35000000000146375	-0.15000000000070135	0.1999999999990344
0.3500000000014486	-0.15000000000069397	0.19999999999904416
0.35000000000143144	-0.15000000000068586	0.1999999999990556
0.35000000000140663	-0.1500000000006741	0.19999999999907234
0.35000000000139175	-0.15000000000066688	0.19999999999908222
0.35000000000136955	-0.15000000000065594	0.19999999999909704
0.35000000000134024	-0.15000000000064195	0.19999999999911608
0.3500000000013147	-0.15000000000062946	0.19999999999913243
0.35000000000129194	-0.15000000000061875	0.19999999999914725
0.3500000000012698	-0.1500000000006083	0.1999999999991619
0.3500000000012325	-0.15000000000059033	0.19999999999918666
0.3500000000012072	-0.15000000000057856	0.19999999999920312
0.3500000000011815	-0.15000000000056696	0.19999999999921972
0.35000000000115467	-0.15000000000055397	0.1999999999992377
0.35000000000111436	-0.1500000000005341	0.19999999999926443
0.3500000000010855	-0.15000000000052055	0.1999999999992837
0.35000000000105447	-0.15000000000050584	0.19999999999930346
0.3500000000010349	-0.15000000000049635	0.19999999999931603
0.35000000000099024	-0.1500000000004753	0.19999999999934512
0.3500000000009601	-0.15000000000046038	0.19999999999936494
0.350000000000927	-0.1500000000004449	0.1999999999993869
0.35000000000088344	-0.1500000000004243	0.19999999999941598
0.35000000000085485	-0.15000000000041108	0.1999999999994343
0.35000000000082326	-0.15000000000039604	0.19999999999945473
0.3500000000008043	-0.1500000000003866	0.19999999999946733
0.3500000000007499	-0.15000000000036018	0.19999999999950338
0.3500000000007131	-0.15000000000034225	0.19999999999952758
0.3500000000006966	-0.15000000000033453	0.19999999999953816
0.3500000000006525	-0.150000000000314	0.1999999999995672
0.35000000000062165	-0.15000000000029884	0.19999999999958767
0.35000000000058706	-0.15000000000028302	0.1999999999996101
0.3500000000005427	-0.15000000000026187	0.19999999999963974
0.3500000000005109	-0.15000000000024655	0.19999999999966078
0.35000000000049303	-0.15000000000023783	0.1999999999996726
0.35000000000046533	-0.15000000000022468	0.19999999999969123
0.35000000000042686	-0.15000000000020702	0.19999999999971635
0.35000000000038717	-0.1500000000001881	0.19999999999974297
0.3500000000003586	-0.15000000000017427	0.199999999999762
0.35000000000033166	-0.15000000000016073	0.19999999999977952
0.35000000000030773	-0.15000000000014918	0.19999999999979523
0.35000000000027104	-0.15000000000013214	0.19999999999981927
0.35000000000025716	-0.15000000000012537	0.1999999999998284
0.35000000000022385	-0.1500000000001096	0.1999999999998502
0.3500000000002014	-0.15000000000009833	0.199999999999865
0.35000000000018044	-0.1500000000000884	0.19999999999987902
0.35000000000014947	-0.15000000000007363	0.1999999999998993
0.35000000000012893	-0.1500000000000637	0.1999999999999126
0.35000000000011167	-0.1500000000000552	0.19999999999992452
0.3500000000001006	-0.15000000000004998	0.1999999999999314
0.350000000000078	-0.15000000000003882	0.19999999999994636
0.35000000000005566	-0.1500000000000281	0.19999999999996138
0.3500000000000471	-0.1500000000000239	0.19999999999996698
0.3500000000000307	-0.15000000000001568	0.19999999999997792
0.35000000000002335	-0.15000000000001207	0.1999999999999828
0.35000000000000925	-0.15000000000000557	0.19999999999999193
0.3499999999999993	-0.1500000000000009	0.19999999999999857
0.34999999999999226	-0.14999999999999764	0.20000000000000273
0.3499999999999895	-0.1499999999999962	0.2000000000000051
0.34999999999998505	-0.14999999999999353	0.2000000000000077
0.3499999999999843	-0.14999999999999314	0.20000000000000878
0.3499999999999835	-0.1499999999999923	0.20000000000000892
0.34999999999998255	-0.14999999999999153	0.20000000000000928
0.34999999999998277	-0.14999999999999192	0.20000000000000911
0.34999999999998294	-0.14999999999999203	0.200000000000009
0.34999999999998355	-0.14999999999999253	0.200000000000009
0.34999999999998377	-0.14999999999999253	0.20000000000000917
0.34999999999998427	-0.14999999999999253	0.2000000000000096
0.3499999999999847	-0.14999999999999314	0.20000000000000945
0.349999999999985	-0.14999999999999386	0.200000000000009
0.34999999999998543	-0.14999999999999436	0.2000000000000085
0.34999999999998616	-0.14999999999999458	0.2000000000000082
0.3499999999999859	-0.1499999999999947	0.2000000000000079
0.3499999999999858	-0.14999999999999436	0.2000000000000079
0.3499999999999863	-0.1499999999999943	0.20000000000000798
0.3499999999999868	-0.14999999999999442	0.20000000000000784
0.3499999999999878	-0.14999999999999536	0.2000000000000074
0.34999999999998943	-0.14999999999999614	0.20000000000000717
0.34999999999999	-0.1499999999999963	0.2000000000000066
0.3499999999999902	-0.1499999999999972	0.20000000000000606
0.34999999999999054	-0.14999999999999736	0.20000000000000556
0.3499999999999906	-0.1499999999999969	0.20000000000000542
0.3499999999999905	-0.14999999999999664	0.200000000000005
0.3499999999999907	-0.14999999999999636	0.2000000000000049
0.3499999999999909	-0.14999999999999636	0.20000000000000467
0.34999999999999215	-0.14999999999999636	0.2000000000000046
0.3499999999999931	-0.14999999999999697	0.20000000000000384
0.34999999999999376	-0.14999999999999714	0.20000000000000392
0.3499999999999953	-0.14999999999999847	0.20000000000000298
0.34999999999999626	-0.14999999999999858	0.2000000000000028
0.34999999999999737	-0.14999999999999902	0.20000000000000276
0.3499999999999983	-0.14999999999999925	0.20000000000000262
0.3499999999999986	-0.1499999999999993	0.2000000000000027
0.34999999999999876	-0.14999999999999947	0.2000000000000025
0.3499999999999986	-0.1499999999999997	0.20000000000000212
0.3499999999999985	-0.14999999999999958	0.20000000000000184
0.34999999999999853	-0.1499999999999998	0.20000000000000132
0.34999999999999865	-0.14999999999999986	0.20000000000000107
0.3499999999999987	-0.14999999999999952	0.200000000000001
0.349999999999998	-0.14999999999999963	0.20000000000000073
0.3499999999999977	-0.14999999999999913	0.20000000000000073
0.3499999999999974	-0.14999999999999902	0.20000000000000076
0.3500001887788313	-0.149876130144234	0.20006138324323502
0.3500020389334024	-0.14960890435755322	0.20019577230702923
0.35000898728380636	-0.14902090915415728	0.2004964363239883
0.35001874644273384	-0.1484455544854799	0.2007954318385834
0.35003107312328197	-0.14777447307697916	0.2011468141771763
0.35004933247480524	-0.14697081277375368	0.20157530230002374
0.350088857253017	-0.14558195252202838	0.20232075465226776
0.3501166440889092	-0.1445515176225951	0.202871130359058
0.3501395536267445	-0.14385520373177657	0.2032559815282169
0.35020662081964604	-0.1420947863622674	0.20423570977463643
0.3502702710027949	-0.1401690279390726	0.2052979820261753
0.35032534377476016	-0.13868694129223413	0.2061152734328801
0.3503704086387495	-0.13775285743143678	0.20664273496614957
0.35048883584302376	-0.13553579734373156	0.20791215572067223
0.35063120068166087	-0.1330268983147745	0.2093513469204896
0.3506958307761263	-0.13130026214804336	0.21031104740033116
0.3508100674398511	-0.12921211499597007	0.21151750465342725
0.3509045189642587	-0.127396628822668	0.21256572065344
0.3509676680421048	-0.1262120074583783	0.21324696103706373
0.35111954804397455	-0.12333992439355786	0.21488250883221915
0.3512376224809799	-0.1212959153595529	0.2160552242671884
0.3513949721699548	-0.1184781562100281	0.21767620423535416
0.3514664924040718	-0.11719449515548437	0.2184273008229427
0.35159093174124406	-0.11429057738428018	0.2200773151373816
0.351671158716308	-0.11209747619984724	0.221313057558175
0.35180454825588237	-0.1090136565179599	0.22305689637438958
0.351882676378575	-0.1068747617621957	0.2242572048921531
0.3519817045713352	-0.10364401215077983	0.22605946340451727
0.3520428335634973	-0.10148234742412747	0.2272601977084845
0.35209308394834443	-0.09942810851830729	0.22841301975132336
0.35213754136688763	-0.09716101247971974	0.22965206999858234
0.3521848356859372	-0.0947125275660612	0.23100245610805176
0.35222698931993984	-0.09169419220873294	0.23265080813296862
0.3522680483391133	-0.08945592555510896	0.23386549502740134
0.35230304840517146	-0.08609887542331408	0.23566962731189203
0.35231145487894394	-0.08391912391604685	0.23681625740491807
0.35232877571703797	-0.08177289705077818	0.2379677671872783
0.3523393672177657	-0.07975034048518785	0.2390431587450974
0.3523389747128549	-0.07777538833963422	0.24008383802198743
0.3523300573593415	-0.07479027790697419	0.24163195252067632
0.3523264404759179	-0.07375662816968144	0.24216304764781402
0.3523144559593689	-0.07116288296104799	0.24350338079865216
0.3522930702779234	-0.06844541393495714	0.24488517397575305
0.3522758889558096	-0.06660834419656618	0.2458178757247772
0.3522577562019216	-0.06499625378399092	0.2466237431783408
0.3522461525083072	-0.063997732859967	0.24712281929190064
0.35222562718107714	-0.06236050076999884	0.24794879496554545
0.35218869383723517	-0.05982951373338931	0.24920149282994947
0.3521671215698464	-0.058500729836978196	0.249851619109928
0.3521433309830253	-0.05715101272068916	0.25050864566070874
0.35212154993423755	-0.05602384419275118	0.25104933272446556
0.35209967240541196	-0.05498287312867366	0.25154576743001245
0.3520790388376629	-0.05408807861219368	0.2519695728104909
0.35204764164793556	-0.05289771738093067	0.25252178868139374
0.3520253760364354	-0.05218821746498552	0.252841813158705
0.3520052554713194	-0.05166440263644011	0.2530702550262987
0.3519858777493792	-0.05128456721447665	0.253225521689511
0.35196946217355823	-0.05104993225602246	0.25331232958225725
0.35194188502785256	-0.050899243284315346	0.253333884992194
0.3519259127068149	-0.05089243877716891	0.2533053146889269
0.3519092805058572	-0.05088531885823315	0.2532756755320391
0.3518980131270833	-0.05088046930017377	0.25325556716560066
0.35188151295344405	-0.05087320538316971	0.25322652488825453
0.3518562032848658	-0.050861897230037964	0.25318224016753765
0.3518384971842057	-0.050853924211357496	0.25315132734893164
0.35181583515048886	-0.050843624622539677	0.2531119388954267
0.3517977275335197	-0.05083535148337652	0.2530805292203
0.3517819066560569	-0.05082810292331143	0.25305310789539487
0.35175702262682773	-0.05081664805736032	0.25301010891427106
0.351740848051038	-0.05080917912635273	0.2529822073260718
0.3517261994227401	-0.05080240421687894	0.25295695808492435
0.3517165083270823	-0.05079791578830482	0.2529402708943075
0.35170137762350123	-0.050790902196558116	0.25291422680577436
0.3516728727140881	-0.050777671367315216	0.2528652061914858
0.35166413866204305	-0.050773613960264155	0.2528501919321748
0.3516494648292152	-0.050766794238629356	0.2528249749216036
0.35162839611537355	-0.05075699598773674	0.25278879508754204
0.351613401867846	-0.050750020261345244	0.2527630485860495
0.3515927713825897	-0.050740419394343914	0.2527276325487788
0.35157746915256277	-0.050733296405248776	0.25270136776181246
0.35156228773245746	-0.050726228279505306	0.2526753091423157
0.3515472456130216	-0.05071922391566734	0.25264949194048875
0.3515262448093157	-0.050709444166342724	0.25261346330735435
0.3515109830871591	-0.050702336346493806	0.25258728304496303
0.3515037015309415	-0.05069894477915042	0.2525747914918516
0.35148328826775566	-0.05068943690567866	0.2525397785862793
0.35147555413037884	-0.050685834407073624	0.25252651350598926
0.3514496676528114	-0.050673776179490995	0.2524821171118599
0.35143689269473116	-0.05066782524606407	0.25246020906769684
0.35142480792380243	-0.05066219590605363	0.2524394859714147
0.35141225805823084	-0.050656349934182374	0.2524179664072883
0.35139869364592163	-0.050650031387566644	0.2523947081778606
0.3513791598352435	-0.05064093268177004	0.2523612172536339
0.35136590218349584	-0.050634756801128625	0.2523384866515867
0.35135933224959365	-0.05063169666314417	0.25232722324815837
0.35134251145634143	-0.05062386216353175	0.2522983871932155
0.3513239318968686	-0.05061520754915179	0.2522665355922038
0.3513157774654491	-0.050611408871012356	0.25225255624775844
0.35129841890384617	-0.050603324016707765	0.25222280072502384
0.3512921736342717	-0.05060041538615832	0.2522120956564052
0.3512746634940145	-0.05059226120611658	0.25218208279515875
0.35126343818444034	-0.050587033211290086	0.25216284223982177
0.35125128778028863	-0.05058137395138858	0.2521420160701676
0.3512338092468052	-0.050573234284435484	0.2521120590163278
0.3512234379283907	-0.05056840450705753	0.25209428370439424
0.3512116920803709	-0.0505629347799814	0.25207415303565217
0.35120103167147093	-0.05055797086787962	0.2520558831103069
0.35118415630168687	-0.0505501127231769	0.2520269623940215
0.3511738012631939	-0.050544561139481956	0.2520092157881043
0.3511623075600472	-0.05049345300192641	0.25198947540212513
0.3511500500519531	-0.050379687964017664	0.2519684054468587
0.3511426923163235	-0.05028059544609177	0.25195576657332297
0.35112833806078453	-0.05003672556858192	0.25193117746301086
0.3511002983084256	-0.049426720820116635	0.2518836384125714
0.35109149700222947	-0.049207511257927175	0.2518688748738107
0.35107198503143866	-0.0486744245976667	0.2518364191628135
0.35104903921388303	-0.04798382846218989	0.25179858958890056
0.3510322240402306	-0.04743729188324526	0.25177083218516916
0.3510214981261732	-0.04707927287673501	0.25175348414945997
0.35098453992495243	-0.04577693695797451	0.25169405641937204
0.350973772178561	-0.045377625833935634	0.25167684388452616
0.35094436214060837	-0.04426059269216644	0.25163029670410364
0.3509243861917505	-0.043479571724444874	0.2515991925325474
0.35089005109604077	-0.042105776992744384	0.2515467154635606
0.35086693557940296	-0.04114909388063255	0.25151115301082216
0.3508430663396115	-0.0401571358941306	0.25147597142929573
0.35082943886965773	-0.039582471275836764	0.2514558450971546
0.3507824706632303	-0.03755238647500224	0.25138622723372
0.3507585643843661	-0.036500625761465275	0.2513510832782214
0.3507330772444986	-0.03537196492643106	0.25131446959892173
0.35070503114768137	-0.0341224537227907	0.2512748284413213
0.35067589396204024	-0.032793102254966414	0.2512325306308245
0.3506396887181148	-0.031126784274553607	0.2511805765668391
0.3506134940258399	-0.029911118484834506	0.25114332226658687
0.3505859491403289	-0.028625944431054748	0.2511046887929958
0.35055978650073816	-0.02738084630881933	0.25106696083543795
0.35053372223961676	-0.026127780562078637	0.25102914516284025
0.3504962273423617	-0.0243210533457711	0.2509756912410471
0.35048036404177363	-0.023552029975382985	0.25095316847512195
0.3504559911538102	-0.02234284058570231	0.25091686510593497
0.3504195222031497	-0.020531105159995497	0.2508634318133466
0.3503947236269704	-0.01932563769466987	0.2508298993392667
0.3503577051732326	-0.01747664716674123	0.25077691435549776
0.35033203767043136	-0.01618372849460846	0.25073998412722687
0.35030841285299563	-0.015008080777449154	0.25070753326872364
0.35028409641566344	-0.013792295478149794	0.2506741181148367
0.3502604353350955	-0.01259371509671274	0.25064084871158354
0.3502325530022353	-0.011161988663333247	0.250600737255188
0.3502056024506793	-0.009762237296648699	0.250561271793285
0.3501824087842519	-0.008543810474145583	0.25052668523295984
0.3501630819244509	-0.007502144509722683	0.2504961900810459
0.3501426670199147	-0.006394992774521116	0.25046374680359573
0.35012317310689	-0.0053603897515349525	0.2504347613305359
0.3500977939400507	-0.003983438526574054	0.25039521154687194
0.35008119824133205	-0.003078006914619444	0.25036925065192767
0.35006598824209434	-0.0022435912413793085	0.2503452821551054
0.35004927671418434	-0.0013311347479262742	0.25031950904792194
0.3500349116028658	-0.0005360301232318204	0.2502967329830684
0.35001583381393125	0.0005383979206041029	0.2502654192555431
0.35000353194958017	0.001249078875368445	0.25024408814616367
0.3499858982962942	0.0022664543102222795	0.25021391985762176
0.3499769488084867	0.0027946327130583676	0.2501978876131298
0.34997068024779615	0.003167711556198008	0.25018649529774883
0.3499599307962097	0.003818448303853292	0.2501663347524288
0.3499533046714856	0.0042282535332339305	0.2501534145138481
0.3499459247061522	0.004698616543238318	0.25013816750984325
0.34994376312728853	0.004841556724423032	0.2501333767445412
0.3499401196290421	0.0051000310682688815	0.2501241547260481
0.34993923057147774	0.005184279790963767	0.25012050548023146
0.34993953456200977	0.005196349555133026	0.2501190355305126
0.34994030407721605	0.005193847830901946	0.2501175021765325
0.34994061416765887	0.005192834651181352	0.2501168840736848
0.34994134642583014	0.005190445720637218	0.2501154293729506
0.3499418841761235	0.005188691431984957	0.25011436115006885
0.34994266951901865	0.005186132273343094	0.2501128048637985
0.34994321825889657	0.005184343046061371	0.250111715994056
0.34994371638400384	0.005182719958659501	0.25011072901952414
0.34994425489563596	0.005180965645188315	0.2501096625084783
0.34994500990752975	0.005178505171646655	0.25010816607415204
0.34994549332035596	0.005176929750866685	0.25010720788531504
0.34994601590114766	0.00517522705089031	0.25010617254715883
0.34994648983351745	0.005173684235873957	0.2501052353978577
0.3499469589216547	0.005172158403141516	0.2501043094143659
0.34994767657358344	0.005169823482046018	0.2501028920211811
0.34994813641297773	0.0051683268571641044	0.25010198315456644
0.3499486122448644	0.005166779063748614	0.2501010438238713
0.3499491050606681	0.005165175270093206	0.25010006999177503
0.34994979398313064	0.005162934761895069	0.25009871055783023
0.3499502347397748	0.0051615015972658745	0.250097841160683
0.3499506523496955	0.005160143397781827	0.2500970170380071
0.34995110560527687	0.005158669504953986	0.2500961228757533
0.3499516899746459	0.0051567699200412015	0.25009497090323596
0.3499521717009677	0.0051552040710743235	0.2500940213703019
0.3499524583197684	0.0051542725561920105	0.2500934565892299
0.34995304537911337	0.0051523646558628705	0.25009229985409753
0.34995366342421624	0.005150355600517145	0.2500910814929701
0.34995407095296915	0.005149030985265632	0.25009027828047947
0.3499544746132227	0.005147719182901814	0.25008948299032574
0.34995489308388095	0.005146359212825094	0.25008865847397743
0.3499553221106257	0.005146811039700647	0.25008781251364753
0.34995629128317285	0.005190500170651577	0.2500858930615198
0.34995713524393557	0.0052456127653458945	0.2500842186191109
0.3499579942344079	0.005311654717173389	0.2500825126013241
0.34995917635260465	0.005412074355446897	0.2500801640306218
0.34996096888643874	0.005575988325962025	0.250076603497618
0.34996241202653233	0.00571560013228499	0.25007373622698886
0.3499638648291844	0.005861427448581827	0.2500708475479978
0.3499654911597469	0.006029213876353676	0.25006760859919686
0.3499672797109299	0.006217502793944049	0.25006404127953397
0.3499691206355301	0.0064154891308893375	0.2500603748255035
0.3499712316101703	0.006648092347273968	0.25005618242836003
0.3499736364807911	0.006916927773656337	0.25005140388803604
0.34997551452854314	0.007128592867117214	0.25004766677294993
0.34997732716709845	0.007334525645594364	0.25004405749775765
0.3499792282828386	0.007551657822942176	0.25004026833157955
0.34998216378966246	0.00789138772681719	0.2500344254205661
0.3499839354793674	0.008096114798303175	0.2500308891970724
0.3499855101805784	0.00827950223704639	0.25002774937816286
0.34998742063741783	0.008504718078073403	0.2500239498930097
0.3499898990652296	0.008796586257718592	0.25001901224154444
0.3499916102801563	0.008999167658097065	0.2500156051529061
0.34999265244612754	0.009122708820306608	0.2500135300070412
0.3499938310526231	0.009262706603397675	0.25001118412176204
0.349995690316445	0.009483569713886711	0.25000748271033335
0.3499968410603786	0.00962046708126249	0.2500051933185357
0.3499979278941047	0.00974974331482338	0.25000303200107876
0.34999905034562045	0.009882901193588964	0.25000080081608894
0.34999970650798845	0.009960592127428114	0.24999949826717258
0.35000007889810864	0.010004553703702068	0.24999876156722883
0.35000028523284143	0.010028879361573872	0.24999835781159335
0.3500003102170932	0.010031884672158042	0.2499983214964784
0.35000030854345265	0.010031721593210266	0.24999832995451385
0.350000303918841	0.010031266270115496	0.2499983537306529
0.35000030200913884	0.010031078374372462	0.24999836354546007
0.35000029794522075	0.010030680649254275	0.24999838425576704
0.3500002952070235	0.01003041056811732	0.24999839840110843
0.35000029274983646	0.010030167260589098	0.24999841118043917
0.3500002885150813	0.010029750190604078	0.2499984330126162
0.35000028523932997	0.010029424553738495	0.24999845016536432
0.35000028273815686	0.010029176990874217	0.24999846316940993
0.3500002799014709	0.010028896427590112	0.24999847789949797
0.3500002772094488	0.010028629991781363	0.2499984918936422
0.35000027330929967	0.010028241341038177	0.24999851239433094
0.3500002705868289	0.010027970009621606	0.24999852670606787
0.3500002683320583	0.010027745646537828	0.2499985385271728
0.35000026567479775	0.010027479414115442	0.24999855261274162
0.350000264020353	0.010027314062346873	0.249998561346597
0.3500002592138285	0.010026832968247301	0.24999858677599618
0.35000025666173884	0.010026576958916775	0.24999860032314994
0.35000025413139896	0.010026322062977405	0.24999861384337224
0.35000025182724626	0.01002609027005888	0.2499986261257931
0.35000024943447244	0.01002584983503689	0.24999863885523624
0.35000024623334447	0.010025527089417799	0.24999865597326607
0.3500002447338511	0.01002537607450861	0.24999866397616982
0.3500002420082909	0.010025101636515932	0.24999867851562124
0.35000023923328544	0.010024820908786994	0.24999869342603806
0.35000023687984555	0.01002458271715477	0.24999870607796537
0.35000023464081914	0.010024356311577498	0.2499987180951517
0.3500002324319587	0.01002413236491509	0.2499987299976861
0.3500002292911562	0.010023814203550974	0.24999874689543386
0.3500002163073083	0.009973963258812724	0.2499988001959815
0.3500001617968438	0.009827381629351983	0.24999897868675183
0.3500001151477987	0.009728329797854443	0.24999911874494396
0.34999985767426756	0.009296150667812184	0.24999984457907637
0.3499993035827536	0.008634694428872922	0.25000130280085925
0.3499987783115101	0.008030215010724012	0.25000267826598155
0.3499980292427525	0.007408517387717764	0.2500045534657954
0.34999705002906684	0.006677350248770156	0.25000697769362046
0.34999622765001465	0.006154852420931764	0.25000898377357905
0.34999489351436935	0.00537092050535963	0.250012221111315
0.3499923735239579	0.003909717706422858	0.25001834918324695
0.3499898689697693	0.0025160657432393013	0.25002444386483325
0.34998834502287735	0.0017209177246962498	0.2500281442924239
0.3499854169522879	0.00014127475281082436	0.25003529084300746
0.34998165961004	-0.001830858094198376	0.25004448335590984
0.34997792128516664	-0.0032973688138145246	0.25005353393867946
0.3499748322136661	-0.004620689584024104	0.2500610657557444
0.34997179113294163	-0.006067872038807612	0.25006854328991124
0.3499673045953679	-0.007700234972447276	0.2500795071675966
0.3499614690794044	-0.010040940361783199	0.25009387974140196
0.3499574762509006	-0.01180883043671739	0.25010380670785615
0.3499532559375209	-0.013486471861898539	0.25011430857748984
0.34994987532114713	-0.01520405093656009	0.2501228169845875
0.3499437684093575	-0.01704227394782175	0.25013807795278536
0.34993798438991996	-0.01916881272955938	0.25015263989125214
0.34993231865130875	-0.021608801196951535	0.25016706675127276
0.3499269530498978	-0.02340695609180611	0.25018074684860314
0.34992062507638466	-0.025491463439745385	0.2501969652024896
0.34991286102848795	-0.028422387788825484	0.2502170314823495
0.34990729697765693	-0.03049757860295492	0.2502315244645408
0.3499031619029666	-0.03186490275564159	0.25024233729475254
0.34989685503663176	-0.034632562776685985	0.25025891699669134
0.3498909483690366	-0.037058309448572205	0.25027457466210845
0.34988072551105653	-0.039889484348028206	0.25030188846617596
0.34987440001650427	-0.041983362998532434	0.2503188883978181
0.3498674062215831	-0.04399570690616507	0.2503378275917782
0.349857987071159	-0.047559825945352754	0.2503634650715372
0.3498518299551884	-0.04978668301570581	0.25038038591582934
0.34984604606859154	-0.051822024509962525	0.25039637019885164
0.3498413593992225	-0.05414272316919781	0.25040930308586185
0.3498336682029409	-0.05725588458747742	0.2504307925277913
0.34983026230445524	-0.058515888779664335	0.25044038068984076
0.3498243927970783	-0.06083817200304782	0.250456949707364
0.3498173343610476	-0.06382722345742643	0.2504769548523985
0.34981337623766656	-0.0661250838854877	0.25048812110434027
0.3498072812994097	-0.06841562374399367	0.2505057133170012
0.3497991036840825	-0.07153801061737548	0.25052942238438575
0.3497955603794919	-0.0731306420888244	0.2505396966403939
0.34978873348278794	-0.0760080292828924	0.25055966375079075
0.34978488185934004	-0.07756968102799204	0.2505710130789005
0.34977881147558954	-0.08108823353291215	0.2505887229200492
0.3497752083221292	-0.08312669724696335	0.25059932448399025
0.34977112728916854	-0.0850500007285206	0.25061150138161215
0.34976829967188916	-0.08702147235543921	0.2506197949037013
0.34976494630686766	-0.0890422696163594	0.25062980248193356
0.34975979960064607	-0.09168043684319098	0.2506453737896842
0.3497575988821667	-0.09288774523409564	0.25065205885130915
0.34975435875306593	-0.095244960539337	0.25066180754807565
0.3497532597070228	-0.09623832235064007	0.2506650870554285
0.34974965062702423	-0.09955263833585008	0.250676000591633
0.3497474909724432	-0.10119164462129011	0.25068272076294973
0.34979024832428635	-0.10281459783496123	0.2506587057552266
0.3500802373383816	-0.1044823890133766	0.2504503294686431
0.35034282422091906	-0.10544450286147035	0.25025992308041733
0.3516703516046613	-0.10879170388506353	0.24930025420223217
0.352191576272815	-0.10980630302712958	0.24892292674817318
0.3537294892140069	-0.11235431833758121	0.24780744867766838
0.3550217899079514	-0.11422717993682534	0.24687751088417303
0.3571471362649353	-0.11688595433887165	0.24532000679957275
0.3588615288593312	-0.11884208302913192	0.24406993266697796
0.3607088578075319	-0.1208191260368456	0.24272438981379937
0.36291814056988986	-0.12300114114025863	0.24108394096881466
0.36489230400860595	-0.12485309312862876	0.23963128523722454
0.3673494693362508	-0.1270600228983801	0.23783687473671938
0.3709073883297411	-0.13006069236933893	0.23520326851360013
0.3725784159969307	-0.13142387827512997	0.23397228239157813
0.3760602535332095	-0.1341983209901883	0.23143432325535263
0.3789908637168246	-0.13641846659865375	0.22924536860898756
0.38343633556261997	-0.1396852801638256	0.22594649719974053
0.3865938650098259	-0.1419203914226555	0.22357028557692674
0.38943838032395134	-0.14388174013999694	0.22144595231526035
0.39290294244093266	-0.14621203826146828	0.21882442884753361
0.3960209284056675	-0.1482585917734211	0.21646957784239484
0.4006332915618381	-0.15124089114307415	0.21301415027652165
0.4044988660763254	-0.15366381679576563	0.21007308494884208
0.40778545474195105	-0.1556816853586135	0.20753890267460717
0.4112590374862032	-0.15780067887435856	0.20487390132430727
0.4144615456184525	-0.1597204449425036	0.20241370770386735
0.4197041624777512	-0.1627866357719165	0.19835614347810476
0.4230904868436797	-0.16472635691697374	0.19565871864507528
0.4255666729669486	-0.1661335916649171	0.19369284969303588
0.4301698804932877	-0.16872961236107142	0.190011782260845
0.4342059875778968	-0.1709622666938645	0.18672130659696473
0.43852243548911934	-0.17331290266707633	0.18320832885598767
0.44206197201537323	-0.17521531599364987	0.18032397550748439
0.4454183170494894	-0.17699992144128374	0.17755413377602186
0.45039242066146434	-0.1796044231870098	0.17337717213606754
0.4521272578536541	-0.18050234274640392	0.17181233665305856
0.45563737218463646	-0.1823028620154809	0.16873777559109449
0.4605297691868667	-0.18478788720096384	0.16441770407008804
0.4636239533005213	-0.1863475405263797	0.16164219221710446
0.46808401533639304	-0.18856844062727018	0.157456563080292
0.47083376136228294	-0.18992369248984642	0.15480381797367937
0.4738082372115019	-0.19138814708308394	0.1519575941334691
0.4766111159414205	-0.19274071349139987	0.1490673872215887
0.4797899855846524	-0.1942681025233759	0.14573082583346664
0.4832714663389301	-0.19592459859782319	0.14195408131265003
0.48572557206098	-0.1970823208204978	0.1391950453862036
0.48803971122664186	-0.19816200936790745	0.13646263116641288
0.4902010059741132	-0.1991572923398554	0.1337512854308523
0.4933414650155714	-0.20058994842004613	0.12959759435230667
0.49504745022200547	-0.2013532793880139	0.127100990032945
0.4966748032719266	-0.20207270630380914	0.12454187099679254
0.49814299449614685	-0.20271282486295883	0.12203445969850418
0.4994733540222087	-0.20328631313644868	0.11958406479872707
0.5010283758362271	-0.20393784753312572	0.11617636545702303
0.5018539947133358	-0.20427275911437687	0.11398069875718803
0.5025211361184992	-0.20453270994416994	0.11176141160843417
0.5030189419833688	-0.204713438857819	0.10952690013943261
0.503295010436689	-0.20479536119583608	0.10746834317552151
0.5033463578812025	-0.20477913110860485	0.10551160542986632
0.503274267344544	-0.20469075703015616	0.10284709162638189
0.5032268100970166	-0.20463200357921268	0.10091864311942939
0.5031813685150487	-0.2045754022689839	0.09898157392430745
0.5031269825458293	-0.2045084092985796	0.09677855819808973
0.5030701447578305	-0.20443790146583546	0.09431175338352649
0.5030267138119652	-0.20438390340799462	0.09235005250416523
0.5029842384627562	-0.20433147281913194	0.09047054038679903
0.5029390757857406	-0.2042768422320964	0.08866781607202862
0.5028946911377465	-0.20422245895234115	0.086695154981689
0.5028290674495925	-0.2041433237796242	0.08394496527065781
0.5027957979722794	-0.20410309181414832	0.08248541007433602
0.5027520523257625	-0.20405060322705998	0.08059432269210431
0.5026712640525904	-0.2039541881608345	0.07707937191917369
0.5026315984736955	-0.20390642910594076	0.07520239421298947
0.5025890435515498	-0.20385573332213852	0.07324566270142291
0.5025455545261076	-0.20380443331195192	0.0712951018697075
0.502508669417048	-0.20376002996782133	0.06944218784268058
0.5024495211621238	-0.20369035691841814	0.066676426721126
0.5024067963904555	-0.2036412820323562	0.06484143801838643
0.5023685845921756	-0.2035959734740005	0.06294331436720785
0.5023426735960742	-0.20356574297126834	0.061711583587943486
0.5022657189619373	-0.203477819974286	0.058291622131584175
0.5022407971235766	-0.2034493572018301	0.05716489546184034
0.5021854591283227	-0.20338554358182265	0.054540629822407316
0.502143902007311	-0.20333839710884044	0.05265511186921845
0.5021069129373997	-0.20329686223771826	0.05102288282184553
0.5020682727765308	-0.20325315358973484	0.04925935451408242
0.5020157856565142	-0.2031932493453137	0.046775249546859576
0.5019795467529937	-0.20315151275297882	0.04500400318218212
0.501945254902899	-0.20311320556639395	0.04347345615397591
0.5019239969643179	-0.20308956264931988	0.04253775012362143
0.5018573271044201	-0.20301300067762607	0.03931695624475262
0.5018204843221392	-0.2029724463043353	0.0377451369097081
0.5017908820446078	-0.202938558153562	0.03634512021110631
0.5017648269470332	-0.20290858241777787	0.03510361557984354
0.5017195219632845	-0.20285798386390919	0.03312180537618803
0.5016756633801908	-0.20280701873261103	0.031039430942668755
0.5016456713552436	-0.2027725541364352	0.029673490202014874
0.5016176418029945	-0.2027402076269647	0.02840500502046467
0.5016023881250699	-0.20272266008395862	0.027728640268848193
0.5015686167161135	-0.2026813325073471	0.026049049476999042
0.5015293476919664	-0.20263487605409214	0.024286083488418597
0.5015145526466713	-0.2026173538271766	0.02363762276101905
0.5014826459214871	-0.20257734965153473	0.022118982046074487
0.5014618477920879	-0.20255073977057075	0.021128722413806533
0.5014277301333594	-0.20250927495737098	0.01971526526637929
0.5014066158918571	-0.20248281848305344	0.018829538218314845
0.5013933850599496	-0.20246619059689086	0.018294302173630816
0.5013699822330544	-0.20243617836112304	0.017350763610333497
0.5013450990620394	-0.202403043601164	0.016354645319036742
0.5013191492177215	-0.2023677334206651	0.01537052351549767
0.5013010978426544	-0.20234274297460786	0.014728939758553439
0.5012854873014991	-0.20231984317983243	0.014188099303241608
0.5012703159748665	-0.2022980376466601	0.013721301452943147
0.5012527981553524	-0.20227204505947138	0.013226427239796723
0.5012328908331779	-0.20224134206706867	0.012751556851517298
0.5012195157894226	-0.20222047546434535	0.012490804432653602
0.5012058550070712	-0.20219915330552635	0.012286385362361263
0.501188413501807	-0.20217067602095423	0.012137000315778024
0.5011813769260304	-0.20215886070252714	0.012117398170458371
0.5011659810180452	-0.20213309938589796	0.012090771265755917
0.501155256645471	-0.20211492283428323	0.012072157713831244
0.5011474571849305	-0.20210185020238491	0.01205868540960181
0.5011278901392386	-0.20206852190550834	0.012024660539431686
0.5011167299772998	-0.20204912018099447	0.012005085736924381
0.5011098023357841	-0.20203708721684938	0.011992940094533
0.5010964084657041	-0.20201411230494287	0.011969585627853996
0.5010844863365691	-0.20199375937308378	0.011948841789593712
0.501074148517654	-0.20197583465087648	0.011930734654566177
0.5010599051004169	-0.20195116419873532	0.011905799801569361
0.5010537655169206	-0.20194043818414387	0.011895011812964984
0.5010361947957725	-0.201909526385618	0.011864044588732359
0.5010300306817991	-0.2018988026412798	0.011853234621984732
0.5010203315832148	-0.20188160124176657	0.01183608078338444
0.5010073235231274	-0.20185869817937468	0.011813149617514673
0.5009973767012729	-0.20184114142015963	0.011795596358120886
0.5009872002636265	-0.2018229771784103	0.011777548453345721
0.5009734538863468	-0.20179858376800014	0.011753233916134254
0.500968245852216	-0.20178934018386974	0.011744021469651367
0.5009556279291567	-0.2017667413236301	0.01172161116314252
0.5009466560842669	-0.20175066786456258	0.01170567489720764
0.5009340543114608	-0.20172807830866762	0.01168328574326355
0.5009251471214421	-0.201712121057687	0.011667465386957065
0.5009165117144206	-0.20169650759368912	0.011652063589310757
0.5009079558741333	-0.20168103133928955	0.011636800977010864
0.5008994409136921	-0.20166570047306465	0.011621643867511577
0.5008870460987367	-0.2016432734375455	0.011599530811771175
0.5008820190084422	-0.20163411863815922	0.01159053566861662
0.5008709316758756	-0.20161403039659287	0.011570743730036026
0.5008594374317851	-0.20159317231369622	0.011550211070710137
0.5008512852897145	-0.20157834048278372	0.011535631253398682
0.5008464480084025	-0.20156953687964457	0.011526978808973687
0.5008388642685311	-0.2015557990520711	0.01151344325917636
0.5008283589144328	-0.20153663844983538	0.011494633890477224
0.5008167538690017	-0.20151548821034088	0.011473863359457215
0.5008100337850645	-0.20150320328476395	0.011461818801482448
0.5008015448727503	-0.20148764750683518	0.011446586979602547
0.5007944033382108	-0.2014746023752132	0.01143379210217993
0.5007835448731466	-0.20145467168242237	0.011414293872209047
0.5007769159056518	-0.2014424931514019	0.011402385468951781
0.5007696762506709	-0.20142925629441988	0.01138940959862178
0.500764988545592	-0.20142068632735488	0.011381008196816145
0.5007575775634653	-0.20140708724390577	0.011367702804153168
0.5007451504804746	-0.2013842856036725	0.011345392933929055
0.5007381519855871	-0.20137143389183432	0.011332824045368006
0.500733672268018	-0.20136320557326692	0.011324777885560244
0.5007274455353519	-0.20135176601170524	0.011313592861740496
0.5007151262200981	-0.20132904429961296	0.011291422389441697
0.500708567970798	-0.20131697918206998	0.011279634476953737
0.5007019977615967	-0.20130487622876825	0.011267817733377705
0.5006986029426669	-0.2012986101894239	0.011261706218706813
0.5006896130669726	-0.2012820334780947	0.011245530112774738
0.5006823933696986	-0.2012687168417603	0.011232537462054715
0.5006741769137447	-0.201253534194969	0.011217738166484637
0.5006681944048098	-0.20124249838523595	0.011206971653807352
0.500662283503306	-0.2012315725983253	0.011196323602839287
0.5006529849769954	-0.20121438201300457	0.011179571711925962
0.5006469350501213	-0.20120320485558607	0.011168676109255093
0.5006409629800235	-0.20119214800897883	0.0111579095560147
0.5006347802803478	-0.2011806979174422	0.01115430576112647
0.5006273219508023	-0.2011659826967258	0.011509136681940368
0.500621382597735	-0.20115440154319436	0.012157104247918715
0.5006152012813768	-0.2011436440802571	0.013017867665857497
0.5006087061151473	-0.20113312828602747	0.014066176801478814
0.5005998373601163	-0.20112100122469284	0.015462534161821972
0.5005894209445735	-0.2011082350635905	0.017084482016784197
0.5005755350153778	-0.20109356787770305	0.01903622126763349
0.5005584877097511	-0.20107518667844898	0.021850447928586536
0.5005406526274441	-0.20105957264865504	0.02411466466534179
0.5005188324640804	-0.20104222907728259	0.026542300540360053
0.5005036923913602	-0.20103083931434623	0.02810883445445106
0.5004667060267826	-0.20100388183441376	0.031791922778191206
0.50042685662546	-0.20097611361659173	0.03549360935874568
0.5003784106551009	-0.2009429865347493	0.03984924371230997
0.5003410345111415	-0.20091773529734308	0.04314815788399701
0.5003030096790536	-0.20089216415956984	0.04644547764116891
0.5002616090146288	-0.20086435700557825	0.04999627813445284
0.5002255359058205	-0.20083857771779184	0.053710586576280805
0.5001674510838121	-0.2007975806659722	0.05929274169400006
0.5001229095639032	-0.2007663250782425	0.0633708806870591
0.5000863355805024	-0.20073937170300699	0.06719647880765511
0.5000416742125404	-0.20070781215218814	0.07109156023272328
0.5000114853617924	-0.2006870092214041	0.07342032565703976
0.49994324176940486	-0.20063647980221594	0.079970923323126
0.4999016417821683	-0.2006061675831703	0.08348255821573064
0.49983017058504625	-0.20055251014719877	0.08982498518941268
0.49978150440678	-0.200515604096279	0.09396412842112434
0.4997307132219827	-0.20047587678289308	0.09850021249146257
0.4996742943060093	-0.20043246472095716	0.10286125221107356
0.49961077583998315	-0.2003800655509762	0.10875163044609942
0.4995666435936552	-0.20034195489198325	0.1133053513467468
0.49951657161041085	-0.20029462227454076	0.11967321959686694
0.49946426221483897	-0.20024874080770078	0.12404334922848387
0.4994223543123907	-0.2002094943430186	0.1283232109873706
0.49938530784895685	-0.20017309608560285	0.13237673129204586
0.4993529279938855	-0.20014077270110314	0.1358419613265796
0.4992973902020461	-0.20008424402076708	0.14152524529493232
0.49922966771468524	-0.20001659610525285	0.14687817689440652
0.49919532977238756	-0.19997782334206793	0.15082966695968442
0.49916315649117715	-0.1999396993257086	0.15469677314931513
0.49912801804788687	-0.19989736012117304	0.15863106419051987
0.4990958441463823	-0.199853549508766	0.1633773356689468
0.4990798311620115	-0.1998315608091208	0.16552949446088516
0.4990430063811271	-0.19977840281754716	0.1705749886932748
0.49903048416049844	-0.19975427631119602	0.17379644933952862
0.4990158184526961	-0.19972576892469113	0.17715850956449572
0.49900453915033943	-0.19970229559804598	0.17984602447319958
0.4989916790482001	-0.19966826098966683	0.18414860351648826
0.4989872953671218	-0.19965036133319375	0.18668509099084546
0.49898210948900273	-0.19963129667707796	0.18895127007741605
0.49898314487776024	-0.1996198361320416	0.19111279911238716
0.4989825777400968	-0.19960422075626638	0.19325803400876404
0.49898462266146376	-0.1995877872103577	0.19567312725248415
0.4989887044835051	-0.1995793672307818	0.1971977755034108
0.49899357993701354	-0.19957355171550523	0.19839163841292162
0.4989975681898528	-0.19957092156768913	0.19907973071137788
0.499008018784453	-0.19956988821435345	0.2001708723116287
