0.34999999947162763	-0.1499999997752529	0.20000000037990243
0.34999999947162763	-0.1499999997752529	0.20000000037990243
0.34999999948154514	-0.14999999977947354	0.20000000037278115
0.34999999949670985	-0.1499999997859271	0.20000000036189136
0.34999999950692434	-0.14999999979027367	0.20000000035455645
0.34999999951733185	-0.14999999979470313	0.20000000034708293
0.34999999952359695	-0.14999999979736928	0.200000000342584
0.3499999995392981	-0.14999999980405077	0.20000000033130963
0.3499999995570119	-0.14999999981158818	0.20000000031858967
0.3499999995631668	-0.1499999998142077	0.20000000031416973
0.3499999995798617	-0.149999999821312	0.2000000003021806
0.34999999959150513	-0.14999999982626716	0.20000000029381923
0.3499999996043265	-0.14999999983172324	0.20000000028461187
0.34999999961835593	-0.1499999998376933	0.2000000002745371
0.3499999996292434	-0.1499999998423266	0.2000000002667182
0.34999999964515066	-0.1499999998490964	0.20000000025529405
0.34999999965892375	-0.14999999985495766	0.20000000024540265
0.34999999967109996	-0.1499999998601385	0.20000000023665832
0.3499999996849473	-0.14999999986603096	0.2000000002267134
0.3499999997015654	-0.14999999987310259	0.20000000021477882
0.3499999997098592	-0.14999999987663204	0.20000000020882255
0.34999999972144963	-0.14999999988156398	0.20000000020049868
0.34999999974559304	-0.14999999989183788	0.20000000018315928
0.3499999997575312	-0.14999999989691848	0.20000000017458486
0.34999999976940044	-0.14999999990196966	0.20000000016606012
0.34999999978117613	-0.14999999990698015	0.20000000015760286
0.3499999997990894	-0.14999999991460272	0.20000000014473682
0.3499999998115462	-0.14999999991990304	0.20000000013578983
0.34999999982279195	-0.14999999992468832	0.2000000001277129
0.3499999998333078	-0.1499999999291628	0.20000000012015975
0.3499999998451422	-0.14999999993419877	0.2000000001116594
0.34999999985960945	-0.14999999994035468	0.2000000001012678
0.3499999998722119	-0.14999999994571683	0.20000000009221586
0.349999999883587	-0.14999999995055702	0.2000000000840449
0.349999999889798	-0.1499999999532003	0.20000000007958305
0.3499999999035315	-0.14999999995904362	0.2000000000697181
0.3499999999170166	-0.14999999996478158	0.20000000006003102
0.3499999999221415	-0.14999999996696217	0.2000000000563496
0.3499999999305475	-0.14999999997053876	0.2000000000503106
0.34999999994172787	-0.1499999999752959	0.20000000004227841
0.3499999999532189	-0.1499999999801856	0.20000000003402213
0.34999999995762815	-0.14999999998206154	0.20000000003085444
0.34999999996423026	-0.14999999998487	0.2000000000261109
0.3499999999767113	-0.1499999999901801	0.2000000000171421
0.3499999999812537	-0.14999999999211272	0.20000000001387758
0.3499999999875502	-0.14999999999479086	0.20000000000935245
0.3499999999919627	-0.1499999999966677	0.20000000000618068
0.3499999999944781	-0.14999999999773778	0.2000000000043722
0.35000000000046383	-0.15000000000028313	0.20000000000006785
0.35000000000279075	-0.15000000000127273	0.19999999999839363
0.3500000000044436	-0.15000000000197522	0.19999999999720328
0.35000000000558595	-0.15000000000246055	0.19999999999637952
0.35000000000601256	-0.15000000000264152	0.19999999999606943
0.3500000000059353	-0.15000000000260777	0.19999999999611948
0.35000000000589937	-0.15000000000259195	0.19999999999614265
0.35000000000584236	-0.15000000000256686	0.1999999999961796
0.35000000000577597	-0.15000000000253816	0.19999999999622373
0.35000000000569736	-0.15000000000250352	0.19999999999627502
0.3500000000056448	-0.1500000000024806	0.19999999999630907
0.35000000000559317	-0.1500000000024576	0.19999999999634302
0.35000000000556425	-0.150000000002445	0.1999999999963621
0.35000000000551057	-0.15000000000242197	0.19999999999639662
0.3500000000054332	-0.1500000000023879	0.19999999999644674
0.3500000000053653	-0.15000000000235786	0.19999999999649062
0.3500000000053183	-0.15000000000233676	0.19999999999652174
0.35000000000528464	-0.1500000000023221	0.19999999999654383
0.35000000000523995	-0.1500000000023019	0.19999999999657334
0.3500000000051541	-0.15000000000226438	0.1999999999966291
0.3500000000051067	-0.1500000000022434	0.19999999999665996
0.3500000000050618	-0.15000000000222402	0.19999999999668913
0.35000000000501735	-0.1500000000022042	0.19999999999671852
0.3500000000049707	-0.15000000000218355	0.1999999999967489
0.3500000000049087	-0.1500000000021558	0.19999999999678927
0.35000000000487935	-0.15000000000214214	0.19999999999680887
0.3500000000048381	-0.15000000000212382	0.19999999999683576
0.3500000000047702	-0.15000000000209351	0.1999999999968798
0.35000000000471276	-0.15000000000206792	0.1999999999969175
0.3500000000046695	-0.15000000000204866	0.19999999999694573
0.350000000004645	-0.15000000000203784	0.19999999999696183
0.35000000000456144	-0.15000000000200014	0.1999999999970164
0.3500000000045193	-0.15000000000198183	0.19999999999704368
0.3500000000044755	-0.15000000000196256	0.19999999999707202
0.3500000000044344	-0.15000000000194458	0.1999999999970992
0.3500000000043777	-0.1500000000019196	0.19999999999713602
0.3500000000043398	-0.15000000000190322	0.19999999999716134
0.3500000000043017	-0.15000000000188668	0.1999999999971863
0.3500000000042605	-0.15000000000186886	0.19999999999721313
0.3500000000042212	-0.1500000000018512	0.19999999999723855
0.3500000000041788	-0.15000000000183272	0.19999999999726623
0.3500000000041424	-0.15000000000181718	0.1999999999972901
0.3500000000041045	-0.15000000000180014	0.19999999999731533
0.3500000000040603	-0.15000000000178093	0.19999999999734436
0.35000000000401116	-0.1500000000017594	0.19999999999737594
0.35000000000397286	-0.1500000000017423	0.1999999999974013
0.35000000000392184	-0.15000000000172037	0.19999999999743423
0.35000000000389964	-0.15000000000171104	0.19999999999744872
0.3500000000038501	-0.15000000000168845	0.19999999999748122
0.3500000000038255	-0.15000000000167718	0.19999999999749754
0.35000000000376086	-0.15000000000164831	0.1999999999975394
0.3500000000037379	-0.15000000000163854	0.19999999999755405
0.35000000000368825	-0.15000000000161706	0.19999999999758603
0.35000000000365294	-0.1500000000016014	0.199999999997609
0.3500000000036315	-0.15000000000159247	0.19999999999762347
0.3500000000036015	-0.15000000000157926	0.19999999999764326
0.35000000000355463	-0.15000000000155833	0.19999999999767337
0.35000000000351783	-0.15000000000154196	0.19999999999769785
0.3500000000034752	-0.15000000000152336	0.19999999999772552
0.35000000000344295	-0.15000000000150865	0.19999999999774687
0.350000000003411	-0.15000000000149483	0.1999999999977677
0.3500000000033659	-0.1500000000014749	0.19999999999779752
0.35000000000333203	-0.15000000000146008	0.1999999999978198
0.3500000000033005	-0.15000000000144625	0.19999999999783982
0.35000000000327164	-0.1500000000014335	0.19999999999785895
0.3500000000032414	-0.1500000000014199	0.1999999999978789
0.35000000000322606	-0.15000000000141311	0.19999999999788903
0.3500000000031664	-0.15000000000138636	0.19999999999792825
0.3500000000031378	-0.15000000000137337	0.19999999999794751
0.35000000000310805	-0.15000000000136038	0.19999999999796716
0.35000000000307946	-0.15000000000134833	0.19999999999798573
0.3500000000030614	-0.15000000000134056	0.1999999999979972
0.3500000000030208	-0.15000000000132324	0.1999999999980235
0.35000000000298	-0.15000000000130526	0.1999999999980505
0.3500000000029544	-0.15000000000129388	0.19999999999806742
0.35000000000293874	-0.15000000000128688	0.1999999999980776
0.35000000000290216	-0.15000000000127073	0.19999999999810122
0.35000000000286313	-0.15000000000125363	0.19999999999812706
0.35000000000283543	-0.15000000000124075	0.19999999999814538
0.35000000000280923	-0.1500000000012297	0.1999999999981623
0.35000000000278114	-0.15000000000121738	0.19999999999818047
0.3500000000027551	-0.15000000000120622	0.1999999999981971
0.35000000000273057	-0.15000000000119512	0.1999999999982131
0.350000000002743	-0.1500000000011908	0.1999999999982447
0.35000000000268716	-0.15000000000117625	0.19999999999824142
0.35000000000264225	-0.15000000000115643	0.19999999999827067
0.3500000000026182	-0.15000000000114566	0.1999999999982865
0.3500000000025991	-0.1500000000011375	0.19999999999829898
0.35000000000256865	-0.1500000000011248	0.1999999999983186
0.35000000000254466	-0.15000000000111485	0.1999999999983339
0.3500000000025102	-0.15000000000109914	0.1999999999983567
0.35000000000248793	-0.15000000000108937	0.19999999999837093
0.3500000000024652	-0.15000000000107888	0.19999999999838614
0.3500000000024423	-0.15000000000106872	0.19999999999840118
0.35000000000242953	-0.1500000000010634	0.19999999999840953
0.35000000000239767	-0.15000000000104868	0.1999999999984307
0.3500000000023675	-0.15000000000103575	0.1999999999984504
0.3500000000023463	-0.15000000000102698	0.19999999999846363
0.3500000000023252	-0.1500000000010181	0.19999999999847723
0.35000000000229925	-0.15000000000100744	0.1999999999984941
0.3500000000022796	-0.15000000000099856	0.19999999999850673
0.3500000000022499	-0.150000000000985	0.19999999999852633
0.350000000002229	-0.15000000000097535	0.1999999999985402
0.3500000000022085	-0.15000000000096708	0.19999999999855358
0.35000000000218595	-0.15000000000095687	0.19999999999856843
0.35000000000215825	-0.15000000000094527	0.19999999999858595
0.35000000000214354	-0.15000000000093866	0.1999999999985957
0.35000000000212056	-0.1500000000009285	0.19999999999861107
0.3500000000021003	-0.1500000000009199	0.19999999999862417
0.3500000000020821	-0.1500000000009119	0.19999999999863632
0.3500000000020547	-0.15000000000089997	0.19999999999865423
0.35000000000204	-0.15000000000089303	0.19999999999866416
0.3500000000020191	-0.1500000000008841	0.1999999999986779
0.35000000000200004	-0.15000000000087577	0.19999999999869078
0.35000000000198167	-0.15000000000086816	0.19999999999870277
0.3500000000019618	-0.15000000000085933	0.19999999999871587
0.3500000000019443	-0.1500000000008514	0.1999999999987277
0.35000000000191894	-0.1500000000008403	0.19999999999874446
0.35000000000190173	-0.1500000000008322	0.19999999999875603
0.35000000000187426	-0.15000000000082037	0.1999999999987737
0.35000000000185727	-0.15000000000081298	0.19999999999878526
0.3500000000018405	-0.150000000000806	0.19999999999879575
0.3500000000018295	-0.15000000000080127	0.19999999999880316
0.35000000000180814	-0.15000000000079194	0.19999999999881687
0.3500000000017824	-0.1500000000007814	0.19999999999883394
0.3500000000017641	-0.15000000000077363	0.1999999999988455
0.3500000000017466	-0.15000000000076613	0.1999999999988571
0.35000000000172543	-0.15000000000075642	0.19999999999887097
0.3500000000016824	-0.15000000000072117	0.19999999999889628
0.3500000000016679	-0.15000000000073044	0.19999999999890872
0.35000000000165077	-0.15000000000072272	0.1999999999989199
0.3500000000016247	-0.15000000000071134	0.19999999999893658
0.35000000000159776	-0.1500000000006994	0.19999999999895393
0.3500000000015726	-0.1500000000006888	0.19999999999897033
0.3500000000015322	-0.1500000000006712	0.19999999999899692
0.35000000000148906	-0.15000000000065283	0.19999999999902512
0.3500000000014616	-0.15000000000064034	0.19999999999904264
0.3500000000014254	-0.15000000000062474	0.19999999999906598
0.350000000001388	-0.1500000000006081	0.19999999999909046
0.3500000000013577	-0.15000000000059532	0.1999999999991107
0.35000000000130743	-0.1500000000005728	0.19999999999914397
0.3500000000012758	-0.15000000000055902	0.19999999999916454
0.3500000000012387	-0.15000000000054275	0.19999999999918908
0.35000000000117987	-0.1500000000004999	0.19999999999922502
0.3500000000011506	-0.15000000000050345	0.199999999999247
0.350000000001114	-0.15000000000048735	0.19999999999927104
0.35000000000109444	-0.15000000000047853	0.19999999999928383
0.3500000000010574	-0.15000000000046176	0.19999999999930848
0.35000000000100273	-0.15000000000043823	0.1999999999993442
0.35000000000096365	-0.15000000000042168	0.19999999999936938
0.35000000000091536	-0.15000000000040054	0.19999999999940132
0.3500000000008877	-0.15000000000038816	0.19999999999941967
0.35000000000084247	-0.150000000000369	0.19999999999944895
0.35000000000078896	-0.15000000000034547	0.1999999999994839
0.35000000000075476	-0.15000000000033042	0.1999999999995059
0.3500000000007311	-0.15000000000032043	0.19999999999952167
0.3500000000006753	-0.15000000000029612	0.19999999999955761
0.3500000000006427	-0.15000000000028157	0.19999999999957938
0.35000000000060844	-0.15000000000026675	0.19999999999960133
0.3500000000005599	-0.15000000000024544	0.19999999999963333
0.35000000000052084	-0.15000000000022856	0.19999999999965876
0.350000000000473	-0.15000000000020708	0.19999999999969026
0.35000000000045434	-0.15000000000019936	0.19999999999970244
0.3500000000004104	-0.1500000000001795	0.1999999999997313
0.35000000000037895	-0.1500000000001659	0.19999999999975174
0.3500000000003713	-0.15000000000013475	0.19999999999976528
0.35000000000030457	-0.15000000000013358	0.19999999999980037
0.3500000000002869	-0.15000000000012542	0.19999999999981194
0.35000000000024867	-0.15000000000010916	0.19999999999983709
0.3500000000002325	-0.15000000000010205	0.1999999999998475
0.35000000000019704	-0.1500000000000864	0.19999999999987075
0.35000000000016246	-0.15000000000007135	0.19999999999989326
0.35000000000013964	-0.15000000000006136	0.19999999999990806
0.35000000000012044	-0.15000000000005298	0.1999999999999206
0.35000000000009857	-0.1500000000000432	0.19999999999993492
0.350000000000072	-0.15000000000003177	0.1999999999999523
0.350000000000056	-0.15000000000002528	0.1999999999999627
0.3500000000000398	-0.15000000000001812	0.19999999999997325
0.3500000000000267	-0.1500000000000123	0.1999999999999814
0.3500000000000156	-0.15000000000000735	0.19999999999998863
0.3500000000000021	-0.15000000000000097	0.19999999999999765
0.34999999999999476	-0.14999999999999747	0.20000000000000268
0.34999999999998826	-0.14999999999999464	0.20000000000000662
0.34999999999998604	-0.14999999999999364	0.20000000000000795
0.34999999999998244	-0.14999999999999186	0.2000000000000103
0.34999999999998194	-0.14999999999999208	0.20000000000001023
0.3499999999999818	-0.14999999999999242	0.20000000000001011
0.34999999999998177	-0.14999999999999264	0.20000000000001006
0.3499999999999822	-0.1499999999999932	0.20000000000001003
0.34999999999998244	-0.14999999999999292	0.2000000000000104
0.3499999999999823	-0.1499999999999928	0.20000000000001045
0.34999999999998266	-0.14999999999999253	0.20000000000001056
0.3499999999999846	-0.1499999999999937	0.20000000000001045
0.349999999999985	-0.14999999999999375	0.2000000000000104
0.3499999999999847	-0.1499999999999937	0.20000000000000984
0.34999999999998466	-0.14999999999999342	0.20000000000000978
0.3499999999999856	-0.14999999999999347	0.20000000000001017
0.3499999999999851	-0.14999999999999303	0.2000000000000094
0.34999999999998554	-0.14999999999999408	0.20000000000000895
0.34999999999998616	-0.14999999999999403	0.2000000000000088
0.34999999999998677	-0.14999999999999497	0.20000000000000828
0.3499999999999876	-0.14999999999999547	0.20000000000000803
0.3499999999999891	-0.14999999999999636	0.2000000000000076
0.3499999999999903	-0.14999999999999658	0.2000000000000074
0.3499999999999916	-0.14999999999999686	0.20000000000000742
0.3499999999999918	-0.1499999999999972	0.20000000000000703
0.34999999999999215	-0.14999999999999664	0.20000000000000684
0.349999999999992	-0.14999999999999641	0.2000000000000064
0.34999999999999204	-0.14999999999999603	0.20000000000000617
0.34999999999999226	-0.1499999999999958	0.200000000000006
0.3499999999999928	-0.14999999999999597	0.20000000000000512
0.34999999999999415	-0.1499999999999968	0.20000000000000462
0.3499999999999951	-0.1499999999999977	0.20000000000000384
0.3499999999999955	-0.14999999999999813	0.2000000000000035
0.34999999999999676	-0.14999999999999902	0.20000000000000254
0.34999999999999754	-0.14999999999999958	0.20000000000000218
0.3499999999999983	-0.1500000000000003	0.2000000000000018
0.34999999999999926	-0.1500000000000007	0.20000000000000134
0.3499999999999999	-0.15000000000000097	0.2000000000000012
0.3500000000000011	-0.15000000000000185	0.20000000000000107
0.35000000000000164	-0.1500000000000018	0.20000000000000062
0.350000000000002	-0.15000000000000258	0.20000000000000043
0.35000000000000214	-0.1500000000000023	0.20000000000000023
0.35000000000000253	-0.15000000000000258	0.20000000000000015
0.3500000000000033	-0.15000000000000352	0.20000000000000007
0.3500000000000038	-0.15000000000000396	0.1999999999999999
0.35000000464594005	-0.1499571943135602	0.20002113610484562
0.35000060702736663	-0.149778594394456	0.2001100764398861
0.3500014431733887	-0.14962834919730977	0.20018557546345392
0.3500083939721138	-0.14898437929829206	0.20051511829293528
0.3500190983556099	-0.1480990181875107	0.2009727988592059
0.3500379859105958	-0.14727118893947727	0.20140864336927983
0.3500632759750425	-0.14640393671233398	0.2018720030596772
0.35008610294600545	-0.14540470863351274	0.20239857429650593
0.3501162882403961	-0.14426937056791517	0.20301221778575948
0.35015464165802795	-0.14313815150560077	0.20363132651326138
0.350184287486673	-0.14177992252867938	0.20436366202423017
0.35022790617888794	-0.14039956056177488	0.2051158136284732
0.3503128838136555	-0.1384226643677035	0.20621115855570646
0.35038283791993347	-0.13686545168034786	0.2070833316156843
0.3504446754397713	-0.13506290277152733	0.20805858010910716
0.35053598023871096	-0.13273641228394017	0.20938227063695808
0.35060859726551075	-0.1310203912281041	0.2103480690406297
0.35068708542692073	-0.1291564913727961	0.21140196203075798
0.3508033360633428	-0.12637123168303876	0.21297827435132338
0.35086656271012934	-0.1249355837755985	0.2137963092830739
0.35097398813804	-0.12218093575267673	0.21531532847980503
0.35105747462583786	-0.12028054859221372	0.21636881271145705
0.3511189901971481	-0.11910279585417106	0.21705037779024425
0.3512765033686339	-0.11498840760140956	0.219340523163745
0.351317176283202	-0.11366607162096688	0.2200906309353644
0.3514033917193932	-0.11069850353033626	0.2217530865443464
0.3514541524141262	-0.10857250271190345	0.22294101752606768
0.35153016790778613	-0.10642680255888641	0.22413509450841648
0.3515967083084515	-0.10298510694942282	0.22601699174042217
0.35167247089179704	-0.10051283292193557	0.22736846310348605
0.35173756803824574	-0.09823787464485652	0.22861010332204376
0.35176881393543125	-0.09604876747584142	0.22976358273027608
0.3518064412113359	-0.09390626223053035	0.230949729196417
0.3518481982238653	-0.0908719303551054	0.2325756570790168
0.3518598928218615	-0.0890502436632896	0.23356637973235347
0.35189448499180814	-0.08588614925932601	0.2352656976651969
0.3519046146162209	-0.08388651535344614	0.23630614159421337
0.35191302288059484	-0.08182188232469449	0.2373837775022227
0.35192284138060065	-0.07944568040158397	0.23865255238702598
0.35192345692975946	-0.07764618304187161	0.23959155933880677
0.3519183217561793	-0.07484482784601894	0.24105663681539333
0.3519118566298479	-0.07280664802023952	0.24211780545083747
0.35190867101451523	-0.0715446912738973	0.2427648921719409
0.35189045747262465	-0.06857460072382514	0.24428228680031933
0.3518778077855446	-0.06695372445936322	0.24509982808329814
0.3518645599182588	-0.06540655874664507	0.24589323377933142
0.35184975745170577	-0.0638348264240901	0.24668659042342386
0.35181676316897204	-0.0608856359525274	0.24816604498329337
0.3518006832197593	-0.0595731778202445	0.24881926055712922
0.351782823004735	-0.05826010400050778	0.249464245189079
0.35176371533598855	-0.056962804328839586	0.2500962839785103
0.3517453992021976	-0.05582026779738801	0.2506519967072013
0.351735095259977	-0.05521951896480097	0.25094135691263886
0.35170694064851965	-0.05373986134810867	0.2516462755469967
0.35168354912103117	-0.052706582056344334	0.2521294265421271
0.35166742112162314	-0.0521035830887978	0.2524041407222344
0.3516512651718312	-0.051598177620296046	0.25262891719636416
0.3516418907306623	-0.05134702242565774	0.2527375914192048
0.35161307254952445	-0.050836973840807806	0.2529367524819053
0.3515982741527585	-0.0507542165694405	0.2529471243029796
0.3515845261194437	-0.050746856214359135	0.2529213255310268
0.35157085387533005	-0.05074092345061644	0.25289513901001437
0.35155416451312926	-0.050733577717130315	0.2528633929719668
0.3515369818444348	-0.050725897707239356	0.2528309006278805
0.35152236418224087	-0.05071924811591404	0.2528034507801503
0.3515012391422473	-0.050709549030137926	0.252763936932518
0.35148748248410455	-0.05070319611005984	0.2527382288497035
0.3514744169475928	-0.05069713821406839	0.25271385160632626
0.35146734353511944	-0.05069384137112619	0.2527007018812517
0.3514486277806576	-0.05068509262770411	0.25266595554529736
0.35143416884096895	-0.05067830913106271	0.2526391667040601
0.35141870771582123	-0.05067104048564168	0.2526105512863358
0.351402842851481	-0.05066356907617921	0.2525812134957507
0.35139388381753395	-0.05065934171350654	0.2525646723788141
0.3513821624780284	-0.05065381159064365	0.2525430141457492
0.3513626856815625	-0.05064461368089944	0.25250704246192157
0.3513497742238392	-0.050638508763225495	0.25248322138818025
0.35133254408517106	-0.050630357839692705	0.2524514394390358
0.3513202562780855	-0.0506245437057853	0.2524287684791432
0.3513091874029351	-0.05061930331797883	0.25240836374949605
0.35129556914690774	-0.05061285512415668	0.25238325375155746
0.35128003201008834	-0.0506054966489843	0.252354610104907
0.3512692634813985	-0.05060039555032654	0.2523347602334986
0.35125756765798566	-0.050594854522384256	0.25231320218286074
0.3512399974072904	-0.05058652926238573	0.252280823635272
0.3512285840313343	-0.050581120658842835	0.2522597932675449
0.35121776591340037	-0.050575993849770504	0.25223986111547736
0.3512075362256407	-0.05057114575611059	0.25222101522952045
0.3511906880041515	-0.050563160769226914	0.25218997948766525
0.3511844846410701	-0.050560220607774695	0.25217855240847653
0.35117217492940184	-0.05055438620042858	0.25215587772813286
0.3511581262369517	-0.05054772734588382	0.2521300010159888
0.35115116327823986	-0.050544426948287854	0.25211717609617057
0.3511316085014649	-0.05053515856488901	0.2520811621912824
0.3511214968721009	-0.050530365728365015	0.2520625398632418
0.3511134083906982	-0.05052653177615139	0.25204764371694766
0.3511009772656116	-0.05052064028325921	0.25202475276616654
0.35109039591978763	-0.050515624614728846	0.25200526663258827
0.351079915267791	-0.050510656704586085	0.25198596652975175
0.3510704227523034	-0.05050615790537431	0.251968487815943
0.35105715678562527	-0.050499870035091224	0.251944060374607
0.3510516427631712	-0.05049725651335242	0.251933907324544
0.35103403812121464	-0.05048891286247807	0.2519014931612763
0.351024928476057	-0.0504845953322325	0.2518847205934879
0.35101510465611874	-0.050479940017058175	0.2518666341556044
0.3510106327735204	-0.05047782089054233	0.25185840116520686
0.3509965176955991	-0.050471131748449985	0.2518324146383821
0.3509877577909028	-0.050466980844354345	0.2518162878403791
0.3509755373336834	-0.05046119009753071	0.25179379061671636
0.350966133483331	-0.05045527354826586	0.2517764769578051
0.3509565387093592	-0.05039273941713675	0.25175875809335213
0.35094026437826037	-0.05016776315175449	0.2517286965270735
0.3509298494367861	-0.04994681174556191	0.2517094984648691
0.35092260354173466	-0.049771190375547766	0.25169621934770936
0.3509045779073294	-0.049265153745922316	0.2516633196964686
0.35089120469531665	-0.04884081032860853	0.25163931578631094
0.35087015496256735	-0.0480883138964943	0.25160164017005615
0.3508558573700021	-0.047542893430868	0.2515765213374398
0.3508464496430203	-0.04716398746992613	0.2515599442657231
0.3508234436081935	-0.04619761643264007	0.25151993887147805
0.3508053637184721	-0.04540384332452259	0.25148877721159574
0.35079426213859216	-0.04489427200663142	0.25146931811886286
0.35076969209263464	-0.043753927918730076	0.25142822800512177
0.350742361212183	-0.04244761897611317	0.2513834496213224
0.35073111079438557	-0.04187987471734496	0.25136389049818453
0.3507044611961653	-0.040540799616711296	0.2513201132684276
0.35068469490926096	-0.039538904391320226	0.2512887850266021
0.3506569530783616	-0.03807788547070967	0.2512432696849203
0.3506363675174277	-0.03699787057848193	0.25121127243983643
0.35061455166662603	-0.03584493679967997	0.25117792778961623
0.3505947088344379	-0.03475882806736104	0.25114599065494636
0.35056476917329604	-0.03311751296518266	0.2510992980360792
0.35054292317805225	-0.03191323388747601	0.25106589703499543
0.3505308886983106	-0.031236499344263716	0.2510469589910488
0.35050239532440375	-0.02960164359640015	0.2510009026979147
0.3504882793676816	-0.02880231696765327	0.25097937335764536
0.3504545640789426	-0.026865561847753586	0.2509272986326516
0.35042726184624406	-0.02529009000167161	0.2508859120515333
0.3504067379894725	-0.02409089510706562	0.2508543929026881
0.3503833542915813	-0.022725717799847903	0.25081920147670256
0.35036276419530643	-0.02146906585222781	0.2507851286358196
0.3503341963581143	-0.01977780527325511	0.25074222246402145
0.35031211075374186	-0.018474477243556706	0.2507099094166644
0.3502908698283139	-0.01718062751954845	0.25067664374111853
0.35027065265405	-0.0159503793514736	0.2506454935013892
0.35024202477406363	-0.014199095390799957	0.2506013937729902
0.35022212995472646	-0.012959698865452687	0.2505697716358073
0.35020315371440913	-0.011781451429851805	0.2505402109661451
0.3501842884920926	-0.010621714530788709	0.250511921897232
0.3501652914175963	-0.009435353782710501	0.25048251837938007
0.35015457907800607	-0.008757162347502359	0.25046550322620753
0.3501237685777246	-0.006743492896819567	0.2504130790570559
0.35010736107578266	-0.005703106190313681	0.2503875848785946
0.3500915709520397	-0.0046596188465553995	0.2503605782369607
0.3500767880986429	-0.003690753157547369	0.25033601381527376
0.35006751861393653	-0.003078839099980371	0.25032043770910894
0.3500438951412247	-0.0014952895027017382	0.2502795964057578
0.35003142833523765	-0.0006358308539387708	0.25025678010484415
0.35001986382781525	0.00014741266546379472	0.25023667794582133
0.3500093294847714	0.0008590249299531699	0.25021861355800123
0.34999552667585104	0.0018229946592766416	0.25019318943726787
0.3499868387689164	0.0024369353417827005	0.25017686686987983
0.34998113181440277	0.002838178357607149	0.25016634525627557
0.3499728159339109	0.003439319751015399	0.25015009273218225
0.34996413050781633	0.0040816103513472285	0.2501323916437881
0.349959821054053	0.0044129287638036835	0.2501229060357037
0.34995638686364455	0.004682180095978664	0.25011508942983274
0.34995348224902256	0.004918200628603472	0.250108030971752
0.3499517027919976	0.005076029353602365	0.25010296680941013
0.3499509756539112	0.005178604513195587	0.2500987206758911
0.3499512000118936	0.005179917876272658	0.2500981435055098
0.3499518777743071	0.005177435832056973	0.2500967640088875
0.349952299051234	0.005175874756009183	0.2500959086235231
0.3499527358967715	0.005174255371229328	0.2500950208588217
0.34995318686922244	0.005172586811042643	0.250094108252356
0.34995377388774634	0.005170413202695165	0.25009291826613766
0.349954242564752	0.005168677148287157	0.25009196738941
0.34995462526595655	0.005167261305462398	0.2500911930450114
0.34995486055500835	0.005166391124054745	0.2500907173240935
0.34995558868721	0.00516369833665041	0.2500892452529411
0.3499560019268366	0.005162169884592796	0.2500884095528233
0.3499564049052102	0.005160680362223849	0.2500875957678451
0.34995682198219646	0.005159138072377709	0.25008675273070247
0.34995723538826506	0.005157609052337628	0.25008591674877045
0.3499577803569763	0.005155594135961575	0.25008481555549344
0.34995816780489913	0.005154161921146358	0.2500840330130056
0.34995851825510466	0.005152866961000466	0.2500833257744258
0.3499590580444167	0.005150873240101814	0.2500822374606736
0.3499594218579915	0.005149529478350942	0.2500815039316666
0.3499597780345693	0.005148213857621195	0.25008078572114506
0.3499601628513545	0.005146792813174192	0.25008001018376114
0.3499603697766986	0.005146028737711569	0.25007959322186835
0.3499610730181236	0.005143432187918143	0.25007817636807794
0.34996145097116865	0.005142036342657627	0.25007741448951576
0.34996178963688535	0.00514078587453283	0.25007673212974935
0.3499620336661089	0.005139885260170576	0.25007624093489056
0.349962472722822	0.0051382644236859926	0.25007535665560143
0.34996298067924403	0.005136389691627233	0.2500743341262644
0.34996323170452776	0.00513546355835949	0.2500738291841198
0.349963701058405	0.005133731086517282	0.2500728841174734
0.34996408531703377	0.005145342216335738	0.2500721073028644
0.34996461635610754	0.0051785510340129765	0.25007103042577444
0.3499655926253901	0.005258754656368089	0.25006904716628964
0.34996641860137717	0.005339572683185731	0.25006736700074167
0.34996691620484943	0.005393015437474599	0.250066351499908
0.3499683847925964	0.005558525533957484	0.25006335851083433
0.34996956042998206	0.005698731580685221	0.25006096399716815
0.3499712388489223	0.005907201304400825	0.25005753397689057
0.3499724860145306	0.006068085976390483	0.2500549943122065
0.34997324463465296	0.006167533598328487	0.2500534495556925
0.3499751787098949	0.006425677901498464	0.2500495099391207
0.34997734902740296	0.006720287205330508	0.25004507612159965
0.3499788400095622	0.0069262915249047735	0.250042033085088
0.349980216700968	0.007118565993081152	0.2500392232664238
0.3499810800021764	0.007239473041765462	0.2500374583375674
0.3499832709610871	0.007548492277141022	0.2500329784953211
0.3499852928944978	0.007839636745158973	0.25002885608966907
0.34998678192808763	0.008053597338661192	0.25002581238439947
0.34998810837295086	0.00824653617102157	0.2500231061292464
0.34998890769281826	0.008364684459998203	0.25002148089470666
0.3499915841477966	0.00875588915854797	0.2500160160113568
0.3499927609048244	0.008928654394141936	0.25001361381146914
0.3499939796191998	0.009108096925635217	0.25001112670987347
0.3499950714572436	0.00926802678562659	0.25000889467903353
0.34999652468199244	0.00948157914901758	0.25000592668277377
0.3499974535671583	0.009618450904210596	0.25000403182274283
0.34999826219533353	0.009736748593203268	0.2500023790803947
0.3499992555567578	0.00988254057986368	0.25000035454822966
0.34999973180086186	0.009952108095407738	0.24999938445824016
0.35000008276333366	0.010003413073661635	0.2499986734553806
0.3500002109729596	0.010022163883465773	0.2499984157300511
0.3500003383672952	0.010040855817285269	0.24999817323258097
0.3500003351099089	0.010040480093824786	0.2499981899354502
0.3500003320300374	0.010040124022205013	0.24999820580129728
0.3500003288401138	0.010039755060733305	0.24999822225593815
0.3500003243233328	0.010039231619123332	0.24999824564246007
0.3500003212141724	0.010038870852480022	0.24999826177967743
0.3500003180221649	0.010038498417420577	0.24999827850082829
0.35000031603104936	0.010038267078239599	0.24999828886043593
0.3500003103836513	0.010037611187685938	0.2499983182258931
0.35000030753482503	0.01003727990454148	0.2499983330699066
0.35000030448213626	0.01003692251837389	0.2499983491497992
0.35000030144073635	0.010036567872495919	0.2499983650655638
0.35000029982073066	0.010036377650761402	0.24999837363793118
0.3500002958108595	0.010035908512930666	0.2499983947303551
0.3500002915535633	0.010035410605815587	0.24999841710645432
0.3500002894972454	0.010035169427923804	0.2499984279616017
0.35000028615896084	0.010034776320157507	0.2499984456942167
0.35000028439258674	0.010034567744624398	0.24999845511630656
0.35000028063808525	0.010034125961223106	0.24999847502799366
0.35000027774169473	0.010033784752363023	0.249998490413374
0.35000027390205507	0.010033332107940385	0.24999851082647365
0.35000027237933723	0.010033152372492693	0.24999851893624936
0.3500002699106102	0.010032860614761621	0.24999853210769973
0.3500002662577242	0.010032428070780655	0.24999855165165755
0.3500002625570695	0.010031988835721733	0.24999857151786856
0.35000026125561146	0.010031834816081164	0.24999857847108925
0.350000257708405	0.010031414928777724	0.24999859742531028
0.35000025526359874	0.010031125433235283	0.24999861049258643
0.3500002519476572	0.010030731367934531	0.24999862831066827
0.35000024963993825	0.010030457374671231	0.2499986406899296
0.35000023172700806	0.009960857589296157	0.24999871198753412
0.35000020350941685	0.009866834416679765	0.24999881298857368
0.3500000245749379	0.009518367754015725	0.24999933926982146
0.34999968248017466	0.008994414711030407	0.25000028505235417
0.34999927061842745	0.008454875871334144	0.25000138996409615
0.3499989481958631	0.008107640242648526	0.25000222641706576
0.34999806661117216	0.007278589946357467	0.2500044702192262
0.34999770250297074	0.006822820097075563	0.2500054387654187
0.3499957977762299	0.0052768696242066065	0.250010215052476
0.3499947513182434	0.004677992993922089	0.25001275623628616
0.34999364017481827	0.0037639670625610328	0.2500155520314441
0.3499912449321298	0.002322289608964953	0.25002142076135847
0.3499900073112229	0.001632527418240201	0.2500244423049537
0.3499870685921302	-0.0002233729801067036	0.2500316952799141
0.349984935313217	-0.0014048796576325434	0.2500369343208552
0.34998190820249936	-0.0028720383304959157	0.25004433221237177
0.34997883941547975	-0.0044318681066659454	0.2500518759784251
0.349973909717617	-0.00644420914156206	0.25006392237025554
0.3499696833273873	-0.008002647981859637	0.2500742610179958
0.3499643993150265	-0.010482169148345807	0.25008737088608973
0.34996231053370797	-0.011429430740574023	0.2500925681621786
0.3499592627489235	-0.013081177799224755	0.25010020905837704
0.349956010839076	-0.0149279158642069	0.2501084118356843
0.3499500186865112	-0.016980283649367392	0.25012341969668084
0.349942468444311	-0.020240500801027614	0.25014252219795985
0.3499402805880868	-0.021326196998970356	0.2501481033613017
0.3499331169914842	-0.024042343869042485	0.25016641344074786
0.34992821797857043	-0.025857714930353284	0.25017899239138974
0.3499223431196449	-0.028773575904618	0.2501942087841109
0.3499196635560147	-0.029934472353259037	0.25020118576049
0.34991433270350936	-0.03209590214801651	0.2502151200207008
0.34990835131789316	-0.035026892032333654	0.25023082138539476
0.34990127696331935	-0.03725375686993139	0.25024957753857985
0.3498946839613075	-0.03949767709707981	0.25026714592971544
0.34989101975838177	-0.04147867437370904	0.25027691234379423
0.3498859544857863	-0.04356382373288874	0.25029055553260515
0.34987707423514947	-0.046519382523790856	0.2503146840625611
0.3498706481590154	-0.049683658722455934	0.25033215891689853
0.34986510970727874	-0.05199013984661387	0.25034738783283716
0.34986219695672927	-0.05324034089011216	0.25035542434142877
0.34985627633734817	-0.05651330214903251	0.2503716956255321
0.3498509148385134	-0.058631580071746	0.2503867012140829
0.3498431180717869	-0.06189607630325546	0.2504085986482535
0.34983854513058815	-0.06400005352337483	0.25042151037247695
0.34983558908767953	-0.06533405618488798	0.25042989172398333
0.3498265719391024	-0.06927374177419547	0.2504555879143508
0.34982448554859735	-0.07052950816568264	0.2504614913471902
0.3498198471974178	-0.07295339035732214	0.2504747751586469
0.3498155818221098	-0.07489549379275502	0.2504871075729789
0.3498091712219023	-0.07862767521265075	0.25050553763298056
0.34980442067174405	-0.08104598069020387	0.2505193992239899
0.3498006911275335	-0.08307478071950149	0.2505302814641263
0.3497995874675016	-0.08428894928975324	0.25053329914112166
0.34979415353101156	-0.08711921141012001	0.2505493733096999
0.3497922613186688	-0.08813178047974009	0.25055498199915505
0.34978831312029357	-0.09085468271633211	0.2505665309774404
0.34978553280508856	-0.09293781546306469	0.25057468061567145
0.34978210803404425	-0.09544429242188358	0.2505848275356278
0.34978121373116733	-0.09702601657063124	0.2505871764510159
0.349780797641171	-0.09798591743248479	0.2505882103627418
0.34977723820442636	-0.10104076022571139	0.25059888566695265
0.34989411577639506	-0.10270525949809907	0.2505170501978905
0.3500588129551159	-0.10357994362757043	0.2503979576981932
0.3510088896517343	-0.10674316559765261	0.24970966506528436
0.35150605141364943	-0.10793469976145613	0.2493503017309639
0.3527793244215467	-0.11028784203687712	0.24841816047479243
0.3540368681895461	-0.11229359941836396	0.24750142216169332
0.35488374354564883	-0.11351727931812168	0.24688872782124693
0.35761796347072533	-0.11693107224956638	0.24488796649584743
0.35935312803643255	-0.11888310997887859	0.24362135447159677
0.36122647429640214	-0.12086959467460211	0.24225839537653743
0.36317212033799323	-0.1227816934695508	0.24082598755895218
0.3663144359236857	-0.12571946456556649	0.2385132505206905
0.368449295056021	-0.12759773470302893	0.23693742152674221
0.3708001848442416	-0.12959365030138859	0.23520781954261963
0.37336840088998885	-0.13169520004259477	0.23330546451234974
0.37724156502189093	-0.13471137529028393	0.23038974376176377
0.3792224576800447	-0.13619945669939026	0.22890845916996214
0.383157977919972	-0.1390751082962663	0.22597681051362548
0.38604534994767054	-0.14112234584601147	0.22381041860705486
0.3890094503271656	-0.1431483721623228	0.22154913399564008
0.3937115525833671	-0.146330625048192	0.21799526880543957
0.3968270847244935	-0.14837391864744065	0.21560808549497926
0.39883663650862144	-0.1496806771219626	0.21405717653179435
0.40350215558053104	-0.15265359930455075	0.21046028081401277
0.4083171842834192	-0.15562737791204206	0.2067687452052645
0.41084567084351464	-0.1571508578302387	0.2047903343340106
0.415254112811337	-0.15975637897359912	0.2013198024022303
0.41894224266593044	-0.16190734201650225	0.19843753205807613
0.4240148198588921	-0.16480665191134142	0.19437733111238115
0.42586961491018355	-0.165870146704319	0.19291071771645144
0.4308127347220146	-0.16865761025115233	0.18895930924819496
0.4341938944394504	-0.17052542953945427	0.1861936778213344
0.4394641462984762	-0.1734079021420658	0.1818012670749555
0.4427107744220432	-0.17514549731989404	0.1790838237452832
0.44599322016657067	-0.17688018234182207	0.17623897645488062
0.44825347578941527	-0.17806303246399985	0.1743288172775292
0.4518270016745586	-0.17992070439978275	0.17127155693310409
0.4578520577203074	-0.18301508334362165	0.16597743451045183
0.4613138914227842	-0.18477169257495502	0.16285406611048253
0.46335732559430876	-0.18579689577256386	0.1609207285401899
0.467366907398441	-0.18779471856523755	0.1570819638415913
0.47039144415510753	-0.1892869127379182	0.15417673591527553
0.4745065522692284	-0.19129011392270878	0.1500519152529987
0.4776301974799086	-0.19279316903126503	0.14679879878104335
0.47929808530031887	-0.19359411804465554	0.1450356726986946
0.48287765800161886	-0.19529903346524585	0.14113137751710092
0.48536889019352836	-0.1964643526205766	0.1382124503684347
0.48747031563601695	-0.1974441817594345	0.13570642303162256
0.4905796566447854	-0.19888271672948016	0.1318394579169706
0.49260252801903787	-0.19980093396083026	0.12906595389744713
0.49378891361066984	-0.20033523852481577	0.12735880974176822
0.49591751964950387	-0.2012855359594639	0.12412383460348009
0.4973261799469884	-0.20190309908843007	0.12172072359564856
0.49808896521894713	-0.20223391351010322	0.1203261665894127
0.5002131070444571	-0.20313979802712334	0.11594920244071022
0.5009249627785038	-0.20343491486386828	0.11414632303712086
0.5017022226842227	-0.2037475705996692	0.11180738519346839
0.50221516358437	-0.20394579918397404	0.109913809540857
0.502753784223051	-0.20411754558820555	0.10591524404227193
0.5027588693453494	-0.20409731410258314	0.10458040375601835
0.5027195245870496	-0.2040482770631994	0.10284305854053721
0.5026643204479562	-0.2039791015747498	0.100257427136064
0.5026399758350549	-0.20394890930359638	0.09916637132460215
0.5025641402931333	-0.20385417110485826	0.09554127981820665
0.5025401344334898	-0.20382415709103047	0.0943546089334541
0.5024981242857518	-0.20377197652639922	0.09231528004396572
0.5024471723768418	-0.20370864215951057	0.0897598957464737
0.5023916846605415	-0.20363965488410313	0.08685723262693795
0.5023542437223567	-0.2035933559591261	0.08489329002085422
0.5023306708963965	-0.20356411456778783	0.08361086211282737
0.5022828388015609	-0.20350530679252515	0.08104533267318798
0.5022411590575753	-0.20345519532862694	0.07899284321116723
0.5022031423129014	-0.20340888697430404	0.0769467942221101
0.5021553382496808	-0.20335077844909355	0.07431204770604827
0.5021212673165141	-0.20330966640025971	0.07244979911848609
0.5020998337805687	-0.20328427357171525	0.07135132932522403
0.5020455240363298	-0.2032189942486063	0.06833146197471668
0.5020071546397402	-0.20317432118796186	0.06640361364877623
0.5019724481386538	-0.20313313723790538	0.06449589598779043
0.5019250803843829	-0.2030780251057291	0.062023477774080626
0.5018730639216408	-0.20301811009076115	0.059355777524643105
0.5018413778264336	-0.20298074563759028	0.05756090474112158
0.5018217842611288	-0.20295766134305382	0.05644236465355529
0.5017737888752891	-0.20290255670061996	0.05390683134721003
0.5017380367865464	-0.20286008973330222	0.05177562146419007
0.5017062788810007	-0.20282294416652008	0.0499598654946703
0.5016666263030164	-0.20277813518119364	0.047908022917578175
0.5016457953079736	-0.20275378308988357	0.04671259741044975
0.5016140525337159	-0.2027155637933986	0.0447276979735472
0.5015788330708568	-0.20267646753390683	0.04298297504994347
0.5015380125914557	-0.20262930427989795	0.040714388396061396
0.5015099468721365	-0.20259711402860203	0.03918850851535077
0.5014796197293767	-0.20256240518277252	0.03755473522615793
0.501437716601733	-0.20251380626964577	0.03524001709658703
0.5014219014448554	-0.20249463161627307	0.03427607866555077
0.5013915170828093	-0.20245841397693448	0.032511970179502137
0.5013624911122072	-0.2024260139786601	0.03109552617506528
0.5013302035602584	-0.2023862326533339	0.02915079531280973
0.5013158928796656	-0.20236957833042035	0.02840348374998264
0.5012921953597681	-0.20234184931232108	0.027166892917293295
0.501268403423386	-0.20231420109607234	0.025967180947895352
0.5012271070840045	-0.20226345873724588	0.023705756268827927
0.5012059977065666	-0.20223744371294883	0.022584436431612287
0.5011872536158708	-0.20221305874366435	0.021522746202251697
0.5011768672562378	-0.20219890782921995	0.020899698583121518
0.5011490721440899	-0.20216371680304968	0.0194887576498598
0.5011301068976174	-0.20213906510271157	0.018534530035357044
0.5011127508317024	-0.20211662372309747	0.01770538934952587
0.5010963376992144	-0.2020948587421672	0.016928250212590312
0.5010751331940599	-0.20206553278571932	0.015925087549597927
0.5010530712270953	-0.20203490666325696	0.014961433849986938
0.5010402922001814	-0.20201566935632154	0.01439888789686683
0.5010276094474206	-0.2019966474026107	0.013887186347757041
0.5010155113835331	-0.2019780577099517	0.013427195846257012
0.5010053838702259	-0.2019622773432137	0.013074371771712945
0.5009896303406921	-0.2019365373711699	0.01259014432134442
0.5009760966429048	-0.20191453582548463	0.012259612434046052
0.5009655123350086	-0.2018968879375675	0.012056215778820378
0.5009512444119429	-0.20187235884293403	0.011896394389121379
0.5009423010486814	-0.20185639535251798	0.011862739203671702
0.5009332172864789	-0.201839889889452	0.011845429518384742
0.5009245881958042	-0.2018242518924731	0.01182900777224316
0.500919114391394	-0.20181438809666452	0.011818618007638837
0.5009026905853355	-0.20178421434443267	0.01178717713746985
0.5008974601983183	-0.20177444241440318	0.011777088771798505
0.5008858980403403	-0.20175306317085	0.011754894210900757
0.500876470448731	-0.20173525310386686	0.011736619856960895
0.5008647640351753	-0.20171362195345605	0.011714159243339961
0.5008564606514077	-0.20169826863715173	0.01169822413388577
0.5008486813156915	-0.20168363018091262	0.011683174715527433
0.5008406169311176	-0.20166845963634095	0.01166757659729084
0.5008311434620666	-0.20165056501112838	0.011649218855680765
0.5008244899447587	-0.20163777648656006	0.011636220576731915
0.500816034529662	-0.20162167755824595	0.011619775894075202
0.5008055830117812	-0.20160198475722435	0.011599549043806279
0.5007950327112338	-0.20158183041452815	0.011578999565219794
0.5007878525821299	-0.201568118881	0.011565017155301505
0.5007807050552223	-0.20155453972180343	0.011551132458913538
0.5007733998735001	-0.20154040789733751	0.01153681955988245
0.5007670732793393	-0.20152823562389727	0.011524456414591544
0.5007579645001691	-0.20151076383057964	0.011506682723609607
0.5007517799601352	-0.20149880864681502	0.011494570471978383
0.5007419450415519	-0.20147988953890428	0.011475354460655451
0.5007376741496057	-0.2014716879183332	0.011467016837899524
0.500727433797025	-0.2014519380096605	0.011446984785018877
0.5007182471743795	-0.2014341414056377	0.011428976034078553
0.5007109164195936	-0.201419943943633	0.011414607615858274
0.5007074607543351	-0.20141316681188526	0.011407793132764521
0.500698597263491	-0.20139580750109232	0.011390326254476557
0.5006887123593813	-0.20137645932101994	0.01137085255056891
0.5006823215882599	-0.20136388141557465	0.011358228712966378
0.5006784172949503	-0.2013562867329829	0.011350560612655991
0.5006690493442345	-0.2013380092675114	0.011332135052906533
0.5006658013864955	-0.2013316124294502	0.01132571727225351
0.5006569283440306	-0.20131417510760957	0.011308203643782933
0.5006500215799697	-0.20130059289949787	0.011294566772816983
0.5006442400181443	-0.20128920658614524	0.011283143310816923
0.5006372196219362	-0.2012753654041715	0.011269264744285079
0.5006307858438883	-0.20126267809848397	0.011256544657795742
0.5006249449649786	-0.2012511168777082	0.011244975420474645
0.5006199009000297	-0.20124114636616836	0.011234991268243844
0.5006121154105025	-0.20122583627821428	0.011219620515662776
0.5006037427987706	-0.20120926637878994	0.011203038252764863
0.5005986137695689	-0.20119913738616574	0.011192890957781143
0.500593290744182	-0.20118861544105515	0.011182355010893097
0.5005901660395059	-0.20118243961636795	0.011176170641442273
0.5005818520751708	-0.201165973139454	0.011159698648303518
0.500573898288789	-0.20115019538020007	0.011143928018898186
0.5005708891267174	-0.20114421943259825	0.0111379581457684
0.5005633238762628	-0.2011291869865151	0.01112294526065355
0.5005558289951557	-0.20111433264456657	0.011108091496928318
0.5005531316306299	-0.20110898010760264	0.011102742437430813
0.5005458119921907	-0.20109440773304005	0.011088203040073963
0.5005403208396003	-0.20108348664310616	0.011077301333684286
0.5005338112493003	-0.20107052709826223	0.011064371191616684
0.5005288749209095	-0.20106069529273185	0.011054563882399449
0.5005237658716538	-0.20105052554321523	0.011044416565997639
0.5005168418860747	-0.20103671419048108	0.011030649812540427
0.500513711582153	-0.2010304845159266	0.011024433321808635
0.5005077390915894	-0.20101855459674106	0.011022607404681917
0.5005046968323975	-0.20101211214906056	0.011126313591827752
0.5004978779595441	-0.20099711104584322	0.011958368728077429
0.5004929275206456	-0.20098750643201868	0.012790436475055733
0.5004876880465091	-0.20097808839665687	0.013854925734172241
0.5004838943078075	-0.20097178151671752	0.014680296861154296
0.5004686616774844	-0.2009519685438006	0.017537286731534818
0.5004632477577393	-0.20094571263774785	0.01854365239671063
0.5004489548747321	-0.20093199428465802	0.02067530811763002
0.500435986990313	-0.20092066526825708	0.022433146106350388
0.5004033369164989	-0.20089354119418662	0.02684708305916983
0.5003899196398822	-0.2008820916376015	0.028871663822716
0.5003611499122199	-0.2008599843188586	0.032480026467574585
0.5003423644717991	-0.20084490067199517	0.03520868741346406
0.5003161068809406	-0.2008249555555192	0.0386009517933118
0.5002688351410971	-0.2007933168717746	0.04306886456832698
0.5002404707832698	-0.20077233182383353	0.04662212784594377
0.5002065094884401	-0.2007486758978262	0.05018612693598873
0.5001686918338818	-0.20072360346685525	0.053519354567931
0.5001398755982853	-0.20070432292074236	0.05611826914557472
0.5000807756102427	-0.20066054406715095	0.06320218046800652
0.5000343326363859	-0.20062935462499243	0.06701476027405079
0.4999958338749504	-0.20060150627017065	0.0710781210744379
0.49995223621725365	-0.20056959801338864	0.07558147431242335
0.4999165766407587	-0.20054287988176916	0.07940436609703933
0.49985306032284704	-0.20049572648801867	0.08568316173276008
0.49981328179720763	-0.20046467796616863	0.0899859469328021
0.4997754433264	-0.2004342881030181	0.09431120156453121
0.4997201747515312	-0.2003929609105154	0.09865948131604468
0.4996953746494634	-0.200370252387707	0.10264259464529524
0.4996460756531238	-0.2003299498778635	0.10739269203451857
0.4995840202159659	-0.20027877943031286	0.11308494400545188
0.49953979060837883	-0.2002412133303707	0.11724588759699972
0.4995047881842094	-0.20020894851164656	0.12138829927275496
0.4994409461880273	-0.2001503722402737	0.12792077969591903
0.49941299001978817	-0.2001216174273016	0.13197457010445657
0.49938656217984395	-0.2000927235664457	0.13616373354787709
0.49937127284893285	-0.20007582541582253	0.13850770413195262
0.4993257603360329	-0.2000233617799373	0.14575992199146304
0.49930727822989496	-0.19999871627180826	0.14972105794177049
0.4992918430559265	-0.19998012794422204	0.15192739144490802
0.499247450606439	-0.19993033314911574	0.15626778732603658
0.4992247235467807	-0.1998996412674276	0.16014977998834784
0.49919179221738064	-0.19985643765548344	0.16453073910302873
0.4991722334449363	-0.19982861260207901	0.1675600957504181
0.4991602870385362	-0.19980685392420555	0.17075281570591733
0.4991403705077175	-0.19977132237895334	0.17520213003036353
0.4991203071549875	-0.19973172925606592	0.1800160454804401
0.49911732100857675	-0.19972129465856253	0.1818376357789661
0.49911341613696014	-0.19970702737843327	0.18416700738608519
0.49910081038377363	-0.19966994997396054	0.18866640750643895
0.499099236087355	-0.19966011660433614	0.19010452942116493
0.4990993126896704	-0.19964669016430003	0.1924218518121929
0.4990992036987964	-0.1996301696335817	0.19481287734042213
0.4991035015366787	-0.1996251232361707	0.1962911344936307
0.499108951797483	-0.19961896054181127	0.19785155357071912
0.49911516228060915	-0.19961183857759562	0.19930392563732827
0.49912096579511495	-0.19960932797148678	0.20008931960596194
0.49912806236845303	-0.19961038701894124	0.20059795570750688
