0.3499999981254056	-0.14999999920388346	0.20000000136157398
0.3499999981254056	-0.14999999920388346	0.20000000136157398
0.34999999816477606	-0.14999999922061208	0.20000000133301596
0.3499999982200645	-0.149999999244103	0.2000000012929114
0.34999999825929257	-0.1499999992607708	0.20000000126445597
0.34999999829623596	-0.1499999992764675	0.20000000123765757
0.34999999833401396	-0.14999999929251823	0.2000000012102538
0.3499999983917898	-0.1499999993170658	0.20000000116834327
0.34999999843132606	-0.14999999933386393	0.20000000113966374
0.3499999984713392	-0.1499999993508651	0.2000000011106377
0.3499999985082234	-0.14999999936653619	0.20000000108388133
0.3499999985755975	-0.14999999939516157	0.2000000010350066
0.34999999861543796	-0.14999999941208902	0.20000000100610493
0.3499999986402658	-0.14999999942263814	0.20000000098809406
0.34999999870172166	-0.14999999944874942	0.20000000094351134
0.34999999876381355	-0.14999999947513037	0.2000000008984674
0.34999999880857874	-0.14999999949414966	0.2000000008659925
0.3499999988320083	-0.14999999950410425	0.20000000084899544
0.34999999888085487	-0.14999999952485749	0.20000000081355923
0.3499999989394772	-0.1499999995497639	0.20000000077103
0.34999999900375955	-0.14999999957707533	0.20000000072439394
0.349999999048377	-0.14999999959603194	0.20000000069202398
0.34999999907542234	-0.1499999996075223	0.20000000067240287
0.3499999991330168	-0.14999999963199157	0.20000000063061737
0.3499999991805364	-0.1499999996521803	0.20000000059614126
0.34999999924078284	-0.14999999967777677	0.20000000055243103
0.34999999926312936	-0.14999999968727074	0.2000000005362178
0.3499999993237353	-0.14999999971301914	0.20000000049224592
0.3499999993866782	-0.14999999973976003	0.2000000004465773
0.34999999942701304	-0.14999999975689626	0.20000000041731122
0.3499999994683759	-0.14999999977446893	0.20000000038729926
0.34999999950722155	-0.14999999979097162	0.20000000035911303
0.3499999995452113	-0.1499999998071111	0.20000000033154802
0.3499999995993327	-0.14999999983010404	0.20000000029227605
0.34999999963310074	-0.14999999984444967	0.20000000026777248
0.3499999996672991	-0.149999999858978	0.20000000024295606
0.34999999969765627	-0.14999999987187473	0.2000000002209264
0.34999999973085466	-0.14999999988597817	0.20000000019683456
0.34999999977300256	-0.1499999999038833	0.20000000016624644
0.3499999997994421	-0.14999999991511542	0.20000000014705807
0.3499999998253541	-0.14999999992612306	0.20000000012825161
0.34999999984987873	-0.14999999993654062	0.20000000011045133
0.3499999998761755	-0.14999999994771174	0.20000000009136376
0.349999999906349	-0.14999999996052854	0.20000000006946125
0.34999999992647	-0.14999999996907526	0.20000000005485447
0.3499999999442218	-0.14999999997661545	0.2000000000419662
0.349999999962372	-0.14999999998432478	0.20000000002878748
0.3499999999807633	-0.14999999999213515	0.20000000001543092
0.34999999999326825	-0.1499999999974459	0.20000000000634727
0.34999999999860365	-0.14999999999971148	0.20000000000247076
0.3500000000132647	-0.15000000000593539	0.19999999999181073
0.3500000000179046	-0.1500000000079047	0.19999999998843213
0.35000000001947057	-0.1500000000085679	0.19999999998728382
0.3500000000194276	-0.1500000000085469	0.19999999998730172
0.35000000001917836	-0.1500000000084375	0.19999999998746393
0.35000000001907805	-0.15000000000839359	0.19999999998752924
0.3500000000188341	-0.15000000000828667	0.19999999998768803
0.35000000001859377	-0.15000000000818087	0.19999999998784523
0.35000000001842996	-0.15000000000810854	0.1999999999879519
0.35000000001826065	-0.15000000000803393	0.19999999998806234
0.3500000000181001	-0.15000000000796382	0.19999999998816706
0.35000000001784715	-0.15000000000785324	0.1999999999883323
0.35000000001775394	-0.15000000000781222	0.19999999998839305
0.3500000000175345	-0.15000000000771546	0.1999999999885366
0.3500000000173658	-0.15000000000764102	0.19999999998864668
0.3500000000172268	-0.15000000000757963	0.19999999998873746
0.35000000001712317	-0.15000000000753377	0.19999999998880508
0.350000000016822	-0.15000000000740082	0.19999999998900164
0.35000000001665327	-0.15000000000732616	0.19999999998911175
0.35000000001651266	-0.15000000000726416	0.19999999998920343
0.3500000000163597	-0.15000000000719732	0.19999999998930282
0.35000000001618226	-0.15000000000711844	0.1999999999894187
0.3500000000160527	-0.15000000000706154	0.19999999998950344
0.3500000000158476	-0.15000000000697078	0.19999999998963763
0.3500000000157015	-0.15000000000690644	0.1999999999897332
0.3500000000155629	-0.15000000000684488	0.19999999998982387
0.350000000015357	-0.15000000000675495	0.1999999999899576
0.3500000000152279	-0.1500000000066985	0.19999999999004203
0.35000000001502674	-0.15000000000660985	0.1999999999901736
0.3500000000148944	-0.15000000000655195	0.19999999999026005
0.35000000001476306	-0.15000000000649394	0.1999999999903459
0.350000000014668	-0.15000000000645153	0.19999999999040793
0.3500000000144798	-0.15000000000636926	0.19999999999053047
0.35000000001428333	-0.15000000000628255	0.19999999999065915
0.35000000001418036	-0.1500000000062372	0.19999999999072643
0.3500000000140271	-0.15000000000616937	0.19999999999082657
0.35000000001395404	-0.15000000000613767	0.19999999999087445
0.3500000000137596	-0.15000000000605135	0.19999999999100176
0.3500000000135897	-0.15000000000597702	0.19999999999111312
0.35000000001346493	-0.15000000000592167	0.19999999999119525
0.3500000000133945	-0.1500000000058907	0.19999999999124124
0.35000000001316495	-0.15000000000578972	0.19999999999139126
0.3500000000130539	-0.15000000000574132	0.19999999999146334
0.35000000001293385	-0.1500000000056883	0.19999999999154178
0.35000000001281967	-0.15000000000563796	0.19999999999161638
0.3500000000126495	-0.15000000000556257	0.19999999999172682
0.35000000001257336	-0.15000000000552882	0.19999999999177692
0.35000000001241754	-0.15000000000546032	0.19999999999187884
0.35000000001235765	-0.150000000005434	0.19999999999191775
0.3500000000121504	-0.15000000000534303	0.1999999999920531
0.3500000000120437	-0.15000000000529623	0.19999999999212326
0.3500000000119325	-0.15000000000524688	0.19999999999219598
0.35000000001181314	-0.1500000000051943	0.19999999999227414
0.3500000000117047	-0.15000000000514707	0.1999999999923448
0.3500000000115502	-0.1500000000050784	0.19999999999244583
0.35000000001144377	-0.15000000000503155	0.19999999999251522
0.3500000000113745	-0.1500000000050013	0.19999999999256016
0.3500000000112338	-0.15000000000493874	0.19999999999265272
0.3500000000111352	-0.15000000000489483	0.19999999999271756
0.35000000001101916	-0.15000000000484304	0.1999999999927935
0.3500000000109176	-0.15000000000479796	0.1999999999928602
0.3500000000107826	-0.1500000000047385	0.19999999999294846
0.35000000001063575	-0.1500000000046745	0.1999999999930437
0.3500000000105419	-0.15000000000463315	0.1999999999931047
0.35000000001045295	-0.15000000000459351	0.19999999999316306
0.35000000001036047	-0.15000000000455244	0.19999999999322332
0.35000000001030634	-0.15000000000452862	0.19999999999325863
0.3500000000101622	-0.15000000000446523	0.19999999999335283
0.35000000001004483	-0.15000000000441344	0.1999999999934297
0.35000000000995657	-0.15000000000437475	0.1999999999934876
0.350000000009826	-0.15000000000431735	0.19999999999357304
0.3500000000097751	-0.15000000000429536	0.19999999999360657
0.35000000000965403	-0.15000000000424196	0.1999999999936858
0.35000000000958426	-0.1500000000042111	0.19999999999373153
0.35000000000943515	-0.15000000000414498	0.19999999999382911
0.350000000009352	-0.15000000000410835	0.19999999999388335
0.35000000000926307	-0.150000000004069	0.19999999999394222
0.35000000000918163	-0.15000000000403302	0.19999999999399556
0.3500000000090603	-0.15000000000398034	0.19999999999407445
0.35000000000897286	-0.15000000000394176	0.1999999999941312
0.3500000000089012	-0.15000000000391028	0.199999999994178
0.35000000000880876	-0.15000000000386948	0.19999999999423873
0.35000000000873127	-0.15000000000383557	0.1999999999942893
0.35000000000861564	-0.15000000000378444	0.19999999999436457
0.350000000008574	-0.15000000000376618	0.1999999999943917
0.35000000000846776	-0.15000000000371871	0.19999999999446139
0.35000000000838644	-0.1500000000036827	0.19999999999451448
0.3500000000083025	-0.15000000000364638	0.1999999999945693
0.35000000000820947	-0.15000000000360592	0.19999999999462992
0.3500000000081371	-0.15000000000357389	0.19999999999467705
0.3500000000080623	-0.15000000000354102	0.19999999999472617
0.3500000000079593	-0.15000000000349606	0.19999999999479348
0.35000000000788567	-0.15000000000346314	0.19999999999484167
0.35000000000781323	-0.15000000000343167	0.199999999994889
0.35000000000774417	-0.15000000000340158	0.1999999999949338
0.35000000000763587	-0.15000000000335428	0.1999999999950045
0.3500000000075718	-0.1500000000033258	0.19999999999504636
0.35000000000750525	-0.15000000000329627	0.19999999999508997
0.35000000000742754	-0.1500000000032617	0.19999999999514126
0.3500000000073322	-0.15000000000321984	0.19999999999520304
0.3500000000072646	-0.1500000000031898	0.1999999999952471
0.3500000000072038	-0.150000000003163	0.19999999999528748
0.35000000000710313	-0.1500000000031183	0.19999999999535306
0.35000000000704107	-0.150000000003091	0.19999999999539392
0.3500000000069762	-0.15000000000306213	0.1999999999954363
0.3500000000069172	-0.1500000000030366	0.19999999999547471
0.35000000000685605	-0.15000000000300961	0.1999999999955147
0.3500000000067596	-0.15000000000296726	0.19999999999557713
0.35000000000669806	-0.15000000000294006	0.19999999999561757
0.3500000000066629	-0.1500000000029248	0.19999999999564053
0.35000000000658	-0.15000000000288843	0.19999999999569426
0.35000000000649095	-0.1500000000028492	0.19999999999575252
0.3500000000064598	-0.15000000000283548	0.19999999999577303
0.3500000000064038	-0.1500000000028111	0.19999999999580997
0.3500000000062939	-0.15000000000276237	0.19999999999588175
0.35000000000624043	-0.15000000000273866	0.1999999999959165
0.3500000000062078	-0.15000000000272445	0.19999999999593776
0.3500000000061316	-0.1500000000026911	0.19999999999598778
0.3500000000060509	-0.15000000000265656	0.19999999999604048
0.3500000000059977	-0.15000000000263308	0.19999999999607537
0.3500000000059446	-0.15000000000260993	0.1999999999961098
0.35000000000588793	-0.15000000000258445	0.19999999999614732
0.3500000000058122	-0.15000000000255215	0.19999999999619653
0.3500000000057599	-0.15000000000252878	0.19999999999623055
0.3500000000057258	-0.15000000000251384	0.19999999999625304
0.35000000000560594	-0.15000000000246078	0.1999999999963316
0.35000000000553705	-0.15000000000243097	0.19999999999637674
0.3500000000054945	-0.15000000000241237	0.19999999999640425
0.35000000000538095	-0.15000000000236252	0.19999999999647858
0.3500000000052565	-0.150000000002308	0.1999999999965603
0.3500000000051716	-0.15000000000227037	0.19999999999661597
0.35000000000511994	-0.15000000000224784	0.19999999999664975
0.35000000000502995	-0.15000000000220842	0.19999999999670826
0.3500000000049288	-0.15000000000216424	0.19999999999677395
0.3500000000047807	-0.1500000000020993	0.19999999999687085
0.35000000000464077	-0.15000000000203778	0.1999999999969624
0.35000000000453396	-0.15000000000199076	0.1999999999970323
0.3500000000044196	-0.1500000000019407	0.19999999999710713
0.3500000000042591	-0.1500000000018702	0.1999999999972119
0.3500000000041453	-0.15000000000182068	0.19999999999728638
0.3500000000040341	-0.1500000000017716	0.19999999999735862
0.35000000000392195	-0.15000000000172176	0.19999999999743207
0.35000000000374704	-0.1500000000016452	0.19999999999754658
0.3500000000036687	-0.15000000000161057	0.19999999999759752
0.35000000000351644	-0.1500000000015443	0.1999999999976967
0.3500000000033955	-0.1500000000014905	0.19999999999777615
0.3500000000032153	-0.15000000000141173	0.19999999999789375
0.3500000000031038	-0.15000000000136332	0.19999999999796622
0.3500000000030296	-0.15000000000133062	0.19999999999801493
0.3500000000028597	-0.15000000000125668	0.19999999999812582
0.35000000000273795	-0.1500000000012035	0.19999999999820567
0.3500000000026111	-0.1500000000011475	0.19999999999828866
0.35000000000242676	-0.1500000000010666	0.19999999999840926
0.3500000000022963	-0.15000000000100894	0.19999999999849435
0.35000000000217807	-0.15000000000095698	0.199999999998572
0.35000000000205506	-0.15000000000090313	0.19999999999865206
0.3500000000019942	-0.15000000000087632	0.1999999999986919
0.350000000001879	-0.15000000000082558	0.1999999999987675
0.3500000000016574	-0.15000000000072833	0.19999999999891194
0.3500000000015904	-0.1500000000006988	0.19999999999895596
0.350000000001487	-0.15000000000065344	0.19999999999902363
0.35000000000137577	-0.15000000000060426	0.19999999999909635
0.350000000001285	-0.15000000000056418	0.1999999999991558
0.3500000000011017	-0.15000000000048364	0.19999999999927578
0.3500000000010302	-0.15000000000045244	0.19999999999932255
0.35000000000090764	-0.15000000000039843	0.1999999999994031
0.3500000000008144	-0.15000000000035724	0.1999999999994644
0.3500000000007651	-0.1500000000003357	0.1999999999994967
0.3500000000006448	-0.15000000000028252	0.19999999999957563
0.35000000000052583	-0.15000000000023012	0.19999999999965337
0.3500000000004497	-0.15000000000019642	0.1999999999997031
0.3500000000004102	-0.15000000000017938	0.19999999999972867
0.35000000000031894	-0.1500000000001387	0.1999999999997885
0.3500000000002569	-0.15000000000011166	0.1999999999998292
0.3500000000001839	-0.15000000000008007	0.19999999999987692
0.35000000000013765	-0.15000000000006009	0.19999999999990686
0.3500000000000937	-0.1500000000000411	0.1999999999999354
0.3500000000000638	-0.15000000000002817	0.19999999999995507
0.35000000000001086	-0.15000000000000474	0.19999999999998982
0.34999999999998616	-0.14999999999999358	0.20000000000000606
0.34999999999997267	-0.1499999999999877	0.2000000000000146
0.34999999999995113	-0.14999999999997848	0.20000000000002888
0.34999999999994713	-0.14999999999997726	0.20000000000003143
0.34999999999994663	-0.14999999999997665	0.200000000000032
0.3499999999999454	-0.14999999999997643	0.2000000000000324
0.3499999999999452	-0.14999999999997554	0.20000000000003304
0.34999999999994486	-0.14999999999997538	0.20000000000003298
0.34999999999994547	-0.14999999999997604	0.2000000000000332
0.34999999999994574	-0.14999999999997582	0.200000000000033
0.3499999999999463	-0.14999999999997649	0.20000000000003249
0.34999999999994685	-0.14999999999997654	0.2000000000000325
0.34999999999994824	-0.1499999999999772	0.20000000000003154
0.3499999999999487	-0.14999999999997737	0.20000000000003118
0.3499999999999507	-0.14999999999997826	0.2000000000000306
0.3499999999999526	-0.14999999999997854	0.20000000000002988
0.3499999999999542	-0.14999999999997976	0.20000000000002868
0.34999999999995557	-0.14999999999998026	0.20000000000002788
0.349999999999957	-0.14999999999998082	0.20000000000002693
0.3499999999999589	-0.14999999999998215	0.20000000000002566
0.34999999999996156	-0.14999999999998254	0.2000000000000245
0.3499999999999643	-0.1499999999999838	0.20000000000002302
0.3499999999999653	-0.14999999999998437	0.20000000000002274
0.34999999999996784	-0.1499999999999846	0.2000000000000208
0.34999999999997017	-0.14999999999998576	0.20000000000001952
0.3499999999999734	-0.1499999999999882	0.20000000000001775
0.34999999999997555	-0.14999999999998914	0.20000000000001678
0.3499999999999763	-0.14999999999998925	0.2000000000000161
0.3499999999999791	-0.14999999999998964	0.20000000000001417
0.34999999999998255	-0.14999999999999192	0.20000000000001197
0.34999999999998477	-0.14999999999999286	0.20000000000001122
0.34999999999998643	-0.1499999999999937	0.20000000000001011
0.34999999999998754	-0.14999999999999403	0.2000000000000095
0.349999999999989	-0.14999999999999486	0.20000000000000767
0.3499999999999905	-0.1499999999999958	0.20000000000000673
0.3499999999999924	-0.14999999999999658	0.20000000000000542
0.34999999999999426	-0.1499999999999973	0.20000000000000465
0.3499999999999966	-0.14999999999999886	0.20000000000000331
0.34999999999999715	-0.1499999999999994	0.20000000000000295
0.34999999999999865	-0.15000000000000008	0.20000000000000248
0.3500000000000004	-0.15000000000000047	0.20000000000000173
0.35000000000000087	-0.15000000000000124	0.20000000000000134
0.35000000000000087	-0.15000000000000085	0.20000000000000107
0.35000000000000103	-0.15000000000000102	0.20000000000000073
0.3500000000000014	-0.1500000000000009	0.20000000000000062
0.3500001023152161	-0.1499000705034304	0.2000494551282332
0.3500013527908995	-0.14964549825564266	0.20017713360349582
0.3500049074599749	-0.1492434453043559	0.20038151001114132
0.35001224824634597	-0.14878814735059687	0.20061690234458396
0.35002393888969613	-0.14789438700392615	0.20107781717181045
0.3500360203961855	-0.14739780105701056	0.20134095992108417
0.35007631442359993	-0.1458664257689136	0.20215855065077892
0.3500925704384701	-0.14516882586968682	0.2025293006740069
0.3501390586610867	-0.1435472810379136	0.2034062950844596
0.3501846828159307	-0.14230898298930839	0.20408410873529848
0.350206374676596	-0.14149711951986182	0.20452702893955085
0.3502459726208998	-0.1400979011966122	0.2052873389339034
0.3503684657200529	-0.13735799029827345	0.20682132476493864
0.3504058018305504	-0.13630598761481783	0.2074021475606022
0.35047226172372903	-0.13478525543162034	0.20825256198075925
0.3506048373859095	-0.13166435450293912	0.21000984609435364
0.3506749905615512	-0.1298161816577615	0.21103409566573855
0.3507425011764882	-0.12798992735841663	0.2120486430000046
0.3508135429861896	-0.1259587180990293	0.21320336501292608
0.350935812783177	-0.12316643609035004	0.21478846219290712
0.35105088582547417	-0.12113064359608876	0.21594775895891877
0.35116986186968646	-0.11916399564782558	0.21711880894544466
0.3512610380783903	-0.11713130597080924	0.21826238682013197
0.3513811394383109	-0.11401034413124235	0.21998884975525304
0.3514697722798526	-0.11181067427478945	0.22122318319509104
0.3515564984787797	-0.10980464715942113	0.22237608027957723
0.35166359111475937	-0.1072889124576641	0.22379434549689248
0.35172359443419515	-0.10584031317056812	0.22462788460003583
0.35180552255127434	-0.10369700066551575	0.22583837763325165
0.35193225572694686	-0.09976698729078325	0.22802602785077475
0.3520011906114031	-0.0973066098624908	0.2293857605169429
0.35205845964701904	-0.09493867658622039	0.23067615965172933
0.3521019491813873	-0.09258438522755212	0.23195284065607696
0.3521287474967759	-0.08946401496993599	0.23361050311926856
0.35214983581236703	-0.08763662785927266	0.2345988898240768
0.35217925155554664	-0.08527241442223542	0.23590098331397663
0.352194130206965	-0.08301818067469795	0.237106458940792
0.35220370436236764	-0.08081140243776862	0.238288264781473
0.35220442505162447	-0.07801065825442931	0.2397759580933629
0.3522001953737808	-0.07597383833848988	0.24083617037431265
0.35219526695924375	-0.07415898487838844	0.24178252744169465
0.35218129143359844	-0.07126629607374439	0.2432867761716731
0.3521755938628514	-0.07017147272469233	0.24385136634293225
0.3521556028540991	-0.06765848599324988	0.24513837100470473
0.35214093172556593	-0.06608314654949056	0.2459395972257931
0.3521211226045171	-0.06429276325304735	0.2468393574958081
0.3520935628958586	-0.061950602432870275	0.24800795982457938
0.35208082949219105	-0.060983442100118426	0.2484867332472477
0.35205616031918135	-0.05929338387929102	0.2493163036135937
0.35203478141879296	-0.05793959726041327	0.24998051785854244
0.3520142043447311	-0.056733197445337016	0.2505667266866607
0.351984799815747	-0.055189017713837676	0.251309252637659
0.35196430502896753	-0.05423213002139944	0.25176173757948617
0.351945728163551	-0.053444613236571556	0.2521302346377697
0.35192065341756656	-0.05250765998239974	0.25256489545210814
0.35189295942623894	-0.05164538208536233	0.25295410620464764
0.35187341102154374	-0.05117970447376187	0.253153082379284
0.3518561170596467	-0.05087497455602345	0.2532733520392775
0.3518469975020739	-0.05076514469602873	0.2533105181760614
0.35181713132609455	-0.050637584286467266	0.2533136215115533
0.3518002020256755	-0.050632609884621385	0.2532808596621377
0.3517833478836647	-0.050627514507981794	0.2532486738242663
0.35176721399573296	-0.05062239867778552	0.2532182378071336
0.35175255667824146	-0.05061765218104951	0.25319072481580895
0.35172829331929695	-0.05060954533721092	0.25314566338289324
0.3517117958186864	-0.05060395057613269	0.25311513546913295
0.351696794731047	-0.05059881560137046	0.2530874785198012
0.3516825609628944	-0.05059392512689374	0.2530612367225166
0.35166644633619215	-0.05058834437652503	0.25303163526811
0.3516493547387431	-0.05058239504629204	0.2530002921728016
0.3516346402321187	-0.05057725328777775	0.25297334910231745
0.3516131279496487	-0.05056971038854176	0.2529340159226797
0.3515989339448292	-0.05056472258622134	0.2529080812922467
0.35158488979921576	-0.05055977753478512	0.25288244976224483
0.35156399846567576	-0.050552415377859886	0.25284431627918047
0.351550216311559	-0.05054755306642707	0.25281916903981105
0.3515409084423669	-0.05054426649391251	0.25280219675332405
0.3515236729666118	-0.05053817732163461	0.2527707742694535
0.3515090459600353	-0.0505330069078848	0.2527441121891209
0.3514957514743621	-0.05052830570968407	0.25271988125797595
0.3514772525971085	-0.05052176171707852	0.25268617833887685
0.3514672009019237	-0.050518205038485156	0.2526678666630713
0.3514431674767127	-0.050509698088905805	0.2526240784345861
0.35142987882103505	-0.050504993644991905	0.2525998735907431
0.35141672276409025	-0.05050033580668843	0.2525759136870616
0.3514036703491041	-0.050495713867669226	0.25255214223365396
0.35139524927507876	-0.05049273239236539	0.2525368092754873
0.35137192397901895	-0.05048447328953691	0.25249434024894857
0.35135984173777035	-0.05048019443078912	0.2524723413630552
0.3513473621161562	-0.0504757758754575	0.25244962309574664
0.3513403425964849	-0.05047329001500901	0.25243684368156405
0.35131738791017936	-0.05046516106540409	0.25239505550696406
0.35131052031645893	-0.0504627288697022	0.2523825535570552
0.3512989799430476	-0.05045864181601033	0.252361545718631
0.35128184116713923	-0.050452571551182004	0.25233034693210993
0.3512649221829299	-0.050446579053964144	0.25229954957287426
0.35125325123694057	-0.05044244507587829	0.2522783054831488
0.3512467092879673	-0.050440128120752506	0.2522663980510358
0.35123571868538245	-0.05043623575584329	0.25224639391189757
0.35121994661851036	-0.0504306515937646	0.25221768922399157
0.35120483610651926	-0.050425301073574444	0.25219018875958304
0.35119424105277686	-0.050421550069974744	0.2521709070691095
0.35118801638678276	-0.05041934611988831	0.2521595789622029
0.35117240961983404	-0.050413822073209616	0.2521311780698827
0.35115788232231165	-0.05040867856447585	0.2521047414375118
0.3511472472095238	-0.05040491413143071	0.252085388499075
0.3511408119440101	-0.05040263604005031	0.25207367819889376
0.351127596331906	-0.050397957838965154	0.252049630021225
0.35111183496454335	-0.050392378253228995	0.2520209499963748
0.3511020643038489	-0.050388920292976216	0.25200317136004047
0.3510908181233746	-0.050332694486639476	0.25198265720574325
0.3510845092763024	-0.05028243898616923	0.25197114103246016
0.35106833861513853	-0.05006813625607158	0.2519416446919928
0.3510506161759385	-0.049723652739094557	0.25190952137636524
0.35103584418465855	-0.04936774144534099	0.2518828449926726
0.3510214554210149	-0.04897506411951395	0.25185718016109154
0.351005705270058	-0.04850588953338146	0.25182926573271525
0.35098105079850656	-0.04769694849422719	0.25178580437485426
0.3509635177957926	-0.04707593442321355	0.2517549855818877
0.3509533341145172	-0.046703329106306604	0.2517372382206242
0.350924855494217	-0.045613671520217156	0.2516880053905226
0.35089841990479015	-0.04455459286748699	0.2516430863493634
0.35087905418004034	-0.043757525372701125	0.25161069374008377
0.3508590767744207	-0.04292012552734513	0.2515780264905385
0.3508370129210291	-0.041957788390335635	0.2515408524542688
0.35081528083753716	-0.04100149971448026	0.2515052933059882
0.35078517737735615	-0.039664343284891615	0.25145747822357883
0.35076152770033636	-0.03857844464090503	0.2514191533095491
0.3507376820339365	-0.03746033752337223	0.2513800685584987
0.3507128686326131	-0.03631706171051961	0.25134257916785063
0.3506817221017237	-0.03484588631371903	0.25129451013479587
0.35065849101739405	-0.033741296234450865	0.2512593918699642
0.3506214259703142	-0.031941522935319835	0.2512024840082885
0.3505994093476664	-0.030841022509493485	0.2511672536490206
0.3505854068959168	-0.030154776121833357	0.25114632950148746
0.35054957542675586	-0.028336392095570026	0.2510892324062647
0.35052467861482134	-0.02705869723825259	0.2510494556553294
0.35049928988805906	-0.0257896516393787	0.25101242421849657
0.3504663652074111	-0.024095199365576234	0.2509617504453465
0.35044089172372733	-0.02277909284844072	0.25092302626861795
0.35040685483660444	-0.021004680322485356	0.2508710500062664
0.3503842094833662	-0.019823581261046316	0.25083707215954065
0.350360722514456	-0.01857177204525841	0.25080035601025685
0.3503476161860765	-0.017867807099181746	0.2507796528773344
0.35030576647718514	-0.01562338329303245	0.2507148780967229
0.3502834672241317	-0.014398031869755898	0.2506788157543459
0.350269221881709	-0.013613015076417254	0.2506558116740569
0.35023968748848056	-0.012010959557054599	0.25061058849166296
0.35022601377688317	-0.011250757561821631	0.2505885596305253
0.3501901772540928	-0.009265062920147907	0.2505319504241942
0.3501708829977905	-0.008202545964182753	0.2505023690461772
0.3501529275059199	-0.007172331217584052	0.25047210180021406
0.35013996890858873	-0.006437023678920253	0.25045100271626564
0.3501082057047664	-0.004622386867632541	0.25039894781417493
0.3500915840159776	-0.0036568833784130644	0.2503709088184647
0.3500804995284584	-0.003005735789598854	0.2503517948610354
0.3500609018993542	-0.001870489579411147	0.25031943890846475
0.35004787867323817	-0.0010941162863752768	0.25029653816006175
0.3500257816905606	0.0001991610054241505	0.25025977463866456
0.35001388358901236	0.0009074312266077328	0.25023933326895675
0.35000331882336433	0.0015442251271876456	0.25022073318428295
0.34999161791615896	0.002236397117246977	0.25020122059369176
0.34997833239237763	0.0030494669177428962	0.2501773497856401
0.349970404648939	0.0035423298929946195	0.2501627087391592
0.3499653953598554	0.0038553509559576954	0.250153397246478
0.34995679698244975	0.004407251179162006	0.250136516622502
0.3499515711377504	0.004754598651388761	0.2501255123568056
0.34994684407021864	0.005086956062313977	0.25011440638714116
0.3499446797999526	0.005249785384425262	0.25010865320373377
0.3499435402604857	0.005348135739597373	0.25010482160731873
0.34994367338634286	0.005379714910899822	0.2501024592941455
0.3499442333648985	0.0053759651748364196	0.25010142377513644
0.34994472146735045	0.005372654459650114	0.250100526703549
0.3499450302829716	0.005370557160908854	0.25009995747461244
0.3499459890881394	0.00536405549563114	0.25009819651232973
0.3499464405378333	0.005360997923685232	0.25009736970648233
0.34994695208070403	0.00535753328644549	0.25009643280436233
0.34994741693786874	0.005354384785607527	0.25009558137662646
0.34994791939605124	0.005350982672586754	0.25009466172958805
0.3499485621203694	0.005346628750525426	0.2500934840884569
0.34994903473103167	0.005343424276959066	0.25009261634707913
0.3499495230428702	0.005340115659288061	0.2500917212005199
0.3499501868063966	0.005335620222263429	0.2500905056304149
0.34995066447095646	0.005332385004872611	0.25008963077854246
0.3499509605283537	0.0053303808176285855	0.2500890891482121
0.34995156496602525	0.0053262956305617365	0.25008798728214504
0.34995222804387843	0.005321811477370861	0.2500867769327503
0.3499525064695899	0.0053199304181529156	0.2500862697803079
0.34995311090525005	0.005315846527053317	0.2500851686139878
0.3499535220924894	0.005313068483989256	0.25008441958676925
0.3499539480604307	0.005310191027198888	0.25008364388094895
0.34995436964892657	0.005307344405547601	0.25008287685791075
0.34995495072769933	0.005303419558917541	0.2500818188790115
0.34995534640048737	0.00530074645018426	0.25008109812908946
0.34995577328442384	0.005297864180401915	0.25008032147858505
0.34995636383172435	0.005293876514488913	0.25007924683806404
0.3499565985390893	0.005292291250861267	0.25007881949717015
0.34995703057064625	0.005289375053793663	0.2500780338956896
0.3499575607782594	0.005285795870737506	0.2500770695802619
0.34995793380941265	0.0052832769895411885	0.2500763907145187
0.34995866450842716	0.005298636732542231	0.25007505553641807
0.3499589970338542	0.005315353958382493	0.2500744456683822
0.3499600250570983	0.00538255694616023	0.2500725580051566
0.34996097669206255	0.00545954172721945	0.25007080746927085
0.349962161349661	0.005565417993077901	0.2500686289950589
0.34996389183115223	0.005732633117697741	0.2500654416945095
0.34996518877551186	0.005864452523860461	0.250063056008078
0.3499665630644204	0.006008532151447019	0.2500605288745368
0.34996747531501826	0.006106564520968763	0.2500588534214023
0.34997043365271413	0.006432296931111234	0.25005341213559384
0.3499720309333034	0.006612451139079059	0.2500504703929679
0.3499736692284449	0.006799864364924621	0.25004745252581695
0.3499754075551752	0.007001481156981473	0.2500442530726725
0.3499780875556717	0.007316998794074728	0.25003932273298524
0.349979028457384	0.007426825508144955	0.25003757790230796
0.3499807211445363	0.0076291402863516156	0.2500344625736337
0.3499830077168779	0.007904791991211052	0.25003025611916774
0.3499850086856674	0.008148287630553586	0.250026578057937
0.3499872883573884	0.008425782686186295	0.2500223763445415
0.34998905108959205	0.00864074420517838	0.2500191236486128
0.34999053147164155	0.008823309288636838	0.25001640019276017
0.34999213148539604	0.00901899692103926	0.25001344287664523
0.3499939851751109	0.009248685188543965	0.25001003189887444
0.3499952243567408	0.009401394200814955	0.25000774406065496
0.34999636460906575	0.009542230477531319	0.25000564051252794
0.3499973848856513	0.009668369025201143	0.2500037590299794
0.34999858472694556	0.009816333513085668	0.2500015442673702
0.3499992455610143	0.00989777236606576	0.2500003255615104
0.3499997442051176	0.009959304518132928	0.24999940894030862
0.3499999492782217	0.009984598100421432	0.2499990334230873
0.3500002312222763	0.010019338341791695	0.24999852331813102
0.3500002389280823	0.010020373278323336	0.24999851909019127
0.35000023662155455	0.010020185747330546	0.24999853253794074
0.3500002335265774	0.01001993552325968	0.2499985503909548
0.35000023127217267	0.01001975205411143	0.24999856354848377
0.3500002292312302	0.010019585961555291	0.24999857546693643
0.3500002258623741	0.010019312051502527	0.24999859512273218
0.35000022370038875	0.010019134473392408	0.24999860795021878
0.3500002217557783	0.010018973906875589	0.24999861958775918
0.35000021952108545	0.010018791465300547	0.2499986327234277
0.35000021662714004	0.010018551740894222	0.2499986501348793
0.35000021472438847	0.010018395601908245	0.2499986614132322
0.3500002126653829	0.010018226166917374	0.2499986736722768
0.35000020976574064	0.01001798609313137	0.24999869110383588
0.35000020793596637	0.010017834818834254	0.24999870207778563
0.3500002059652991	0.01001767087870134	0.24999871401232734
0.3500002041810389	0.01001752245020153	0.24999872481653726
0.35000020233074963	0.010017368312691302	0.2499987360441902
0.350000199486538	0.010017132278828028	0.24999875319792467
0.35000019759768886	0.010016974686353167	0.24999876468404308
0.3500001957259185	0.01001681848663312	0.2499987760685754
0.3500001938826508	0.010016663984429089	0.24999878735562828
0.35000019175933916	0.010016485965327379	0.24999880036062103
0.3500001900072679	0.010016339256119458	0.24999881106926597
0.35000018734918104	0.010016117144646827	0.24999882726042627
0.35000018566694613	0.010015975549855977	0.2499988376216764
0.35000018399785215	0.010015835110082291	0.24999884789506327
0.35000018234432034	0.010015695904409233	0.2499988580797236
0.35000017973930464	0.010015476731846398	0.2499988741068113
0.3500001781162206	0.010015340338260348	0.24999888407240467
0.3500001764443242	0.010015199338397549	0.24999889439292475
0.3500001615784926	0.009958563827164826	0.24999895700698513
0.35000013430354093	0.009875462315076577	0.24999905055382682
0.34999999940595533	0.009591001915609826	0.24999945502531404
0.34999977240612734	0.009265444782666665	0.2500000728695312
0.3499994018073949	0.008770912772846057	0.2500010683591777
0.3499987661971001	0.008065202285690576	0.250002723773001
0.34999813965662824	0.007409825239190329	0.2500043425738864
0.3499968907779868	0.006367634336461883	0.2500074758994059
0.3499959131900543	0.005534141991169042	0.25000993867098475
0.34999523782497627	0.005018162245667382	0.25001162238847463
0.34999323785440833	0.00395631040328058	0.2500164551571111
0.3499907465304139	0.002478092356828124	0.2500225468783106
0.34998840170502676	0.0012389862077681196	0.2500282484303028
0.34998494470071295	-0.00037574465519539524	0.25003662323618203
0.34998214256893506	-0.001635872980880429	0.2500434200907866
0.3499784553724898	-0.0030857213624159024	0.2500523377614372
0.34997484870754697	-0.004598944290328269	0.25006112024353744
0.34996968933790823	-0.006797310031969414	0.25007374741464894
0.3499667185271607	-0.007831553133118965	0.2500810038109891
0.3499629575111968	-0.009177976205228602	0.25009022322361874
0.34995569581200825	-0.011599325987487544	0.2501080849346191
0.3499500510384394	-0.013984014120525648	0.2501221478096002
0.34994519057679707	-0.015886509997769985	0.25013431840642864
0.34994123963481505	-0.017752902504740556	0.2501442986386283
0.34993798478562643	-0.019585986242880202	0.2501525772878727
0.34993320380994664	-0.021876779480575023	0.2501647818872231
0.3499266355440554	-0.02439483723272222	0.25018158187923467
0.34992138032596165	-0.026431138500061277	0.250195090470014
0.3499168058946049	-0.028499310727446284	0.25020694813388616
0.3499088681727495	-0.03141982416759721	0.25022763306493795
0.3499045858638077	-0.03355216965215156	0.25023885375548083
0.34989930808183606	-0.03561178172420361	0.25025278781669164
0.34989640129976535	-0.03693142600347889	0.25026047790495953
0.3498886469674116	-0.040067369866758115	0.2502811571377334
0.34988210850922596	-0.042851725830633944	0.25029870630623907
0.34987971726119843	-0.04410465930663844	0.2503051334397174
0.3498732285095269	-0.04633355921833303	0.2503227889794005
0.34986366156558074	-0.05032283905242087	0.25034890723283343
0.3498572968986935	-0.05257139533585693	0.25036649827677765
0.34985096190050236	-0.05472199736056298	0.25038411217461853
0.34984397784344506	-0.05804291292671003	0.2504035249929828
0.3498396249495138	-0.06018532146824744	0.2504156871170795
0.34983377657711306	-0.06232485408885961	0.2504322634325488
0.34982788007998283	-0.06445658986210355	0.25044905419081953
0.3498204524612604	-0.06753712446448291	0.25047026638347425
0.34981775298914575	-0.06878041240676454	0.25047798848644526
0.3498122741408075	-0.07181462657592284	0.25049360892252553
0.34980807320042134	-0.07388117186913852	0.25050572395366244
0.34980220737780926	-0.07685123797272768	0.25052271339787
0.34979852838302034	-0.07886494032200335	0.250533387695028
0.34979487455962877	-0.08085411261080959	0.2505440380494435
0.3497919690418449	-0.08289956265011124	0.2505523980159424
0.34978917243753155	-0.08508700355676001	0.2505604230127578
0.3497852099346061	-0.08698727161093518	0.25057224812732104
0.3497809036321358	-0.0896814435038129	0.2505849688876973
0.3497780932029714	-0.09156898132583634	0.2505932948126399
0.34977388130412357	-0.09436421516496772	0.25060588113232773
0.34977203139012947	-0.09606060244714591	0.25061131687286575
0.34977102781660036	-0.0971162429898882	0.25061425266520543
0.349769616791927	-0.09924107183251495	0.25061823464608074
0.34979066372267215	-0.10158303776322387	0.25060939855960007
0.3500111472185892	-0.10316822321218551	0.2504487637854578
0.35041605586270613	-0.1048637513115697	0.25015678890965276
0.3506998175214995	-0.10576244613365719	0.24995180123629834
0.35218015378304457	-0.10907363315035092	0.24887392021151974
0.3527126007103699	-0.11002089745112635	0.248485511366181
0.3544501549430584	-0.1127503130318772	0.24722137724031024
0.3552347761284285	-0.11381491668140255	0.24664006657320303
0.35736619641923417	-0.11648452098261076	0.24507720875901845
0.3596890844994443	-0.11912258556124179	0.2433714061660938
0.3610876487984438	-0.12059557539753639	0.24234981238185124
0.36393980633773954	-0.12339891693773865	0.24023542547634685
0.3658524397374525	-0.12517074604013628	0.2388340339189992
0.36837195225032854	-0.12741578077234084	0.23697759392661089
0.37139866566629925	-0.12994732714857227	0.2347428659365827
0.375520461462969	-0.13324220395456865	0.2317046922986787
0.3781676922454774	-0.13526309067367792	0.22972979174895136
0.38077940376881075	-0.1372070832177184	0.227771394248048
0.38372610326472417	-0.13935247543785945	0.22557234735229081
0.3879668083044007	-0.14231238276170788	0.22233251553863714
0.38986573756567716	-0.14362741390720302	0.2208918671487945
0.3941611638989948	-0.14651950008306436	0.21762136573005536
0.3971379041985366	-0.14847141139562814	0.21531301786547224
0.40204961685544083	-0.1516241022994133	0.21151162527386433
0.4042796922306118	-0.15302132283910025	0.20983478836330297
0.40859328302984793	-0.15568751047187634	0.20647945829512793
0.41206909578523304	-0.1577765776474352	0.20376477405829313
0.41618847647058216	-0.16021011944969638	0.20054562898382675
0.4190947145481543	-0.1618915682293951	0.19821678676098203
0.4238564522727582	-0.1646011386535805	0.19438175766161386
0.42725554370720187	-0.1665448464609116	0.1916877044745058
0.4323433709540176	-0.16935882604989455	0.18754236453156656
0.43433134451542715	-0.17045821906878939	0.1858997017893269
0.43922258683049226	-0.17313861729103996	0.18187063781805482
0.44287329202989667	-0.17508793738134293	0.1788120445133687
0.4477897234870514	-0.1776984240240343	0.1745783171237486
0.4497332200290644	-0.17871275165601058	0.17292122448500222
0.4542241829525862	-0.1810301072802047	0.168894727570612
0.45924480961219544	-0.18358389216668003	0.16440135408392126
0.46216645267399303	-0.18505035061012687	0.16169501487621185
0.46517000876474424	-0.18655238438152466	0.15888242314098144
0.4681049502539109	-0.18800820961634346	0.15608342578771517
0.472349992957282	-0.19009490769645726	0.15191516072823213
0.4751762509333066	-0.1914634346919512	0.1490116490385247
0.47779132028074206	-0.19272498233262703	0.14627371792777016
0.47953350033595654	-0.19356154535625902	0.14442581645328156
0.4832820910046416	-0.19533826266259496	0.140262188988505
0.48657993396670485	-0.1968833337840502	0.1364110050517356
0.4887189482321822	-0.1978792076224008	0.13381771798163744
0.48999760684767035	-0.19846723040294328	0.13217618488652383
0.49351248091392397	-0.20006417308830182	0.1273443732613122
0.4950794792542586	-0.20076594191277197	0.12498709223173565
0.49661913855353673	-0.20144538454799277	0.12245232747786988
0.49736367646027874	-0.2017712264055428	0.12115387186390114
0.4992520968856716	-0.20258731737279656	0.11755593630092537
0.500690018595579	-0.20319206337807166	0.11420616785819765
0.5011883349206183	-0.20339592765541276	0.11282642537351839
0.5020727793489951	-0.20374504278427696	0.10977619943035888
0.5024624362390495	-0.2038828672062702	0.107518030993704
0.5026302823376778	-0.20392628442985394	0.10568920527947534
0.5026274796891341	-0.20388047265506498	0.10302321835679223
0.5025905576729097	-0.20383440300014372	0.10119643451727611
0.5025369480775357	-0.2037676369677408	0.09852343405211761
0.5024986292761752	-0.20372001086895758	0.0965891626482277
0.5024646565971462	-0.20367768893164873	0.09481722993558961
0.5024295068386981	-0.2036339520680106	0.09295662906970037
0.5023970656318956	-0.20359486159136814	0.09150893166807517
0.5023394886119538	-0.20352311135877738	0.08827616129770194
0.5022997958903016	-0.20347542074419034	0.08639386965930057
0.5022670131252982	-0.20343447315769808	0.08443262850490324
0.5022096182272534	-0.20336521453294587	0.08144103194910962
0.5021746575374773	-0.20332302845552547	0.0795623827425434
0.5021405726223238	-0.203281942447115	0.07768578346330757
0.5021172427269507	-0.20325395540976016	0.07640950536330643
0.5020520900979701	-0.20317667399398848	0.07292949999792792
0.5020175811979356	-0.20313559240537565	0.070988566773805
0.5019977826707197	-0.20311220256362994	0.06989509375781916
0.5019508904079231	-0.20305745072057269	0.06738178907916836
0.5019054079738164	-0.2030031271635644	0.06464426974619203
0.501886252300958	-0.20298077024705613	0.06357125886968579
0.5018374297417977	-0.2029249903717828	0.06102584824920282
0.5017896154992819	-0.20286930555108468	0.05827241200710104
0.5017568838763561	-0.20283244524685262	0.05658555940499099
0.5017260805463419	-0.2027969351161969	0.05483913985547584
0.5016937544756	-0.2027599674903659	0.0530322030318674
0.5016496338613176	-0.202709567545722	0.050552964476989815
0.5016179736196714	-0.2026741099580644	0.04887119456535466
0.5016008059032102	-0.20265445342839888	0.047889911741598346
0.50156941546935	-0.20261859875045213	0.046099006585620494
0.5015164695696652	-0.20255884674272823	0.043173153693406796
0.501489187641136	-0.20252713209271828	0.04153506263407192
0.5014613230350891	-0.20249515540882224	0.039923803453743745
0.5014197150834098	-0.20244790536729057	0.037596258932494186
0.5013958942524638	-0.20241978189978388	0.036133575989734046
0.5013680962678728	-0.20238846825497558	0.03463238821843295
0.5013402328687301	-0.2023572797966271	0.03316402408115948
0.5013171099441232	-0.20233006318386915	0.031801122593221154
0.5012822988778562	-0.20228891870273769	0.029760564831382896
0.5012696243748329	-0.20227370076742662	0.029002863527548495
0.5012471474056196	-0.2022473627147281	0.02774747307406833
0.5012277606767319	-0.20222268172593505	0.026487844370935654
0.5011871836619637	-0.20217458145569678	0.02427881623523237
0.5011671356372291	-0.2021503313675796	0.023181127294498005
0.5011476580585541	-0.20212658467008332	0.022131965240457296
0.5011183449417058	-0.2020906214275759	0.020588664951303237
0.5011069311852527	-0.2020768246442493	0.020024755741560707
0.5010838187142789	-0.2020465906921955	0.01876082461162626
0.5010669980322849	-0.20202451241662173	0.017880817179475705
0.5010439462484972	-0.20199422725736949	0.016734999746075063
0.5010294040693035	-0.20197429711395426	0.01601882898618462
0.5010191689672192	-0.20195953496849062	0.015502160083724126
0.5009989469036368	-0.20193201274496103	0.014628364825598816
0.5009797429143698	-0.20190432553193505	0.013831653529614074
0.5009661404032356	-0.20188390268363238	0.013302456267256846
0.5009545299240507	-0.20186636252108336	0.012894649312473971
0.5009432143233444	-0.2018479615649209	0.012531418381548864
0.5009332957643369	-0.20183145399373514	0.01225671233469805
0.5009214814668776	-0.20181228622505026	0.012000785451306617
0.5009091015567244	-0.201790838640163	0.011829501331392045
0.5009004645803236	-0.20177554369297407	0.011776664929239622
0.5008924921743119	-0.20176115138670692	0.011760828463607709
0.5008797406036429	-0.20173812163899818	0.011736659590811716
0.5008746203437853	-0.20172864037723692	0.011726847714138455
0.5008673156307551	-0.20171522135155007	0.011712900871422516
0.5008550498753473	-0.20169261925847587	0.011689451975501586
0.5008428508843836	-0.20166979240462468	0.011665970057206598
0.5008384831011163	-0.2016617366614723	0.01165761826408307
0.5008275973723	-0.20164178055042642	0.011636861733518133
0.5008197054336158	-0.20162703718163988	0.011621684713044977
0.5008116046640407	-0.2016117398490498	0.011606029409766017
0.50080086370425	-0.20159160845454221	0.01158534480716994
0.5007965406535879	-0.20158349840327228	0.011577016428253095
0.5007861123539067	-0.201563614052436	0.011556774386960622
0.5007815669705079	-0.2015550087853118	0.011547981236584293
0.500770900035725	-0.20153494485521628	0.011527408865733613
0.5007610838086894	-0.20151626904053999	0.011508376871674941
0.5007538766547682	-0.2015025561098014	0.011494403473011228
0.500749201014836	-0.20149368412886853	0.011485350125169658
0.5007390971938962	-0.20147429236934877	0.011465681231695724
0.5007291400490547	-0.20145513336159382	0.011446275215046375
0.5007225463045195	-0.20144251084905518	0.011433455893281985
0.500718450824553	-0.201434496833181	0.011425409770752182
0.5007093637378147	-0.20141695363510637	0.011407672478444264
0.500701828937454	-0.20140239976012597	0.01139296190125888
0.5006935452672332	-0.20138632506709153	0.011376753585741861
0.5006873394468159	-0.20137424320965286	0.011364592091595849
0.500683681600262	-0.20136715802168298	0.011357441487349018
0.5006742394320621	-0.20134878172764686	0.011338941311587192
0.5006655158900819	-0.20133169024311404	0.011321794070806135
0.50066143088671	-0.20132376035293004	0.01131380051180364
0.5006528419488255	-0.20130698463728203	0.01129694370156703
0.5006467526263284	-0.20129505006273052	0.011284972813040417
0.5006378570512374	-0.20127760034243697	0.011267478009740928
0.5006319161893049	-0.2012659247835662	0.011255783626569649
0.5006260471343807	-0.2012543508950801	0.011244211326467746
0.5006201959957947	-0.20124288191269513	0.01123270872036386
0.5006156507416721	-0.20123397737059057	0.011223775745428544
0.5006059760880265	-0.20121489425840877	0.011204698072904196
0.5006005825892533	-0.20120425555410282	0.011194062600326238
0.5005952336148664	-0.20119370710110396	0.011183516219016476
0.5005894505831274	-0.20118230174734603	0.011172113673711015
0.5005832895564717	-0.2011700712027779	0.011159926400457765
0.5005759767885273	-0.2011556403488985	0.011145503730854323
0.50057246853492	-0.2011487192904558	0.011138585629795528
0.5005655610902339	-0.20113500815386898	0.01112492270171389
0.5005578100221645	-0.20111965503047025	0.01110960748645301
0.500553970847989	-0.2011120534653133	0.01110202326756915
0.5005497323206919	-0.20110362434573442	0.011093631766730006
0.5005439820793043	-0.20109218985864546	0.011082247898919484
0.5005354415839425	-0.20107524339856486	0.011065358552494464
0.5005309217364111	-0.2010662356425308	0.011056400643026931
0.5005259885526865	-0.20105644132408867	0.011046642293842002
0.5005208940744228	-0.20104631682803187	0.011036559953382097
0.5005138596683263	-0.20103228751964486	0.011022613485503263
0.5005090352979157	-0.20102267505732174	0.011013053349165969
0.5005063680666798	-0.20101735641006885	0.011007765751059662
0.5005018911737823	-0.20100842109146821	0.010998886559229315
0.5004954486064795	-0.20099556055260315	0.010986107837156922
0.5004888795630517	-0.2009824584158224	0.010973083848128229
0.5004845543335984	-0.2009738218963153	0.010964503618110466
0.5004804859360528	-0.20096533458239157	0.011061362410698383
0.5004749467168244	-0.20095311266362537	0.011622618197623613
0.500472617316572	-0.20094805671756488	0.012011240421413327
0.5004661649580076	-0.20093540287149392	0.013355365227944282
0.5004610373860098	-0.20092665773538443	0.014495230175679219
0.5004536950413785	-0.2009167833355417	0.01589597167924023
0.5004427328927126	-0.20090182755143518	0.018446271438981254
0.5004332308421364	-0.20089262402965768	0.01991822093402046
0.5004149215583165	-0.20087633506622282	0.0225640781889917
0.5004014399798077	-0.20086396047861066	0.024804126990277398
0.5003915359611607	-0.20085579658399777	0.02620405158678113
0.500364683453445	-0.20083383725788134	0.030095151707967227
0.5003465891709835	-0.20081909148216942	0.032826893735642515
0.5003169866901098	-0.20079559816454406	0.03716581796981505
0.5002989787217269	-0.20078380952475167	0.03881208572461592
0.5002596778898644	-0.20075442106569014	0.04400792055704045
0.5002161586416144	-0.2007252774990344	0.04825373106312353
0.5001785025642377	-0.20070042488749107	0.05169619289530114
0.500138903379028	-0.20067431083537524	0.055253732717768456
0.5000890515131671	-0.20063857502973542	0.060929104093225495
0.5000603715533893	-0.20061921069882244	0.06348819069421852
0.5000052049674221	-0.20058143818177193	0.0685241872588232
0.4999677047172307	-0.2005536974709886	0.07279599971055667
0.49990010899688003	-0.20050582327854477	0.07894932701088742
0.49986236271784446	-0.2004771575509829	0.0831916020995423
0.4998130667619312	-0.20044110348838223	0.08765986801621206
0.4997674451326017	-0.20040676056080092	0.09196999948623641
0.49972700129733233	-0.2003752018360268	0.09611636214869401
0.4996821540293676	-0.200336252965916	0.10237625342004092
0.49966533154179094	-0.20032115654529198	0.10484382823008231
0.4995979651396873	-0.20026600575969533	0.1113004240167319
0.4995630441777484	-0.2002349167447131	0.11546854744511503
0.49951579018704967	-0.2001945468798777	0.11980895876513603
0.4994588544297967	-0.20014640134672712	0.12431107795175084
0.49941781479551095	-0.2001080263229872	0.12877340982498175
0.4993711943288105	-0.2000617694843218	0.13446512193968924
0.4993444966294112	-0.20003253592397718	0.13862057522919868
0.49931568059900155	-0.2000008277772185	0.14271724519232076
0.4992780441605769	-0.19995717483552977	0.14846759376341634
0.4992581840605388	-0.19993103569407333	0.15237135829087184
0.4992400441697214	-0.19990986845849895	0.1545448347331862
0.49920301975624076	-0.19986217789995814	0.16026640753527038
0.4991743112509874	-0.19982274828715513	0.16475561862748883
0.4991502028226331	-0.19978816638146069	0.16851446394856837
0.49913398222739114	-0.1997620167051472	0.17169065535223246
0.49912313859968627	-0.19974075830243804	0.17474025612930258
0.49911225447056373	-0.19971790942102846	0.17792608979051105
0.49910205053545437	-0.19969132613098073	0.18189223849893102
0.4990994027010741	-0.1996811159579187	0.18364954885724744
0.49909192473876174	-0.19965576460873535	0.18726170141022452
0.4990892543547387	-0.19964054645304274	0.1895428616125359
0.4990868327373395	-0.199624151125811	0.19184435472549266
0.49908543739690636	-0.1996075642135013	0.19407324225807943
0.4990893481316945	-0.19960068368713907	0.19577629612099784
0.4990937720095478	-0.1995891325146389	0.19779305310029663
0.4990993306975855	-0.19958642086144202	0.19883334015197804
0.499105508908486	-0.1995851874731096	0.19966570467919137
0.49911245170619295	-0.19958545597469945	0.20031183936671806
