0.33316378498269167	0.14841215208461273	0.21623504337003815
0.33316378498269167	0.14841215208461273	0.21623504337003815
0.3334576126280806	0.14863568293754947	0.2159379068771335
0.33367153192142734	0.14882837896968726	0.21559972268627564
0.3339019935508944	0.14902685494258588	0.21524741266947864
0.3341631040694271	0.1490489357954805	0.2150167830046617
0.33463009250613995	0.14902240593926738	0.21455036039960082
0.33506689184475996	0.14914257494033117	0.2141235551438247
0.33534385449195125	0.14925293669404882	0.2137404481382686
0.33569284698252144	0.14941648729478327	0.21332744135430154
0.3359764233809226	0.14952022947530016	0.21294987363822482
0.3364514344829061	0.14967413606111774	0.2124818776143185
0.3368421211357693	0.14983915310320134	0.21203107478350147
0.33712843295524514	0.14998523939458727	0.21162508459832075
0.33748950408761513	0.1501097502003288	0.21119438678466665
0.33794818799442244	0.15006521790230884	0.21084444986701206
0.3382316332391848	0.15004542645297683	0.21062787827899254
0.3386430349246913	0.15017554584376364	0.21010939774473547
0.3391813985400177	0.15035034949441112	0.20946387029554436
0.33953243694723545	0.15047639708532767	0.20908420508928968
0.3399041066702878	0.15058284399559296	0.20872262804652697
0.34026419463314067	0.1507249308559656	0.2083069532211609
0.34057296337490206	0.15081958896454706	0.20788827507446245
0.3410775976904629	0.1509940371807092	0.207317529996811
0.3413151993994713	0.15106321305955506	0.2070608503346034
0.34169625021897126	0.1512164253309482	0.2066949633423279
0.3419894705543279	0.15139812923463714	0.20626573985302227
0.34230998999094464	0.1515789319314123	0.20587308019741235
0.3428738850186349	0.15175029664018833	0.20521040329708623
0.343199107477708	0.15185472340848988	0.20489962362546477
0.343601756531286	0.15201441506636565	0.20449110243361077
0.34376487691492263	0.15209508436650798	0.20423597289324957
0.3441036315161033	0.15225003379938198	0.20375882988569366
0.344364732734891	0.1523365218948614	0.20347576058778089
0.3448825820595263	0.1525083741802073	0.20299042971334105
0.34505791683231574	0.15255422751295475	0.20282696240734607
0.3454470217622697	0.1526343831010573	0.20239881553875455
0.34558883317184974	0.15268617029980777	0.20222802582292596
0.3457528997754508	0.15272274397042007	0.20184722262299862
0.3460487538649801	0.15282544393027991	0.20142380957870296
0.34620922991484654	0.15284748096717243	0.2012783307043149
0.34662436976570266	0.15288538987518857	0.2010520403844786
0.3470131033615103	0.1529694345320256	0.2009827801294196
0.34733838077412704	0.15303215635255174	0.20090931039140464
0.34754437499910845	0.15308801682152573	0.20084765806511296
0.3477549245170722	0.15332128297223058	0.2007474927973701
0.3478446387516954	0.15342657690016984	0.20070575123333498
0.3478486731708846	0.15343218997130528	0.2007044543692867
0.3478487467316726	0.1534322405575913	0.2007052287262955
0.34783455181189954	0.15346886995798936	0.20069759283650798
0.34781993403357075	0.15350331954979374	0.20068879057944713
0.34779670879907104	0.15355727084500237	0.2006752866388814
0.3477911110840516	0.15356783554502984	0.2006739813179167
0.3477890340090244	0.15357063565797036	0.2006751518068399
0.3477885829792883	0.15357113598128044	0.20067595106315464
0.3477881138967577	0.1535732055406775	0.2006773408325922
0.3477881364550467	0.15357491863262998	0.20067818313051522
0.3477860537034031	0.15357800009932623	0.20067980871233784
0.347787132244088	0.15357941066987055	0.20068122856433146
0.34778566883959294	0.1535800389397966	0.20068174289099502
0.3477867317618393	0.15358145140089857	0.2006835575047264
0.347786277997628	0.1535808441793769	0.20068392636224952
0.3477874512086279	0.15358193535407078	0.20068529323030893
0.3477879371895623	0.15358092086255093	0.20068669156720187
0.3477876460574245	0.15358107274387067	0.2006879043878396
0.34778824319500495	0.15358088183358773	0.200688335410832
0.34778872002784783	0.1535797384645205	0.200689067062461
0.34778806649015814	0.1535787859212453	0.2006894045852984
0.3477885592080764	0.15357923333555418	0.20068973429288506
0.3477887778527917	0.1535772539141445	0.20069025220683284
0.34778817411928625	0.15357662414061068	0.2006897524724472
0.3477880309187887	0.15357795179957315	0.20069015993778683
0.34778814416438353	0.1535762422983069	0.20069075580344536
0.3477882762740419	0.15357602150658278	0.20069057125142803
0.34778847867840135	0.15357535224446017	0.2006909053002228
0.34778825684405057	0.15357521945241936	0.20069074217004607
0.34778891831715036	0.1535746626301202	0.20069102058902732
0.3477877822634259	0.15357531845387923	0.20069069219980748
0.347788266054814	0.15357515204370398	0.20069074691405592
0.34778828008215273	0.15357516373938135	0.20069075823185345
0.34778862636640345	0.153574285002132	0.20069088784384975
0.3477881810678893	0.15357448057476258	0.2006904822623637
0.34778854473688936	0.15357461782373372	0.20069047659073913
0.3477870222803598	0.1535742756344968	0.20069023125547752
0.34778830853560877	0.15357313158264954	0.20069062802326618
0.3477887392815597	0.1535727895330239	0.20069102287816615
0.34778797268365386	0.15357305118207115	0.20069076828758584
0.3477877987674033	0.15357423058033415	0.20069072043081507
0.34778703871419303	0.15357259287274322	0.20069054439387554
0.3477874981036806	0.1535731501865079	0.20069071831705862
0.34778724647896225	0.15357263202476426	0.20069045558665002
0.34778694504935714	0.153573144478518	0.20069059012040208
0.34778789507078683	0.15357311371977012	0.2006905992764887
0.34778727373048657	0.1535723060347397	0.20069071389051368
0.3477873596552337	0.1535729673933294	0.20069045679130346
0.34778688351567394	0.1535723377218463	0.20069029487732715
0.3477871108930992	0.1535725066602216	0.20069005649890673
0.3477872425787469	0.15357264342515065	0.20069004064477328
0.34778745519291226	0.15357303409142492	0.20069000762767839
0.34778681866339745	0.15357241705124092	0.20069014159572224
0.3477872193472319	0.15357177830881932	0.20069019051625683
0.3477879675192268	0.15357133396549882	0.20069064887639168
0.3477875745634937	0.15357189628378837	0.2006902070238547
0.3477879980735805	0.15357171068877423	0.20069018464613078
0.34778781426236827	0.1535724189663514	0.20068991932786637
0.3477871636435175	0.15357306843715135	0.2006897963130176
0.3477887968701359	0.15357217314351482	0.20069027366168563
0.34778713667373684	0.1535716311469909	0.20068995239216825
0.3477870658732781	0.15357165151970248	0.2006897784118927
0.3477880795599485	0.15357155486542798	0.20069021294682368
0.34778739785179086	0.15357182520577578	0.20068977885685615
0.3477871241224961	0.15357155140701928	0.20068979065033749
0.3477871451226839	0.1535731058780325	0.20068962601384083
0.34778549639377065	0.15357178481345435	0.20068958573286305
0.34778742807489116	0.15357322925649033	0.20068947655492844
0.34778694793688636	0.15357125277720093	0.20068990691653643
0.3477869109499865	0.15357157046617365	0.20068977820449715
0.34778694793688625	0.15357125277720102	0.20068990691653651
0.34778676420024013	0.1535710430069635	0.20068946708502938
0.34778653174205615	0.15357187080553764	0.20068944900336505
0.34778777518812537	0.15357128191812475	0.20068984827048553
0.3477869842202811	0.15357168241431057	0.2006897439355822
0.3477865650245835	0.1535716116377602	0.2006894139415571
0.34778741489068193	0.15357216068006835	0.20068957530201037
0.3477865417871899	0.15357166734775857	0.2006893978796061
0.34778661848562875	0.15357295997652548	0.20068912770130087
0.3477873026791629	0.15357226636397692	0.20068923861122392
0.3477870658732781	0.15357165151970237	0.20068977841189267
0.3477871364553147	0.15357149645604873	0.20068928003592856
0.34778649531226735	0.15357177876767641	0.20068936575562696
0.3477875295374936	0.1535719619702119	0.2006897630026369
0.34778702526754246	0.15357211649201732	0.2006890539320671
0.34778750566758304	0.15357216400432852	0.20068925584532588
0.34778696919931035	0.15357147035338764	0.20068979044298557
0.34778732750665736	0.1535721386611804	0.20068923957547774
0.34778695982010027	0.15357227169432225	0.20068900300621378
0.34778725996759446	0.1535720796261491	0.20068957509462138
0.34778573539624086	0.1535725698113618	0.20068905808862936
0.34778600841110563	0.15357152402683957	0.2006893651056903
0.3477868406055935	0.15357188392047352	0.20068923892406157
0.3477868675660503	0.15357223221783306	0.20068917870655317
0.34778639848884757	0.15357220235442498	0.20068910840587437
0.34778732750665736	0.1535721386611804	0.20068923957547777
0.347786159318006	0.15357187535468853	0.20068912306872316
0.34778629589026705	0.15357153584826755	0.20068946596059958
0.3477867311640371	0.15357211372491575	0.20068934879879202
0.34778644496446515	0.15357209093490704	0.2006891405302506
0.3477862442621812	0.15357185898486098	0.20068934814749173
0.3477871497480185	0.15357252528462279	0.20068914473133548
0.34778633707432755	0.1535714887344963	0.2006892179114912
0.34778620911274144	0.15357175597702521	0.2006891574873435
0.34778625558764087	0.153571644557764	0.20068918961128243
0.3477877003927775	0.15357244578899593	0.20068954362226782
0.34778770484341853	0.1535715953730702	0.20068930898824952
0.34778632758297257	0.15357149940339243	0.20068945984284806
0.34778723201275213	0.1535721536074572	0.20068971326947366
0.34778671264308314	0.1535721511636831	0.2006891784995449
0.34778740010681053	0.15357223565878975	0.20068953705888432
0.3477857121656526	0.15357170469448436	0.2006892079604755
0.347786771439535	0.1535723934880618	0.20068916130614337
0.34778664655421154	0.153572103954819	0.2006890088799614
0.347786908503762	0.1535719736299278	0.20068919970319463
0.34778687376558437	0.15357184103406027	0.20068939832384777
0.3477863370743274	0.15357148873449633	0.20068921791149125
0.3477870426358644	0.15357170723027527	0.20068976234990657
0.3477872650487031	0.1535710828896027	0.2006898315556071
0.3477866308197896	0.15357187093222296	0.20068916832117817
0.34778722965084974	0.15357292137193573	0.2006896566007102
0.34778632758297257	0.15357149940339243	0.20068945984284806
0.3477872460198067	0.15357229448436965	0.2006892112753092
0.3477878283555726	0.15357217854379693	0.20068960404726993
0.347786627841993	0.1535720980074713	0.2006890025622521
0.34778671264308314	0.1535721511636831	0.2006891784995449
0.3477865385469737	0.15357207204497197	0.2006891304433016
0.347786744173881	0.15357364030410375	0.20068873706673016
0.3477862408052133	0.15357171953174692	0.20068915136922805
0.3477864264433824	0.15357212837301085	0.20068897023101664
0.3477867177254441	0.15357115442687275	0.2006894349608373
0.3477865417871899	0.15357166734775857	0.2006893978796061
0.34778721794208745	0.15357134063287498	0.20068930833640647
0.347786627841993	0.1535720980074713	0.2006890025622521
0.3477860567303732	0.1535719902766635	0.20068828552567552
0.3477863353993662	0.15357129290773475	0.2006892092910922
0.34778648523978195	0.15357237069804344	0.20068895303754875
0.34778660944940865	0.15357185195089354	0.20068901741273687
0.34778735074443345	0.15357208295062824	0.2006892556376784
0.3477872460198068	0.15357229448436954	0.20068921127530892
0.34778661305830766	0.15357217298244075	0.20068896431913313
0.3477874148906819	0.15357216068006838	0.20068957530201037
0.3477868406055935	0.15357188392047352	0.20068923892406157
0.34778644551750726	0.15357189814604322	0.20068933133696343
0.34778619778694847	0.153571970404255	0.2006893160233494
0.3477872810309698	0.15357225008220604	0.20068920745099905
0.34778635808966446	0.15357089475930374	0.2006892547862784
0.3477862224538991	0.1535712989713775	0.20068949405414532
0.3477862442621812	0.15357185898486092	0.20068934814749173
0.3477870908327759	0.15357273140370048	0.20068965977825287
0.3477872460198067	0.15357229448436965	0.2006892112753092
0.34778634166911987	0.15357168674413932	0.2006892581361901
0.34778655440588974	0.15357186113045357	0.20068903065541233
0.34778681593792016	0.15357255535368772	0.20068906089463587
0.34778645813551484	0.15357209192805604	0.20068896411238585
0.3477873507444335	0.15357208295062813	0.20068925563767848
0.34778649531226746	0.15357177876767664	0.200689365755627
0.3477863370743274	0.15357148873449633	0.20068921791149125
0.3477879315052805	0.15357265226744055	0.20068943729880062
0.34778718223398736	0.153571647352493	0.20068907221094018
0.3477867946690847	0.1535732586070611	0.20068901143514023
0.3477869896770269	0.15357197900310732	0.2006892350864526
0.3477874639162373	0.1535722109892496	0.20068972520588257
0.3477875778644746	0.15357184903382326	0.20068963190281813
0.34778732750665736	0.1535721386611804	0.20068923957547777
0.34778692932282507	0.15357103084268836	0.2006895092949263
0.34778620911274144	0.15357175597702521	0.2006891574873435
0.3477875211147987	0.15357181489223662	0.2006895641952393
0.3477869433598297	0.1535721508415033	0.20068895614084648
0.3477868167772489	0.15357254341583607	0.20068895372426843
0.3477865410908695	0.15357192966383748	0.20068915793103895
0.3477871596930142	0.15357144074584553	0.20068929609821368
0.34778693241832165	0.1535721528875411	0.20068933198820418
0.34778649531226746	0.15357177876767664	0.200689365755627
0.34778671758229196	0.1535713314137228	0.20068905200664988
0.3477871995438678	0.15357240590523774	0.20068917915068724
0.3477869140417112	0.15357212079749727	0.20068921083098817
0.3477876102549726	0.15357197583788956	0.2006899067881407
0.3477872185738669	0.15357119431066113	0.20068979943134463
0.34778666793081947	0.1535712738052303	0.20068940054194567
0.3477869372794738	0.15357206508728988	0.20068922689316693
0.3477867985714685	0.15357324720544524	0.200689426378156
0.34778654178718993	0.15357166734775862	0.20068939787960616
0.3477874639162373	0.1535722109892497	0.20068972520588274
0.3477869955286496	0.15357196497435385	0.200689239131157
0.34778653476538596	0.1535729862298944	0.2006895815085805
0.34778625558764087	0.153571644557764	0.20068918961128243
0.3477874148906819	0.15357216068006838	0.20068957530201037
0.34778648523978195	0.15357237069804344	0.20068895303754875
0.3477868172180429	0.15357254438497486	0.20068895348151058
0.3477865410908695	0.15357192966383748	0.20068915793103895
0.34778744990213567	0.15357211627857514	0.20068957147795835
0.34778704130697097	0.1535721158711288	0.2006890313063016
0.3477869598201003	0.1535722716943222	0.2006890030062137
0.3477865813663553	0.15357220942715072	0.20068897043785727
0.34778714974801833	0.15357252528462273	0.2006891447313354
0.3477796578626319	0.15358952222724445	0.2006839470620839
0.34776441983727113	0.15362819136637462	0.2006734545829602
0.347728741968756	0.15371116308162436	0.20064901866136775
0.34772546607748644	0.15371942656778845	0.20064711533529261
0.34772453272818143	0.15372215586272256	0.20064588291969157
0.3477242110171091	0.15372144315889202	0.20064643090461595
0.3477250835769284	0.15372207806264895	0.20064628186328143
0.34772463110862256	0.15372147036384531	0.20064665151869734
0.34772507059172447	0.1537203293528281	0.20064687022837147
0.3477253548706196	0.15372074992926138	0.20064689451811069
0.34772444219615234	0.1537207019275829	0.20064603861670605
0.347724795915522	0.15371940585563468	0.2006466534323331
0.3477253067631752	0.1537189188488377	0.20064674870670862
0.34772545626287954	0.15371834343262764	0.20064723408680032
0.3477262699047096	0.15371929142948396	0.20064707311566543
0.3477253855640137	0.15371776677550936	0.20064703194050387
0.34772494105424234	0.15371771343543245	0.20064718243228638
0.3477261203691182	0.15371857523173593	0.2006472756986523
0.34772519289285236	0.15371812148619463	0.20064602460958678
0.3477742647049658	0.153580245160079	0.20066244676152534
0.3478368960910596	0.1534041765845373	0.2006821157082404
0.348028076649765	0.15286717870456434	0.20074229268816238
0.34815263736129	0.15247971386966772	0.20078041963183654
0.3482525746255853	0.1520704876701252	0.20080762655295484
0.34833569449586704	0.15174601542695293	0.20083135551417192
0.34845036371773547	0.15135181968811123	0.20087417300490734
0.34853297105523684	0.15106898661539192	0.20090719455693823
0.348667905540274	0.15060201101131154	0.20096342179689988
0.34896857733049186	0.14959557756629338	0.20108845290969699
0.3491988870532161	0.1488568002355582	0.20118607124120375
0.3493165292326739	0.14847162069348602	0.2012370083768707
0.3495101974732114	0.14783338633978338	0.20132415851765523
0.3494350249707279	0.146590787772772	0.2014216645792032
0.3492796061291985	0.1455406825835	0.20142242309664693
0.3493668647739196	0.14445279407388578	0.20168046062019024
0.3494013770693787	0.14303984083448373	0.20203877959183425
0.34943902905157537	0.1416855785453074	0.20245452843339612
0.3495380474064778	0.14011140482728263	0.20296975139122575
0.350274961824783	0.13825197301183045	0.20374309686211156
0.3511387175166745	0.13713373753879626	0.20431969360796262
0.352566658854703	0.13616726824960623	0.20490618150304482
0.3542021285028259	0.13547257524078504	0.2054036620610059
0.3564136196497154	0.1348061110674823	0.20596822263021783
0.36010967598224675	0.13440525456494368	0.20659200301742744
0.36180156424759186	0.1343727289311008	0.20677382522939036
0.3651805628944194	0.13449879971501338	0.2071303055517691
0.36933151225431576	0.1343929704307199	0.20770578141308293
0.37259468054454037	0.1341426846112569	0.20822538278028457
0.37566671591662143	0.1337820623397531	0.2087504563769698
0.37839903074888853	0.13333263832277853	0.2092031540772745
0.38121489713186446	0.1327957236585926	0.209657298894848
0.38453345341416006	0.13214070460973654	0.21008866339425725
0.38612692448859803	0.13174471660957288	0.21028698037222818
0.38889004754522105	0.13095819245071838	0.2105316930103317
0.39100447865234383	0.13041868542135077	0.21070732712014603
0.39224545048269904	0.1300072358323318	0.21074962713209772
0.39480003593057483	0.12912474316756128	0.2106423433746386
0.39727942098915336	0.12821489680572817	0.2104997999157454
0.3983515324316139	0.12770735510082482	0.21028115537099112
0.4002931693403317	0.12692297621068233	0.209773471934605
0.4015803489904158	0.12630143077580708	0.20927731199718108
0.4028294276761451	0.12570276550818643	0.208677858306843
0.40347274048529036	0.12547217113397052	0.20831420005480383
0.4052917815051316	0.12488945641764469	0.20714068575792183
0.4067908570891336	0.12454016993697446	0.20614317608385643
0.40801117456875363	0.12439086427708605	0.20533499483774253
0.40906265031736755	0.1242409332700651	0.20426106952794587
0.4097109634292773	0.12404687074985633	0.20333509739717506
0.4106565718226893	0.1234723005018263	0.201807877472023
0.41129151533966646	0.12269268170716384	0.20038010351590776
0.41156644596741737	0.12230463751056019	0.19974842519164815
0.41194724009971334	0.1212574024446902	0.1987252971072609
0.41200343015060165	0.12047215631712245	0.1981027893097468
0.4119608241182282	0.11944754828056274	0.19747705780616534
0.41193067996786287	0.11834837448823497	0.1970408701861447
0.411769329262107	0.11727238971651534	0.1967748587190175
0.4114978675169656	0.11600589792228534	0.1965706098057882
0.4111859813176007	0.11437535761392555	0.19661509806147884
0.41079574781276745	0.11310606379123327	0.19672353441812027
0.4102685364357425	0.11118474187096596	0.19732338209704658
0.4098384790001848	0.10992968420912407	0.1977850071748382
0.40938104995613056	0.10856527463002301	0.19853734934214148
0.4090668657034024	0.10767729775524663	0.19907889408865426
0.4084459356310444	0.10598276272701825	0.20035969416721328
0.40800968506978563	0.10485471658841534	0.20131406991965345
0.40746606156458887	0.10366677855189575	0.20223755265176624
0.4071365260318008	0.10301462756027972	0.20276629899276175
0.4063291472867616	0.10159926814275123	0.2038213853468692
0.4058096059210289	0.10079117103023687	0.20461510191046983
0.4051035101580023	0.09957819033105574	0.2054938058600383
0.4046137022684799	0.09878113019568203	0.20605134830051622
0.4041217807235503	0.09841869897158366	0.20641291686808066
0.40364048815004516	0.09805311748371999	0.20684356172965557
0.40308297362489776	0.09756598536121631	0.20723950263693486
0.40240149688571386	0.09689245186155192	0.20784191693925172
0.4019257100816785	0.0964662861342477	0.20825324629011654
0.40149745970903655	0.09602056302825175	0.20875304108022438
0.4011378607151815	0.09565158010320253	0.20902780311150004
0.40072282553915517	0.0952218592931461	0.2093984589004299
0.4001041326185725	0.09455300614109223	0.2100537493614299
0.3997103181121155	0.09415171409028182	0.21050016155086254
0.39923176029462193	0.09362875292960988	0.21091767791253235
0.399012596686617	0.09340346252156025	0.21108438770945434
0.39842591868275845	0.09270364413544081	0.21172829277228275
0.3980356820895603	0.09231976500365331	0.21213415208180877
0.39760151929996695	0.09186892080015592	0.212519829755872
0.39714793318585306	0.09135092264963342	0.21289415739973988
0.3967643644192207	0.09095228452094724	0.2132854408419323
0.3962157270175597	0.09052358575356902	0.21362925522353757
0.39575880059901264	0.09008352216266237	0.2139465956302984
0.3952804971670101	0.08959817084017309	0.21437275786195858
0.39500699200374323	0.08929995481891644	0.2146627944911369
0.39448881607133995	0.08872707786375301	0.21518637960067433
0.3940683534953007	0.08826544155166437	0.21558900526578473
0.3936807746639973	0.08787951027415193	0.2159450084116195
0.39347680564029464	0.08767362865950644	0.2161025362030674
0.3931306020770489	0.08726922305566544	0.21655345165426806
0.39259271618359926	0.08669913634733849	0.2169896488466366
0.3919722585866457	0.0861576958435953	0.21748319760454862
0.3916548311503313	0.08585160734100984	0.2177604449682869
0.3914933018146081	0.08570434003438986	0.2179198597396564
0.39110471592588053	0.08525885731448198	0.21838495900277016
0.390744562869012	0.08487184664064222	0.21869369004505707
0.39043286522221465	0.08453259775989698	0.21897500089590455
0.3898204649736885	0.08386685526609024	0.2196996658252709
0.3895517488733444	0.08360252615575313	0.21995918635164746
0.38936239048539173	0.08339479983631985	0.22016945166677268
0.38888652951771024	0.08285808094837714	0.22064126117506522
0.3887084470422832	0.08266897024479504	0.22081807827171418
0.3881441916395638	0.08214149177735065	0.22134256445465025
0.38782122033683114	0.08185236400541294	0.22163880061568586
0.38740503140298477	0.08142674379604571	0.22209184815955213
0.38718459109880315	0.08118003922393567	0.22230249947560876
0.3866707042918606	0.08062447220138404	0.22284984035522395
0.38633050840539807	0.08024908448366143	0.22323801793072806
0.3861371687530276	0.08006085264791753	0.22347327820042018
0.3857658339604542	0.07971375509855282	0.22389037638658935
0.3854305604813713	0.07932644943330237	0.22425736649928998
0.3851767736236939	0.07903861766521496	0.22451055460407415
0.38469789031542284	0.07853242468741696	0.2250612070789762
0.38443966312896793	0.07825391554807308	0.22537984335110545
0.3842254519583963	0.07803906275785318	0.22565155971936807
0.3840620856228255	0.0778499244629804	0.2258593575269072
0.38336486336216863	0.07690445418337953	0.22668256240421392
0.38298758147814177	0.07634839037617978	0.2269948401285853
0.3827414918660895	0.07591925061507153	0.22723995156073834
0.3821720708550508	0.07483876796090079	0.22774169328361304
0.381623767983989	0.07373917435677287	0.22815116441473432
0.381199260410409	0.07268494489207676	0.22852861601872038
0.38050542332764087	0.07095710967910145	0.22924332444530354
0.3799783201124974	0.06964543737176394	0.22965477123709266
0.37966427806567615	0.06881781723149684	0.22998821229782623
0.3790866903816193	0.06734628815473968	0.23054619347564476
0.3782177681691816	0.06508101292483402	0.23131356059762248
0.37794033446095365	0.06434420386645594	0.23157899040524327
0.37712123732846	0.06222683111497941	0.23229007454490896
0.3763914755590138	0.06037253602140162	0.23292960612229774
0.3755454247987581	0.058164404212544	0.23365720251655858
0.3751200314248303	0.05712754316981648	0.23397712270011542
0.37424247089490287	0.05484245337941422	0.23474299947518387
0.37354563645246774	0.05306232703595047	0.23527857691711218
0.37258020917898355	0.05062894881038334	0.23606260929129985
0.3717929488504938	0.04867944028161393	0.23673160838550722
0.3713317123976506	0.047600848669855936	0.23695847831618572
0.3703661175972287	0.04520904514215539	0.23776294382115035
0.3696505215138079	0.043386766398781876	0.23831618417438022
0.3687182910312792	0.041219505944459486	0.238926896719972
0.3678389790534805	0.039214101643112245	0.23949516591622524
0.3671549313677373	0.0376011281740392	0.2399698904918561
0.3663531181857655	0.03584954815366008	0.24044899898174035
0.3654937361630242	0.03392609459662503	0.24101162874865964
0.36442525502063017	0.031538674754738635	0.24161175872259524
0.3638344933484491	0.030254642269777768	0.24199199342771405
0.3630038949122189	0.028142016411033186	0.2426011355090944
0.3621106409079491	0.02577369696005992	0.2432763334490574
0.3613864864835435	0.023801462959391853	0.2437994001488128
0.36067884239465253	0.022020585696982356	0.2443575055031159
0.3602829067067582	0.02090562540686529	0.24466238495905096
0.359468423966282	0.018771990751544274	0.24520825130153506
0.358665599072935	0.016671497041718095	0.24582234566925043
0.35776923195661525	0.01431954448540583	0.24650949694726992
0.35718680097818056	0.012695982007011927	0.24697290639612568
0.3565463079676945	0.011028051170986111	0.2474087724722009
0.35611532340751123	0.009878532600992931	0.24777113706054887
0.3552302635924174	0.007519775570176843	0.24838536989956578
0.3547087753546951	0.006125297496077833	0.24871217457408862
0.3541479966502136	0.004687139444553748	0.24916533095288107
0.35370203447613446	0.0033412410086436223	0.24939517557327656
0.3531513050874668	0.002023723577932998	0.24990759711694138
0.35279643076081346	0.0009336318450063191	0.2500645177873134
0.3521255926294979	-0.0007956496456888312	0.25058581375711064
0.35177497676073655	-0.0017909162957638197	0.2508209488234165
0.3513739919704914	-0.0028236770668906425	0.2510212285944777
0.35104304387053276	-0.0037380986530096	0.2513653157920017
0.35074577512705307	-0.004397101375542736	0.25147995588509425
0.3505012629083666	-0.004890209136983195	0.2514004076034547
0.35017085874562215	-0.0054597834079767454	0.2515351049435418
0.349982877529014	-0.005749759879582886	0.2515626349770042
0.34989154528395183	-0.00583252918658185	0.2513654670151643
0.3499074411180443	-0.005803414149386885	0.25123168856090206
0.34991495207000833	-0.005781209310516497	0.25121725512514476
0.3499293030857502	-0.005733936322484354	0.25119838220797486
0.3497205081701601	-0.005758941782724972	0.25116555231294246
0.34954937761110955	-0.0057837111872759	0.2511407429290236
0.3495165474308083	-0.005783478544801976	0.25112962726532473
0.3495358322026431	-0.005742782494278939	0.25110857888670524
0.34955538396641483	-0.005699434571347986	0.25108957775137136
0.3495624861064907	-0.005684154175915432	0.25108335445461794
0.34956456729973356	-0.005679438419212965	0.25108286204558034
0.3495675875025861	-0.005676488578084657	0.2510823585976484
0.34956855360855127	-0.005675546384338384	0.25108274576880063
0.3495708954853008	-0.005673103229449958	0.25108262113631075
0.34957264958290973	-0.005672174791580456	0.25108190816701137
0.3495723872310982	-0.005672229914136281	0.2510833558130215
0.34957477668863995	-0.005671458792472953	0.2510831837819659
0.34957620569777165	-0.005670768009862229	0.251084172656697
0.34957741080797344	-0.005671104104859423	0.2510851829262699
0.3495774452916188	-0.005671166215407572	0.251085209773634
0.34957739968438295	-0.005671356284709703	0.2510849775941165
0.3495800016131726	-0.005670117792979504	0.251084881161739
0.34957917363280816	-0.005670264843789116	0.25108534146222766
0.34957969505118036	-0.005671342240763835	0.251086031858081
0.34957988605998364	-0.005671274759039044	0.25108679166032394
0.34958102629013477	-0.00567058386144649	0.25108646842702076
0.3495799845200548	-0.005671335730995555	0.2510862567442139
0.3495807647942333	-0.0056710015286119825	0.25108684490972644
0.34958077142382493	-0.005671581496872927	0.2510871706758204
0.34958060570422367	-0.0056715131318924444	0.25108683565815154
0.34958014912462815	-0.005671981382701377	0.25108776600632016
0.3495804995232562	-0.005672694201155945	0.2510882608659626
0.34958041969753006	-0.0056717452949448105	0.2510871647365803
0.34958041408686835	-0.005672009754760968	0.25108781961552284
0.3495807969412363	-0.0056725330087030595	0.25108724903496726
0.34958015762348477	-0.005672059303412566	0.2510873533487019
0.34960754900673724	-0.005651476864821023	0.2509904310534527
0.34964514531797036	-0.00562402299927163	0.25086266059059525
0.34963984607800647	-0.005626828498896466	0.25088161660186326
0.3496279934031279	-0.005632012475713086	0.250947876959808
0.3496170268617318	-0.005640183291631476	0.25098893952467033
0.3496096050896278	-0.005646760909390466	0.2510099485870846
0.34959456418944673	-0.005659121960508898	0.251043629121601
0.3495860324205473	-0.005666504732464925	0.2510663939387425
0.3495822143381358	-0.005669339619395378	0.25107519131245226
0.3495814874758343	-0.005670608100028632	0.2510770929939321
0.34958149804573235	-0.005670063072456835	0.2510763323526803
0.34958425088137157	-0.005699251469349867	0.25109499224879983
0.3495453632173256	-0.006054933032348123	0.25153024420113995
0.3495954920331845	-0.00631434303825916	0.2516205997587149
0.3496255388712257	-0.006330707619251488	0.2514833896476091
0.34967113394666516	-0.0063294895262802214	0.25125257305986226
0.34968550208655835	-0.006331066689298212	0.2511346315151881
0.3497110227169989	-0.006315137188640171	0.25103466229431715
0.3497143207554674	-0.006310560963100745	0.25101227350246436
0.3497129775122012	-0.0063113401582232526	0.25100515457282
0.3497098973581806	-0.006311619906805607	0.2509967136040441
0.3497068248022433	-0.006312328868534264	0.2509906144881545
0.34970088811256306	-0.0063152349355765774	0.250985055617632
0.3496930017298975	-0.006321712151506689	0.250979593134257
0.34968436351039833	-0.006326589199271135	0.2509662254526942
0.3496849032626435	-0.00632311146017496	0.25095708925298105
0.3496852332171651	-0.006321967612546622	0.2509543556262394
0.3496866663905212	-0.0063188818889137605	0.2509496188730197
0.34962607450401856	-0.006364636703318757	0.2509351315886862
0.34960524485701294	-0.006374508100984458	0.25093023519415514
0.34960953988388394	-0.006371987315496333	0.25093045379003526
0.34961381270927716	-0.006369112665624385	0.2509319221311766
0.34962268352727366	-0.006363244532165649	0.25093502850420124
0.3496317163913649	-0.00635711479657107	0.2509377754433165
0.34964252271095325	-0.006349986604428939	0.2509414636443784
0.34968175581050265	-0.006316174778172048	0.2509531780084421
0.34968560892473244	-0.006312770053387054	0.25095413425972934
0.3496864341751985	-0.00631292743097582	0.2509552034371926
0.3496875458985359	-0.006311123453831433	0.2509552565546441
0.34968723060661894	-0.006311695188365066	0.2509560764757795
0.3496885267233505	-0.00630819974413048	0.25095570941222234
0.34968868266472325	-0.006307793182559793	0.25095565189410185
0.34968800685718077	-0.006307232309864838	0.250955678464016
0.34968843773625946	-0.006307425959530169	0.2509567031910861
0.3496883498735036	-0.006306382755044734	0.25095609543660813
0.34968765626475473	-0.006306976257470634	0.25095589145327696
0.3496878546883322	-0.006305424582610561	0.2509544765441958
0.3496888194089955	-0.006305604054642547	0.2509563633798369
0.3496886823510499	-0.006304703578161999	0.250955504955203
0.3496882393463342	-0.006305005384394172	0.2509556360156846
0.34968904116129346	-0.006305415594001926	0.2509560032720203
0.3496882614999912	-0.00630584427555729	0.25095611848839916
0.34968823934633425	-0.006305005384394172	0.25095563601568455
0.3496878828029673	-0.006305521744108103	0.25095547707555044
0.3496873583399363	-0.006305754908880037	0.2509564498960569
0.34968658376985884	-0.006307513983423843	0.25095635355495705
0.34968731329175035	-0.0063068153496257245	0.250956122254828
0.3496870077560931	-0.00630686551564448	0.2509560864837812
0.3496864071214261	-0.006307423918395269	0.25095732891578926
0.3496869544830771	-0.0063061033353673385	0.2509556239383973
0.3496867437810829	-0.006307297044861618	0.2509573447624022
0.34968113009810625	-0.006308523873119601	0.2509566093974218
0.34931611455745787	-0.0061225699542274	0.25076870811444263
0.34914972557977997	-0.005873276121790408	0.2506095466365523
0.3490245941560361	-0.0052676808523729884	0.2504990032796063
0.3489282175950792	-0.004364247967759624	0.2504471256229385
0.348810928017268	-0.0034578213985995004	0.25046674185274065
0.3485512374609015	-0.0022482866542674756	0.2507597647707832
0.34839347474143645	-0.001746268941350923	0.25089848668159653
0.3480584049206663	-0.0008913718706650003	0.2511677932163202
0.3476434385499559	0.0006923041562594684	0.2515516977315284
0.3473282873581915	0.0018956316637911558	0.2518999486644756
0.34675424276573613	0.003567797430718403	0.2523971812253162
0.3464096395072731	0.004762788017382655	0.25274244828201725
0.3460266665155105	0.006234938592695513	0.25317190889985497
0.3456464732755379	0.007655103430058721	0.2535246295775474
0.34529074264754306	0.008989828332365044	0.25376236791199214
0.34488146605244113	0.01116456582277274	0.2541525736307275
0.34462827194711404	0.012477673351999716	0.2542587976451891
0.3441861799405519	0.014978859150026683	0.2545384520049641
0.34398358488621367	0.01622399889297517	0.25472009156406283
0.3434867478389473	0.018611798352797818	0.25509865408795007
0.34325642818667573	0.019828189677620275	0.25529975576066755
0.3428704629772471	0.021637751618220305	0.2556722856685967
0.34217707395528774	0.02511471889757523	0.2563443021360105
0.3418598339386222	0.026631743713377967	0.25672835929622473
0.34140865514867896	0.028906869909650648	0.2572703246194755
0.34112129453744183	0.029954889766047307	0.2574826849483799
0.34049606365150314	0.03299689587811282	0.2583067202088165
0.3400730554088214	0.035016478279832994	0.2588192393044875
0.33993475524917993	0.03629679124346026	0.25902266156270876
0.3395607604412355	0.03950441032403269	0.25928503928150437
0.3393775427321586	0.041621476063076715	0.2594583923705878
0.33915669286862593	0.04374777202989215	0.2596526521980319
0.33892115952570123	0.04582517590094691	0.2598819454266756
0.3388202362416995	0.04791331060510272	0.2600202575318402
0.33861905329239234	0.051663793164132124	0.26024333303300784
0.33855211490660747	0.05295184926311007	0.2603468438944747
0.3385232821624328	0.05553902422154659	0.26031452762656504
0.3385035036003313	0.057572138885247356	0.26043392279459743
0.33858947018153895	0.06056546480771759	0.2603387693845317
0.3386674708897976	0.06354342450487586	0.26028131635256146
0.3388099958872467	0.06580930993519944	0.26021272147726393
0.33890306675259513	0.06720147057483918	0.2601027846100541
0.33918368160519285	0.06977988459766572	0.25989636002321276
0.33935391374908247	0.07134923419521992	0.2596555386057744
0.33974666670511794	0.07429242890144565	0.2593069863450923
0.3401759336168408	0.07665964164837964	0.25896257685591795
0.3405868155914001	0.07879033110718746	0.2585387825116829
0.34103801252174337	0.08069657273362309	0.25824713258201126
0.3418800117781013	0.08385059446674194	0.2574581733001186
0.34254565414028004	0.08576230837751138	0.2569128325954725
0.343162911410837	0.0874057753205195	0.25640083272823955
0.3440191516373673	0.08965030656799554	0.2556230488159662
0.3448087516789821	0.09153763741755726	0.25496149058167494
0.34584298956346116	0.09402414921711345	0.25385390027176485
0.34691159156877865	0.09609662061304812	0.2528842114368706
0.3478512949495154	0.09763654015892535	0.25207534966528944
0.3490505941223685	0.09944235501546932	0.25102055772919657
0.35004688662680955	0.1008968521545215	0.2500324069179047
0.3511249939286466	0.10231173865287942	0.24914886809743467
0.3524216769200829	0.10383941051266078	0.24800051957577368
0.3552796218542649	0.10704251859831486	0.24576319216168035
0.3573330941498941	0.10907099791792306	0.24436992044262268
0.35915182654392047	0.11084713234342776	0.2430288472266548
0.36044523234252657	0.11200187520051712	0.2421347046361352
0.36429677717220765	0.11537987994589176	0.23951102291838314
0.36560339606223957	0.11647080502120634	0.23862601138992948
0.3688690417765236	0.11918360583896016	0.23654136414324503
0.3713633239495822	0.12119616611060056	0.23492147952901438
0.3730543803115006	0.12258357361846066	0.23379970400155586
0.3754228061444097	0.12451532480076018	0.2322303007271376
0.3783462951161677	0.12695120497848134	0.2302351605158296
0.38357464209840364	0.13157069723356585	0.22622529690283666
0.3864912652442707	0.13419799225351542	0.22384918388222835
0.38858599498673396	0.13617553728148135	0.2220149006637101
0.3921183585234156	0.13942146193791127	0.21888780517032444
0.3949291921095145	0.1421612974158456	0.21625981162821806
0.3978275657687527	0.14496257408947916	0.213548127076078
0.4006376799130673	0.14760650270921544	0.21106662187818936
0.40345610373946567	0.15013278389874601	0.2088736668290343
0.40501009489859296	0.15151444919631296	0.20759756451592487
0.4092816586728576	0.15486135510718135	0.2047892911215225
0.41225350624170687	0.1569981028832022	0.20313160104000724
0.4148356049631001	0.158606686054303	0.20195401812552896
0.4163350884536949	0.15942359367521386	0.2012858957515664
0.4199721068643597	0.16123242687699718	0.20005419421012965
0.4232604853649537	0.1623324110611667	0.19928117156656847
0.42470400283981125	0.16284071890560897	0.19900023023351934
0.4273989935474913	0.16324275232915436	0.1988808749868866
0.4304572795758351	0.16293359025258197	0.1988431055281246
0.43259175266250377	0.16264813468452605	0.1988009364000875
0.4354009990543517	0.16206831547739908	0.1986413763166597
0.43650780926968547	0.1617248462022749	0.19868300770681357
0.4385439881328841	0.16093855371980892	0.19869968226106285
0.4411822807029164	0.15942778790036666	0.1988329249894895
0.4428093878423211	0.1582526916540406	0.19885960384632845
0.4439454532055664	0.15715155691063565	0.1987894352909564
0.4453676040137558	0.15559379084106262	0.19861140601930963
0.44693592157562956	0.1533388566100946	0.1981802325134511
0.4476862884462383	0.15190144330801125	0.19770226694879015
0.44810188518121236	0.1509473141044208	0.19737387766108166
0.4487312435657658	0.14889325734172387	0.19645265946606166
0.4489038263854336	0.14792008888589886	0.1959442274417314
0.44915928074340816	0.1448675866285925	0.19407775741967498
0.4491471362496369	0.1439379279361549	0.19343208514233287
0.44899057885876387	0.1425358907783878	0.1923078792014641
0.4485372059435035	0.14030796618004449	0.190273522628927
0.4481080518189884	0.13905813488321495	0.18892748029376394
0.4475538183206992	0.13764437060695583	0.18723704108363498
0.4466691138546564	0.13593467205917276	0.18482795172821662
0.4458952933567103	0.13474254103847777	0.18285225591195642
0.4452656805300131	0.13382866138174165	0.18124707333542378
0.44449536047825	0.1328733131982116	0.17922430824233815
0.4440198712295929	0.13234265559110164	0.17792883945790464
0.44272438121798435	0.1309373383331876	0.17430743528300208
0.4422612002716052	0.13053908904726674	0.17277594264588858
0.4412928719757736	0.13017895162889082	0.1697432638667104
0.44072594151016076	0.13017660266919273	0.1676800809179469
0.44020144908389186	0.12999070740857854	0.16546970727232566
0.4397400144925236	0.1297434114735978	0.16337695828562676
0.43880752633138254	0.12933626869848153	0.1597864154348912
0.4385574124515586	0.12927931689993566	0.15793905967674754
0.43842714976015684	0.12930911140954837	0.15598149829300206
0.4385479071992805	0.12978437428069228	0.15259716309817178
0.4389533380990257	0.1302549547587527	0.15019059183601224
0.439382907574362	0.1307014318481617	0.14778083377038487
0.4397580813343461	0.13116123531630908	0.1458490025879282
0.44079839726318887	0.1324292366916211	0.1408038933870261
0.4413288711992139	0.13304129468019255	0.13808142960747577
0.4417983970069091	0.13372261702634913	0.1352657916641285
0.4422265824510133	0.1344331103687102	0.1325465370404949
0.4425939274637655	0.1350686312779158	0.13007674293754595
0.4432095459567678	0.13580428919811605	0.126830207667874
0.44377296143876166	0.1364878028542491	0.12336607227808194
0.44427368731893885	0.13713056532188678	0.12050877131137105
0.44470839256620753	0.13786043755647265	0.11756961624766149
0.4448723105747139	0.1382731600152603	0.11577414899080712
0.4453445824945729	0.13894970920405614	0.11277127275669452
0.4459344582845638	0.1396457540134522	0.10930455247169024
0.44635702380268916	0.14016012329839317	0.10690500920537838
0.4468728871592778	0.14105529379693055	0.10300226186289319
0.44715334667568235	0.14160748821018487	0.1005847452419692
0.4475655553630654	0.1422015386324313	0.09815674041217803
0.44789839568845297	0.14279986263981453	0.09541633003416916
0.44834330043580933	0.14328614912099535	0.0929109920570742
0.4487880674125456	0.14381473055290916	0.09018952030420413
0.44928940371260906	0.14470651306957238	0.08650513880386673
0.44971395363491395	0.1453127453503592	0.08389300428963781
0.44984493407370213	0.14567840128672588	0.08236761749747146
0.45029431160313327	0.14634705734478398	0.07932603984549041
0.450636513301045	0.14699241016038933	0.07687751325617953
0.4509576364854854	0.1474888505176637	0.07464166559549412
0.4514197981575171	0.14798479508802392	0.0723336799758405
0.45183169797115663	0.14856841934808507	0.069876961204411
0.452133342819009	0.1491755232849617	0.06738971665178273
0.4525468654988007	0.14988095752046837	0.06453293840799562
0.45291270299218167	0.15046179729307485	0.06243794324235258
0.4531259401613268	0.1507172728046482	0.06136912193721317
0.45381280316209005	0.15154241075160774	0.05875361303125659
0.45428305361657145	0.15207516453075004	0.056959762653326806
0.4547509197572489	0.15265152982790997	0.055067677905955625
0.4552511572173834	0.15328561830259024	0.0528438635026498
0.45559580263840593	0.15378796880291262	0.051099115772580805
0.4558543881380706	0.15423739501747197	0.049460060789657256
0.4560751830838083	0.15467414985231526	0.047918930802871906
0.4561775893417296	0.15488850730779435	0.04695496865462351
0.4563827878257125	0.1555016626280471	0.0445940985356279
0.4565397234157893	0.15587384368468044	0.04304313221249617
0.4569106902829952	0.15631156415576608	0.04180312244338835
0.45752918803073106	0.15685786088811743	0.04037497672764456
0.4580559200585837	0.15727342105205727	0.03948665635960369
0.4585365570742176	0.15760919969092274	0.038446827582080234
0.4588389865338809	0.15782096247345806	0.037833259489885585
0.45922193212673545	0.15831504816766118	0.03675930571340147
0.45990001593308877	0.15893378255437374	0.03583332695210373
0.4602625852299212	0.15934187673501055	0.03525574442282742
0.46041808825653824	0.15959113304225547	0.03487302691548316
0.4608096143727109	0.15997883654973277	0.034512904358419305
0.4613495880414311	0.16049498618869495	0.03416387906683577
0.4615038864847445	0.1607484666368924	0.03389617363350933
0.4620267561794464	0.16123164560967645	0.03357882141888652
0.46246619405193634	0.16175625877438937	0.033188507286932845
0.46268515663744275	0.16199582149247976	0.03293948006344222
0.4632579273043468	0.16250297731687052	0.03265558457174045
0.46357027380226135	0.1628993614286956	0.032344825253675935
0.46376557508154814	0.16316821849875685	0.032066244016247525
0.4643742318859518	0.16370064547409158	0.03178418437141417
0.4646386130090156	0.16401063672261462	0.03149994786619664
0.46478993378920597	0.16422810083403583	0.031287329567303956
0.46520631876891816	0.16461699417100972	0.031050176596804535
0.4656471355521989	0.16497304647918115	0.030814463883783227
0.46587285965674086	0.16529598661831924	0.03046839924383543
0.46637509949339445	0.1658546535049532	0.030141357158289084
0.46660525382363205	0.1660569301770784	0.03003817525396324
0.46698696714927174	0.16644524046258669	0.02969877840276358
0.46716986252955567	0.1667287497809385	0.029390097252476433
0.4675842954577721	0.16711941194449642	0.02920873224790632
0.467994552204663	0.1674548951531612	0.029011559006710763
0.46842320686261807	0.16765937995350705	0.028696348326359145
0.4685789217101071	0.1678581497087277	0.028520646794484406
0.4688771025172528	0.16820920368355008	0.02832287618367718
0.46932832656975976	0.16867722182958522	0.028054411141660962
0.4697396211839092	0.16895425170977102	0.027712077006548985
0.4700676111970362	0.1691516231576275	0.027526864654719096
0.4704858582227383	0.16946409435885884	0.02734519142936448
0.4707995765534184	0.16981643643718647	0.027141727105287006
0.4709024983155852	0.16986842282458797	0.02700905689841715
0.47107574841213096	0.17004335030957435	0.026712346626093064
0.4715621681116097	0.17043841568015056	0.026428087811938006
0.4717725811059118	0.170595427599186	0.026313529455718132
0.4721520089211273	0.17079518135968003	0.026181538807728055
0.4726384506979798	0.171077893698868	0.025916455785497394
0.47279251517572	0.17127878503917043	0.025597494598465886
0.47306730752642373	0.1715038294545988	0.02542122566946098
0.47336031978973825	0.17165728402277153	0.02534281775121544
0.4736795791169004	0.17186181803788997	0.025168602827221054
0.47409985474992944	0.1720592465925393	0.0249484600436658
0.4743569175189327	0.17222995614830794	0.024732279236036825
0.47451806789935086	0.17241761969615793	0.024496866228117198
0.47491271599347384	0.17272032148326388	0.024285983183121085
0.47507478263366876	0.1728000510326786	0.024220456510796184
0.4756627410080007	0.17308167777472977	0.02411943282610224
0.47596701217311677	0.17320489356598767	0.024124391395120237
0.4767470262767015	0.17351210523481814	0.02405195537091165
0.47703430657323176	0.17368947414784552	0.02402691714602495
0.47746022870919785	0.17386281624663913	0.02408074821767181
0.477721076627538	0.17392913029843082	0.023988161209411607
0.4780881876572328	0.1740951385275677	0.023866233812359916
0.47849102733867155	0.17423183251546587	0.02382140679630157
0.4789224509433164	0.17436343336668353	0.02377396113053687
0.479189162783333	0.17450937124939092	0.023759436129433376
0.4795731926767815	0.1746314376450281	0.02377843913918315
0.48005225121535233	0.1748345277696653	0.023791335105461553
0.48050080161631786	0.17495325709689963	0.02382419409206815
0.4810369753710802	0.1750742255380856	0.023811582280497567
0.4811605346468748	0.17511249860921596	0.02380624136897297
0.4815017113338729	0.17534549582117231	0.02369785137956215
0.4818752333013245	0.17548806041845078	0.023678645291637435
0.4823582330359863	0.17569693736486003	0.02374442435101981
0.48271949618678744	0.17615671148798734	0.024124096894982017
0.4828789947527376	0.17641109208554906	0.024348424402098334
0.48307743975511386	0.17639464412110645	0.025120360077535264
0.48313148879917633	0.17627765955722602	0.02571693970466321
0.48320188109740486	0.17661474817974687	0.026804158628117802
0.4831848197877809	0.17686249277146782	0.027989801486272503
0.4835500559015567	0.17730024288920154	0.03155482041537078
0.483587226402719	0.17748811527767544	0.0334301545994487
0.48383164643380355	0.17771548469584458	0.035738298375338706
0.48385830218560155	0.17788236104411648	0.037739891344272636
0.4840669558538265	0.17808243950837666	0.04073863375283382
0.48425441553672766	0.178399834476335	0.04498817755817025
0.4842448930505738	0.17849541506444605	0.04650661966061537
0.48442737598493013	0.17870320652277888	0.04938894233588559
0.48451365014403386	0.1789526152843146	0.05419082667908243
0.4845407699876773	0.17898062988371088	0.05593856555036103
0.48475847236782127	0.17929830544654607	0.06231023695046062
0.4848632099027024	0.1795064688731065	0.06618389113928413
0.48495147183817205	0.17967542260599584	0.07016992300461722
0.4849605030379265	0.17979805805760696	0.0738609607685406
0.4850679299662327	0.1799783265006819	0.07823735651254082
0.48507957641636107	0.18001754381814128	0.08053087283071086
0.4851135511627336	0.1801598515573669	0.08518321914692095
0.4852174303521599	0.18045767706315818	0.0926586500003923
0.48528598760199093	0.18056606473359782	0.09701436130300356
0.48536908328205497	0.18071039340888778	0.10136481624952498
0.4853975717364358	0.18073599081316982	0.10366981285394666
0.48550751190681946	0.1809875349711934	0.110547382503634
0.4855408413603676	0.18115443790490476	0.11648136115597002
0.4855666821029018	0.18120208947579985	0.11876635271711383
0.4856615283779809	0.1814046511573087	0.12468702000922877
0.48571495021467825	0.18150434249429886	0.1292794418473962
0.4857516536362133	0.1816007915352445	0.1355639503409079
0.48585295239701876	0.18177544726386818	0.14025474674935895
0.48586876541305213	0.1818523710789101	0.14284475206799774
0.4859351040471491	0.18193751139050934	0.1470871763906174
0.48600086003502474	0.182038309327278	0.15126816220301836
0.48606079010983894	0.1821794591992471	0.15749146321453616
0.48616324090099683	0.1823225564022899	0.16237056285571289
0.48620583348224483	0.18245814422822604	0.16637477650540122
0.4862580965611453	0.18250122490039722	0.16886717508496724
0.48630841222349697	0.18260051090187546	0.17241346966808102
0.48643528281964027	0.18277542883925596	0.17803134340531293
0.4865794124286772	0.18293590897880274	0.18228890652743565
0.48666168084785794	0.18305367006367929	0.18538899936499958
0.4867181288675294	0.18310139475463605	0.18834164350623586
0.486823249513338	0.18327245583702756	0.19220273940291632
0.4869148347930097	0.18338761496371914	0.19525667549054526
0.48701614132552823	0.18348185606628897	0.19785485303773986
0.48713216076130084	0.1835625444264623	0.19915653958762655
0.4872039816279662	0.18374195333070903	0.2012351395586423
0.48753467249127636	0.18406148110827486	0.20466691572581308
0.48761468917537537	0.184273722307414	0.20632988548408424
0.48777502300526365	0.18456006500689726	0.20787942442449353
0.48776228349149175	0.18461503716567168	0.20881174161666458
0.48790303932281104	0.1846827615559385	0.20984239685648748
0.4880129617355442	0.1846911202630569	0.21073045210198915
