0.34339896154261385	0.14064161988484525	0.20706618932314916
0.34339896154261385	0.14064161988484525	0.20706618932314916
0.34361198593577397	0.14069246254082352	0.20700810989112373
0.34385555792301326	0.1407557077109874	0.20694024110416348
0.3442095014345914	0.14095269232392105	0.20681320562574634
0.34450953791920413	0.14127911278235333	0.2066599192160516
0.34463214724948127	0.14141152206049196	0.20659832837237602
0.3448874990683208	0.1415159454293971	0.20651641035948445
0.34516723110047604	0.1416262854210718	0.2064291009325273
0.3455349055132856	0.14186733240687732	0.20628720099440168
0.3457659158956063	0.14211647680641754	0.20617108188898275
0.34608617698672345	0.14246756192161575	0.20600943665424692
0.34634130227578924	0.14272960697954862	0.20588615338370977
0.34651964172050587	0.1427971849970628	0.20583255275867085
0.3470633320446065	0.14302552702098448	0.20566065481086002
0.34733626784866284	0.1433176272941039	0.20552359335042442
0.34752006988060763	0.14352723861097916	0.20542932830369162
0.347892287314025	0.1439563325832669	0.20523434294027265
0.3481530043203648	0.1441668399370063	0.20512319808712406
0.3484263780422538	0.144277646484599	0.2050387716359946
0.3487711624621955	0.14442831328992228	0.2049287311011632
0.34906426467796	0.14473690312304155	0.2047832236001881
0.3493150842221535	0.14502598765725233	0.2046529620993388
0.34958479082435007	0.1453404217174749	0.20451262469266912
0.34985967073809665	0.14561225449780557	0.20438290300252515
0.350176039058256	0.14574021668299558	0.20428498678544457
0.35042343838751794	0.14587431128835876	0.20419952526194274
0.35083713339438477	0.14634727891816535	0.2039866846054727
0.35107053764915336	0.1466234039005324	0.20386390336514637
0.35117735552332785	0.1467496576352419	0.2038079488080028
0.3515199741779331	0.14696243663658126	0.20368252435768708
0.3519688732826695	0.14717680416881868	0.20353628805215582
0.35211801184523406	0.14734653202947584	0.20346069321425184
0.3524534022585328	0.14774807554353486	0.20328286151949593
0.3526410198244956	0.14797568587879223	0.20318348517957496
0.3528828664314831	0.148268021828524	0.20305500145017477
0.3530963373409782	0.14852713671583917	0.20294171399218347
0.35331559112326305	0.14868880704996956	0.20285495075762813
0.3537210956946462	0.14880718018398398	0.2027458621977546
0.3539335027876976	0.14899453463238355	0.20265350861984546
0.35413406205588166	0.1492325343444698	0.2025483490243416
0.3543677449890194	0.14951530003374397	0.20242585371689087
0.35454859166473296	0.14974468598733942	0.20232356918991268
0.354560743457751	0.14982439450548135	0.20226725972318294
0.35453374429393236	0.1498601831813643	0.20222878075273543
0.3545247612479601	0.14985548466386933	0.20222915256277138
0.3545207611041947	0.14985355164026598	0.20222930325336963
0.35452029217361053	0.14985442726424125	0.20222909680022746
0.3545186019358825	0.14985374211886804	0.2022296602544152
0.35451863556377183	0.14985310748192093	0.20222988923721638
0.354518175439095	0.14985412959366157	0.20223066429470976
0.35451810043804954	0.14985360624895927	0.20223091428625622
0.35451649420172243	0.1498526178734912	0.20223144490550332
0.35451670149510445	0.1498516092445651	0.2022323271013588
0.35451620568019354	0.1498515665892683	0.2022324909581523
0.35451568552368556	0.14985124398639954	0.20223263208928463
0.3545158634487291	0.14985033767221156	0.20223291121841688
0.3545154474442941	0.14984998467574423	0.20223340988109983
0.3545144624429001	0.14984946782937558	0.20223315410952972
0.35451528733162285	0.14984987164829927	0.20223353156603138
0.3545137637915677	0.14984902845892317	0.2022336814082475
0.35451445517433544	0.14984877602365104	0.2022344114960355
0.35451276739637017	0.14984755768248814	0.20223432929691904
0.3545137395215042	0.14984798665559668	0.20223482702777973
0.3545139765644364	0.14984754030632047	0.2022349093932801
0.3545132501253741	0.1498473454974143	0.202235227124948
0.354512854455094	0.14984723777956493	0.20223538026710663
0.35451280085995934	0.1498467539750144	0.20223529813531899
0.3545114002439089	0.14984567904942203	0.2022352186999081
0.35451294084072804	0.14984680008165624	0.20223541575232373
0.3545131587024047	0.14984617194211824	0.2022354956073442
0.3545130114596264	0.1498461467734044	0.2022353753284667
0.3545122059514666	0.1498459010614236	0.20223559364023327
0.3545118975079406	0.14984668526361805	0.20223543893175341
0.35451199535216665	0.14984650826195983	0.2022355164472313
0.35451277442041207	0.14984659312461757	0.20223529296276382
0.3545131778810393	0.14984635373118266	0.20223549811887778
0.35451290972711896	0.1498463267787789	0.2022361088630471
0.3545118849447991	0.14984608208306877	0.20223591492642745
0.3545130386865598	0.1498466230781167	0.20223549326945178
0.3545127072553342	0.1498454846631016	0.20223587631280376
0.3545118312776674	0.1498454449298791	0.2022357918143049
0.3545120955434493	0.14984547488325878	0.20223599212002613
0.354512470217394	0.14984593101485072	0.20223579394633856
0.35451234514655244	0.14984563171199033	0.20223559849128295
0.35451228602088986	0.14984517175612128	0.20223579526660346
0.35451270709853605	0.14984628598155253	0.20223571754207118
0.354513007570294	0.14984614977357846	0.20223618637821744
0.35451234190027353	0.14984650250501758	0.20223570945040525
0.3545136887949066	0.14984641164326046	0.2022358853794402
0.3545125902341752	0.14984547987892372	0.2022357962861657
0.35451294084072804	0.14984680008165624	0.20223541575232373
0.35451184936394603	0.14984654911777134	0.202235638200697
0.35451258228541216	0.14984572964385845	0.20223579243469472
0.35451294084072804	0.14984680008165624	0.20223541575232373
0.354512470217394	0.14984593101485072	0.20223579394633856
0.35451284333927136	0.14984588776060637	0.20223630297541567
0.3545131587024047	0.14984617194211824	0.2022354956073442
0.35451327572574265	0.14984617672692802	0.20223557563537775
0.35451290972711896	0.1498463267787789	0.2022361088630471
0.35451290972711896	0.1498463267787789	0.2022361088630471
0.35451378663966104	0.14984623463714247	0.2022359628961515
0.35451237237335337	0.14984610801743953	0.2022357164304085
0.35451225961819915	0.14984653821531196	0.20223571675320925
0.3545122059514667	0.1498459010614236	0.20223559364023327
0.35451306512618075	0.149846783928463	0.20223549844210256
0.3545135496005391	0.14984668098828408	0.20223588052979452
0.3545127262764486	0.14984645697816434	0.2022354922321862
0.3545135760403023	0.14984684183853247	0.20223588570262996
0.35451298113094715	0.1498459889248786	0.2022361812055547
0.3545131778810393	0.14984635373118266	0.20223549811887778
0.3545127072553342	0.1498454846631016	0.20223587631280376
0.3545134517546563	0.14984685799368685	0.2022358030124552
0.35451268807799685	0.1498453028763691	0.20223587380245028
0.35451298113094715	0.1498459889248786	0.2022361812055547
0.3545134517546563	0.14984685799368685	0.2022358030124552
0.3545131091455737	0.14984677108876981	0.2022352940745134
0.35451282727276867	0.14984503352780126	0.20223587865414652
0.3545135496005391	0.14984668098828408	0.20223588052979452
0.354512470217394	0.14984593101485072	0.20223579394633856
0.3545128859044398	0.14984712568637581	0.20223546188229113
0.35451449603711005	0.1498468687359789	0.20223576583620423
0.3545136104506774	0.14984635469100838	0.2022355767474633
0.3545136074183454	0.14984657639401222	0.20223592633537846
0.354513007570294	0.14984614977357846	0.20223618637821744
0.3545132565480174	0.14984599493861295	0.2022355731248268
0.3545123948449634	0.14984531856410044	0.20223587527560466
0.35451277442041207	0.14984659312461757	0.20223529296276382
0.35451331585653095	0.1498461668882312	0.20223618231822177
0.3545130386865598	0.1498466230781167	0.20223549326945178
0.3545135496005391	0.14984668098828408	0.20223588052979452
0.35451306512618075	0.149846783928463	0.20223549844210256
0.354513007570294	0.14984614977357846	0.20223618637821744
0.35451306512618075	0.149846783928463	0.20223549844210256
0.35451324115462657	0.14984746519502423	0.20223572582013433
0.35451347819533613	0.14984701884468343	0.2022358081862615
0.35451347819533613	0.14984701884468343	0.2022358081862615
0.35451294084072804	0.14984680008165624	0.20223541575232373
0.3545133390007212	0.14984728818958837	0.2022358033371309
0.3545131203258631	0.14984571957834403	0.20223618605693794
0.3545120491378155	0.14984481679199357	0.20223587167077034
0.3545131229434151	0.14984667933485007	0.20223554424698792
0.3545130386865598	0.1498466230781167	0.20223549326945178
0.3545135496005391	0.14984668098828408	0.20223588052979452
0.3545123948449635	0.1498453185641005	0.2022358752756045
0.3545136533482917	0.1498461421369524	0.20223588724295435
0.35451289762644045	0.14984583679252217	0.20223586412518227
0.35451225961819915	0.14984653821531196	0.20223571675320925
0.35451321816882647	0.14984554257317673	0.20223626357245097
0.35451282808653867	0.14984723027956615	0.20223541607703455
0.3545123988134745	0.1498462688669855	0.20223572160385744
0.3545128859044398	0.14984712568637581	0.20223546188229113
0.35451337341170025	0.14984680104230652	0.20223549438153823
0.3545133390007212	0.14984728818958837	0.2022358033371309
0.35451337367353986	0.1498460622940288	0.20223622812330644
0.35451429755282426	0.1498462925474477	0.2022363501579083
0.35451331726298146	0.14984727138633885	0.2022358106174108
0.35451327572574265	0.14984617672692802	0.20223557563537775
0.3545139507126315	0.1498472979732673	0.2022356875303688
0.35451324115462657	0.14984746519502423	0.20223572582013433
0.35451321816882647	0.14984554257317673	0.20223626357245097
0.3545132759849076	0.14984543797904404	0.20223630937695566
0.3545131236182561	0.1498447483359791	0.20223634239195445
0.3545130386865598	0.1498466230781167	0.20223549326945178
0.3545129633158236	0.14984601062707764	0.20223557459811267
0.35451327572574265	0.14984617672692802	0.20223557563537775
0.35451373154385274	0.14984736155936923	0.20223585025551727
0.35451282808653867	0.14984723027956615	0.20223541607703455
0.35451219074524176	0.14984593615630037	0.20223579576519632
0.3545127262764486	0.14984645697816434	0.2022354922321862
0.35451294084072804	0.14984680008165624	0.20223541575232373
0.3545135760403023	0.14984684183853247	0.20223588570262996
0.354513007570294	0.14984614977357846	0.20223618637821744
0.3545131438084535	0.14984575155080282	0.20223677181068994
0.3545131778810393	0.14984635373118266	0.20223549811887778
0.3545126687204224	0.14984582282570752	0.20223618016774694
0.3545134935867252	0.14984554858733568	0.20223565549164021
0.3545123958582747	0.14984613999285967	0.20223630218465466
0.3545135489916767	0.14984689218712227	0.20223587278891203
0.3545126064567217	0.14984553279319474	0.2022363793784997
0.35451327572574265	0.14984617672692802	0.20223557563537775
0.35451234514655244	0.14984563171199033	0.20223559849128295
0.3545135496005391	0.14984668098828408	0.20223588052979452
0.35451282808653867	0.14984723027956615	0.20223541607703455
0.35451378663966104	0.14984623463714247	0.2022359628961515
0.3545130074126332	0.14984695109416768	0.20223602760875303
0.35451282808653867	0.14984723027956615	0.20223541607703455
0.3545132629590563	0.14984620677434124	0.20223557108469936
0.3545130386865598	0.1498466230781167	0.20223549326945178
0.3545131778810393	0.14984635373118266	0.20223549811887778
0.3545130386865598	0.1498466230781167	0.20223549326945178
0.35451376746178653	0.14984605284893032	0.20223596038542446
0.3545127262764486	0.14984645697816434	0.2022354922321862
0.3545123988134745	0.1498462688669855	0.20223572160385744
0.3545123958582747	0.14984613999285967	0.20223630218465466
0.3545126726876519	0.14984677312967998	0.20223602649638053
0.35451296331582366	0.14984601062707764	0.20223557459811267
0.354512573494235	0.14984695958660116	0.20223546084477592
0.35451225961819915	0.14984653821531196	0.20223571675320925
0.35451216177394673	0.1498467152179339	0.20223563923762197
0.354513237190466	0.14984651488826384	0.202235879491921
0.3545127302404951	0.1498474072831386	0.20223533856024922
0.3545128832868554	0.1498461659293308	0.2022361036894135
0.35451268396112545	0.14984675214516086	0.20223603187861253
0.3545122970024634	0.14984549556662685	0.2022357977606324
0.3545127527164117	0.14984661782833092	0.20223549740478286
0.35451327572574265	0.14984617672692802	0.20223557563537775
0.354512470217394	0.14984593101485072	0.20223579394633856
0.3545135496005391	0.14984668098828408	0.20223588052979452
0.35451237237335337	0.14984610801743953	0.2022357164304085
0.35451368165393005	0.14984773335074342	0.20223559648510714
0.35451384445680056	0.14984613004244812	0.20223600870136416
0.3545121533594696	0.1498453702910199	0.20223603792431058
0.3545135760403023	0.14984684183853247	0.20223588570262996
0.354511682941734	0.1498463421626101	0.20223551541029117
0.35451311107906075	0.14984657795971634	0.20223553797161192
0.3545120859607269	0.1498459987532218	0.2022357007775821
0.3545135760403023	0.14984684183853247	0.20223588570262996
0.35451278409398107	0.14984635238545313	0.2022355380374504
0.3545131778810393	0.14984635373118266	0.20223549811887778
0.3545130386865598	0.1498466230781167	0.20223549326945178
0.35451384445680056	0.14984613004244812	0.20223600870136416
0.3545130386865598	0.1498466230781167	0.20223549326945178
0.354512470217394	0.14984593101485072	0.20223579394633856
0.3545129672812656	0.14984696093275068	0.2022354209259454
0.3545131811766509	0.1498453824877768	0.2022356544544318
0.35451296331582366	0.14984601062707764	0.20223557459811267
0.3545117956972821	0.14984591196320302	0.20223551508785678
0.35451216177394673	0.1498467152179339	0.20223563923762197
0.3545133390007212	0.14984728818958837	0.2022358033371309
0.35451327572574265	0.14984617672692802	0.20223557563537775
0.3545135496005391	0.14984668098828408	0.20223588052979452
0.3545135760403023	0.14984684183853247	0.20223588570262996
0.35451322666472346	0.1498456653066934	0.20223623121324513
0.35451327572574265	0.14984617672692802	0.20223557563537775
0.35451327572574265	0.14984617672692802	0.20223557563537775
0.3545127302404951	0.1498474072831386	0.20223533856024922
0.35451251567657743	0.14984706417933197	0.20223541503971423
0.3545134517546563	0.14984685799368685	0.2022358030124552
0.354514121364555	0.14984641260129555	0.2022359640088885
0.3545126726876519	0.14984677312967998	0.20223602649638053
0.3545130386865598	0.1498466230781167	0.20223549326945178
0.3545122902067582	0.14984595731779027	0.20223564461672844
0.3545133379887143	0.1498464667605096	0.20223537642459605
0.3545135758791238	0.14984764316042176	0.2022357269325773
0.35451294084072804	0.14984680008165624	0.20223541575232373
0.35451298113094715	0.1498459889248786	0.2022361812055547
0.35451298113094715	0.1498459889248786	0.2022361812055547
0.3545134517546563	0.14984685799368685	0.2022358030124552
0.3545126990496877	0.14984598067358906	0.202235374291516
0.35451282808653867	0.14984723027956615	0.20223541607703455
0.3545119970623343	0.14984642091743794	0.20223557274741677
0.3545137864793142	0.14984703595878246	0.20223580412483957
0.354512470217394	0.14984593101485072	0.20223579394633856
0.3545130386865598	0.1498466230781167	0.20223549326945178
0.354513436668804	0.1498461360296927	0.20223592993764722
0.35451298113094715	0.1498459889248786	0.2022361812055547
0.35451355289420444	0.1498457205364198	0.20223626468511743
0.3545136104506774	0.14984635469100838	0.2022355767474633
0.3545127302404951	0.1498474072831386	0.20223533856024922
0.3545112702318867	0.14984688163441584	0.20223501847438574
0.3545135027287531	0.14984560819045195	0.20223621092304592
0.3545128946576244	0.14984738128939756	0.20223602793268097
0.3545124620102812	0.1498464270247002	0.20223529192581255
0.3545127302404951	0.1498474072831386	0.20223533856024922
0.35451306512618075	0.149846783928463	0.20223549844210256
0.354512470217394	0.14984593101485072	0.20223579394633856
0.35451365039833566	0.1498466328609197	0.20223537746190454
0.35451347819533613	0.14984701884468343	0.2022358081862615
0.35451283223817254	0.14984648853201632	0.20223533876815825
0.35451225961819915	0.14984653821531196	0.20223571675320925
0.3545140623174435	0.1498455019030261	0.20223608855809105
0.35451378663966104	0.14984623463714247	0.2022359628961515
0.3545127262764486	0.14984645697816434	0.2022354922321862
0.3545127527164117	0.14984661782833092	0.20223549740478286
0.3544116733954614	0.14979682137498374	0.20223213327067602
0.35394968309836344	0.1497050622818904	0.2022109925874601
0.3539852774623563	0.14945762066077645	0.20237699037420165
0.3538888310006909	0.14883149660453548	0.2027031900642491
0.35389930235837425	0.14850370243015687	0.20294229947553472
0.3538720165317736	0.14758541294557193	0.20346623744375
0.3543094602661257	0.14659149415091094	0.20418223736696806
0.35503332148994576	0.14590267494718467	0.20477505593753426
0.35562988797581474	0.14566466365040953	0.2050382939547913
0.3575918074218473	0.1452359733776339	0.2057388877705702
0.3595267460719425	0.14507885036076817	0.20625723321988154
0.36094004352388803	0.1450949789241413	0.2065669342986513
0.36468413302316893	0.14530400189724613	0.20711606678492267
0.36905494933966027	0.14571560526234317	0.20770969282557084
0.371961251498793	0.14587097897463008	0.20814485531312543
0.3745744109404148	0.1458331640296477	0.20859264277353917
0.37767249277902204	0.14562634679001613	0.20919398901062286
0.3792808040028473	0.14543847075369815	0.209484681840508
0.38366892719602214	0.14479830676105993	0.21029471705877387
0.38539153582723606	0.14443533819195403	0.21059139867836835
0.38769730294872107	0.14387218299012167	0.21092480561903282
0.3904846594199247	0.14305883446329826	0.2112160325013897
0.3924407292733373	0.14240999213514866	0.2114063389954134
0.3942739054109095	0.14163643329219472	0.211425349955631
0.39674748397054305	0.14056761364886833	0.2115081192427581
0.39840078196323736	0.1396861963985645	0.21133819857196964
0.3993481683378499	0.13924660263142535	0.21123679342254653
0.4011821667121911	0.1382232485266487	0.21088065751929333
0.4024292074619987	0.13740186397664228	0.21036568405907974
0.4037083824300203	0.1365696510219398	0.20980100670540106
0.40490347874856597	0.1358118477967049	0.20924971253778943
0.40668391159372314	0.13498975365462607	0.2082004409551418
0.4078221581124092	0.1343467342987702	0.207305166248439
0.408887252773218	0.13376533376341782	0.2061565854802358
0.4098417260504995	0.13336119391753903	0.20500283754051624
0.4103933710400504	0.1330955230006413	0.20442573013995893
0.4111217996913008	0.1325915114265105	0.203296825540218
0.4117215913007453	0.13180608152878154	0.20213656756862236
0.4124713506344553	0.13026408079243224	0.20046625525138434
0.41265097116114446	0.1295600379013342	0.19986252585491612
0.41282183377311993	0.12830961047116057	0.19906884444893977
0.4128340282810925	0.12676070315611682	0.19835984846648935
0.41271578068558545	0.12535063265114005	0.19784597017215227
0.41262973403067804	0.12459028812397309	0.19768940309704539
0.41225707812621637	0.12237008829995046	0.19743176807093807
0.4119819610782543	0.12072576095175959	0.19743037622085288
0.4116537885681629	0.11928212566541234	0.19755197364697438
0.4110896511761081	0.11680314698915566	0.19817887623533914
0.4107778893927537	0.11574048649412567	0.19849476789631007
0.4102535835012726	0.11376537734669752	0.199410688261863
0.40969083945562595	0.11201321899860613	0.2003697744829176
0.40932309381798143	0.11070043558338062	0.20135630936843582
0.4087843438389182	0.10917858820827085	0.20235805650935612
0.4081542975057455	0.10752309669391517	0.20347095894506434
0.40788878564535963	0.10692903223001292	0.20380990204894028
0.4071679470028427	0.10552601866098633	0.20489061036175546
0.4065011197295905	0.10452957163394157	0.20564405707694225
0.40601846290780974	0.10369109527071214	0.20617426269002484
0.4055621160869116	0.10284672714982113	0.20685638982250623
0.40493322556708283	0.10201183306496721	0.2073701224693095
0.404312029921271	0.10147515496895425	0.20786123352611194
0.4038484236918998	0.10107493004443972	0.20820761410697933
0.40333563862410443	0.10055055177456791	0.2086194988408314
0.4028484465901283	0.10005545084031396	0.20895277573972093
0.4023545275325203	0.0995251523915419	0.20940672491285767
0.40193599485006354	0.09908378406540329	0.2097556984955918
0.4013293587563744	0.0983590411715242	0.21033025194019386
0.4008746087973142	0.0978855247574323	0.2106553439994428
0.40042273735753203	0.09737169966255892	0.21113617728135228
0.40007610212651656	0.09695360577375246	0.21148428743746284
0.399742099234071	0.09655207256672756	0.21172870480755215
0.39890034761218307	0.09581692764598994	0.21219408225356884
0.3986548315750566	0.09559528058142076	0.21242640358107356
0.3980074507665946	0.09488796722557734	0.21294046970389952
0.3976070325193542	0.09442220845160428	0.21326310031718465
0.3971787462303547	0.0939053439950409	0.21367905479436458
0.3969364047477425	0.09365446788582525	0.2139314681281914
0.3964072255414916	0.09307735580332081	0.21440688565228797
0.39588619169501293	0.09243970033962816	0.21483094377144576
0.3954963498301066	0.09206294005961994	0.21514908041040137
0.39506451424672134	0.09168005993254548	0.21545785977925644
0.3946255995162692	0.09117092286170518	0.21582283685653889
0.39429191632118266	0.09080906756433947	0.2161015609396676
0.39393699434039997	0.09039024576735812	0.21645307618495294
0.39344915156816845	0.08980054636641217	0.2169717834259389
0.39308304864268395	0.08937895603736153	0.21728057284389557
0.3926811347306197	0.08895233019243841	0.21767307714902417
0.39235359840930306	0.08865822258287105	0.2178499450708154
0.39212038463328497	0.08844823239060425	0.21804711277041272
0.39139822090568094	0.08769679185932673	0.21863814660876296
0.39106301056372567	0.08731322141920651	0.21896391129997303
0.39085199572373996	0.08707222803658136	0.21918792213972899
0.39043365851743483	0.08662528076614583	0.21960690700450755
0.3900669827323337	0.08620952543317607	0.21997448720634133
0.3895585341706048	0.08561066061708454	0.22046727735936286
0.38937563724813457	0.08540500684583861	0.22065716880461653
0.3889986567063066	0.08497638271542797	0.22109457734675222
0.3886599540972435	0.08459665060174963	0.22147385555699522
0.3881960684349236	0.08406426728536702	0.22191836067410206
0.3878593267112064	0.08365228611953872	0.22229111323589676
0.3876550691305295	0.08343434133905454	0.22248319744982473
0.38724362324688266	0.08304333300830012	0.22283997524710103
0.38691364618799207	0.08269960430499888	0.2232086417474224
0.38657222027681054	0.0823713328852833	0.22351703390386585
0.386116639597434	0.08184729872918754	0.22398659291029685
0.3858545699719464	0.08154909494929115	0.22427199979381143
0.38553635850103657	0.0811831136673755	0.22463472280669203
0.3853661891246256	0.08098925734121641	0.22485662677661333
0.38508254447742857	0.08070904498840613	0.2251864624295823
0.38469333715520826	0.0802608281236618	0.22558113765963012
0.3841961290629996	0.07964124601818294	0.22617282111464249
0.38401234118896516	0.07937344274486945	0.22637845318748412
0.3834697980850416	0.07848103488564671	0.22690699232394357
0.3832837169114757	0.07813495190878163	0.2270925242065708
0.3823849501601223	0.07639189161293099	0.22778673785354475
0.3819487963636111	0.07520588312231334	0.22827116067761874
0.3815962630069841	0.07435354370417004	0.22859097937485973
0.38120953734438107	0.07336015249645837	0.22886010131731577
0.3805097689580205	0.0715162898932351	0.22961215736987817
0.37993019323908256	0.07001588839282542	0.23008958949937713
0.3795392698475534	0.06901365491963589	0.23043765952440642
0.3786701469512057	0.06671492180479098	0.23127392145681577
0.3780440243030491	0.06503818853044212	0.23180978752705658
0.377423835481677	0.06344977025682934	0.23237397861700393
0.3765143164904785	0.06104779759024888	0.23316012860446708
0.3759161141606392	0.05947600508942287	0.23365420592154135
0.3755509508442383	0.05845835038026741	0.23396379118794786
0.3745977875075577	0.055994759004121	0.23470691306827282
0.3733546286032253	0.052922259830968446	0.2357023754739676
0.37272601396061167	0.05128687944077233	0.23623809458154343
0.37233730825483885	0.050265257716009135	0.2364854699469779
0.37160770548898636	0.04838765630629498	0.23712579835982675
0.3709207620317019	0.04678535983477887	0.23754926740482962
0.3696009608163802	0.04364340365508705	0.2385317347308604
0.36875427887698775	0.041559765757845715	0.2390646259615804
0.36804547425611844	0.039864387401557025	0.23956442684211898
0.36723951516583836	0.03803181330521001	0.24006806104912168
0.36666136956177453	0.036795644407812814	0.24043651982929895
0.3656248947637992	0.03451235933849993	0.24103043137045266
0.3651186797372732	0.03335530148103953	0.2413207653145824
0.3637970380212473	0.030097674598855276	0.2422404519061788
0.363372688171523	0.028940124599322284	0.2425409814098816
0.3627174437190852	0.027191596169949275	0.2430315097337813
0.3619097688624371	0.025104479610201888	0.24369286478208524
0.36092374155437246	0.02246061944422155	0.24444627955078807
0.36029843796946553	0.020752118051125715	0.24487534896741955
0.3596334996810865	0.019034690537153606	0.2452667635438617
0.3588357546328086	0.016945780798088825	0.2459188779398673
0.3583715903948023	0.015606830537329516	0.24625148159263033
0.3571391969867128	0.012321213627177682	0.24719726687084298
0.35673938923460696	0.011241656954437115	0.24743393929675475
0.3559072066510267	0.009039701791575885	0.24802254200541135
0.3552749762134097	0.007339946058526184	0.24850924562195476
0.35479510211594384	0.006022740295435272	0.24880071228135595
0.35445290930534046	0.005135413225113225	0.24906115882214772
0.35356946101479636	0.0027050033934332557	0.2496469314638363
0.3531087412224228	0.001471147581474222	0.2500799273467876
0.3526952877257299	0.000338474458800489	0.2502467862672399
0.3523655798683159	-0.00045539236404164296	0.25052581401158586
0.352049954339458	-0.0014523736293457074	0.2508193534361941
0.3515013983011891	-0.002884779762720849	0.25105489618388277
0.350988030482937	-0.004241157228971351	0.2515502615666191
0.35084463234265906	-0.0046156684921449115	0.25157767936249464
0.3504435850344216	-0.005424875608989507	0.25157195450183634
0.3501968780582905	-0.0058449027749992305	0.25165223211943544
0.35008596942717907	-0.006022048988599246	0.2516826358560517
0.3498834153055372	-0.00626301072983905	0.2514883506661991
0.34989098645645267	-0.006232571787797472	0.251409131329032
0.3499041908987464	-0.00619808520423322	0.251394974462102
0.3498958000706292	-0.006146704704661707	0.2513697318553654
0.3497219629946382	-0.00616791883881955	0.25134389545365293
0.34956063141866295	-0.006187204030321067	0.2513124943422264
0.3495406105420345	-0.006182125980602346	0.2512966776673606
0.34955054444012196	-0.006157033297169948	0.25128488168761887
0.3495687308827938	-0.006112691821534219	0.2512712361561955
0.3495783177519555	-0.006090797746304152	0.2512641568013243
0.34958030551365715	-0.00608657500395314	0.25126322476187424
0.3495821966106399	-0.0060839845001043474	0.251263583933516
0.3495842541997194	-0.006081955705748224	0.2512633620573389
0.3495865960330308	-0.0060813119236977214	0.2512636167891994
0.34958821893568925	-0.006079792864583475	0.2512631262666496
0.3495897206274588	-0.006078357421182637	0.251263756673138
0.3495906943051193	-0.00607866713658671	0.25126332993697875
0.34959187018649884	-0.006078442506226037	0.2512640403103988
0.34959232232747006	-0.00607837623993894	0.2512635030604353
0.34959299501126506	-0.006078277618391595	0.25126430496791574
0.34959369455378203	-0.00607784002968241	0.2512640047844532
0.34959403079497187	-0.0060778592351622	0.251263628545069
0.34959524081632504	-0.006077800336344599	0.25126463788082065
0.3495944986992088	-0.00607839383615609	0.2512648644664267
0.34959512011418464	-0.006078094094836908	0.25126471233846137
0.34959595504120017	-0.006078458589307431	0.2512653651806233
0.34959585774520224	-0.006078582378733946	0.2512660692450588
0.34959617544704474	-0.006078269965132235	0.25126543019122916
0.3495958149093459	-0.006079280637899601	0.25126642553933753
0.34959610508558847	-0.006079035223598275	0.2512658034694234
0.34959651336736625	-0.006078760346522591	0.2512657292840993
0.3495965708171153	-0.006079618694112152	0.25126617160019193
0.3495960772703509	-0.00607922969381007	0.2512666534854821
0.3495962767853686	-0.006079102071271811	0.2512659008305427
0.34959633005987645	-0.006079863426314794	0.2512663627726125
0.34959699128096655	-0.00607929756054805	0.2512665578126895
0.3495964706259497	-0.006080085873052074	0.2512667838670303
0.3495970293337014	-0.0060798413852815175	0.2512668877719347
0.3495967890880894	-0.006080705067791584	0.2512666627249759
0.3496643292776701	-0.006028517885532922	0.2510450456298353
0.3496465552663079	-0.006038526485261417	0.25114710518633243
0.34964138258422733	-0.006041952454182611	0.25116348458476817
0.3496251336942504	-0.0060544719525913865	0.2512039484588173
0.3496130810324336	-0.006065214223215751	0.2512307837345357
0.34960290868569094	-0.006073993222591792	0.2512551701168595
0.3495981789366659	-0.006078599629520218	0.2512674869846905
0.3495974441497241	-0.006079084313639446	0.2512701426258135
0.34959707232579096	-0.006079330871539626	0.251271476160849
0.34959697115112215	-0.006079332280397268	0.25127235798734104
0.3495977212820651	-0.006078650808938116	0.2512707952681562
0.34959752616422624	-0.006078654951094206	0.25127047811626335
0.3495971371714506	-0.006079170814949145	0.251270608808544
0.3495974570118495	-0.006078853238734264	0.2512699684556625
0.34959715145082	-0.006078903698824953	0.2512699333206144
0.34959640720689683	-0.0060802023843862935	0.2512715607460045
0.3495970503560788	-0.0060790189108372444	0.25127062100807196
0.3495967434635259	-0.006079038000052148	0.2512719596150203
0.34959668196320937	-0.006079832317053238	0.25127205991808943
0.3495964615591658	-0.006080020936773414	0.2512719949045118
0.34959657926620646	-0.006079071655288273	0.25127202886997113
0.349596606861697	-0.0060790237664344465	0.25127164382479095
0.349596036966473	-0.006080894782663895	0.2512722406871224
0.3495970576721163	-0.0060796292885665765	0.2512717813918176
0.3495964291995306	-0.006079987081228741	0.25127098835376305
0.34959667011975076	-0.006080040727686739	0.2512714606608548
0.34958848086969185	-0.0060850078528071755	0.2513055886081722
0.3495531118929558	-0.006114038040909028	0.2514336071771553
0.34956382837713157	-0.006111169906583516	0.251370392396455
0.3495667754403882	-0.006109354920959084	0.25134765432559153
0.3495684762404295	-0.006109271841188882	0.2513370566926083
0.349573807434723	-0.00610664653786909	0.2513025891635343
0.34957520918693297	-0.006105420456809188	0.2512999097653469
0.34957706145464645	-0.006103303799781093	0.25129783022594426
0.349578894326897	-0.0061015307214594555	0.25129536419799897
0.3495812942965707	-0.006099408625085276	0.2512912584736946
0.3496242435969763	-0.0060634659080433945	0.2512009136245428
0.349625309559361	-0.006062001440694478	0.251197233897521
0.3496241347577746	-0.006062854022774025	0.2512019174526819
0.34962234720705004	-0.006064257590949182	0.2512052691257077
0.3496200527713437	-0.0060660723530450295	0.2512130610783082
0.34961834881588527	-0.006067361602838342	0.25121761865663783
0.34961666406074265	-0.006068425145292197	0.251222440982695
0.34961151426204573	-0.006071510577441416	0.25123214300172214
0.349608645422109	-0.006073132135406875	0.2512403050153693
0.3495991732767648	-0.006077878174303039	0.2512869486861538
0.3495662611180893	-0.006105291091555151	0.25135758547017373
0.3495672554140776	-0.006105108464168965	0.25135366788234337
0.3495688471463433	-0.006104082999988783	0.2513472186750827
0.34957154116724987	-0.006102105269011629	0.2513393048926884
0.3495720110785767	-0.006102006972387761	0.25133468677789983
0.34957346956772384	-0.006100699502126702	0.25133082673884005
0.3495815723439127	-0.006099456048856075	0.25127179094158947
0.3495825211943923	-0.006097573974164203	0.25126954109343086
0.3495834956675023	-0.006096540496196498	0.2512704486733074
0.349583424232276	-0.006095653593553116	0.25127403801836634
0.3495837277345248	-0.006094960106553096	0.25127842414179213
0.34957855902560336	-0.006093756669512437	0.2512919615403678
0.34946478129406966	-0.0061130670459153685	0.25127880300042027
0.3492513862735509	-0.006103122865013591	0.2512265284665475
0.34902635731307446	-0.005698867569552832	0.25094841279029656
0.34890750652981056	-0.005151392043939482	0.2506612896376057
0.34878447591429407	-0.003862169962672038	0.25048223449591345
0.3486976288593801	-0.003257365302490531	0.25045433312385634
0.3485655233054205	-0.0019565364818506653	0.2504900378856392
0.3483777780147396	-0.0009731966562819411	0.25060671939017176
0.34813667807719734	0.00013569881213883195	0.2506206188242779
0.34800667944798475	0.0009245047485287733	0.25064090585436916
0.34773128950910076	0.002782080975957321	0.25078894984850475
0.34760112126026216	0.0036299501631421455	0.25081650702223107
0.34708520468047593	0.006056500257824934	0.2510314966167485
0.3468390053571598	0.00759571655629869	0.2512207291241957
0.3466456339531097	0.008564241457339486	0.25125301194645383
0.346156090900862	0.011007840694093177	0.25158315179812907
0.3458404467938186	0.012700704822172379	0.2518244129418828
0.3455096974129131	0.014194404112693779	0.25200715900530846
0.3453019254002986	0.015396170303992443	0.25219650138602356
0.34483251716982927	0.017588036841181223	0.25255148906243985
0.3444393497320037	0.019516390634925482	0.2528795454705392
0.34399896610186487	0.021265005141756846	0.25341415958729374
0.34350274691002225	0.023748508487681466	0.25389556150799863
0.3431266696421301	0.025610740709921517	0.2542262901577235
0.34274964223436155	0.02763550370330807	0.2546016028755141
0.34233454041712275	0.02965986896171184	0.2550297597080773
0.34185778909430253	0.03189928852871797	0.2556225213032521
0.34127003231768754	0.03445642163233041	0.2563127236559069
0.34106143697892544	0.03616425268496233	0.25660051334590755
0.3406634229369422	0.03865852380925945	0.2569395730315115
0.3404715459410808	0.04062030146265881	0.2571964826951998
0.34016170960231457	0.04286447197095071	0.2574533641438321
0.33987766711668843	0.04591126769943245	0.25779751044569166
0.3397468134073916	0.04817766806593189	0.2579241026040602
0.3395660256291844	0.050473785360150014	0.2580841341349617
0.33942575956622656	0.052754737047307224	0.2583353040884634
0.339410173760732	0.05419525896922135	0.2583515289754097
0.3393374886946369	0.05625217554151922	0.2583872095966325
0.3392876316939821	0.058377009891748696	0.25852580674771464
0.33937062436415344	0.06143548222188379	0.25847797086894025
0.3394890893330236	0.06470484218471594	0.2584102827144697
0.33961005622921864	0.0667612057646731	0.25831022324606
0.3396755287364296	0.06787729846932945	0.2582604850700877
0.3399626454899582	0.070806736350487	0.2580392575529753
0.3403789312388603	0.0738270699822388	0.2576943289651961
0.34051102106800435	0.07506523907517813	0.2574915323226784
0.34106087496883497	0.07815621735728658	0.2570807035682895
0.3413241769877783	0.07948658956136982	0.2567579501042869
0.3419828784419086	0.08216673228538977	0.25625126259060177
0.34255067143192797	0.08428801190641018	0.2557411617357137
0.34323814382105716	0.08634601803336402	0.25520229590744503
0.3439041889578415	0.08813584452969113	0.2546601442022091
0.3448705564500009	0.09065455061844906	0.2537634515094779
0.3453646874790459	0.0918472153124827	0.25337369158611805
0.34649428801467097	0.09460569150117405	0.25218349530119594
0.34748646671219074	0.09664350008071403	0.2512874818230165
0.3487308384644313	0.09869177697821342	0.2501982559273357
0.34979016611466707	0.10028018293674888	0.24923273022211836
0.3507533648179011	0.10161056001903938	0.24834988374093733
0.3522592010742002	0.10354134853429915	0.24708842874593298
0.35353011808217805	0.10508475212822842	0.2460073703035616
0.3557165738492896	0.10745825600036608	0.24435213518467777
0.35780502714257834	0.10956292795036061	0.2429490264657056
0.36025098432704633	0.11187791933216677	0.24119520820932225
0.36222573539488406	0.11368461508061235	0.23977337248376132
0.3644137558016561	0.1155599193690917	0.23832410831055556
0.36620311776527187	0.1170860182524945	0.23716101336431783
0.3694621149858274	0.11977272585187505	0.235078974256342
0.37258760000609126	0.12229097998538595	0.2330702639991032
0.3756833365321485	0.12477426658498207	0.23107176547953245
0.37742327841992607	0.12619461231872525	0.2298813487869005
0.37994376263470564	0.12834596079686816	0.22801620836059538
0.38391115045613716	0.13181508253168023	0.22502297198915483
0.38647150047366857	0.13412211918129446	0.22294883782874325
0.39029201148034903	0.13766529372053454	0.21957299762139165
0.39322935557063027	0.1404144003042489	0.2169667592864526
0.39464652344390144	0.14179446812086	0.21565270562521
0.3975706497867662	0.14458711227996363	0.21290647095669601
0.4013440047839964	0.14807997610669765	0.20956817528963484
0.40267615920631156	0.1492792291883449	0.2083755400842772
0.4063483037812938	0.15242244690818674	0.20561690180451023
0.4092630555736089	0.1546794367670854	0.20377521813905838
0.41201809118930766	0.15665272483120152	0.20215306871366395
0.41582604814128804	0.15901600029530533	0.20041019615870556
0.4179009664476966	0.16012607331734752	0.19968125978494614
0.4196947408821718	0.16094206911287018	0.19903639971191012
0.4236133592263769	0.16236679739788795	0.197955388561842
0.4264710900889893	0.16318264717991132	0.1975804493726035
0.42907686179327487	0.1631811734659781	0.1976662033247531
0.43054461258749954	0.16306041738723454	0.19763144629903676
0.4329334959833692	0.1628338564245897	0.19747026320170086
0.43423629393380875	0.1625941067455705	0.19742669700985868
0.4379616724238364	0.1614393976929125	0.1974685463570968
0.43933319617868694	0.16089475478705606	0.19757992727597182
0.44168656633411285	0.15939268085130326	0.1977019585924573
0.44314186654005006	0.1583103277696582	0.1977299825852766
0.4440566876473069	0.1575238449421828	0.19773389977205608
0.4462412234883595	0.15494744540011463	0.19739951571770084
0.44725683283676604	0.15336893605611174	0.19705668061237108
0.44814639782505744	0.15167310344869528	0.1965988567063356
0.4487904099029536	0.14991056627157728	0.19587560367042361
0.44904308400608645	0.14899022904666853	0.1955057222794781
0.449477398078391	0.1466267797223002	0.19424358307541437
0.4495428402354865	0.14574912744901392	0.19368557053537572
0.44954548583552145	0.14359282875439022	0.19220654410366858
0.4493954057022758	0.14238165551248	0.19128109467688476
0.4491464524235095	0.14102039534250405	0.1900934964555854
0.4485294691114059	0.13890045368823062	0.1878968923489432
0.44797175682777013	0.1376581378891532	0.1863977757381889
0.44741530820771924	0.1364057347398812	0.1847658445183478
0.446440512139672	0.1348405896473825	0.18232470863647982
0.44574610645994106	0.13384010296392201	0.1804678239749601
0.44462932580366415	0.13251296284808084	0.17766317132844395
0.44425237574157544	0.13207667335742612	0.17658050421852303
0.4432231368552972	0.13085877993725248	0.1735845800907926
0.44251557759766713	0.13025969919107122	0.17143625071368196
0.4418768654122875	0.130033439522589	0.16934563552087134
0.44142560663944086	0.13000280794670077	0.16779870378844536
0.4404507364883202	0.12979303139009646	0.16391895189679156
0.43988907177933867	0.12953116794796693	0.16165085260250445
0.4395782225933665	0.12936345160048862	0.1603909158106699
0.43889208844888633	0.12904795657379514	0.15735448463117835
0.4387723576529514	0.12912132863036457	0.15501223992628788
0.4390468333216664	0.12968549149425018	0.15145879697212777
0.43946413864516626	0.13021870486957088	0.14866798111902463
0.4399835428673175	0.1308417954655139	0.14597106064294024
0.4402980233042493	0.13122067430505258	0.14447112063588946
0.44106475018805535	0.1320967198267219	0.14103950618244204
0.4415909938994522	0.13277021956937657	0.13800202644009374
0.44230537324253144	0.13377054293906754	0.13418842484202947
0.44256570645787013	0.13428752447377168	0.13218025580510967
0.443173681356359	0.13517414732273303	0.1284456878596461
0.44364004738662427	0.1357488814098985	0.12563947789472174
0.4441041047971585	0.13630025058797351	0.12294282625429692
0.44448223993135677	0.13689750122193461	0.12059042008038501
0.4450485277140261	0.1379014698426732	0.11659135370574353
0.44551774072992645	0.13853782621186383	0.11371812399824566
0.445908899194323	0.13904262180327998	0.11114739278896091
0.446343537891035	0.13961074180944633	0.10834778190069988
0.44671017395220075	0.14014544555371827	0.10608387929497665
0.4468366660486771	0.14049105691070135	0.10443477072700574
0.4475973249724344	0.14172607394872527	0.09936491781076018
0.4478278398369258	0.14209659839712901	0.0979132533333783
0.4484357138517108	0.14284150707469162	0.09414865583017429
0.44873020882678016	0.14325943026403337	0.09191417331669377
0.44913173077882484	0.14378858421024965	0.08954927533495133
0.449591297509665	0.1446550098270314	0.08595487259877477
0.449959781630009	0.14527848343900984	0.08341868369090699
0.45023800425466604	0.14580218522980176	0.08099035832769502
0.4506346684546248	0.14639181416553826	0.07868118469268381
0.45094473200196344	0.14686464202246752	0.07643811266002953
0.4514723598012877	0.14755581182793653	0.07326697521459435
0.45178324529661945	0.14794568758282017	0.07156095360055842
0.4521945505295229	0.14867597928328125	0.06858054198650382
0.4524888920375836	0.149213322813601	0.06640865934316209
0.45274966125238475	0.14970111068419517	0.0644828277160624
0.45298957174206317	0.15007781912800117	0.06316805580260187
0.453381583801506	0.15064101576001776	0.06104538492950062
0.45425779983802983	0.15168844209710075	0.057753162242654144
0.4545676112756884	0.15201258706443443	0.056621286105249746
0.4551264306382037	0.15276324269990127	0.05420896984939805
0.45542395111414335	0.15312331080169217	0.05282010313640373
0.45562583856185984	0.15343043218289149	0.05171542454437078
0.45604226403875864	0.15415142211320781	0.04921121490301339
0.45629128087467974	0.15460719719951482	0.047453815936385146
0.45647529767481243	0.15516084714188583	0.04524956730856605
0.4565982302901903	0.15558478510421164	0.043723950593846206
0.45663294146820843	0.15570544441011708	0.04298294836975758
0.456994407703702	0.1562170508088797	0.041523902627143616
0.45779984943935453	0.15698619024837723	0.039632089786922786
0.45830564838760635	0.15735011767979967	0.03871873513568175
0.4587892060864036	0.15767288295846799	0.037760692013582564
0.45914948198024724	0.15795442189403253	0.03702395202055003
0.4594188238183705	0.15835935798039957	0.036191534271583226
0.45989167670274567	0.15876241503731447	0.03555934020591256
0.46036170390515435	0.15925762273727656	0.034937201431749
0.46054104742881596	0.15950732985583366	0.03448828522991759
0.460898263153405	0.15989629616609813	0.034095495485015004
0.46148516361202063	0.16048097714675763	0.033753301875365516
0.461893717609361	0.16098112009662918	0.033274038344121626
0.4623064156025059	0.1613735628745112	0.03306340776459332
0.4625541669804655	0.16158786992165886	0.03290371282370619
0.46293723827132194	0.16207012960669348	0.03246233494558409
0.4633140319565211	0.1624362354503382	0.03227239394484055
0.46367143288907775	0.16283393938241558	0.031971852778479026
0.46391760979771696	0.16314474857014527	0.031667567833965904
0.4644255348038771	0.16359241202728758	0.031426838245439404
0.46470596199791414	0.16389436597821788	0.031225096748430547
0.46505117835440546	0.16432072002828974	0.030811041761356406
0.4654542982774831	0.1646330535587212	0.03065407999934333
0.4658120596051607	0.16501093553693102	0.03038220057717239
0.46600426905307357	0.16536961204153788	0.030030022966779313
0.4663106445867851	0.16566187081682665	0.02985457664753466
0.4668807326408972	0.16614992519584304	0.02960522508308111
0.4670609060656861	0.16634046954138826	0.029431082862730162
0.46726446278866407	0.16669570764592367	0.029055302689432627
0.4677749023035906	0.1671482811886837	0.02882620658890378
0.4682101318143047	0.16735684026972641	0.028682918149057046
0.46845120737371576	0.1675886961136558	0.028424365008865637
0.46878372783744554	0.16804127074737868	0.02806331992413008
0.4691734375012581	0.16843217137919936	0.02787023301167363
0.4695601887991543	0.16860881787317994	0.02772717102595268
0.4698983031671033	0.16881620925142654	0.02746918293105416
0.47016662383999785	0.16916582056135654	0.02719232147586742
0.4703301103177803	0.169334506667164	0.027099963453919573
0.4709182221129118	0.1698167244767408	0.026798089422814142
0.4711253539347292	0.16993694010538057	0.026636904441728115
0.47151277806412617	0.17020269506960373	0.026328248955730715
0.47188834256845413	0.1705098151195627	0.026137268753501863
0.47211636176626026	0.17068684057711275	0.025973148984037242
0.47231518648661763	0.17086839297719808	0.025819410325609637
0.4726316818619348	0.17109057874836375	0.02550326320105889
0.47283208326572296	0.17123888431011786	0.02536214666579545
0.4734040195032297	0.17152292255253293	0.025167102590501367
0.4736217813327814	0.17164338287838965	0.02508828289406656
0.47388423924443956	0.1718488707830661	0.024846308712190956
0.4740630353125937	0.17208582161206498	0.02453737227225289
0.4743040407367878	0.17222203423215393	0.024341399356773152
0.4746356861804013	0.1724819476224081	0.024180520321243237
0.474976958665544	0.17268405392958408	0.024075457474518003
0.47530411839874537	0.17286397169763756	0.023944416587491524
0.4757609450761492	0.1729417477929303	0.02385073826382461
0.47606699016206444	0.17308484105075306	0.02382137613997276
0.47646632990046955	0.17335150791103116	0.02373358815916843
0.47686740421680246	0.17338710107990635	0.023751850382489226
0.477186811430617	0.1734595624504338	0.023781598419542083
0.47792805996169674	0.17363049951038517	0.02381105572885317
0.478234953058495	0.17387546566266127	0.02375234044295732
0.47852838576521106	0.17400483242714093	0.02372419539534787
0.4787677958664816	0.1740467571239312	0.023708334447417823
0.479065773553481	0.17408027821942362	0.02370324166607174
0.47970676492323017	0.17421428787283694	0.023726287989099537
0.4802651278302031	0.17445633103719205	0.023739521811628084
0.48046116738157457	0.1745551096791213	0.02374992682494209
0.4807129204949761	0.17469588278416376	0.02372316797802032
0.4811170235946469	0.17470442662648755	0.023748327833478744
0.4815868283775602	0.17486511508287422	0.023684341702788658
0.4817849099503614	0.17493408241098424	0.023646096563354424
0.4822352234727264	0.17501502674014852	0.02364198249813587
0.4826408466539032	0.17534129422655614	0.023855496934352516
0.48280508499340813	0.17570173153771856	0.024133657394778074
0.48311668522170975	0.17595422301896302	0.024852483312956086
0.48315749600815805	0.1757252910050544	0.025370822108651825
0.48328776880668856	0.17609728733798802	0.02745052425106248
0.48332883117571385	0.17622904478029372	0.02860900487134954
0.48349232600095815	0.17651835434135177	0.030643301245503518
0.4837019083058143	0.17682087281701314	0.03240112580687737
0.4837139614568296	0.17690490034001966	0.03389958775049928
0.4839730141200756	0.17725979773664918	0.03819909940675503
0.484066475759664	0.17743931264562546	0.039840815419231956
0.4842555244709836	0.17774607953439692	0.04379581813966921
0.4843428264670363	0.17791900095482777	0.046743419338390046
0.48451183269529197	0.1780476063896384	0.04882389260701875
0.4845236751066627	0.17821122972944498	0.05182910128795459
0.4847163535101046	0.17852738391058126	0.0577737728313244
0.48470430351775806	0.17861867427053196	0.06002721877047784
0.48486300651976416	0.1788068668304088	0.06389429787977707
0.48493729922355105	0.17901941012967987	0.06848256390677271
0.4849802162531973	0.17920404461165096	0.07303216757590103
0.48509397021550826	0.17930810183323642	0.07690373834277048
0.4851579746308245	0.17950285221930012	0.08172270349846261
0.48521032485917165	0.17962019813748198	0.08562161062418217
0.4852724640416659	0.1797807792963731	0.08967463104020484
0.4853913155450269	0.18002454472991142	0.09618667897031552
0.48543571403042124	0.18010105832784218	0.1006932834259957
0.4854713556114473	0.18025555052278386	0.10467712914991789
0.48550810171226183	0.18037280464721417	0.10791855133324713
0.4855982984853306	0.18059579461602876	0.11616881045619476
0.485666720600916	0.18072266668540948	0.11847208203941173
0.48574524540411324	0.18087352816497992	0.12423730174572495
0.4857609140300819	0.18091601481921588	0.1267242404046009
0.4858103922055177	0.18109507457272622	0.1331696629990537
0.4858758128408583	0.18125000156790602	0.1379251541521721
0.4859498178058488	0.18134529473157118	0.14388981834438425
0.48598145880171256	0.18143430412969302	0.1464447954889651
0.4860805292817165	0.18154449864920275	0.15211117603485497
0.4861328132819105	0.18168878399419497	0.1563431993157196
0.4861715971336323	0.18180621037286143	0.15880372886559824
0.48626500077046425	0.18199780784899494	0.1648153664620013
0.4863370045932441	0.18203058680379564	0.1686435574647909
0.486370697307438	0.18214723790616594	0.1726397386262051
0.48648619464276344	0.1823051523731551	0.17807322010875176
0.48656951253001746	0.182401801479339	0.18018880212514107
0.48659822065415376	0.18251155702241972	0.18357195561131293
0.48667817132042335	0.18261704102937643	0.186609378071458
0.48689840418086555	0.1827915254688794	0.19112004652683282
0.4869447785298294	0.18292279683722767	0.19351258184598186
0.48702064531508615	0.1829897412278365	0.1960411143815838
0.4870570092972017	0.18308566013023236	0.1981546438928652
0.4872777589642834	0.18332350721641943	0.20142455152794583
0.48741893795855895	0.18337665789383956	0.20357668566176484
0.4876580226529082	0.18370159353573462	0.20571313968210903
0.4876509353288578	0.18377745604548146	0.20646136416578967
0.4878195542630409	0.18407649477795113	0.20808748044749667
0.4879026830480153	0.1841792218115058	0.20990656058900237
0.4879513113478318	0.18421496075476246	0.21038461355436583
