0.3476974525371573	0.15338800033353586	0.20066086217678913
0.3476974525371573	0.15338800033353586	0.20066086217678913
0.347697416053395	0.15338849087467504	0.20066116953959623
0.34769819937274926	0.15338768884990195	0.20066109186412948
0.3476980043189074	0.15338816818857956	0.20066070869748526
0.3476975834164046	0.1533882492974449	0.20066120197350787
0.3476974984802679	0.15338877751542246	0.20066102637061345
0.34769719212879036	0.1533878532908471	0.20066093560113393
0.34769746048085437	0.15338787340780966	0.20066113068669494
0.3476977645766846	0.15338852920464413	0.20066086684455348
0.3476972382203288	0.15338849771086688	0.20066106124452618
0.34769768401605394	0.15338817605726074	0.20066104239833898
0.3476977208893304	0.15338802044989938	0.20066105726260813
0.34769746048085437	0.15338787340780974	0.20066113068669506
0.3476977208893304	0.15338802044989938	0.20066105726260813
0.34769835778651503	0.153388506473519	0.20066104669706414
0.34769832217648317	0.15338788420415883	0.20066093174435248
0.34769767368641846	0.15338813119986594	0.20066102439872066
0.3476976753320939	0.1533872699147637	0.20066119781523364
0.34769650455456386	0.1533871569092582	0.20066058999408154
0.3476974448615406	0.15338862069989712	0.20066120284659572
0.34769697668843835	0.15338885627777366	0.20066090657601637
0.347697888537962	0.15338752770645947	0.20066109152699496
0.34769881150628656	0.15338865477628985	0.20066137799472406
0.34769187310554844	0.15340173681104496	0.20065698605715016
0.3476486591426638	0.15350295292439403	0.20062699691411007
0.3476398553477034	0.1535218753512857	0.20062151052986432
0.3476392648442935	0.15352576191254547	0.20062024562835784
0.3476394965257011	0.15352473157538318	0.2006204622698415
0.34763898784157926	0.1535254227228992	0.20062022291727688
0.3476390835022176	0.1535252363606256	0.20062052181969905
0.347639228908631	0.15352535577363607	0.2006202761054047
0.34763099661124386	0.15354413598652394	0.20061454872125947
0.3476092433653349	0.15359478231598328	0.20059984711782652
0.3475884847345284	0.15364454896751956	0.20058467618566694
0.3475877804310163	0.15364523803075647	0.20058450692087323
0.34758911623492855	0.15364528438155317	0.20058491635380635
0.3475863709051643	0.15364780308776527	0.20058343631622155
0.3475675495707301	0.15369338952437234	0.20056990211275277
0.34755289450378374	0.15372639494785983	0.2005604503972019
0.3475432583207842	0.15375011863599752	0.200553669700173
0.3475421623546263	0.1537526312021321	0.2005527494003275
0.3475422188216584	0.15375239477283895	0.20055305150900365
0.34753989603675095	0.15375545163362514	0.20055157319357741
0.3475248306020331	0.15379028723701058	0.20054105137797057
0.3475003878192512	0.15385019644083806	0.20052368680163457
0.34749669722828	0.15385515530444072	0.20052173544973803
0.3474973363433571	0.15385660373041754	0.20052178798037415
0.3474969092092665	0.1538554108189843	0.20052164441258716
0.3474971719570613	0.1538561589187179	0.20052135017179734
0.3474970998917731	0.15385576284683544	0.20052186930871185
0.34749670306805763	0.15385469087935802	0.20052148509019266
0.34749671379769637	0.15385477444711848	0.20052157579121957
0.34749766452947783	0.1538546630989096	0.20052227154168847
0.34749729177186317	0.15385419026831068	0.2005217228684021
0.34749828238072883	0.1538528978573856	0.20052279605335507
0.3474987835209315	0.15385417954180047	0.20052209858428965
0.3474985229689997	0.15385336560347576	0.20052264181683074
0.34749905452568214	0.15385336297308358	0.2005225114252059
0.3474993658045964	0.1538525388420417	0.20052264427874836
0.34749774863115435	0.15385233657638814	0.20052234478974207
0.3474985196767026	0.15385181517069346	0.20052284570437404
0.3474980189170408	0.1538517727981531	0.20052248184800125
0.34749848652404663	0.1538521958380822	0.20052208351689776
0.3474984519743698	0.1538516524003289	0.20052256705531202
0.3474989657418399	0.15385232858587242	0.20052299658923894
0.3474977649664372	0.1538518717339421	0.20052238355842802
0.3474980907028164	0.15385171959070376	0.20052261780117084
0.34749918614263897	0.1538524898041243	0.20052267965192794
0.34749888606072177	0.15385139908620477	0.20052261424371842
0.347497508451173	0.15385152352380693	0.20052243630259908
0.3474991239992385	0.15385130083993565	0.2005230498119209
0.34749845980510824	0.153850457447806	0.20052268134132994
0.34749833538957214	0.15385161070549486	0.20052220016981723
0.34749814208171576	0.15385160141317972	0.20052265347025755
0.3474974570838275	0.15385122935154089	0.20052263050068667
0.3474975084618852	0.1538511111750907	0.2005226661692262
0.3474987996643296	0.15385089255109036	0.2005224629140763
0.3474983728591246	0.15385123729166306	0.20052250402614147
0.34749801232947225	0.15385130623079815	0.20052144744235145
0.347498372083772	0.15385106203089896	0.2005224972446512
0.3474985412966462	0.15385061114900755	0.2005224989839768
0.34749742851336335	0.15385194799071067	0.2005221918819105
0.34749852493463806	0.15385135403926198	0.20052257897371684
0.3474988346812259	0.1538515172645027	0.20052257857393507
0.34749902569473096	0.15385139640478146	0.2005229428309604
0.3474979896201758	0.15385076823529298	0.20052269865401287
0.34749811449110796	0.15385095588984687	0.200522540095532
0.34749852493463806	0.15385135403926214	0.20052257897371686
0.34749870917224723	0.15385168373600278	0.20052223808800607
0.34749887315603734	0.1538511983825943	0.2005222686862194
0.34749832593352903	0.15385121467936363	0.20052243271499887
0.3474988731560373	0.15385119838259415	0.20052226868621936
0.3474982730319314	0.15385058845381377	0.2005223040609035
0.3474977219646866	0.15385103049508048	0.20052250303096233
0.3474982094248739	0.15385043626563605	0.20052249941320083
0.3474983463736014	0.15385100160451234	0.2005224142443201
0.34749917491629495	0.15385110138721317	0.20052248628531621
0.34749832593352903	0.15385121467936363	0.20052243271499887
0.34749831349258475	0.15385109524947566	0.20052268635432405
0.34749827847530906	0.15385047053674078	0.20052257069528334
0.3474989245359184	0.1538510802049931	0.20052230435649998
0.3474981310100741	0.1538516051348248	0.20052234797608437
0.3474985295336895	0.1538513490126655	0.20052202144622994
0.34749806311236675	0.1538510740667458	0.20052250442625802
0.3474983813904053	0.15385162631756427	0.20052252990423197
0.3474979764074277	0.15385213052445584	0.200522276177481
0.3474985882222151	0.15385063376137642	0.20052257029511494
0.3474984899175841	0.15385072932615007	0.20052246331420345
0.3474980576687061	0.15385119198423286	0.20052223779206702
0.3474983043512051	0.1538519552552471	0.2005225102212627
0.34749858076305756	0.15385133815612112	0.20052236152764336
0.3474977948476585	0.15385105137097366	0.20052230950358918
0.34749903173721364	0.15385139247515722	0.2005221881505857
0.34749831349258475	0.15385109524947582	0.2005226863543242
0.3474986577922355	0.15385180191361325	0.20052220241794505
0.34749819698379186	0.15385031683589556	0.20052275305263811
0.3474990296151489	0.15385053408513347	0.20052311648057825
0.3474977948476585	0.15385105137097366	0.20052230950358918
0.34749865779223543	0.1538518019136132	0.200522202417945
0.347498199197815	0.15385150618277982	0.20052234472988822
0.34749815804611167	0.15385055444220985	0.20052246374363045
0.34749887315603734	0.1538511983825943	0.2005222686862194
0.34749848991758403	0.15385072932615002	0.20052246331420348
0.3474982031196423	0.15385064386262012	0.20052251837981477
0.34749780780443323	0.15385171696754857	0.20052211865178926
0.3474979764074277	0.15385213052445584	0.200522276177481
0.3474981161940977	0.15385217548913377	0.20052218783530612
0.34749805563883424	0.15385128999062322	0.20052250947772882
0.3474982861534609	0.15385229375074766	0.20052227577718154
0.3474987657893277	0.1538512064069099	0.20052221527456562
0.34749831168828277	0.1538527098817315	0.20052204825762737
0.34749844957808346	0.15385152736642865	0.2005225266581011
0.34749809137851545	0.15385257688617843	0.20052188662665898
0.34749874984348506	0.15385148200832874	0.20052218307706932
0.34749686897517096	0.15385100593088064	0.20052188076959596
0.34749845349972575	0.15385066504631112	0.20052270030795416
0.34749864637489764	0.15385006502987925	0.20052331110789087
0.34749827455433613	0.15385133285651564	0.2005223970454451
0.34749793980255017	0.15385135769079528	0.20052241881952385
0.34749805565286285	0.1538517784606545	0.20052229566013516
0.347498366606997	0.15385101295078404	0.2005223777062705
0.3474987163081167	0.15385121800786838	0.20052239872764396
0.34749850894400164	0.1538516694087803	0.20052234432953506
0.34749745943927973	0.1538507185593691	0.2005222748169096
0.3474977081425535	0.15385210782776443	0.20052208125480137
0.34749798775650825	0.15385124739263906	0.20052245211111153
0.3474980832425884	0.15385242398585658	0.2005224090362207
0.3474979783603568	0.1538519785651524	0.2005223064500025
0.34749783286218655	0.15385240280227558	0.20052222710826853
0.3474980747126307	0.15385203495992905	0.20052238315808732
0.3474986577922355	0.15385180191361325	0.20052220241794505
0.3474981991978151	0.15385150618277993	0.20052234472988825
0.34749789491710165	0.15385197682263552	0.20052245853485415
0.34749831349258475	0.15385109524947566	0.20052268635432405
0.3474990002237839	0.15385150319264035	0.20052236500574908
0.3474984145612547	0.15385090265240042	0.20052241099832446
0.3474988921804092	0.1538521384671027	0.20052214970136573
0.34749841456125474	0.15385090265240053	0.2005224109983245
0.34749827101658187	0.15385117493032818	0.20052236192804873
0.34749902569473085	0.15385139640478152	0.20052294283096028
0.3474984145612547	0.15385090265240048	0.20052241099832432
0.347498199197815	0.15385150618277982	0.20052234472988822
0.34749784032249403	0.15385169840803462	0.20052243587324128
0.3474984145612547	0.15385090265240048	0.20052241099832432
0.34749874984348506	0.15385148200832874	0.20052218307706932
0.34749844957808346	0.15385152736642865	0.2005225266581011
0.34749764453671866	0.15385195563906767	0.20052227660709243
0.34749836539919016	0.15385194168672897	0.20052229525978177
0.3474981462966005	0.1538508799555809	0.20052221607535703
0.34749845066385493	0.15385152712251515	0.20052252642527527
0.34749841456125474	0.15385090265240053	0.2005224109983245
0.3474982031196423	0.15385064386262012	0.20052251837981477
0.34749879779850706	0.15385137170951724	0.2005222163695965
0.34749817889555956	0.15385150446509022	0.2005223299781302
0.3474984746680029	0.15385159368924076	0.2005223497249282
0.3474981013554011	0.15385049150552768	0.20052266492071663
0.3474984145612547	0.15385090265240048	0.20052241099832432
0.34749887315603734	0.1538511983825943	0.2005222686862194
0.34749879779850706	0.15385137170951724	0.2005222163695965
0.3474984145612547	0.15385090265240048	0.20052241099832432
0.34749871136959815	0.15385180089190964	0.2005224929659782
0.34749759906216826	0.15385130860096866	0.20052215023706824
0.34749823813669267	0.15385126857627124	0.20052263403911888
0.3474981788332733	0.1538522620070195	0.200522424813883
0.34749839298875296	0.1538525872122411	0.20052240863621462
0.34749737627183347	0.15385193294239766	0.20052208168474978
0.34749841456125474	0.15385090265240053	0.2005224109983245
0.3474984780114888	0.15385230123858684	0.2005221436464592
0.3474982127933553	0.15385065570255724	0.20052251346698094
0.3474984899175839	0.15385072932615002	0.20052246331420345
0.34749836660699707	0.1538510129507841	0.20052237770627063
0.347498199197815	0.15385150618277985	0.2005223447298881
0.347498199197815	0.15385150618277982	0.20052234472988822
0.347497719491836	0.1538512246959	0.2005222571885057
0.3474977081425535	0.15385210782776443	0.20052208125480137
0.347498199197815	0.15385150618277982	0.20052234472988822
0.34749778738806925	0.1538517557639053	0.20052210073744198
0.3474982861534609	0.15385229375074766	0.20052227577718154
0.3474982267878004	0.15385215170804367	0.20052245810555722
0.3474977649664372	0.1538518717339421	0.20052238355842802
0.34749850894400164	0.1538516694087803	0.20052234432953506
0.34749798775650825	0.15385124739263906	0.20052245211111153
0.34749815860003164	0.1538522506591103	0.20052246135189555
0.3474977649664372	0.1538518717339421	0.20052238355842802
0.3474981512434353	0.1538516164811723	0.20052231143803925
0.3474982861534609	0.15385229375074766	0.20052227577718154
0.3474985824345134	0.15385197524055005	0.20052215010164426
0.3474979309330526	0.1538514834860233	0.2005221498070623
0.3474990002237839	0.15385150319264035	0.20052236500574908
0.3474978531118748	0.15385142765581483	0.20052233782458367
0.34749849335389305	0.1538520210797022	0.20052213631371754
0.3474981991978151	0.15385150618277993	0.20052234472988825
0.3474991239992385	0.15385130083993565	0.20052304981192093
0.3474984899175841	0.15385072932615007	0.20052246331420345
0.34749827847530906	0.15385047053674084	0.20052257069528334
0.34749852493463806	0.15385135403926198	0.20052257897371684
0.3474981991978151	0.15385150618277993	0.20052234472988825
0.3474984495780834	0.1538515273664285	0.20052252665810097
0.34749831416958765	0.1538519525437613	0.2005219551784192
0.3474982861534609	0.15385229375074766	0.20052227577718154
0.34749798775650836	0.15385124739263906	0.20052245211111147
0.3474974967016531	0.15385184903726828	0.20052218863596855
0.3474981462966005	0.1538508799555809	0.20052221607535703
0.3474976045184696	0.15385077833614874	0.20052264673980144
0.3474985824345134	0.15385197524055005	0.20052215010164426
0.34749822678780057	0.15385215170804387	0.20052245810555722
0.3474980062895377	0.15385131016072567	0.20052220212255606
0.3474982031196423	0.15385064386262015	0.20052251837981472
0.3474981462966005	0.1538508799555809	0.20052221607535703
0.3474985249346382	0.15385135403926203	0.20052257897371686
0.3474982580006168	0.15385135313832898	0.2005223881635142
0.347498199197815	0.15385150618277982	0.20052234472988822
0.34749774335639344	0.1538510037411307	0.20052224109480146
0.3474982031196423	0.15385064386262004	0.20052251837981466
0.34749846098936066	0.1538517797076681	0.20052231103750928
0.34749789491710165	0.15385197682263552	0.20052245853485415
0.3474985344793694	0.15385208553937046	0.20052211680932205
0.3474982975028553	0.15385141061833463	0.20052245171071706
0.34749823813669267	0.15385126857627124	0.20052263403911888
0.3474979309330527	0.15385148348602318	0.20052214980706212
0.3474984534535909	0.15385086015943977	0.2005227076451916
0.3474978613634455	0.15385031533485521	0.20052251768580476
0.34749798775650836	0.153851247392639	0.20052245211111142
0.3474944183846675	0.1538600527425158	0.20051998228013815
0.347467537482189	0.15391977638580667	0.2005018278984761
0.3474481234408435	0.15396727388245351	0.200487376980973
0.3474362224807613	0.15399612828298492	0.20047915351753529
0.34743329978765924	0.1539988331233736	0.2004779200417465
0.3474337058742291	0.1539991043231825	0.20047773210323205
0.34743311122245074	0.15399999588415825	0.2004774325222528
0.3474336168003563	0.15399947048621682	0.20047744569967027
0.3474334889450681	0.15399972672610368	0.20047770274662172
0.34743357805006797	0.15399881797964257	0.20047767282152054
0.3474340174322895	0.15399823995874196	0.20047797098801454
0.34743402211597135	0.15399780300286325	0.20047798083696675
0.34743438497957746	0.15399862083745472	0.20047808077959828
0.34743499583967247	0.15399778372117148	0.20047819522227095
0.3474344816393962	0.15399608983744756	0.20047869233049587
0.34743415504562936	0.153997724790142	0.20047824291556987
0.3474352778581371	0.1539965951358972	0.2004786524845067
0.34743418520482516	0.15399639881479604	0.20047864835792018
0.3474360928562444	0.15399627251375145	0.20047919725090568
0.34743569188573253	0.1539933581030722	0.20047878745135791
0.3475426270126931	0.15369700771962203	0.20051117576059063
0.34767619517926757	0.1533211881368014	0.20055318654801574
0.347812445692243	0.15293683083165893	0.20059609125509556
0.34789876811219966	0.15269475783099773	0.20062342763915947
0.3481606811795688	0.15188643727560813	0.20071009569841636
0.3482209047497184	0.15166747236185424	0.20073464720698586
0.348375819439362	0.15113766008317847	0.20079876851859657
0.3486077940475256	0.15038422430226384	0.2008962279614314
0.34881273995966033	0.1497306295857168	0.20098176704583834
0.34901345777951476	0.14907739044533586	0.20106848467010752
0.3491625611317654	0.14859304981302685	0.2011348762344014
0.3492336003515513	0.14726223169216984	0.20128852449589923
0.34910188918531676	0.14571023492562674	0.201448259446918
0.3492122824787789	0.14472279876926536	0.20172729446153848
0.3492082225782657	0.14359926397534922	0.20198499793271313
0.34922660888127544	0.14281506347887313	0.2022165958049746
0.3493242103795885	0.14140833324826063	0.2026909425589603
0.35001000523831316	0.1390056336613908	0.203619422342234
0.3508684880149111	0.13797288458606294	0.20415848474876752
0.3520278810537371	0.13692720951059711	0.20474402978824133
0.3528656321925609	0.13637580975542685	0.20503471259258146
0.35575934650757246	0.1353661133375189	0.20584429093478426
0.3591124287370262	0.13493424148320388	0.2064641732724675
0.36092858729769506	0.13481557753356976	0.20669344275508086
0.3639473693198884	0.1348736324377554	0.20703837477199824
0.36818999543930303	0.1348150256356926	0.20757349870471747
0.3710923417634779	0.13464805980139727	0.20800967316371516
0.37456032043578924	0.13427786041169082	0.2086060515492617
0.37716964200583364	0.13387767521588345	0.20907743110375507
0.3819815847270642	0.1330296600930848	0.2098487117898687
0.3845673974086197	0.13249338836114072	0.21014577008871863
0.3868246074921424	0.13198426866014573	0.21046836800563964
0.3879926228394007	0.13163222813057052	0.21054567786550193
0.3902841860574209	0.1309514727316296	0.21069840147851468
0.39228427357399326	0.13031238124883926	0.21075355244055424
0.3946935992659493	0.12951810820801157	0.21074111415307362
0.3970178509516278	0.12862639143254623	0.21052212436681322
0.3979004978192447	0.12821987289493508	0.2103264808482762
0.40007416877388086	0.12739025625878464	0.20988461788862497
0.40101670009602325	0.12695923384282576	0.2095917191070382
0.402835773262024	0.1260474951309748	0.20875922283801665
0.40368978213994566	0.1257289618117809	0.20827540507099096
0.4052694664761169	0.1252411489822713	0.20725349027439643
0.4062878460449125	0.1250345251693507	0.20659357223387836
0.4075461795409293	0.12479936195344561	0.20577909629373167
0.4089673823962181	0.12455178954484004	0.20423674299667038
0.4098048579675819	0.1243409478365035	0.20311432891986825
0.41061039881784767	0.12390175829232684	0.20191942607404106
0.41116204455236116	0.12322262581995506	0.20073914275876353
0.4113970370724143	0.12274698252208487	0.200029274327886
0.4117779067422196	0.12200228061536829	0.19903396279631397
0.41198400711199856	0.12120632144882877	0.19838690689586952
0.41197511041770546	0.11980084956222183	0.19749971016856965
0.41186993547785383	0.11832949854909265	0.19699641672712181
0.4116476609986449	0.1171175745688592	0.19669798586190654
0.4113839044042343	0.1159668074985576	0.19656871430293155
0.41124347296440844	0.11519141899316367	0.1965893452455839
0.4107825206318176	0.11358484776703258	0.19676568931571797
0.4102297030405892	0.11153784765948001	0.19735117203324898
0.4097650906000664	0.11016115260618219	0.1979081191838258
0.4093065493638039	0.10880379135142872	0.1986752302458854
0.40899124562772926	0.10792037000457029	0.19924033493647858
0.408322774508681	0.10612934446048043	0.20061305867606916
0.40785635088886246	0.10497553684404869	0.20152168078402996
0.4073744921361356	0.10391595444189976	0.20237385417159337
0.4069440224782492	0.10305286986790342	0.20305788127628613
0.4060746662960321	0.10174784252869311	0.20417915506989803
0.40572159336095764	0.10120317600982047	0.20467153649179406
0.4053051336401627	0.10053361027296555	0.20521278536081486
0.404798896475813	0.09966317395376918	0.20575189609463596
0.4041723384768573	0.09879339965845226	0.20639741398748515
0.40367859306121673	0.09843721524375744	0.2067961984223305
0.4029140248570135	0.09776011528603094	0.20738707460849373
0.4024866554040097	0.09732196094231409	0.20776533270266945
0.4020386186914562	0.09687221378984527	0.2081698694431629
0.4015831935430749	0.09644410650103506	0.20863992255405894
0.4011064797363141	0.09591641535930136	0.2090868128900683
0.400501094231155	0.09526695455147839	0.20961681396436815
0.40007595402150503	0.09482130771556084	0.21004345327028262
0.39988001203137663	0.09463344925643942	0.21025903354535116
0.3993964442173287	0.09406696670832539	0.21078002713257932
0.3988325399052306	0.09345099264410474	0.21123064167648753
0.39859444117045517	0.09317040028445316	0.2114691225662641
0.3980646048792948	0.09262860478196437	0.21202357922647913
0.3973424623669426	0.0920132454746813	0.21245328691838422
0.39694730788511606	0.09158457354709033	0.21275434653629527
0.3965900180016808	0.09116642921291372	0.21317240555076236
0.3962035718952188	0.09078909494732317	0.2135405059882814
0.39576462094771325	0.09030018144964246	0.21392369829749922
0.39550110031597135	0.09001048286981793	0.2141786542348605
0.39495476145062686	0.08943919919990036	0.21468181835869896
0.3945504648557596	0.08909983958200292	0.2149910332573121
0.3941734617894185	0.08877426160444106	0.21519090342150485
0.39376832050873267	0.08835452599006079	0.21558434991165062
0.39338095995838046	0.08798287346589943	0.21589554174224942
0.3928676579929945	0.08739297095266034	0.21650075693553966
0.3926679710207679	0.0871584928794311	0.21671227594199532
0.3921302096629284	0.08661167944123975	0.2171561922411919
0.391719825675812	0.08615933712374167	0.21761358274700587
0.391306657243629	0.0857346403239612	0.218036884947118
0.3911189252327415	0.08550535009747119	0.21827674201567868
0.39059140966159256	0.08490489261904484	0.2187475927397796
0.39027818987337576	0.08458355112380365	0.2190597573386792
0.38986965134500245	0.08421432478826892	0.21942735319416717
0.3895139819523455	0.08394108024047385	0.21969267424180028
0.38902169403133235	0.08339790376760138	0.22020904982111345
0.388660321330549	0.0830219220016881	0.22054985442371894
0.3883660674111055	0.08271497425212966	0.22085622235887323
0.3880405968735482	0.08236645853681408	0.22122297579374786
0.3877812932059536	0.0820767766792095	0.22154069590113476
0.38736155355803337	0.08163310195178196	0.22201694482769074
0.3870933071570169	0.08133905719449068	0.22226687221386954
0.3867255319910974	0.08093912285683456	0.22264447261861883
0.3863878576558123	0.08054594646924797	0.22306165476671289
0.3861020272422684	0.0802362784653217	0.22341492704046015
0.38575331017334213	0.07990554028224021	0.2238291802034123
0.38531451646175097	0.07940491766053288	0.2242888276273545
0.38514417887942026	0.07921287767871561	0.22445702240158566
0.38475275390552144	0.07878610147917638	0.22491992419646567
0.3844620998039058	0.07845867300188435	0.22527834349271608
0.38430596409780726	0.07830071337141516	0.2254785307596074
0.38376887329145853	0.07774201317406591	0.22613185260967306
0.3833787182853335	0.07722608893897988	0.22657375216070863
0.382983007139215	0.07664530618500297	0.22693046175372777
0.38258005636034853	0.0759344585975441	0.22734783309319923
0.3823424772289315	0.07543112880484805	0.22759602905462173
0.38172404642244995	0.07430581411079439	0.22805481587761436
0.38130808865084287	0.07327787455133801	0.228366594381285
0.38092859160906223	0.0723956452542344	0.2287937576995744
0.3800146791342051	0.07009442294415803	0.2296237045812496
0.37947866067190733	0.06867073838875336	0.23015940237420865
0.37894363432966005	0.06734780530185276	0.2306394701633239
0.3786038665886528	0.0665051277345927	0.23093930101547439
0.3777904437490479	0.06434966370649121	0.23164706092936474
0.3769464976936254	0.062096136870533045	0.23239508583933102
0.37629022061655554	0.06046060127459259	0.23298401620982212
0.3756730692643112	0.058876454235648565	0.23355741821294362
0.374948768101838	0.05708835151061058	0.234109442007611
0.3745551007424315	0.055955331428135205	0.23443652503855322
0.37325891264984756	0.05269807726523755	0.2355441388355286
0.3728223314711384	0.051531014327720545	0.23591832130588508
0.3718182812746829	0.04905903087497078	0.23674072300511004
0.3710687332812218	0.04732530574251344	0.23718409158277298
0.3705634080303554	0.046007492067463227	0.23761044344093232
0.3697965562840709	0.044219724298521126	0.23808165313271612
0.3688413208060856	0.04188323234293244	0.23879099565079978
0.36766518672908755	0.03916903742323828	0.23965227605916223
0.36718722854656183	0.038051055746619836	0.23995102071654603
0.3660465657916284	0.03551824165998212	0.24064006056696208
0.3655761472092371	0.03454620441662386	0.24093244608901054
0.364394263249517	0.03187068734771427	0.2416278630300435
0.36366566705624753	0.030044600255987194	0.24219551916920343
0.36290743851447155	0.028097121058827737	0.2427648031652122
0.36225422985933137	0.026337020449579515	0.24322134063425682
0.3615763929191773	0.024541660262959716	0.24373715082876604
0.360517288490543	0.021751597756468524	0.24453818961181273
0.36010875212973625	0.020644831182676307	0.24493710913088057
0.359276531713204	0.01842223540651962	0.24552003786642357
0.35882211376332296	0.01732595047820694	0.24588518151841873
0.35792822077689385	0.014928631869331757	0.24655053875391944
0.35726874815981624	0.013120286030866998	0.24699952444016365
0.3563367199156231	0.010666053910941928	0.24770298703198435
0.35590098637691947	0.009480520677676532	0.2480286479101223
0.35534851596600275	0.00801159575472439	0.2484400736662734
0.3547602040187821	0.006428756574985775	0.24883741506068777
0.3540518420386568	0.004591985330546514	0.2493872468724529
0.3537855566505195	0.0037421599873944805	0.24952094789927373
0.35307685831444513	0.001987562374025767	0.2501286725086346
0.3524078674912168	0.00020018207090787	0.2505095566762688
0.3520109850779303	-0.0009613001387446668	0.2508786544599696
0.35164172827991574	-0.0019792346150058066	0.25103730145997927
0.3512608826695344	-0.0029428740536565218	0.2513284191944536
0.350830850534522	-0.004105892121176971	0.2516815898987579
0.35066402609372804	-0.004493605413759941	0.25165240644822495
0.3502841500947963	-0.005190859800621103	0.25171405863520213
0.3500213292831848	-0.005620521105359863	0.2518108945804487
0.3498363664122389	-0.005903687559298251	0.25183103194696943
0.34970502700531575	-0.006029805551492476	0.25160150349815774
0.3497129614300084	-0.005994721772674974	0.25150667803909454
0.34972943084573094	-0.005953577960747344	0.25149128992932357
0.34973652928777926	-0.00593574838992271	0.25148393854959195
0.34962270398845285	-0.005946995602581759	0.25146444420600367
0.34943770642949007	-0.005972595897827185	0.2514376261359039
0.349306682323518	-0.00598781997684765	0.25141349721448736
0.34927528789020507	-0.005972226087568436	0.25139273671658663
0.3493005245886152	-0.005914441982380378	0.2513747814722766
0.34931528702871656	-0.005879502802465172	0.251363363307124
0.34931898036630354	-0.005872729231291826	0.2513616272282995
0.3493212944599658	-0.005869780390890658	0.2513611531364581
0.3493263051290504	-0.005863625024360011	0.2513604567588589
0.34932834961112513	-0.00586239784672378	0.2513601874511817
0.34932942540274764	-0.005861321080848067	0.2513599800076784
0.3493327639859487	-0.005859105406991569	0.25135895665887537
0.3493331614214214	-0.0058584317508711264	0.2513589541980177
0.34933506716091967	-0.005857428763782882	0.2513595464245766
0.3493355922228476	-0.005857240268014471	0.2513596746420516
0.3493366983392688	-0.005857912364261655	0.2513603285262586
0.3493373901115862	-0.005857819345524193	0.25136022412805614
0.3493390998344776	-0.005855821672734837	0.25136026462010996
0.34933894092911394	-0.005857246790983331	0.25136078622405733
0.3493394013645253	-0.005857085674531234	0.2513611958942635
0.34933968873975213	-0.005856969605111104	0.2513613864762014
0.34933997039309456	-0.005857273702205165	0.25136220051432073
0.34934011005821863	-0.005857634536017661	0.2513616586218147
0.34934035819950693	-0.005857470463435863	0.25136215063362843
0.34934009279108635	-0.005857763692604281	0.25136269609750206
0.3493395372646899	-0.005858310466870839	0.25136220669095527
0.3493403678101783	-0.005857649905011128	0.25136145359724466
0.34933974589290623	-0.00585813771869402	0.25136205375120424
0.34934049613586976	-0.00585811496132628	0.2513621266670605
0.3493399064764036	-0.005858740017547839	0.2513627310165268
0.34934024753619847	-0.005859218922879397	0.2513625483379167
0.3493397564067775	-0.005858867085762401	0.2513630526950743
0.3493432756822026	-0.005856892302669434	0.25134865247978455
0.3493864095511929	-0.005823306869066111	0.2511846655070437
0.3493904954865059	-0.005821332782145819	0.25119605602852885
0.34938023916681804	-0.005825455121046971	0.25124710314577586
0.34937530958200513	-0.005829561795377011	0.2512722929994961
0.3493644830555465	-0.005838544570609963	0.2513036008499896
0.3493604101181076	-0.005840716884149846	0.25131196169656245
0.34934049791124067	-0.005858541203515713	0.2513586033851436
0.34933976100566944	-0.0058592658704567785	0.2513622539888608
0.3493392657278995	-0.00585983740489128	0.25136349409743824
0.34933960366844974	-0.005859370617852369	0.25136328194268853
0.34934097857500707	-0.005869141183733759	0.25136882063590027
0.34935945681304564	-0.0060147658024389955	0.2514591928258626
0.3493682478448274	-0.0062091330301873165	0.251623344271085
0.3494017529713801	-0.006379634353710764	0.2517270982147537
0.34944007449965764	-0.006435133098357845	0.25151123310431445
0.3494748697955687	-0.006436445926657167	0.25127003020178984
0.3494805197033917	-0.006436519006536204	0.25122055627682155
0.34948039575181905	-0.0064380077454662815	0.25120366428671925
0.34947785450024765	-0.006439081094655394	0.2511996015263366
0.3494731983422157	-0.006440843751459743	0.25119670599654764
0.3494716668497983	-0.006441886346676459	0.2511959421051505
0.3494674145379592	-0.006443239708226536	0.251193743856454
0.3494632321801959	-0.006444781420386667	0.2511930398926543
0.34946250861417566	-0.006443978897083688	0.2511920397897154
0.34945891366003634	-0.00644603713690349	0.25119078050896626
0.34945456014315646	-0.006448063419438446	0.25118936192978825
0.34944629663866605	-0.006452823316982478	0.251186895812661
0.3494392861579795	-0.006456643302353918	0.2511843361155171
0.34931226707806307	-0.006556007115670101	0.25120101078153423
0.34930252830987935	-0.006562665026291395	0.25120524511692244
0.34930943170132955	-0.006556800233302032	0.2512058498628365
0.3493234650324182	-0.006546826346473342	0.25120415305408456
0.34933114382486313	-0.006541746641576349	0.2512041367991883
0.3494026886719786	-0.006483420210193949	0.2512166531305883
0.34941260454461254	-0.006476716765326809	0.2512161612903287
0.34941713569709976	-0.00647345411248261	0.25121593078556526
0.34942188073567926	-0.006468643138192384	0.2512126201506716
0.3494261741607158	-0.0064658961843457735	0.2512122725816953
0.349433765262607	-0.006460033092265852	0.2512085638211877
0.34943603072317553	-0.0064575380818956835	0.2512068774888123
0.34943713899325474	-0.006456892522105476	0.2512054951364678
0.3494387726812224	-0.006454682855879676	0.25120263971125534
0.34943916490927684	-0.006454221599747137	0.2512002450235027
0.3494419438761691	-0.006451225497329002	0.25119549422995757
0.3494419356684455	-0.006450297089932153	0.25119348280566933
0.3494426919498851	-0.006449821442807022	0.2511915246951465
0.3494423867416351	-0.00645001296624477	0.2511906370375151
0.3494435861493729	-0.006448613699470404	0.2511873494079646
0.34944450732837484	-0.006446871567339377	0.25118427566668483
0.34948736844401296	-0.006410576192636727	0.2510925458474769
0.3494877757591228	-0.006409299882262395	0.2510918304420897
0.34948491775251483	-0.006412650899171715	0.2510967291398542
0.34948212306093185	-0.006414170742397987	0.25110085888878597
0.34948063320838413	-0.006415301423942241	0.251105253349555
0.34947520515035263	-0.006419793709735486	0.251114350060923
0.34946738107085407	-0.006426362281972756	0.25112855342003126
0.34942929850611215	-0.006457620541892153	0.251207355652115
0.3494241605822952	-0.006462819046175253	0.2512197435213165
0.34942407399275377	-0.00646205020531572	0.251219507979072
0.349422753738679	-0.006460969245186729	0.25121579326187404
0.34940486889342665	-0.00646308825286486	0.2512120591871299
0.34912994262658065	-0.006364021146032059	0.25109276768155875
0.34871153199679655	-0.005544593150681357	0.2506950823596969
0.34865550405777584	-0.0049712159239932024	0.2506625554527114
0.34858675052484445	-0.004419465112845036	0.25062495837604326
0.3484509143773145	-0.0035334629182455085	0.25059999448073955
0.34838083996878605	-0.0026907483465889587	0.2505797855544662
0.3481376501638229	-0.0008633901588445264	0.2506213464199527
0.347899586866839	0.0002853660121770879	0.2506756826481241
0.3478066310090278	0.0008491490449095834	0.250677461967961
0.3475500796331202	0.002690189591713396	0.2508335136947479
0.3474039552305449	0.003542110719758171	0.2508809263907311
0.34687042921441813	0.006126920317935533	0.2510935803469134
0.3466647476631698	0.00744089520351833	0.25122602220030776
0.34629029399475625	0.009113977411416438	0.2513757866385796
0.34611659730622835	0.010077798395710588	0.2515291804151205
0.3458596240747337	0.011659940245951003	0.2517217383583601
0.3452637647690308	0.014553411037784167	0.2521424939302517
0.3450326638644269	0.015864009118278108	0.2523411319137517
0.34470101906131845	0.01737467501007818	0.2525981154841867
0.34431895062678686	0.01923830260765587	0.25291004807779727
0.3437580989404003	0.021942476841344746	0.2534471687624168
0.3432806398861588	0.024578261651521896	0.253996086775589
0.34288329107100285	0.026258198417436637	0.25434998789646723
0.34254300085635847	0.028113123671557785	0.25478149670437644
0.34227133821540806	0.029295979695709393	0.25507256076732765
0.34158254113135145	0.03266583185561413	0.2559152439617892
0.34104963171937314	0.034882924850865735	0.2565342483456227
0.34090749729774855	0.03615318801041696	0.2567551941015751
0.34056455356067517	0.03840167612275634	0.25702471108485475
0.34035297066768044	0.04045971782074413	0.2573045242400042
0.34006642523369324	0.0424488400062205	0.25756447415647016
0.3398648805627204	0.04480767861596864	0.2578671252388151
0.3396499180703621	0.047685806856331545	0.2580526548144697
0.3394408340609287	0.05115847276913672	0.2582483524620143
0.3393390685880516	0.05263295839329997	0.2584477840185022
0.3392623314735756	0.05548004352230752	0.2584769908692061
0.33926375357785515	0.05683954956736721	0.2585119106027536
0.3392464816700729	0.05971492488001988	0.2585986432187854
0.3393028499131422	0.06269473675332128	0.2586003390125181
0.3394308793537138	0.06505417182314384	0.258504214677477
0.339502625718221	0.06627737784684569	0.2584874119933165
0.3397704507456201	0.06922571183637487	0.2582860667007299
0.3399735067558572	0.07147528284545797	0.25804443209539496
0.34040597367139275	0.07466082926842964	0.25766532142453014
0.34075380518045467	0.07666251598917874	0.2573771805441387
0.34097338043422126	0.07798598340275927	0.2572358094080198
0.34154732150675704	0.08068987480013541	0.25674495155560584
0.34214208316346856	0.08305848925474586	0.25616779209781576
0.34268188946769745	0.08484995526881654	0.25574010411439063
0.34345386407626977	0.08712765879497218	0.25510126688090606
0.3444200908536137	0.0896597412217753	0.2542973920917425
0.3451900366931574	0.09152156724053785	0.2535787128546529
0.3460122821991872	0.093547422392404	0.25279384924064463
0.34682430128782066	0.09542754757585	0.2520357335236844
0.34752249357539616	0.09668271164250856	0.25137371184555857
0.3491731519539376	0.09934260734446569	0.2499508873945153
0.35059529014234164	0.101334271222329	0.24860129526197705
0.35129224296390593	0.10225867496278222	0.248059848185692
0.35325100893229494	0.10472243613762743	0.24633252980193435
0.35462897846223207	0.10624809445505869	0.24520623531873842
0.3558018303335478	0.10749766266264911	0.24438011988009645
0.3581879598219262	0.10989937337861964	0.24274776536612086
0.36108537716332617	0.11260101980481234	0.240710278433314
0.36322944083275943	0.11451295274071706	0.23918782873815406
0.36543957621984463	0.11637805663066296	0.23781106382532616
0.367686653774254	0.1182841532123846	0.23628146764786362
0.36920676298622873	0.11950136142618085	0.23537269933414062
0.3724952469722686	0.12213424334032467	0.23322926565163835
0.37670009092643386	0.12553009495975243	0.23046578138087498
0.3792430169671169	0.12767332828399341	0.22865810759524466
0.38212688590816224	0.13016212510718156	0.22650784777894692
0.38490868888098306	0.1326452023522957	0.22424922116561927
0.38770745350689495	0.1351683411721477	0.22191233343017508
0.3905122519383027	0.1377891948860851	0.21949353483639802
0.39343710952934685	0.14055792352024188	0.21680443133521687
0.3952756388400494	0.14235894032806973	0.2150113922627823
0.39875810629028985	0.14572532939081195	0.21178837225678168
0.4020500548882003	0.14874640371820325	0.20897327736147522
0.4056671028465869	0.15186305016072638	0.20626226142767726
0.40728190941628434	0.15315601235598542	0.20508973983016973
0.4106898039073853	0.15573005048489752	0.2030328691036009
0.413240510963124	0.15748218519282592	0.20160838125557884
0.41708905737017743	0.15976323888202887	0.20002237299660022
0.41857035485208777	0.16047520248301855	0.19947516884714178
0.42190009647700066	0.16174609615329705	0.19846384210430632
0.42415567604163706	0.16246213690063332	0.1979895983245399
0.4267604105858022	0.16313683858190697	0.19769654717722135
0.42942820862869446	0.16310531628056824	0.19782773919740568
0.4321627129491725	0.16285542246133755	0.1977741882793811
0.4342210790358221	0.16261400497760842	0.19761937073624639
0.43614866727568313	0.1621329584832572	0.19763870902377814
0.43891384428874886	0.16106770793191028	0.19767148139700455
0.44078617162117173	0.1601448950513682	0.19776469894114168
0.442494453738912	0.15896902129245932	0.19786740405529823
0.44401231933127805	0.15771793042360832	0.1978646545864644
0.4453254185801222	0.15640306397078335	0.1978015943860124
0.44642556514466464	0.15505641643081008	0.19760371406540156
0.4474887334253465	0.1535021995119626	0.19729483197238812
0.4485485093982624	0.15134463019590438	0.19663585158762592
0.4491669364575717	0.14958388412296653	0.1958856255122335
0.4495566333596558	0.1479366288223809	0.1950951416243514
0.44979138919323436	0.1462825253392005	0.1941957086861434
0.44984408724166364	0.1444950875177063	0.19303456358677784
0.44965158147478324	0.14286811687791107	0.19171789116636098
0.4494367707130659	0.14134921738443346	0.19047847982377084
0.44921631033917686	0.14042320720995322	0.18958892597837398
0.4485204033995899	0.13838596150007654	0.18738623255531767
0.44823154860234016	0.13772956488149724	0.18655611342178724
0.4473649171235084	0.1359546399998463	0.18416473207753026
0.44665554525321993	0.13483715093153403	0.18239002366635168
0.4460230378997443	0.1339381879236644	0.1806957524495509
0.44501181444143945	0.13270180278826982	0.1781075740259214
0.4441686345200447	0.1316493660269159	0.17586274428134013
0.4435235657895535	0.13088878611123184	0.17392696055408827
0.4426433547094045	0.13018819766018402	0.17112294741186457
0.4418099658977778	0.13000276260909627	0.16859285386398765
0.44122027376581896	0.13004111402053048	0.1663722197454578
0.4407053497189865	0.12984401413279062	0.16399571595546691
0.4401414667866089	0.1295724974948818	0.1617948503393168
0.43942796309468596	0.12921934413550162	0.15857494621509127
0.43923193112770315	0.12924680155678808	0.15614552475739218
0.43915980791375225	0.12943632891270013	0.1537138684871296
0.4394832544410421	0.1298627757144455	0.15142406422826454
0.4398703667025542	0.13035681915085362	0.14889066848173993
0.44061959230527126	0.1312328872706507	0.145174218182336
0.44092607900321995	0.1316044118098052	0.1436825181041464
0.44154051527851074	0.13236661984018616	0.14056313773683649
0.44223689104029346	0.13315096207751292	0.1372431068357961
0.4426785471313659	0.1338490765284049	0.1345424601965305
0.44320521055342416	0.13486685703367052	0.13065897938650423
0.443663260220345	0.1355363832399164	0.12769047153748342
0.4441006683672116	0.13600089487831674	0.12526648650041178
0.44455395025567496	0.13654390519514797	0.12270967021580514
0.44485522111568854	0.13695343414373035	0.12093656289816174
0.4455309338418261	0.13811116766732856	0.11612411279960638
0.44575035893834375	0.1384991051170708	0.11449555897053232
0.44611229352403836	0.1392001951082102	0.11154363182817767
0.44656788881273146	0.13970937280700096	0.10890423089241552
0.44720474642158176	0.14048825924752206	0.1051414993568584
0.44761392269566447	0.14115721446323687	0.10221198124703473
0.4478033831654711	0.14160304001702667	0.10042583516449555
0.44829885469746156	0.14240950925185186	0.09685856122062636
0.44853888926700275	0.14269429399315692	0.09539774810656881
0.44913521961702063	0.1434471531893753	0.09155787707682644
0.44963273446991	0.1442902012342402	0.08808824335225973
0.4499958319191444	0.1449362805853749	0.08529076417431569
0.45027686282031265	0.14539118416113067	0.08360924011502818
0.4506207437177218	0.1460348804870069	0.08065895632641285
0.4508653675191835	0.146264806122275	0.07926371205983296
0.45153990689345014	0.14723650010602163	0.07498619410650315
0.4517372011957847	0.1476588358063412	0.0734037075699675
0.452213147453722	0.14833195332836213	0.07056273677098635
0.45250623559817515	0.1489037837478272	0.0683654219033683
0.4527949026916098	0.14943924407071368	0.06611396020224486
0.4529711378507033	0.14983940387967098	0.06463508082940134
0.4535866068526016	0.15086101561105214	0.0609804656397005
0.4540749786450056	0.151373152860175	0.059186360567085206
0.45441015190905276	0.15174824161693867	0.05810266005796039
0.4548638325975493	0.1522492407267217	0.05643390960086092
0.45540528083636467	0.1529712322448633	0.05403282818985994
0.4557631533990603	0.15343515907389949	0.05226984456219047
0.4560811735566207	0.15390901110669497	0.05060872481186096
0.45640023108350014	0.1545447648769317	0.048325353787916636
0.4565321640186153	0.1547954399406647	0.04735058593422575
0.4567236294375027	0.15540680182752914	0.04501637458084834
0.4568027479753356	0.15565245719688614	0.044093140695451505
0.45701079507530784	0.15616289423418245	0.04212199230352115
0.4576393522980836	0.15681440389271994	0.04034363663627699
0.458199830771393	0.15723118080527643	0.039370389290346364
0.45846217298056857	0.15748122339993464	0.03882091440642599
0.4588915454196625	0.15776063804814527	0.037833373020193795
0.45925547704526454	0.15810004960888557	0.03698177111361123
0.45961680646790826	0.15852332954569598	0.03619742025333078
0.4600502623486263	0.15891719266081383	0.03559249408622067
0.46056129852347594	0.15951269991956735	0.03470383915729286
0.4608284363152411	0.15985516690641477	0.03425619384114609
0.4614725595151557	0.1604670024492036	0.033863172041473655
0.46168023360248245	0.1607508909312741	0.03355141171938919
0.46202691858000833	0.16112200896803958	0.03327814496545484
0.4624818327173964	0.16153140350673245	0.03304272310545192
0.46273852130562193	0.16186716735697304	0.03270533187346564
0.4631506348464269	0.1622716722801265	0.032443846054382997
0.4635481115819172	0.16270334438388617	0.03220490174366919
0.4638329753611672	0.16304442979393757	0.031866385424121735
0.46429968908040603	0.1635021814718739	0.031567349568381364
0.46471323088179506	0.16390704043309606	0.031315632892765455
0.4649472900990688	0.1642193882854665	0.030995892265486658
0.4651436912525618	0.16442360308570292	0.030821130905161087
0.46570687376495185	0.16488362317896899	0.0305840913862791
0.46595348656980334	0.16522166728665943	0.030281949690831644
0.4663470340379742	0.16571460274686284	0.029896037491980554
0.46658814154109884	0.1659203046936082	0.02979865912977525
0.4669585291933035	0.16622677956081267	0.029630669321494385
0.4671930984180668	0.16657796422156484	0.029296651199475
0.4676194384186787	0.16702690575250495	0.02894630007492649
0.46801065089709687	0.1673335865100481	0.02877724054106795
0.46832295860837775	0.1674455471422313	0.02869640278851404
0.4686956830779037	0.1679767479077181	0.02815951671947653
0.46894180955503306	0.16822325776052682	0.028026836615362927
0.4694530280999857	0.16867073328593007	0.02777673529915403
0.46967633903546124	0.16877816926476408	0.027667421244725043
0.4699755750257926	0.16899455136409913	0.027393062279373603
0.4703942397476545	0.1694154780915446	0.027127703542713655
0.47080091033995985	0.16978898126831238	0.02690838298973086
0.4711214636588239	0.16997878857770848	0.026697513816515972
0.4712919515520357	0.17009756887083238	0.026545121372491265
0.47158176156469356	0.1702923670988119	0.026326389306412512
0.47199079678959904	0.17067356272301848	0.02610474366297577
0.4723237550387326	0.17095599787607407	0.025825122873758766
0.472472894381017	0.1710411652876344	0.02572239807468757
0.4729261178020212	0.1713452402960901	0.025396219146256838
0.4731795883126446	0.1714685287530946	0.025290827876922717
0.4735214269101518	0.1716362800615181	0.02518533012148577
0.473803983220244	0.17193551867177892	0.024903130326735246
0.47397854323513094	0.17209543268071859	0.024697378814631854
0.4741552615976463	0.1722045222519955	0.024548927039070523
0.47453831253060064	0.172449539410036	0.024309066872430896
0.4751318457767161	0.17282098890382253	0.024089486748833988
0.475474712943058	0.17296087017845607	0.02397683069118489
0.4758275230536819	0.17306275198239285	0.02394676487416969
0.47616365543312567	0.17326350648394867	0.023889294746011702
0.47641559770380104	0.17345915684063423	0.023829122483869647
0.47679281235750853	0.1735524890908115	0.023809349361290255
0.47720616326747534	0.17364394766796415	0.023665963702954873
0.4776012681979289	0.17371600253223857	0.023676455218031245
0.478035653538047	0.17391671516935636	0.023657936141482427
0.4785217308045132	0.1742303638289649	0.023629323372357403
0.4787927133484296	0.17439093396284722	0.023576141900993774
0.4790960345342863	0.17452244390174831	0.02356078125882266
0.479372666758082	0.1745985517276189	0.023578388730434774
0.48000194880443176	0.1748817174234698	0.023605389714927483
0.48031361123300514	0.17497494874096475	0.023650074846496838
0.48114976494200845	0.1751383976341963	0.023695373739387404
0.4814262201903809	0.175303303261861	0.023637536564503403
0.48162651712403687	0.17555385946477703	0.023532541619024128
0.4819624284404714	0.17565693949078737	0.02354315429379661
0.4824185222170956	0.1758426966656632	0.02359067259710229
0.4828016367054846	0.1761473483077608	0.023758453658247747
0.483065175091285	0.17651099594991132	0.02407739424180455
0.4832668788612587	0.17679250750935188	0.02465464426225039
0.4833858589801904	0.17667019457266492	0.02552937480463774
0.4834841266920391	0.17692686832734694	0.02657041852290931
0.4834527358055062	0.17709819082563039	0.027124081505693842
0.4836605532356509	0.177558250666767	0.030182132931116545
0.48377225672147883	0.1776162599922798	0.031320719520540996
0.4839323282626432	0.17794107307800616	0.03429396510901955
0.48407224987602965	0.178109416473351	0.036509408989745806
0.4842124453537918	0.17832019215961287	0.03890881589204154
0.4842816025718345	0.17846722236956014	0.041380136833978176
0.48440652118815686	0.17861359083260547	0.043152641299471606
0.48462457498278083	0.178950732105349	0.048061673903155744
0.4847568501614789	0.1791906049103526	0.05209824642775002
0.48472308281077736	0.17922051877611966	0.054089625520623075
0.4848228517109011	0.17945929234435043	0.058854648012858446
0.4849672031678759	0.17963833133953583	0.06220016312233867
0.4850334424826527	0.17989040896347241	0.06782638741934555
0.48516210449837255	0.18002262975804856	0.07109762665644198
0.48522024427084337	0.18020020202669507	0.07553600411483902
0.4853061014211587	0.18032895925047077	0.07924111069859613
0.48538042465342324	0.18052423285040725	0.08587313809271135
0.4853704756185595	0.18061087924203478	0.08805513214223082
0.48550531081273035	0.18084826509047464	0.09420209147523712
0.48546524157950544	0.18086778995845854	0.09657853598204175
0.48550485092685974	0.18094389750393702	0.10053936133925051
0.4856426308663223	0.1812029379091516	0.1068494841909009
0.48572797771723447	0.18135826656392012	0.11375348523708334
0.4857693006598643	0.18149330421212417	0.1181462902201279
0.4858159353763867	0.18154593562550514	0.12066955844534227
0.48585291386097523	0.18172747433483338	0.12656839851319812
0.4859096145061461	0.1818156172590173	0.13094723922158424
0.486003663441814	0.18202398132549158	0.13757677416016528
0.48599886373984447	0.1820904506740902	0.1420202194504001
0.4860740384817069	0.18220263823139105	0.14592436739629527
0.4861171644942321	0.18225625296220999	0.1488784997232221
0.48620686218824605	0.18230950406642732	0.15252608742138407
0.48627932822469516	0.1825249196615737	0.15868447154942816
0.48636545368292766	0.18268126563981635	0.16451997945184876
0.48643699641023574	0.18274420784035889	0.16802734243626688
0.4864430354164796	0.18282034755804605	0.1702731347737747
0.4865464247417256	0.1829090688978307	0.17567684654631682
0.48658429392281	0.18302167538196573	0.17792558136399333
0.4867258164852283	0.1831469242902194	0.18251764966365058
0.4867604136444332	0.18326735717416742	0.18594720709869333
0.4869659901919133	0.18342005883116091	0.19071045969470807
0.48695899869650966	0.18349072258238086	0.19190009566608698
0.48716832088718015	0.18367390024428848	0.19638524330980697
0.48714657091842295	0.1837156626983381	0.1977259259010451
0.48733033685437066	0.1838830109959238	0.20104342811240222
0.48746776854194573	0.18391939896376625	0.20281016081312916
0.4877157376382776	0.1842016090736599	0.20478282870333422
0.4878957280761023	0.18455080947129815	0.20716093966599958
0.4879367369918086	0.1846738278794282	0.20790210084144392
0.4878946194152283	0.1847741921477461	0.20901089944609555
0.48805204827677984	0.18481839935185118	0.2101823586500835
0.48812311377142126	0.18481965276209233	0.21087609786437464
