0.3487472782415502	0.14869351662784303	0.2022224417774274
0.3487472782415502	0.14869351662784303	0.2022224417774274
0.3487463351528402	0.1486929558189377	0.20222258626945575
0.3487462020986786	0.14869320849500156	0.20222253918477717
0.3487463351528401	0.14869295581893793	0.20222258626945588
0.34874671937222346	0.14869342536539254	0.20222237301734575
0.34874646941740667	0.14869291831961753	0.20222261671687985
0.3487466386554569	0.1486920839700578	0.20222269517792135
0.3487468054604916	0.14869320341357928	0.2022225859486846
0.3487455161409438	0.14869294952200462	0.2022220376877579
0.3487458641373057	0.14869198132502687	0.2022221246004634
0.34874625038378604	0.14869350118720115	0.20222232616287084
0.3487470707984982	0.14869259586583067	0.20222304201605998
0.34874564919454415	0.14869269684551606	0.20222208477174197
0.3487462718951866	0.14869306748399308	0.2022225369267864
0.3487463351528402	0.1486929558189377	0.20222258626945575
0.3487467186646586	0.14869269846505795	0.20222191102425024
0.348745528203001	0.14869180447222324	0.20222212483157415
0.3487476194403237	0.1486923992167033	0.20222307092161151
0.3487455606342782	0.14869285317418784	0.20222201569250478
0.34874809222231007	0.14869271242836268	0.2022229267510805
0.3487463351528402	0.14869295581893788	0.20222258626945577
0.3487471896794174	0.14869367296090297	0.20222237269663257
0.34874593943401977	0.14869351902692657	0.202221840167596
0.34874714913240307	0.14869215162257227	0.2022230712415748
0.3487472782415502	0.14869351662784303	0.2022224417774274
0.34874672721556943	0.14869192763875444	0.20222276425791966
0.34874591242307584	0.14869227401690577	0.20222191157754466
0.3487468898213976	0.14869280619144165	0.20222243483994404
0.3487467193722235	0.14869342536539243	0.20222237301734564
0.34874658631758326	0.14869367804124406	0.20222232593288178
0.34874650560167225	0.1486923366461892	0.2022226480925405
0.34874599921882915	0.14869277896557515	0.20222258649948655
0.3487455606342782	0.1486928531741878	0.20222201569250486
0.3487468054604916	0.14869320341357928	0.2022225859486846
0.3487463510704467	0.14869295841829078	0.2022225882278167
0.3487462020986786	0.14869320849500156	0.20222253918477717
0.3487463351528402	0.1486929558189377	0.20222258626945575
0.34874573108347223	0.14869223400119852	0.20222207751543675
0.3487462020986786	0.14869320849500156	0.20222253918477717
0.3487463351528402	0.1486929558189377	0.20222258626945575
0.3487468079337687	0.1486932690334482	0.20222244209767481
0.3487464237132241	0.14869279948759345	0.20222265534901357
0.3487462020986786	0.14869320849500156	0.20222253918477717
0.34874624835705387	0.14869245087033006	0.2022219113464754
0.3487466329134696	0.14869338459988013	0.20222232810087448
0.3487471809706067	0.14869202672977827	0.2022231039917093
0.3487464237132241	0.14869279948759345	0.20222265534901357
0.3487458978879627	0.14869335344485257	0.20222196828601072
0.3487463351528402	0.1486929558189377	0.20222258626945575
0.3487466488806871	0.14869237188146123	0.2022227350313277
0.3487466582088743	0.14869268189464074	0.20222216391810782
0.348746423713224	0.14869279948759362	0.20222265534901365
0.3487466386554569	0.1486920839700578	0.20222269517792135
0.3487471853573657	0.1486935893603319	0.20222277107762365
0.34874763689792027	0.14869385228098558	0.2022226994179451
0.3487463351528401	0.14869295581893793	0.20222258626945588
0.3487470306287194	0.1486927758079571	0.20222266563157465
0.3487479253258623	0.1486933130082283	0.202222828444571
0.3487463351528401	0.14869295581893793	0.20222258626945588
0.3487462718951866	0.14869306748399308	0.2022225369267864
0.3487464237132241	0.14869279948759356	0.2022226553490136
0.3487463351528402	0.14869295581893788	0.20222258626945577
0.34874564919454415	0.14869269684551606	0.20222208477174197
0.3487468079337687	0.1486932690334482	0.20222244209767481
0.3487468079337688	0.1486932690334481	0.20222244209767487
0.3487465941623947	0.14869218031527032	0.2022227171728791
0.34874613884058936	0.1486933201597821	0.2022224898418648
0.34874594485320554	0.14869332272048102	0.20222180243921795
0.3487470707984982	0.14869259586583067	0.20222304201605998
0.3487462141513518	0.14869340147837068	0.20222258015133426
0.34874731593765224	0.1486932710660166	0.2022229620129254
0.3487465753979972	0.148692195635084	0.20222264583493746
0.3487463351528402	0.1486929558189377	0.20222258626945575
0.3487463351528401	0.14869295581893793	0.20222258626945588
0.34874722984974116	0.14869349301782797	0.2022227490814404
0.3487468940214632	0.14869304708111936	0.20222265502870798
0.34874693419051883	0.14869286713816132	0.20222303141254405
0.34874667487973837	0.14869352170968436	0.20222239501355108
0.3487472782415502	0.14869351662784303	0.2022224417774274
0.3487463351528402	0.1486929558189377	0.20222258626945575
0.348746423713224	0.14869279948759362	0.20222265534901365
0.3487465911759392	0.148692620526106	0.20222263805782825
0.3487463351528402	0.1486929558189377	0.20222258626945575
0.3487454584550577	0.14869309635473443	0.2022219898935227
0.3487465603213356	0.14869252821345647	0.20222266595234573
0.34874689402146314	0.14869304708111936	0.20222265502870804
0.3487467193722236	0.14869342536539237	0.20222237301734572
0.3487463351528402	0.1486929558189377	0.20222258626945575
0.34874594485320565	0.14869332272048108	0.20222180243921797
0.3487464237132241	0.14869279948759345	0.20222265534901357
0.3487466386554569	0.1486920839700578	0.20222269517792135
0.3487462561103253	0.1486926731629748	0.20222209505262587
0.34874680722640206	0.14869254213471145	0.20222198010516484
0.3487471439322212	0.1486934665452675	0.2022226940537925
0.34874684563005715	0.148693023471267	0.2022229623327749
0.34874612559078044	0.1486935578097432	0.20222251107208056
0.3487462020986786	0.14869320849500156	0.20222253918477717
0.3487462020986786	0.1486932084950015	0.20222253918477717
0.34874564919454415	0.14869269684551595	0.20222208477174203
0.34874603341463284	0.14869316639120939	0.20222187151922644
0.3487466748797384	0.14869352170968442	0.2022223950135511
0.3487473366045699	0.14869196957773118	0.20222263068901924
0.3487463351528402	0.1486929558189377	0.20222258626945575
0.3487470967951328	0.1486937456936529	0.20222270199674286
0.3487463599016096	0.14869294370930958	0.20222260160173208
0.3487463351528402	0.1486929558189377	0.20222258626945575
0.3487463351528402	0.1486929558189377	0.20222258626945575
0.34874672721556943	0.14869192763875444	0.20222276425791966
0.34874573108347223	0.14869223400119852	0.20222207751543675
0.3487466488806871	0.14869237188146123	0.2022227350313277
0.34874665611374056	0.1486935370308763	0.20222232367412543
0.34874603341463284	0.14869316639120939	0.20222187151922644
0.3487471896794174	0.14869367296090297	0.20222237269663257
0.3487466488806871	0.14869237188146123	0.2022227350313277
0.34874638359070115	0.14869179438641922	0.20222271756857174
0.348746944541529	0.14869299776026995	0.20222245269987252
0.3487468054604916	0.14869320341357928	0.2022225859486846
0.3487467193722236	0.14869342536539237	0.20222237301734572
0.3487463351528402	0.1486929558189377	0.20222258626945575
0.348747318411364	0.14869333668412227	0.20222281816198082
0.34874603094201495	0.14869310076866527	0.20222201537033524
0.34874693419051883	0.14869286713816132	0.20222303141254405
0.3487464237132241	0.14869279948759345	0.20222265534901357
0.3487471896794174	0.14869367296090297	0.20222237269663257
0.3487461224390372	0.14869313477864915	0.20222247371502905
0.34874722984974116	0.14869349301782797	0.2022227490814404
0.3487462020986786	0.14869320849500156	0.20222253918477717
0.34874684563005715	0.148693023471267	0.2022229623327749
0.34874606143169273	0.14869311457590562	0.20222195244369082
0.34874599921882915	0.14869277896557515	0.20222258649948655
0.34874564919454415	0.14869269684551606	0.20222208477174197
0.3487465603213356	0.14869252821345647	0.20222266595234573
0.3487463351528402	0.1486929558189377	0.20222258626945575
0.3487463351528402	0.1486929558189377	0.20222258626945575
0.348746420821453	0.1486928045923121	0.20222265309335047
0.3487458986103229	0.14869215777632022	0.20222294679289624
0.348746944541529	0.14869299776026995	0.20222245269987252
0.348745999218829	0.14869277896557526	0.20222258649948646
0.3487468079337688	0.1486932690334481	0.20222244209767487
0.348746861934753	0.14869170642649893	0.20222276874869818
0.3487467193722236	0.14869342536539237	0.20222237301734572
0.34874608930524553	0.1486915537193627	0.20222220428394222
0.34874665611374056	0.1486935370308763	0.20222232367412543
0.348746944541529	0.14869299776026995	0.20222245269987252
0.34874684563005715	0.148693023471267	0.2022229623327749
0.3487464237132241	0.14869279948759345	0.20222265534901357
0.34874711862473656	0.148693343330837	0.2022224059753959
0.3487468812837833	0.14869310942621872	0.2022224033570636
0.34874754110582573	0.14869284346043937	0.20222304169621053
0.3487469341905188	0.14869286713816138	0.20222303141254402
0.3487468079337687	0.1486932690334482	0.20222244209767481
0.34874669126627766	0.14869310596214058	0.20222247290340242
0.3487470707984982	0.14869259586583067	0.20222304201605998
0.3487468054604916	0.14869320341357933	0.20222258594868459
0.3487467193722236	0.14869342536539237	0.20222237301734572
0.34874770015687867	0.1486937406134467	0.20222274876164892
0.3487463351528402	0.1486929558189377	0.20222258626945575
0.34874731593765224	0.1486932710660166	0.2022229620129254
0.348746944541529	0.14869299776026995	0.20222245269987252
0.34874641516048477	0.14869357031582758	0.2022218021171065
0.3487463351528402	0.1486929558189377	0.20222258626945575
0.3487463351528402	0.1486929558189377	0.20222258626945575
0.34874658631758326	0.14869367804124406	0.20222232593288178
0.3487463351528402	0.14869295581893788	0.20222258626945577
0.34874702287566106	0.14869255351552235	0.20222248192511022
0.3487463351528402	0.1486929558189377	0.20222258626945575
0.3487463351528401	0.14869295581893793	0.20222258626945588
0.3487472782415502	0.14869351662784303	0.2022224417774274
0.3487458661645546	0.1486930316415795	0.20222253941480797
0.3487464237132241	0.14869279948759356	0.2022226553490136
0.348746423713224	0.14869279948759362	0.20222265534901365
0.3487462020986786	0.14869320849500156	0.20222253918477717
0.3487469341905188	0.14869286713816138	0.20222303141254402
0.3487467193722236	0.14869342536539237	0.20222237301734572
0.34874688128378334	0.14869310942621877	0.20222240335706343
0.348746944541529	0.14869299776026995	0.20222245269987252
0.3487464237132241	0.14869279948759345	0.20222265534901357
0.34874603341463284	0.14869316639120939	0.20222187151922644
0.3487466724064881	0.14869345608972617	0.20222253886400582
0.3487463351528402	0.1486929558189377	0.20222258626945575
0.34874658631758326	0.14869367804124406	0.20222232593288178
0.3487455606342782	0.1486928531741878	0.20222201569250486
0.3487464970644194	0.14869263987897674	0.20222261661008764
0.3487455606342782	0.1486928531741878	0.20222201569250486
0.3487463351528402	0.1486929558189377	0.20222258626945575
0.348746423713224	0.14869279948759362	0.20222265534901365
0.3487463351528402	0.1486929558189377	0.20222258626945575
0.3487463351528402	0.1486929558189377	0.20222258626945575
0.348746030942015	0.14869310076866527	0.20222201537033516
0.3487473184113641	0.1486933366841222	0.2022228181619808
0.3487462020986786	0.1486932084950015	0.20222253918477717
0.34874627401820313	0.14869306373636376	0.20222253858279557
0.34874704174261645	0.1486927172690336	0.2022227036713885
0.34874634446726455	0.14869293937668338	0.20222259353496108
0.3487465863175832	0.148693678041244	0.20222232593288178
0.34874714913240307	0.14869215162257232	0.20222307124157476
0.3487464970644194	0.14869263987897674	0.20222261661008764
0.3487468940214632	0.14869304708111936	0.20222265502870798
0.3487467193722235	0.14869342536539248	0.2022223730173457
0.34874684563005715	0.148693023471267	0.2022229623327749
0.34874608930524553	0.1486915537193627	0.20222220428394222
0.34874676096806967	0.14869329975765083	0.2022226079443695
0.3487462020986786	0.14869320849500156	0.20222253918477717
0.3487466724064881	0.14869345608972617	0.20222253886400582
0.3487464237132241	0.14869279948759345	0.20222265534901357
0.3487466386554568	0.148692083970058	0.2022226951779215
0.3487463351528402	0.1486929558189377	0.20222258626945575
0.34874722984974116	0.14869349301782797	0.2022227490814404
0.3487471896794174	0.14869367296090297	0.20222237269663257
0.3487467193722236	0.14869342536539237	0.20222237301734572
0.3487464237132241	0.14869279948759345	0.20222265534901357
0.3487469596173719	0.14869266518097707	0.20222243258157532
0.3487467193722235	0.14869342536539248	0.2022223730173457
0.34874564919454415	0.14869269684551595	0.20222208477174203
0.3487465603213356	0.14869252821345647	0.20222266595234573
0.3487454275800679	0.14869310585029183	0.20222196860818048
0.3487464237132241	0.14869279948759345	0.20222265534901357
0.3487467163437772	0.14869329225662153	0.20222253976065585
0.3487463658421019	0.14869280308755844	0.20222261245867365
0.348746944541529	0.14869299776026995	0.20222245269987252
0.3487465603213356	0.14869252821345647	0.20222266595234573
0.34874658631758326	0.14869367804124406	0.20222232593288178
0.3487463351528401	0.14869295581893793	0.20222258626945588
0.34874658631758326	0.14869367804124406	0.20222232593288178
0.3487467193722235	0.14869342536539243	0.20222237301734564
0.3487463351528402	0.1486929558189377	0.20222258626945575
0.34874556063427814	0.14869285317418784	0.2022220156925048
0.3487455161409438	0.14869294952200462	0.20222203768775793
0.3487465603213356	0.14869252821345647	0.20222266595234573
0.34874711143693476	0.14869239718361893	0.20222255100587985
0.34874727144534023	0.14869336740830014	0.20222298400858815
0.3487462718951866	0.14869306748399308	0.2022225369267864
0.3487468079337688	0.1486932690334481	0.20222244209767487
0.3487468079337688	0.1486932690334481	0.20222244209767487
0.34874608777879323	0.1486926226350278	0.20222265557871166
0.3487471114369347	0.14869239718361899	0.2022225510058798
0.34874650560167225	0.1486923366461892	0.2022226480925405
0.3487466091479791	0.1486935677553038	0.20222248952076083
0.34874603094201495	0.14869310076866527	0.20222201537033524
0.3487474344459692	0.14869306399677384	0.20222283327362597
0.34874564919454415	0.14869269684551606	0.20222208477174197
0.34874684563005715	0.148693023471267	0.2022229623327749
0.34874700754152654	0.14869270753260916	0.202222992673651
0.3487462680835974	0.14869273215519763	0.20222197370535172
0.3487464237132241	0.14869279948759345	0.20222265534901357
0.34874603094201484	0.14869310076866527	0.20222201537033516
0.3487463351528402	0.1486929558189377	0.20222258626945575
0.3487464237132241	0.14869279948759345	0.20222265534901357
0.34874710463945086	0.14869224796599667	0.20222309323651025
0.34874650560167225	0.1486923366461892	0.20222264809254054
0.3487462906596725	0.14869305216404177	0.2022226082646753
0.3487468054604916	0.14869320341357928	0.2022225859486846
0.34874588159480674	0.14869343438405602	0.2022217530962267
0.3487470566249352	0.14869392563683775	0.2022223256121684
0.34874750340955585	0.1486930890219288	0.20222252145937855
0.3487470707984982	0.14869259586583067	0.20222304201605998
0.3487466488806871	0.14869237188146123	0.2022227350313277
0.34874684563005715	0.148693023471267	0.2022229623327749
0.3487462020986786	0.1486932084950015	0.20222253918477717
0.3487454275800679	0.14869310585029183	0.20222196860818048
0.3487463351528402	0.1486929558189377	0.20222258626945575
0.34874658631758326	0.14869367804124406	0.20222232593288178
0.34874740449870156	0.14869311473179514	0.20222303109316012
0.3487462020986786	0.14869320849500156	0.20222253918477717
0.3487470707984982	0.14869259586583067	0.20222304201605998
0.34874684563005715	0.14869302347126712	0.20222296233277487
0.3487467193722236	0.14869342536539237	0.20222237301734572
0.3487455606342782	0.1486928531741878	0.20222201569250486
0.3487461778642077	0.14869139739008086	0.20222227336304407
0.3487460334146328	0.14869316639120944	0.20222187151922638
0.34874658631758326	0.14869367804124406	0.20222232593288178
0.34874693419051883	0.14869286713816138	0.20222303141254402
0.34874578580285603	0.1486924255686381	0.20222209537479516
0.3487466386554569	0.1486920839700578	0.20222269517792135
0.3487419605911849	0.14869104616419782	0.20222209961611648
0.34851447148912457	0.14870674795294797	0.2021843372057828
0.34857413525891123	0.14833482206791626	0.20245760303115504
0.34856503998719174	0.1479845798543593	0.2026313441949178
0.3485638913821971	0.14766084773967642	0.2028115506955011
0.34851544404544704	0.1465196258980786	0.20351075489391918
0.34883970339223913	0.14561728525896772	0.2040717656970703
0.3495757082825918	0.14499181958079438	0.20454561017726675
0.3505917905323311	0.14452719475642822	0.2050259399908401
0.3528335964612076	0.144057328047763	0.20582684724611933
0.3540618568874158	0.14399349861434274	0.20610946756088433
0.3572318891785617	0.1440168261937636	0.20673944989712195
0.36042042964632415	0.1443919957393009	0.20711149119348413
0.3636701799956747	0.1446987693212307	0.2075365290775788
0.3652269180657098	0.14485483417413464	0.20772334498016132
0.3706565881530114	0.1449831716709945	0.20863868558433954
0.37361245436025087	0.14480951639942125	0.20919394222063276
0.3764530581699673	0.14449945154257654	0.20976517784723178
0.3791530439283607	0.14420100070797903	0.21025638365555305
0.38156222294668296	0.14374372176786793	0.21070505562228642
0.38402446098671367	0.14321347996024397	0.21107300382573482
0.38654787945853614	0.14257250525082982	0.21142891741894593
0.389566075688682	0.1416644167390737	0.21178177349111035
0.390654449935904	0.14126297831741735	0.21182748221458886
0.3923642282892098	0.1406290966378423	0.21194643414942266
0.39541684896987267	0.13923985921209292	0.21187214302423854
0.396611458135448	0.1387217198899071	0.21179441375521596
0.39788352517329173	0.13808153850744664	0.21165517679888826
0.3994396202079324	0.13720520287882926	0.21132632646441785
0.401342859598149	0.1360125519125861	0.21055853079527026
0.40259704881024944	0.13526125002948136	0.2099851170299171
0.40414461759183223	0.13446459901029512	0.20919196053988004
0.40557608861231303	0.13389173276897587	0.208501637283085
0.4062812459911903	0.133581617299391	0.20802222733227027
0.40776602692997066	0.13284206889391936	0.2065317469834507
0.40868952602688385	0.132427235153592	0.2054258486449468
0.4097987882122825	0.13167371814921597	0.20391757350062792
0.4104520215957973	0.13097061535713833	0.2028557748835046
0.4109702621847839	0.13003650839473185	0.2017684492377975
0.41135362515445895	0.12913339884231473	0.20090844579352088
0.41150257643515853	0.1280405439098361	0.2001559237880739
0.41168598400339695	0.1268614788663988	0.19949220637835158
0.41171849222808987	0.12617800303307758	0.19920549396479256
0.41155061766316936	0.12400323521498828	0.1985583479610039
0.41133195933124733	0.12219987215011367	0.19835344199087757
0.41098993420223606	0.1205662190339052	0.1983072278611498
0.4107035864804321	0.1189174430774919	0.19852415249348035
0.41031587965912775	0.11736095635059986	0.19876663712899523
0.40995555439698544	0.11577187853775946	0.19929556723919514
0.40945029386716597	0.1140482002925947	0.19990598363523077
0.408946443907368	0.11220512551312621	0.20094741460115528
0.4085764266027744	0.11099651157786201	0.20167647895317928
0.40804457610969413	0.10938040275526724	0.2028029123298545
0.4076628786306653	0.10834107395383528	0.20349605284224712
0.4069844463888606	0.10658815317092817	0.2047299264605495
0.40643616063082816	0.10542519183175796	0.20550155349891913
0.4058627563734806	0.1044206563587718	0.20624178279074945
0.4055984630518877	0.10401290960648517	0.20652507934870346
0.40488062216331805	0.10284501415080231	0.2073611346231121
0.4042205807210643	0.10172820531388889	0.20809156653861463
0.4037112443419023	0.10126865666193706	0.20848553286431082
0.4034016793797744	0.10100274111648837	0.20870954801795127
0.40279488913034917	0.10047101487904979	0.20911423053919492
0.40214842523573086	0.09980157950301942	0.2095701530247853
0.4016255556484768	0.09923235483594785	0.20998450362106938
0.401244796864813	0.09879951959491277	0.21037235259718776
0.4010094306979196	0.09856045017477442	0.2105277002166636
0.400483053852953	0.09796125377169425	0.21094719791838726
0.3999257532893861	0.09733282482252843	0.21139512943002498
0.3993733923989349	0.09663958554742651	0.21199597824444066
0.3989069950777481	0.09621466419735987	0.21216721355478946
0.39837610751318175	0.09575447548547707	0.21247606904953817
0.3979951101919293	0.0953730330094985	0.21279026662019973
0.3977703015087665	0.09512081919106162	0.21298126422332722
0.3970412598438472	0.09427839599930342	0.2135403459670924
0.39660520334469046	0.09377902403385034	0.21389296453115064
0.3962297060842096	0.09337507323583792	0.21430478134418823
0.3958328283450263	0.09293828016475537	0.2145757815041009
0.3954255127189235	0.09242193702217517	0.2149078886651992
0.39510477514090786	0.09205195082025737	0.21518448481543853
0.3946979529958979	0.09161086519580523	0.21559824435156003
0.39413853021554246	0.09106835367180634	0.21589037594107569
0.3938959467133323	0.09084161545393453	0.21603677935259039
0.3935141997893567	0.09044656545988615	0.21633099673507739
0.3931531142201614	0.09006874970591357	0.21664310692273572
0.3926135763938498	0.089444600822313	0.2171105425342253
0.3920780395150375	0.0888905939781147	0.21751959218713138
0.39172249304072576	0.08847882006475034	0.2178854426145425
0.3914003145516996	0.08806262252628065	0.21827860298175222
0.39124989265329535	0.08788723827970853	0.21838299664695315
0.39085788731190657	0.08745347434953159	0.21869300599701888
0.3903648505543555	0.08686335662302534	0.21920457914661237
0.38989162578397235	0.08644330442965674	0.21954000167833485
0.38943462763884373	0.08594815780172839	0.21992533525990962
0.38912435663556394	0.08561222214184804	0.22016124946404741
0.3889423907231283	0.08540786817606637	0.22035699760648134
0.3884740070517641	0.08486769767654358	0.2208946037428353
0.3882822418519955	0.08467320882293063	0.22106111757193045
0.3878620078038374	0.08419862527520923	0.22144577070961857
0.3873684534867587	0.08362073661204507	0.2219338581080559
0.38705855945630363	0.08326569050722461	0.2222647652156837
0.38676697366928825	0.08291187915362437	0.22262631542670752
0.38659103403769174	0.08271670970909299	0.22283027831145855
0.38619530154941994	0.08229013256561842	0.22319571788351372
0.3857062570568326	0.08172389536129769	0.22369442892360428
0.38548062048291554	0.08145871931927949	0.22391892294252635
0.38519907586930147	0.0811155425659671	0.22427324123118253
0.3849263754624265	0.08078814271020367	0.22464776519529686
0.3846431283685635	0.08050632986297827	0.22488963964836198
0.38440607990188463	0.08022872902382634	0.22511503279888323
0.38412502688406935	0.07987655911052179	0.22545647276207245
0.3836087707050533	0.07917383007908614	0.22607975221045823
0.3830886248910813	0.07832574111029357	0.226689167680359
0.3827300051793801	0.07766168120126822	0.22691143587466045
0.3822269208912924	0.07668942112887907	0.22739603688674997
0.3818418036325822	0.07568970082956404	0.22776178612311943
0.3814550194552092	0.07470274576181128	0.22818856182542932
0.3806267239188717	0.07261744841007349	0.22893375579432534
0.38021156342829365	0.07147162818418361	0.22939269306457769
0.37964214558757253	0.06998305995889427	0.2298271757358025
0.37914332119482586	0.06864166284242919	0.23036097427517138
0.3782896960676078	0.06641594387245432	0.23108524131672298
0.37786163971535924	0.06528437653585235	0.23149969730606787
0.3773446451201323	0.06389994797479905	0.23197022239699075
0.3764474237796637	0.061525310295316674	0.23277222522599725
0.37588752770082984	0.059995194768467555	0.2332279273351316
0.37491388258149627	0.0575014261321478	0.23407971701404026
0.37421999866073996	0.05563254283140433	0.23466742046333494
0.3735318907242135	0.053827581400811994	0.2352388959887302
0.373073809372455	0.05264432252165328	0.23564636397286337
0.37190226560916345	0.04969041821994284	0.23657541008652203
0.3710578389078602	0.04768402610617119	0.2371322172085887
0.37035276905791714	0.045844483424675855	0.23775004668762603
0.36964058460848387	0.04411312063983437	0.23819883220008123
0.3690010983340439	0.042609991614554046	0.23871026879438773
0.36817330583644775	0.040632560751475935	0.2393153986233403
0.36712994363469076	0.038256999075927126	0.23989222523881626
0.3666486917934654	0.03719457832661814	0.2402119449586366
0.36559977983857994	0.03480888538571068	0.24088403670664296
0.3648672064972119	0.03314077201778233	0.24132620464456708
0.36384266482569483	0.030705941431063907	0.2420053563983927
0.3634698630419857	0.02962079640566896	0.24229460278021392
0.36243793831776877	0.026868735670862162	0.2430366797108905
0.36165387407268396	0.024871730145890128	0.24364821823544475
0.3609974701280415	0.023102605713348892	0.24418797241958906
0.3603711195529968	0.021404951586986146	0.24460322065160606
0.36001171284907696	0.020445111571996674	0.24496655936242256
0.35873727236885566	0.017092654975878988	0.24585733658539968
0.35842351177249987	0.01613792576662422	0.24606046677017365
0.35766354229533803	0.014134747578078602	0.24663042391512782
0.35692618417416644	0.012122731400224615	0.24723037098137096
0.3565324139834829	0.011076552729943082	0.24748650898559924
0.35563269110647544	0.008672790326052879	0.24812262414232797
0.35489083409453237	0.006644594119245215	0.24868652349977516
0.35433497887593607	0.0051495411880768255	0.24910227856520398
0.3540594206164208	0.004399421541292484	0.2493299383081406
0.3534225476091999	0.0026501405735988165	0.2497227749936971
0.35295076698816324	0.00127496906466186	0.25010130908752437
0.3523399636701943	-0.00022892545998724756	0.2505100430910729
0.3520014227810612	-0.001332793805311025	0.2508222228643701
0.3516140926305676	-0.0023424120805290854	0.2509879688415011
0.35124981631058494	-0.003297020128981129	0.2512479724002348
0.35094530231868903	-0.0041711071371913905	0.25151020970903815
0.3505698295542888	-0.005045129477527402	0.25152117062322765
0.3503995830216884	-0.005343347607679197	0.251580094013368
0.3500877503562659	-0.005879092273613343	0.2516765745795785
0.3499693514307518	-0.006066415610800499	0.25169296742873026
0.3499002763894759	-0.00618358360434719	0.25145371219198565
0.3499114534527779	-0.006136737601962636	0.2514176654091145
0.3499189061829405	-0.0061123582647339	0.25140936248004087
0.34990958217452656	-0.006099980957679177	0.251400972679809
0.3497476132287513	-0.006120925646788053	0.2513763775061608
0.3495864148190569	-0.006143775761387929	0.2513528309045696
0.34957361470663956	-0.006133745032820423	0.25134142638099133
0.3495931478582478	-0.006087137451222871	0.2513205851187762
0.34960904758846795	-0.006050622347542292	0.2513075421294712
0.34961753886099795	-0.006035318429168199	0.2513003788722239
0.34961828391909844	-0.006033050829422501	0.2512994725162074
0.3496230859661255	-0.006026557078314551	0.25129609693586885
0.3496232478796043	-0.0060258136330204465	0.251295909879558
0.3496274520568057	-0.0060203694893712495	0.2512942182364897
0.3496280519491571	-0.0060202190372063286	0.25129464532241225
0.349629957289989	-0.006018928312617813	0.25129477941570016
0.34963225721576585	-0.006016565282783645	0.2512947563840707
0.34963230210807605	-0.006017475935875635	0.25129495840679206
0.34963383725493624	-0.006016756643311985	0.2512961081427922
0.3496355992975537	-0.006015150256990218	0.25129567460216373
0.34963661216402686	-0.006014656458758136	0.25129566122789904
0.34963704412501073	-0.006015492315739487	0.25129653718086875
0.3496378794840731	-0.006014947443374094	0.2512961972618387
0.34963807559053767	-0.006014806733123837	0.2512966173576517
0.34963794675887755	-0.006015034393417731	0.25129698560935915
0.34963773885689503	-0.006014438878692893	0.25129655139602003
0.34963813043014136	-0.006015071265654023	0.25129681354675454
0.3496378786019977	-0.006015286852006599	0.2512967391913867
0.34963838937792524	-0.006015134302612343	0.25129687750477553
0.34963889876569904	-0.006015595133576787	0.2512970783119546
0.3496387577983672	-0.0060157001881255695	0.2512977669127114
0.34963871575791716	-0.006014804110242564	0.25129667391181143
0.3496390470023817	-0.006015215908587848	0.25129799235661376
0.34963859737304936	-0.006016209157909944	0.2512981976355803
0.3496393561252984	-0.006015207435899408	0.2512947820255509
0.349672551421815	-0.005987614035555797	0.2512142769274379
0.34965294326690577	-0.006004843654511746	0.2512816904181982
0.3496496701245	-0.0060077626251348465	0.2512888279495692
0.34964871185477725	-0.006007684162186763	0.25128897176430837
0.34964692206727443	-0.0060091805698377215	0.2512944179424367
0.34964739452351673	-0.00600872583790539	0.25129452841859423
0.3496458577856518	-0.006010226335468702	0.2512944826353172
0.3496451916665161	-0.006010719105104048	0.2512959780089913
0.34964501672631904	-0.006011478230586384	0.2512966759303637
0.34964394887685035	-0.006011858607385692	0.2512975942030797
0.34964330434857677	-0.006012821254722064	0.25129728826793796
0.3496419341866098	-0.006014134989574774	0.2512984091887481
0.3496408624680811	-0.006015355391540009	0.25129840684292115
0.34964257662423126	-0.00603135977766818	0.25130885025483074
0.3496520257125063	-0.006109317506140563	0.2513550581771074
0.3496857250254133	-0.006315431960467396	0.2514796904283251
0.3497039737439925	-0.006351963007478076	0.2514073219410725
0.3497275635189726	-0.00637458344821433	0.2512765191869023
0.34973158697250406	-0.006374647175165546	0.25127135963165814
0.34973436324339313	-0.006374407678513758	0.2512676065924279
0.3497325487349175	-0.006375507575090214	0.2512661776909947
0.3497330703375666	-0.006375059738863334	0.2512666730662053
0.3497284382472144	-0.006377265945676988	0.25126454653277763
0.34972561266332525	-0.006380423032773516	0.25126472088960355
0.34972366399161325	-0.006380585450534451	0.2512640682405509
0.3497209984263086	-0.00638238080953403	0.2512634499478772
0.3497194379740882	-0.006383488047975769	0.2512633657627573
0.34971476152284553	-0.006385310807042507	0.2512624828401443
0.34971023255380007	-0.006387809714528472	0.25126231956176664
0.3495226785836301	-0.006560582385233646	0.251431387204863
0.34953351131740784	-0.006554275202087664	0.2514208746876845
0.34954239444561946	-0.006546435035287193	0.25140941108271486
0.3495918147038566	-0.0065053093546594415	0.2513296047827591
0.349616663158672	-0.006484277617998649	0.2513143552271293
0.3496525843383916	-0.006452555359129572	0.25131429790290805
0.34967919255543933	-0.006428707427716271	0.25127965717015915
0.34969618202683833	-0.006411292756783413	0.2512519285488696
0.34969764987833674	-0.006407905670252581	0.25125069310859205
0.3496992109608608	-0.0064021106974605085	0.2512478154760561
0.3497006168978933	-0.006397970473949147	0.2512462090317906
0.34970238490337097	-0.0063930959035870955	0.25124533070531196
0.3497024418914952	-0.006391658387864055	0.2512448295633518
0.34970273452737793	-0.006386484291663233	0.25124421311375766
0.34970350066661027	-0.0063844742926148085	0.2512451346955779
0.3497036452550843	-0.006383810115390395	0.25124532910710745
0.3497034029852335	-0.006382599176418244	0.25124623150331427
0.34970315966593707	-0.006383000005794226	0.2512461662070511
0.3497029836337519	-0.006382305366713456	0.25124697166491916
0.3497025505827361	-0.006383002128377904	0.2512478323956274
0.3497016684938352	-0.006384350530259722	0.2512492243168166
0.34970241324217377	-0.006383159663494911	0.2512492345155838
0.3497013017787793	-0.006384542174250038	0.25125012226282106
0.3497008118831288	-0.006384818783417859	0.25125041471684456
0.3497013187370427	-0.0063854339564996115	0.2512517060051749
0.3497006927381179	-0.0063857112378014474	0.2512516998343299
0.3497005367276317	-0.00638687272631179	0.2512529772152895
0.34969990527492506	-0.006387151739313049	0.2512540077619513
0.3496998830075954	-0.006387163924957126	0.2512543018803396
0.3496995927094883	-0.00638740884485596	0.2512549240953205
0.34969963695200956	-0.0063873008590793895	0.2512548964363064
0.34969784962844824	-0.0063877933843379114	0.25125534466587396
0.34958534179664813	-0.006407886658892345	0.2512436873386516
0.3493300797419288	-0.006369251655469296	0.25116587585914774
0.3491893812342358	-0.0061574239554786775	0.2510159497007093
0.34892253243577365	-0.005046896575358326	0.2507261543852185
0.3487142869148926	-0.004377336784625249	0.2509358772354294
0.3484694714047681	-0.0036542084218288556	0.251139079973424
0.34835263519841597	-0.003134666295508473	0.25127511685797177
0.34816633547096637	-0.0023179203561757983	0.25149311922278295
0.3475628163401153	-0.0005718075948620699	0.25203488259304313
0.3472867725438632	0.0003765122272697402	0.2522830342880567
0.3471049470515007	0.0010785856786438425	0.25249197675692353
0.34666870488511864	0.0026914780161365753	0.2529982062716552
0.3460234640737326	0.0046529595208240765	0.253450066087031
0.3457517424084323	0.006010304069061265	0.25372307147460643
0.3453690714998011	0.007537670469529564	0.25413581447748057
0.3449530246313297	0.008986059137197147	0.2544140427925884
0.3447043173332663	0.010567190319743944	0.2545981770428136
0.3444440442226611	0.01229018530694069	0.2547497850452367
0.3439392599703803	0.014905325896903146	0.25503787383016385
0.34361657588991956	0.01669160767977039	0.2553055109787753
0.3432221318112906	0.01846095185339376	0.255585256893339
0.34290151634665733	0.020237671192090398	0.25589421612092794
0.3424688418726576	0.0222173483686484	0.25626992532267034
0.3421204508907464	0.024135766061029032	0.25669037485172075
0.3415483699792999	0.026831271896304867	0.2572519095423101
0.3411170757348953	0.02901254450000519	0.2577779463557489
0.34066391527366835	0.03085882981825895	0.2582705655919666
0.34030455402087606	0.03273645461803516	0.25875469045005905
0.33988700123269383	0.0347653889873618	0.2591462023859299
0.3396728570293912	0.03698964170877132	0.25942985577749333
0.33947887625460044	0.03805442547537437	0.25952358950844356
0.33910697153920066	0.04200127111119849	0.25989903402466963
0.33891179451527803	0.044544344642695535	0.2601030940012551
0.3386892579920814	0.04641515206002904	0.26029508165260706
0.3385677798993636	0.048696252760057554	0.2604827086375824
0.3384544152383347	0.05087194392086124	0.26048869859452284
0.3383226183548377	0.053825988260834415	0.26069720668461577
0.33831218234909083	0.05604169320473741	0.2606662458841605
0.33829787182401816	0.058121396881222934	0.26074161792109973
0.3383626482893366	0.060301875448501505	0.2606972624132565
0.33840642294780565	0.062368626150323805	0.26068522273446243
0.33856494778423524	0.06475641388193755	0.2605603539238638
0.33879382504934996	0.06804668196349271	0.260361646513321
0.33895201829378546	0.0693842426843513	0.2602303355869489
0.33932330117113685	0.07241024910977518	0.25987945056302386
0.3395696256040487	0.07437677056247623	0.25957097276861585
0.3401722645618042	0.07745448109316831	0.2591149992214142
0.3406036203123736	0.0795613097912594	0.2586773073603858
0.3411247112001139	0.08165398254074445	0.2582310281653794
0.3414259636801767	0.08282382428497807	0.2579533015154277
0.34226435678270517	0.08522676559558014	0.2573347668809086
0.3432852416496306	0.08797385570551021	0.2564690962195877
0.3436927262728671	0.08900480979583685	0.2560927258306086
0.34444660667039234	0.09092578793016355	0.25535396179174047
0.34522493417687616	0.0927511145636901	0.254591424752908
0.3464987292788075	0.09558544316344063	0.25331635303107347
0.3477627044661319	0.09768430782889931	0.25219811648863766
0.3486865206540864	0.09904913899546387	0.2513969884440219
0.3503800590306207	0.10144263544934372	0.24981705052251327
0.35153600960012166	0.10292123898276113	0.24885221751440353
0.3529481454964578	0.10457690940700716	0.24764033207431407
0.3545709234881977	0.10639070485775069	0.24631565444864806
0.3565043745595065	0.10835925168761291	0.24498794399173868
0.3587951762800319	0.11057040139065964	0.24343818612542426
0.36135212255059995	0.11287443926243391	0.24160751981591902
0.36258926260947616	0.11399902525897541	0.24072609779475201
0.36566026562792764	0.11656055613920747	0.2387371527325658
0.3684064953961487	0.11885300910637674	0.23699915610357358
0.37088591285106015	0.12084263264813673	0.2353903528922459
0.372686502934941	0.12232359319440626	0.23417622391790893
0.37669533402855626	0.1256309187408835	0.23152570905312556
0.37982296246373437	0.12827270369364574	0.22914610713961467
0.38192306768471274	0.13009131734285628	0.22755594941335924
0.38582102122960166	0.13361231466666773	0.22448338551838315
0.3883796813791716	0.13596461344205385	0.2222557118619624
0.39108974299611754	0.13848006070378294	0.21984167121570095
0.39410077454694914	0.14136278989328194	0.21702329570848333
0.39788158692179676	0.1449857970009253	0.21344785604652186
0.40025776731253304	0.14729374783872462	0.2114312389796044
0.403023084994911	0.1497841369574976	0.20918755154448018
0.4056839509864859	0.15208607497578647	0.20713583446448733
0.40966555313277153	0.15517172414874336	0.2046084243557971
0.4124946529111445	0.15718660961754766	0.20310797475340478
0.4151520924417586	0.15880065855423264	0.20192504054916274
0.4173675863543622	0.15996658495226662	0.20100663174136182
0.419710615734646	0.1610660260072564	0.20029759186083992
0.4220774559397302	0.16186361319420323	0.19967930441476767
0.4245691853264453	0.16275205455216046	0.19917937436083044
0.4273035116507277	0.16298373385354986	0.1991596246754636
0.4303748426564026	0.16279315495230917	0.19912463428278146
0.43232171888299153	0.16263854426211483	0.19905674220923503
0.43447432321648194	0.16223210104281488	0.19892737605396782
0.43640743826912765	0.16170381987310467	0.19891511478813426
0.43765325224965934	0.16121958980155304	0.19893531002720596
0.43971905834695385	0.16011930307195354	0.19903502348924768
0.442208360000572	0.15846312339538327	0.19913530254720113
0.44385326044520323	0.15688441048233992	0.19905310387812752
0.4448294806616605	0.15572453782192175	0.19887868366744166
0.4463211662244422	0.15362378167452295	0.19843043148947756
0.44706706026563403	0.15223993875666286	0.19804919719340836
0.44799932447842894	0.15001392881951064	0.19726321295896462
0.4482866565218514	0.14895351065116536	0.19674594612202273
0.4486497247264468	0.14699110888246975	0.1957068007852053
0.44869300861368583	0.146003110718524	0.19509047494996928
0.44873581828813774	0.14398369861624316	0.19373578139180855
0.44849348828072577	0.14218718321892565	0.19230577140279145
0.44812224664547534	0.1402454947077883	0.19048760216396576
0.447804753199174	0.13925668473077146	0.18943194405466163
0.4472447917678246	0.1378148422126338	0.1877346355498813
0.4467921762145034	0.13685485473407133	0.18643239117886684
0.4455209652629826	0.13474601349588589	0.18319123408733634
0.44483613302636715	0.13373026775559216	0.18132546542807138
0.44437509606091424	0.1332098534692852	0.18020149668223231
0.4433427738341641	0.13204523824890796	0.17738406739394008
0.442652395662152	0.13119399938195425	0.17535587147512402
0.44222424856093495	0.13075940175703366	0.17400281610693907
0.44097155898273255	0.130137032938887	0.17006594251904997
0.4405554524048867	0.13011700408212135	0.16868818497864926
0.4399803854696079	0.13003041952479982	0.16637818695442036
0.4393733512475895	0.12971024428446726	0.16371875550462184
0.4390185316672297	0.12958084741618214	0.16234287151272092
0.43819949056327845	0.1292202734108081	0.15841313727356038
0.4380847768351264	0.1293097560615986	0.15562717615010013
0.43811651639955085	0.1295155252255658	0.1539874317141633
0.4385896184720006	0.13021412209498306	0.1504446662501851
0.4390358668898553	0.1306891385022398	0.14811807328817445
0.43960581363951623	0.13136149156169424	0.1453824021006826
0.4401840283906535	0.1320787482795982	0.14247705386595683
0.44080285905913785	0.1327765433449874	0.13971378411248847
0.4414278301854895	0.1334757851006908	0.13646492872651883
0.44172058767025263	0.13390058421137085	0.13470634675561616
0.4424455967738057	0.13516020744120388	0.12982305674648714
0.44290717284482567	0.13577854991152405	0.12703902372522496
0.4433974138907614	0.1363741855827887	0.1241068192554331
0.4437317471887048	0.1367481829141019	0.12234364104234535
0.44413496996644986	0.1374205335402987	0.11961927411061507
0.4446130026084963	0.13829492853081993	0.11597765271246352
0.44512283648571216	0.13900199689803966	0.11272459416040331
0.44567338762749675	0.1396278039609598	0.10949479965110132
0.44614691272582463	0.14021801653059646	0.10686922118011066
0.4464267872721975	0.14083765910677037	0.1041652055034456
0.4469153860506954	0.1416235425042071	0.10071613550954617
0.44737406946228764	0.1423005736204363	0.0978862809729854
0.44780297758549037	0.1428188579756146	0.0951917300434873
0.448070077340788	0.1430891490326487	0.09377035470762002
0.4483801620820841	0.14359257936217884	0.09131915860170059
0.4489404664773904	0.14449787275206788	0.08755128281504981
0.44929645491734765	0.14507246632900084	0.08509557873730433
0.44962171398032885	0.14573094111407586	0.0823807591243067
0.44995324627493494	0.14624678100504684	0.08016914647607754
0.4504703459198022	0.14691083345150013	0.0770484197648677
0.4507056053897469	0.14717587746021277	0.07574141442041443
0.45110390965939595	0.1477513315856237	0.0732673985800657
0.4516504142843901	0.14853074586546755	0.07005762161430945
0.45196836658469125	0.14920057312084695	0.06726651887067975
0.45228713588649677	0.14970272622043834	0.06516686618471412
0.4526374265765501	0.1502546942775711	0.06315042580141611
0.4528824118467758	0.15062758040266228	0.06185921227369373
0.4534935131272816	0.15136592059388726	0.059215328874366036
0.45422278305819924	0.1522082324536399	0.056621532000389774
0.45465353782262596	0.15274656553478022	0.05473907648826165
0.4550060631684197	0.1532209432241719	0.05326069344684997
0.45534901387756266	0.15368297831621558	0.05145136613540413
0.45561152271856603	0.15411647396301764	0.049882808932421974
0.4559599043572049	0.15479871724815902	0.04740708261988452
0.4561050144994879	0.15519803120301146	0.04585505311255028
0.45623684248274016	0.15559036692631573	0.044283815736756715
0.4563776277829724	0.15591027179456857	0.0430049029057567
0.45657742886276387	0.15609595429500672	0.04232543835303548
0.45707418608536743	0.1565924481725438	0.04104553338232386
0.45797560235604234	0.15730644864616472	0.03937864181061773
0.45826640152910636	0.15749789110294365	0.038751908174745275
0.4586510702934194	0.15778700530551765	0.037984075916743854
0.45906723941149596	0.15834117369223039	0.036746584301336815
0.4594182514542808	0.15874869521249263	0.03618709670227166
0.460071136946223	0.1592923299825862	0.03542358737647433
0.46030959191519305	0.15967964460052886	0.03485546072947493
0.460747768117659	0.16007468768234706	0.03453826461818438
0.46118916061695575	0.16051889903464495	0.03426321288464279
0.4614142160153883	0.16082281001961402	0.03392484276864516
0.46186057326279484	0.161252032561221	0.03367490149850422
0.46208093802576156	0.16145742754555859	0.03354006777010671
0.46260531151736617	0.16209207796397263	0.03297834559429791
0.4629148262847164	0.1623634034753479	0.03283147866458408
0.4633655027838267	0.16279403571208106	0.032534042871633806
0.46351586468400785	0.16305023711688083	0.03227800016738824
0.4640170997609139	0.16353483504093486	0.0319662763875182
0.4644696422322681	0.16398373325737148	0.03164521657767644
0.4647300027235162	0.16432761295052511	0.03130547639401948
0.46515046768226165	0.16471406297349006	0.031098355388795518
0.46546039955947266	0.16497281818780352	0.03092523041516182
0.46572180394190166	0.1652857294656626	0.03057548998751136
0.4660127496445674	0.16564553313752534	0.030327116743547045
0.46644104195562974	0.16605830959411233	0.030127064717225815
0.46679027433345555	0.1664144495899616	0.029863427923928265
0.4670405822079347	0.16669863482506347	0.02950364935059291
0.46740601644660723	0.16707465602569005	0.029315370221556447
0.4676425121933086	0.1673112236934356	0.02918335091134394
0.46821615733689875	0.16775524323642038	0.028759837359909224
0.46855810181614616	0.16791056110040065	0.02855314455779534
0.4687727184853683	0.16814421099313176	0.02842222308108988
0.46914406690848875	0.1685379329961893	0.028227110344074657
0.46946495818979006	0.16891185581505253	0.02792271304698163
0.4696039190733236	0.1690415574773258	0.027746612566469098
0.470015334320609	0.1692809007744912	0.027550677004188784
0.4707233712326793	0.16982195870417038	0.027205156635801586
0.47088912645675024	0.16995094803844468	0.026982806404554138
0.4709717052314537	0.17000557003792094	0.026844325827748372
0.47120692528480185	0.17021510099279885	0.026623601008600117
0.4717650296464166	0.17054211149211806	0.02640714367984004
0.4722177111403184	0.1708011799062666	0.026236197249225546
0.4724946134524394	0.17107328982938214	0.02603131833979444
0.47262951722628876	0.17128056440211648	0.025694777134478985
0.4729173787992952	0.1715390553657044	0.025487311646127386
0.47331094435542137	0.1717512888656687	0.025381359168036133
0.4735047291123549	0.1718608353306782	0.025293703216349772
0.4739411043514826	0.1721253971532623	0.02502102662492167
0.47419097348673683	0.1721756214916631	0.024828162451434543
0.47439178301332857	0.17234446914650892	0.02456751449673511
0.4745778952841848	0.17252607913822426	0.024486872943766724
0.47496444923167586	0.17288836629094795	0.024263297234492553
0.47532686938280233	0.17308212642649257	0.024127146875623673
0.475740666888897	0.1732901873678121	0.023901718852563036
0.4759707721084454	0.17333077335919012	0.02387414211610761
0.4765697409634561	0.17351985515410145	0.023803448151452522
0.4769289911336082	0.173690894677056	0.023828626707898648
0.47727775534238537	0.173851539533183	0.023862991333313377
0.4778732145688624	0.17397699419155732	0.023917631467279044
0.478369601338233	0.17418718348973217	0.02387410077951585
0.4787140518671545	0.17425840598229453	0.02384649207629025
0.4789491244887387	0.1743769574658932	0.02381115836121067
0.47929016606132285	0.1745388432382574	0.023820630767018014
0.4797879793350569	0.17470135521153723	0.023851882101318167
0.48028085620009653	0.17489218267276718	0.023875664234528415
0.4807903351180987	0.1750042508524695	0.023879174470636255
0.4812042588149473	0.17505104416768985	0.023888111966045067
0.48136745510424217	0.17509326882063608	0.023874637818526
0.48168438933129654	0.17541340322042542	0.023733778169824804
0.48221944680892487	0.17569035090884344	0.023887793993745576
0.48246142694157423	0.17597816291886748	0.024162503186971218
0.4827507718301642	0.17638051751148187	0.02455689131905686
0.4828677009995676	0.17640695948134827	0.024947773984353716
0.48290362741979637	0.17625860042615127	0.025978768737014046
0.4829667273313564	0.17672744634636056	0.027326058940484288
0.48299807847868115	0.17691507602117568	0.029037655426531528
0.4832338481026922	0.1771005006437117	0.030855815266594144
0.4833514604809301	0.1773974977106071	0.03288056401566669
0.4835643339768518	0.17761483646939735	0.03543343797109155
0.48368397211758984	0.17788674198648308	0.038518608479945704
0.4838593875307999	0.1780891762377359	0.04116860817273266
0.4839724789399144	0.17833183879836106	0.043986008103308494
0.4840547674375546	0.178399695715164	0.04589041199241456
0.4842091954094554	0.17860738737236248	0.050214135430761864
0.4843025626751003	0.17891246133636246	0.0548920046955661
0.4844442824388047	0.17906445476054944	0.057943933082837074
0.48451733284293497	0.17920643001140868	0.061645123251720835
0.48457448146478554	0.17931091366587415	0.06353345934140409
0.4846430556070195	0.17951797456462143	0.0689110912530232
0.48479753572139384	0.1797771431058423	0.07456023061630224
0.48480248832648876	0.17982878276055753	0.07698065779308716
0.4849110753133476	0.18003349187351786	0.08212610533877956
0.48497174705245133	0.18015918114798146	0.08610245843870756
0.4850665390693505	0.18033708143221638	0.09051997341401202
0.4851445698906409	0.1805162324069145	0.09478512711185921
0.48515744583955844	0.18059569939146025	0.09982741310566401
0.4852328438108281	0.1807059477760865	0.10381698776230674
0.4852863571248185	0.18099156375074638	0.1116037306232065
0.48537934398904903	0.1810573846104811	0.11451108811756672
0.48539290440679794	0.18113736355922733	0.11872667192543346
0.4855116046247181	0.1813370882960631	0.12429163746273303
0.4855243902462235	0.18137745487687618	0.12736424982375544
0.48560692785396986	0.18158672610670462	0.1358843626447221
0.48567670994108914	0.18176311883021984	0.14037451359868752
0.485736050036022	0.18184976032609085	0.1442884990953332
0.48579319256172115	0.18194912802089447	0.1483243176254605
0.485878022663012	0.18199492098730108	0.15216405630400287
0.4859608797929888	0.18221644553052602	0.15814978118926126
0.4860422197820133	0.18230302901282414	0.16231010978776633
0.48608878371372544	0.1824430956794802	0.1646675819062352
0.48614577401254183	0.18246751918578824	0.16835551893481862
0.4862391469496792	0.18262968381036176	0.17474031211936447
0.4862913065385009	0.18275071660790365	0.17822297741259174
0.4864292524488994	0.18289426241651296	0.18196443316382432
0.48655141259312645	0.18303434939190544	0.1852150853122439
0.48660275760474425	0.1830846690569809	0.1883103931334255
0.48671185845260634	0.18323038002363184	0.19145304038254876
0.4867885981084774	0.1833634882532455	0.19429672495640757
0.48689181815567434	0.18344373877315917	0.19712185860977177
0.4870267869956796	0.18362898580280146	0.20005330480281533
0.4872602083398762	0.1836634912789446	0.20250794559600346
0.48728041250350124	0.1837154559337657	0.20336148077969962
0.48753107569136933	0.18397779824136723	0.2053735522144039
0.4876841953939951	0.18431682956943685	0.2076171998138674
0.48763118310363734	0.18442423568362692	0.20869827838745608
0.4877961304216155	0.18450286399882976	0.2101643909572698
0.4878568416195364	0.18449374343299468	0.21081032349251258
