0.32306357653047746	-0.19760010831323377	0.20710640140007328
0.32306357653047746	-0.19760010831323377	0.20710640140007328
0.3230275315041716	-0.19701473335097774	0.20727411290106085
0.3230736242160974	-0.19655250698386503	0.20735172011582098
0.32315995993882163	-0.19551814261634942	0.20753163115127754
0.32321241981386484	-0.19464987476499238	0.20768545462324972
0.3233771591005412	-0.19346250275021196	0.2078759038540872
0.3234444102434601	-0.19264410105844204	0.20800820805419096
0.32342804996651686	-0.19180202157022716	0.20814869939848413
0.3234783726127413	-0.19094929887552092	0.20827461537379566
0.32354376321630846	-0.19009359998441638	0.20840636955467262
0.3236328169684383	-0.18869309090668904	0.20863250164598154
0.32371171472901566	-0.18809489692744466	0.2087159257863981
0.32384494606355774	-0.1867162744654327	0.20892360025728232
0.32397762832454696	-0.18574399137447184	0.20907084082274913
0.3240749283438907	-0.18519258310368475	0.20914328911245567
0.32432088592152525	-0.18353601471553826	0.20938316693258824
0.3245698443480868	-0.18213234877394463	0.2095628705296352
0.32477353988394186	-0.18110672653704774	0.20969986613106734
0.32500335277478454	-0.17989335940708256	0.20985409073769848
0.32533439365896233	-0.1788094716695534	0.20997830096182699
0.32571923976749134	-0.1772606768051331	0.21015724173659478
0.3258896488792864	-0.17663294468082222	0.21022756842429016
0.32630042365627626	-0.17540469678083792	0.2103479299327752
0.32667353989400977	-0.17429451003915986	0.21047152618499781
0.3273684775442504	-0.17249372628269666	0.2106270162232807
0.3278046081861778	-0.1713666129400942	0.2107251300967407
0.32832552517943836	-0.17022769881561745	0.21081887481440986
0.3288795367135071	-0.1691322699168009	0.2108834698912491
0.32942395075192626	-0.16820805850947335	0.21093691120972904
0.33030838808032575	-0.1667019836453274	0.2110114923977304
0.3310273327463821	-0.16597751506022082	0.21099974964408683
0.33152271152983126	-0.1654392258891184	0.21099393219335305
0.3323193538100645	-0.1645934467238	0.2109881344338765
0.33346687969986866	-0.16327266521500405	0.21097559558742873
0.3342960149858668	-0.16178803554557247	0.21071390816783003
0.33486900220105953	-0.16068247026329607	0.21051567024475099
0.3354135734596722	-0.1596803112235845	0.21030997013695488
0.3358771519280829	-0.1586315676150481	0.21006280734088129
0.3362972729209285	-0.15798112967173383	0.20985918911366602
0.33687363447348967	-0.1572455527785519	0.2095075748380027
0.3380079665428004	-0.15609274879783802	0.20879570048662133
0.33893404048403053	-0.1551385513788977	0.20808512535308102
0.3393925271829518	-0.1547446454167103	0.20771140901305338
0.33995823818129256	-0.1542131162716996	0.20723734661017582
0.3407837241774117	-0.15353240455449813	0.2064226938963467
0.34170087097112434	-0.15295888563902604	0.20553013097419823
0.3421596139481998	-0.15258600501578445	0.20488487959110832
0.3433877798952824	-0.15200447178348675	0.20344726966899393
0.34373896870040155	-0.15183540552051433	0.2029048489713222
0.3448230800979697	-0.15142896525569297	0.2015702153980052
0.34551500017782144	-0.15127162267384703	0.20051147514270348
0.34626224229147456	-0.1511735897332112	0.19935139101879062
0.34735824456445474	-0.1511473475494024	0.19770502282324623
0.34814015048439745	-0.1512029099285439	0.19640392357646952
0.34867031449488084	-0.15154166066002933	0.19552372340761923
0.3496621478689715	-0.15267824869153102	0.19375288429116042
0.35027432666219155	-0.15334590715909374	0.19277381898745913
0.3517494520189136	-0.15521915828261817	0.1904595924852219
0.35313547905685044	-0.15800794061341944	0.18797061939590695
0.35425101335903597	-0.1603686029174437	0.18606373248114869
0.35522466352407756	-0.16273145055067895	0.18423000108059562
0.3562217677884903	-0.16509213617319746	0.1825774882859559
0.35742918635464915	-0.16837763278145312	0.18030466238946255
0.3591981066118704	-0.17317232228165436	0.1772525981057949
0.3599115803187958	-0.1753890832375803	0.17583664582644232
0.36120171406902596	-0.17922971229301574	0.17358148846628896
0.36289203964319044	-0.18477998637423565	0.17032164383560058
0.36414838661865484	-0.18889741070004895	0.16802690170085371
0.3654897806851608	-0.1935651797222286	0.1654299256029252
0.3668810678800554	-0.19836773035952632	0.16282130724409388
0.36820157034960405	-0.2032018676579404	0.16027335599675513
0.3688995033586392	-0.20587471518111022	0.15884241996014442
0.3711683902219115	-0.21440612599525283	0.15440238394303318
0.37255163623769805	-0.22014824483610962	0.15140925283406792
0.3737353063010742	-0.22501433598436976	0.14890832144794014
0.3744691409391808	-0.2279513842674044	0.14741846773381545
0.37593009850656983	-0.2338658625919376	0.14439900928381544
0.37732630990088206	-0.2390015730814743	0.14171205700002015
0.3790681045253135	-0.2458250519788076	0.13825062179495123
0.37988037997778135	-0.2492781455628963	0.13655248058711827
0.38184622517060923	-0.2578093088030107	0.1325843575915056
0.38302959391348534	-0.26209702789101036	0.1304641510889194
0.3843100514939529	-0.2665438455430437	0.12816936538899443
0.38615652826354213	-0.2732356225738972	0.12458809358667289
0.3873532514307423	-0.2776366690065294	0.1221619158400783
0.38848081991454525	-0.28199699769045466	0.11971226432900223
0.38953314005590034	-0.2860231220909875	0.11734110976809553
0.39074441844281704	-0.290694597012588	0.11451567571512111
0.39218672941356686	-0.2963252219828586	0.11098297404177826
0.39315584868964004	-0.3002939289175089	0.10841401418927571
0.3938409310787221	-0.30320156692090633	0.10649409534901005
0.3954070443781816	-0.3085505982876522	0.10322503377708625
0.3967096734691562	-0.31279401560920744	0.10075327321954247
0.3979925920605215	-0.3172387466955935	0.09806102537050077
0.39898088212302024	-0.3204776691454735	0.09605160896680542
0.4008610408781634	-0.32691230320122266	0.0919855734216884
0.4014385196627104	-0.32885953810331053	0.09074416362450727
0.4025068298113149	-0.3325413971309612	0.08835767093684166
0.4035510077082302	-0.3363658824895119	0.0858797195922692
0.40471501819075845	-0.3413074383031399	0.0824450365751126
0.4058882096746287	-0.34632823481615194	0.07896606181915977
0.4062734288513003	-0.3482571616466641	0.07757115535226561
0.4071732708540572	-0.352729867998423	0.07411705260074336
0.407498837347728	-0.35442424970161657	0.0728131423512357
0.40831078878943405	-0.3583325731290961	0.06950317986226551
0.4089543625445051	-0.3617186863027372	0.06627295827747792
0.40933864912526524	-0.36367069289500564	0.06429802060404827
0.40976329367948783	-0.36557146175165933	0.062260092080982266
0.4100513607488773	-0.36699628925205297	0.06030329640525045
0.41028763363958914	-0.3682700792799276	0.05824828686892963
0.41037989074313386	-0.36951468320101377	0.05512155149017056
0.4104418610264072	-0.36995050478894864	0.05356541866117437
0.4105388344572347	-0.37010539960623035	0.05241329031188219
0.41061065823234916	-0.370281858978245	0.05066230009472217
0.4107232181594192	-0.3703674443708294	0.04892724480618099
0.410821304432062	-0.3705455567185806	0.046921881714380276
0.4108621655238084	-0.3706052602488664	0.045657510916629396
0.410894829919338	-0.3707783105653589	0.04337027559340367
0.4109267710752874	-0.3707944519102828	0.042472830375589354
0.41096440759910846	-0.37087942924383754	0.041037455862433514
0.41098553000820404	-0.37099571469949916	0.0387239547600563
0.41095323412689067	-0.37109502712322995	0.03706891322745676
0.41092877626511226	-0.3711168431987446	0.035518536428148506
0.4109281516739916	-0.37118264054444805	0.033922430121490654
0.4108645963961155	-0.37126780941581883	0.03174131526429008
0.4108196267650851	-0.37128832783324517	0.0302521058651104
0.41074076419670064	-0.37132086289947425	0.028628476289292437
0.41071162752250967	-0.3713160894592422	0.02726927019108527
0.4105951881262719	-0.3713289282814862	0.025140898486152807
0.410462150154881	-0.37138757992556853	0.02372279440876235
0.4103196180057832	-0.37134922416659666	0.021505413009642205
0.4102182307959922	-0.37133247593340385	0.020147766717823867
0.4101212178969543	-0.3712820819921348	0.01866976482982241
0.40998612133546675	-0.3712854645317049	0.017261581196317655
0.4098877515637571	-0.3712638226386181	0.016471941505057874
0.40961990126178227	-0.3711615593492674	0.013896991141207904
0.40952724961886244	-0.37113818442921304	0.013137202426183492
0.4093421931780711	-0.3710705794960343	0.011401632168102083
0.40925854040788134	-0.3710132557411899	0.010547597224247307
0.4092987940269047	-0.371114018027246	0.008897289415291776
0.409313367916996	-0.3712176503973657	0.008307913250425014
0.40947670551844684	-0.3713520085350578	0.006824579763410388
0.40953563094949763	-0.371604716827847	0.005342853841299455
0.40951243711015534	-0.3716922301724168	0.004750129280038318
0.4094560653533353	-0.3717290417906358	0.003719896223788599
0.4093886216166605	-0.37189401907115816	0.0025346186077693234
0.40948038481579213	-0.371955875466974	0.0016145392827480176
0.4095164888402202	-0.37206622638457026	0.0003406296013890864
0.4095240015204282	-0.3721092278345269	-0.0001875458393237328
0.40944737040536006	-0.3723428121794481	-0.001330171882594433
0.4094200478776936	-0.37239084939838996	-0.0017935788202787517
0.4093305481888812	-0.372489127520574	-0.002616879605227107
0.4093263533705121	-0.3726300720916729	-0.003816260297209495
0.40935539560822376	-0.37275178954475796	-0.004515265165657145
0.4093309922912771	-0.37282673821845735	-0.00514929435512318
0.4093419733437271	-0.37286031787345986	-0.005477138213592303
0.4093478206682387	-0.3729595819127245	-0.006111561925453923
0.40929130457307095	-0.37314038718074993	-0.006883147750333329
0.4092807659399986	-0.3732200462923758	-0.007449166241258298
0.409229757363888	-0.3732785325547383	-0.007914731903882755
0.4091533080463303	-0.37343404608414227	-0.00854977152881825
0.4092058228997497	-0.37348962128886837	-0.008964612974171171
0.4091983207921409	-0.3736527135374694	-0.009455529132337048
0.4091873897036101	-0.3737126808285713	-0.009816149716268152
0.40918801739176636	-0.373767406265313	-0.010002484549579638
0.4092042627583109	-0.3738559074263669	-0.01026073550508061
0.40920828461770836	-0.3739130975382256	-0.01065296383610026
0.4094146495386572	-0.3740528020772866	-0.01080063240026169
0.4098125315579161	-0.37410155300911835	-0.010618075357507473
0.40995687060213165	-0.37420850718829785	-0.010490721930219604
0.41033755777166425	-0.37452602824819303	-0.010129648314889328
0.4106673557605664	-0.37480899850848326	-0.009810641979176304
0.41089945459338634	-0.37500256003067406	-0.009587618455344449
0.41101355906472503	-0.37509827275866936	-0.009477547849714274
0.4114795117766214	-0.37549747280637275	-0.009022372242165455
0.41161427024263225	-0.3757285933953801	-0.008783526921104456
0.4116527998111045	-0.3758996111879211	-0.00864165410300799
0.41153386636114453	-0.37634905976727945	-0.008566483754289422
0.41139860209067214	-0.3769181695920478	-0.00849057959469951
0.41139341511735317	-0.37770504630772517	-0.008343976791347851
0.41144548813207776	-0.3780593598775786	-0.008250996948236555
0.41157942683008986	-0.3787610390981942	-0.008040453786799073
0.41164319222263224	-0.379643545829529	-0.007871378626480463
0.4116750949294451	-0.37993387900842657	-0.007831188981556159
0.4118615885443467	-0.38006435387230214	-0.00792027258155098
0.41196949647094144	-0.38009747194904	-0.007948204948934612
0.41223693420352403	-0.38028243195521233	-0.007885803180170625
0.41227999954616396	-0.38107264774237515	-0.007768886414113052
0.4124822247912786	-0.38152504052781067	-0.007752185071361828
0.41256754999913486	-0.3817447259761007	-0.007814763654615697
0.4126701878372959	-0.3819533983370357	-0.007862433965254545
0.41296211026649543	-0.382257996516171	-0.00782012539586685
0.4130535256963398	-0.38241990622809835	-0.007831506420435341
0.4133824105664055	-0.3827765982835499	-0.007845474245628148
0.41347980907489823	-0.38307351933597844	-0.007954875957025709
0.4135726563959502	-0.38325112682754947	-0.008018075441991068
0.4136714648587112	-0.38337321944058406	-0.00803930566903499
0.41385586602588215	-0.38378362908475383	-0.008017376018141287
0.41400397189948746	-0.38457130662465094	-0.007987483039159637
0.4140502150318678	-0.3846981280046158	-0.008022373565182594
0.414104083298215	-0.3849240877306407	-0.008134174421167761
0.4141365461400308	-0.3852965840781961	-0.008188629001152525
0.41414479516334635	-0.38603747679322326	-0.00807528133149904
0.4141187636910385	-0.38642740214930466	-0.008033172597547544
0.4140937259620037	-0.3872014723173336	-0.007909301239503008
0.41414741391132914	-0.3876817937942747	-0.007883346316860718
0.41412454141827226	-0.3879025356633798	-0.007875265106266793
0.41399278626942027	-0.3886400736422717	-0.007869875677140648
0.41398365299723394	-0.3891960252620947	-0.0077841184511613926
0.413914705917927	-0.39003234951460447	-0.007695433084231373
0.41384773098049976	-0.3905768253580672	-0.007628365185829711
0.413633213925368	-0.39102673722055503	-0.0076147185601658784
0.4134290178647191	-0.39140120078404084	-0.007627552671396587
0.4133872307435762	-0.3916533223821014	-0.007601111811315897
0.4133545922126133	-0.3923579590944497	-0.007494045807703409
0.4133171334860062	-0.3930799099751702	-0.007389772042314058
0.41327343128538346	-0.39360469354073957	-0.007320819498680742
0.4132349382023052	-0.3939460579839042	-0.0072631483883977555
0.4132332144035363	-0.3942792536979409	-0.007177247635483219
0.4132057956086038	-0.39462489551987734	-0.0071158961635333084
0.4129114881375098	-0.3950902166177939	-0.007277019621088676
0.4128061888110501	-0.3952527449674979	-0.007336921171655519
0.4127654007446749	-0.39583008223947524	-0.007257392255193951
0.41279086193347286	-0.3961924897556224	-0.007163041368759504
0.412807980322315	-0.3967378179138229	-0.007038326278514084
0.4128578666932041	-0.39712593436230376	-0.0068883822742235035
0.4128798304694999	-0.39726164377545636	-0.0068266940589621905
0.41287188172103106	-0.3973800457916158	-0.006795514954523296
0.4128702162652814	-0.39738269139354127	-0.006796750718740641
0.4128689003952141	-0.39738294078429387	-0.006797280891842283
0.41286728139974616	-0.3973841622930355	-0.006798236836712657
0.4128673259029362	-0.39738319559278623	-0.006798728026015166
0.4128671254277592	-0.3973823542331384	-0.006799418955482139
0.4129576502132368	-0.3972685227123432	-0.0067424705772599625
0.41302604818689453	-0.39700943786887216	-0.006310944165446863
0.41260986263783395	-0.39694626059659704	-0.0046282765963793215
0.41255428293011326	-0.39697089666080804	-0.003487532976941099
0.412329798622896	-0.3972519359908767	-0.0005313650878609466
0.412349989340835	-0.39756307917481504	0.0026184804123535743
0.4124192751715774	-0.39773939295829935	0.004351771681971817
0.41259986610476584	-0.39822515177198636	0.009402508612668947
0.41263919022734175	-0.3986491626670302	0.014322740748826834
0.4127576787937435	-0.3991183590211872	0.01987559054270105
0.4128005259833989	-0.39948135509829513	0.024899673392936916
0.41284540579872847	-0.3999370348406281	0.03030312002764607
0.41290850598326334	-0.40023562080661573	0.03454785574817082
0.41288856596337375	-0.40066163869964605	0.041107019967331515
0.4129456710900862	-0.400980336014755	0.04781198608858922
0.4129301473849065	-0.4013374833902278	0.05430620307523809
0.41299782288034553	-0.40162554125869093	0.06148923354523267
0.41300951698385086	-0.401947632052192	0.06965483928350041
0.41306574741769186	-0.4020688381244552	0.07398615781359452
0.4130779447389853	-0.40219339163772394	0.0823451370782326
0.41310725242555474	-0.40230143041566985	0.09240274791140418
0.41312493666471223	-0.40224953260345875	0.09918236542098452
0.41315010890046616	-0.4021599826136093	0.10572420067784438
0.41310970856563467	-0.4020408466659317	0.10986092099822248
0.41311027858242094	-0.40170178268647155	0.11875563726549276
0.4131368043070507	-0.4010788744990574	0.12962806917913922
0.41317483525505944	-0.4005325684992848	0.1365508282414371
0.413172951931218	-0.3999230685950762	0.14309282874767554
0.4131613197907714	-0.399427712458838	0.1472962092923728
0.41317324124349364	-0.3984914895740514	0.15471750381905447
0.4131769554281946	-0.39701997391264743	0.16368195612265002
0.4131865655280612	-0.3959223597667008	0.16930592150935825
0.41317507610845	-0.39470722263137376	0.1747038318554585
0.41315427731286053	-0.39388898369601083	0.17801749058387198
0.41316121354952573	-0.39096644275459647	0.1874777057890597
0.4131329875899423	-0.3900101193738115	0.19005076804143517
0.41313314965714704	-0.38793123001722873	0.1952063399041014
0.4131097498775898	-0.3850758602892127	0.20076692575153443
0.4130941845902157	-0.3826413483674805	0.20461258382106678
0.4130097520117776	-0.38011275316049253	0.20788423609259052
0.41300205315155053	-0.3782950425131178	0.20998415113351493
0.4128057252126687	-0.373893397405519	0.21395796072214357
0.4124112719573274	-0.36892906973728573	0.21768179582557176
0.41204718758881675	-0.3656078422421761	0.21981923817581137
0.4116234149560133	-0.36190148743772005	0.2221169329385419
0.41136301399876346	-0.3592893565089606	0.22352223837745236
0.41092663008052754	-0.3550654061466006	0.22571821132031883
0.40972727641447404	-0.3468321035214649	0.2294229809796179
0.4092399927756855	-0.34238490748622147	0.23122279347438088
0.40857069060917206	-0.33758090457274476	0.23308989586979423
0.4080861471890347	-0.33466733534713017	0.2342005542024106
0.4068330255801677	-0.3278188759037911	0.2367371554347263
0.4057995120687305	-0.32160171949915334	0.23862592420593354
0.405331917038003	-0.31851998486649086	0.2395098548613025
0.40470278350733707	-0.31400753089680994	0.2407346357225747
0.40401708480208703	-0.3093222092131691	0.24183316582294315
0.40306524747089917	-0.3029482363611867	0.24313711079472072
0.4022486092297698	-0.29749946937653116	0.2440829415847237
0.40157700801390805	-0.2931394859787353	0.2446141126609488
0.4005564456842586	-0.2866263123632624	0.24516498342251586
0.39953465593925425	-0.27963770803309856	0.24554039665561897
0.3990221270004219	-0.2752910145587066	0.2457522841631647
0.39862725919506176	-0.2726394251269329	0.2457491085766102
0.39765410053708683	-0.2670387401037127	0.24540566787965587
0.396798686485672	-0.26212809561626704	0.2450617172302635
0.39549160161970065	-0.2546669276881532	0.24441624965165182
0.3941775967340887	-0.24730453135616348	0.24362508464415727
0.3935574215795623	-0.24391754216305722	0.24323933743975173
0.3920316316858331	-0.23579505190096972	0.2424445570667565
0.39122764565573365	-0.23171690733989225	0.2420525573856972
0.38953810640614467	-0.22320395035776508	0.24121985772783483
0.38867944732940274	-0.21896357106856368	0.2408556588457395
0.3869028384939779	-0.21021053404394324	0.2401998144387414
0.38583139038926434	-0.2049863196111874	0.23992036157303204
0.3844804778135987	-0.19857840599010346	0.23969908706190837
0.38240068398735094	-0.18921903327391326	0.23991713746409285
0.38084326869592666	-0.1824100829083981	0.24036792945590194
0.3791059822453194	-0.17478386402045692	0.24089094320430413
0.3774689825210485	-0.1674459313262457	0.24124450539658898
0.37629882198461817	-0.16232844156403586	0.24154318235941014
0.37473469081583555	-0.1555159046937698	0.24186259692697723
0.3733668449207084	-0.14961946367409684	0.2421118477842286
0.3713932467764022	-0.14113449105705939	0.24235348036076135
0.36949230504191477	-0.1329725861899883	0.24261886608845307
0.36826518598007485	-0.1277433180778092	0.24274047254648862
0.36713260865194663	-0.12295243777590363	0.24285145236776107
0.3663965366704946	-0.1198390194867167	0.24288351252548224
0.36490358793266425	-0.11353641557598217	0.24298077569292703
0.3632236301974718	-0.10647049902004514	0.24298818073987638
0.3621642508461687	-0.10205512987855307	0.2429970280118607
0.3612371995717402	-0.09820468110921575	0.2430011898943767
0.36063587857199164	-0.09567959406641545	0.24301533825716823
0.35953199165468086	-0.09108928049099325	0.24289737705558542
0.35882915651439107	-0.08809979752136228	0.2428534596977718
0.3581332749661295	-0.08528838453932903	0.24275175027418056
0.3576066531422845	-0.08314368876080015	0.24273074932314093
0.356949987548001	-0.08036130900656362	0.24270713669376934
0.35670921509971704	-0.07940143400536971	0.24276339997346089
0.35652149260451005	-0.0785922520347589	0.2428551280246687
0.3563474199419385	-0.07785207421308822	0.2428331623062104
0.3561822476038813	-0.07715642089829662	0.2429779556982846
0.35616077396454493	-0.07700188400705933	0.2429840963384236
0.35610551797754103	-0.07663418479038021	0.24306286404123262
0.3560211022975053	-0.07625028294143014	0.24319892137764484
0.3559609618960595	-0.07587600697542309	0.24329462126285797
0.355940672208001	-0.07551226387118053	0.24338100835281432
0.3559011968996075	-0.07516042086608536	0.24344510455725238
0.3558247473913107	-0.07471375449085714	0.24369771519626998
0.35577215061622686	-0.074397252102322	0.2439243606511381
0.35578062355212103	-0.07424285738436916	0.24410671708480935
0.35586104268959573	-0.07405704549232144	0.24426680727360178
0.35597058012307076	-0.07387025255995046	0.24443539687331978
0.35600223794024527	-0.07379376744910092	0.24457210516721384
0.3561703230059187	-0.07369113383715777	0.24478353401616207
0.3563026485755062	-0.07363783083504447	0.24486158273781167
0.35633863450861303	-0.0735931700708898	0.24491130851059678
0.3563478527353898	-0.07358256837996045	0.2449232768955505
0.3564235126054684	-0.07359582445218697	0.24492733717433665
0.35657527515924176	-0.07362164376054094	0.24493434036979142
0.3566385011979354	-0.073633441377658	0.24493659599592238
0.35664961001050627	-0.07363738590856385	0.24493477643726422
0.35665144797707055	-0.07363972208848334	0.2449325565770074
0.35665218579942176	-0.07364298361753648	0.24492896647169388
0.3566546964273049	-0.0736457795822306	0.2449248893327272
0.35665560558334514	-0.07364767646856459	0.2449225021926759
0.35665562075157514	-0.07365078582572883	0.24491935668963666
0.35665479977109316	-0.07365101364999165	0.24491832575738642
0.35665370893519466	-0.07365284965633782	0.24491734516231128
0.3566531849063157	-0.07365389962436587	0.24491563504238995
0.356651777345482	-0.07365369137522605	0.24491694350049395
0.3566512901138641	-0.07365390307509885	0.244916473773464
0.3566551867063621	-0.0736489700321346	0.24492257937532205
0.35666832892610967	-0.07362984762145201	0.24494333417717176
0.3566739875845857	-0.07362155550104314	0.24495241772921714
0.3566773225158798	-0.07361701584652387	0.24495754632740882
0.3566784626240652	-0.07361547079877516	0.24496022298147102
0.3566782141351964	-0.07361575548036574	0.24496030934029886
0.3566784794517228	-0.07361484116373639	0.2449605564674947
0.35667935629715875	-0.0736160479250035	0.2449605223967593
0.3566785955297831	-0.07361655785878098	0.2449604498011109
0.356679396573974	-0.07361630136583884	0.24496016634526196
0.35667930451437035	-0.07361643025930205	0.2449600265965667
0.3566786583380024	-0.07361590215767576	0.24496077759034118
0.35667891758726816	-0.07361603284027972	0.24496052656595513
0.3566787203181663	-0.07361630903921502	0.2449602271063333
0.3566782794928894	-0.07361701682580397	0.24496009902393392
0.3566785951673741	-0.07361648380936499	0.24496004417505202
0.3566786541743474	-0.07361670037669889	0.24496060748744475
0.3566788432672227	-0.07361851649700572	0.24495986221110563
0.3566782621497221	-0.0736178045487071	0.24495997398801778
0.3566784738176685	-0.07361842656862001	0.24495994171955573
0.35683013953896164	-0.073636772682717	0.24496822552233127
0.3568662901132384	-0.07338850643108606	0.24504181221762297
0.35670162642709696	-0.07287340199310018	0.2451512684238762
0.35653343160699347	-0.07231591001617131	0.24516418050903602
0.3564009951141462	-0.07184847462643963	0.24520311919819748
0.3562870021905128	-0.07114549834608484	0.24522732511676035
0.3561482013019135	-0.07052609855624482	0.24521513748117044
0.356049052150034	-0.07003727383705378	0.24517963261477183
0.35580858226406614	-0.06827468638091073	0.2453373705894769
0.35569952909098734	-0.06714395496892066	0.24543494487397616
0.3556054565083423	-0.06607830092816495	0.24547672104705195
0.3555199229007698	-0.0653605049990252	0.24558594765529557
0.35535444221550755	-0.06356063407018074	0.2457360114955151
0.3551538032841996	-0.06160255105792188	0.24591693837567236
0.3550596998965479	-0.060275238875834455	0.24600210851785326
0.35491589710163524	-0.05887315874445216	0.24607246015210682
0.354775113424326	-0.057289513981571935	0.24628930303158358
0.354689789473617	-0.05625630692140694	0.2463257871926786
0.35442432095679	-0.05327505711489801	0.24658468887033927
0.3543585426548054	-0.052210899261009844	0.2466166353222995
0.3541430509419833	-0.04994900316649441	0.246861318560407
0.35401417523662554	-0.048362766004302324	0.24690081592790483
0.35392038391271796	-0.0470509960799675	0.24699753961601575
0.35371976182323384	-0.04525085919176634	0.24721900698746874
0.3535899493513076	-0.04309014676377644	0.2472851911238367
0.3533447572394397	-0.04027787876435608	0.24751875146066613
0.35325860390213765	-0.03916270148954419	0.2475665798129848
0.35301738769019964	-0.03649640417643964	0.24780121648043946
0.35292626968181384	-0.03549566017759094	0.2478181720471077
0.35267199590972026	-0.03253847255216184	0.24810056699530736
0.3525794195084157	-0.030884640864628318	0.24813657821875926
0.3524089109124882	-0.029091149904228078	0.24829485293471942
0.3522563627058975	-0.027409531235189813	0.24841368024053426
0.3521512256682973	-0.02574672903713425	0.24847665289177137
0.3519244826787127	-0.023139927691097836	0.24868204735829436
0.3518344104054488	-0.02210871026017784	0.24873939454165828
0.3516608345715236	-0.01998314226831878	0.24889606140625503
0.3515652854973492	-0.018962137398779458	0.24894706991719526
0.3514244558626282	-0.016835952763613257	0.2490125407850482
0.3512737049105646	-0.015042894754119143	0.24914998196026292
0.35112036438558003	-0.01341908832777218	0.24928393849780967
0.35102474353957597	-0.01165340196145638	0.24933629687329095
0.3509213677556083	-0.01028585715044393	0.24937230007672856
0.3507408784357202	-0.00872535343267676	0.24953576449169515
0.3506485587317743	-0.007032950251411055	0.24962940893256944
0.3505812624754361	-0.006185586540849122	0.2496208482576388
0.3504296625676939	-0.004018108562794567	0.2497235951947602
0.3503113903055692	-0.0029408146743389735	0.24985212360387937
0.35019677042018055	-0.0018474883632708244	0.24990785620571568
0.3501721580158789	-0.000847576983561929	0.24995190955758606
0.35011310945265794	-2.5414211477087223e-06	0.2499331325137255
0.350043374671182	0.0011023486740409233	0.2498660407810481
0.3500783262619946	0.001525574342379668	0.2497547880818714
0.35013861361606674	0.002275339334962226	0.24954558164316726
0.35015569717622863	0.0027985245722215862	0.24940607413694396
0.35019947270115603	0.003130692098452445	0.24930665085560474
0.35024356460031403	0.0033193950970197977	0.2492163636075888
0.3502506920329523	0.0033339568894658195	0.24918475081621694
0.3502508775772982	0.003333784345359289	0.24918480147244865
0.3502501894194806	0.0033331556495897613	0.24918453161677284
0.35024851560162673	0.0033309088510172086	0.24918552777998562
0.3502472997633663	0.0033284058324340587	0.24918635877063838
0.35024752814222293	0.0033258351932960867	0.2491868580151059
0.3502464957507986	0.003320987490267366	0.24918596000097692
0.3502462068949402	0.00331621897145519	0.24918646726700855
0.35024473955966	0.0033122308247933024	0.24918509706306133
0.3502460119504212	0.0033073121266992273	0.24918372854172377
0.3502454502196166	0.0033055911369776064	0.24918255288333233
0.350247059942959	0.0032999980292766212	0.24918028079656043
0.35024672481566466	0.0032974677968378024	0.24917973612102043
0.3502477918113893	0.003296395662322829	0.2491794271780012
0.3502472435375332	0.003296045398123351	0.24917920924378337
0.35024876376602715	0.0032944610472844943	0.2491789468944921
0.3502489564881787	0.0032931853297124697	0.24917757467835386
0.3502492901536847	0.0032940279338577044	0.24917759217139204
0.35025068634779055	0.0032921147141604518	0.24917657248932126
0.35025068634779055	0.0032921147141604518	0.24917657248932126
0.3502515282268608	0.003291192196629253	0.24917668087854278
0.3502513975759583	0.0032914852159866143	0.24917573248164543
0.35025143839200473	0.0032919296761405176	0.24917599232174786
0.35025184171169327	0.003291060457370279	0.24917581587950385
0.35025160724222354	0.0032912589106750684	0.24917625075950858
0.350252815632081	0.0032910417376526974	0.24917612567886685
0.3502523176469555	0.003291125810383308	0.2491760411584877
0.3502529826800023	0.003290488937257599	0.24917550354316542
0.3502530375719645	0.00329048883869619	0.24917518002800393
0.3502529826800023	0.003290488937257599	0.24917550354316542
0.3502539082289299	0.003289969522893302	0.24917566578681358
0.3502532912705434	0.0032902054357134697	0.24917452299717785
0.3502535370458481	0.0032903379078047384	0.24917522017514082
0.3502538089185151	0.003290377020428878	0.24917475962108604
0.3502533028729055	0.0032911121316943487	0.24917546881637725
0.3502522179017922	0.003291688934393397	0.2491899521289384
0.35023082952260937	0.0033014548109141367	0.2493326460698261
0.3502277236387318	0.0033055539114735383	0.24931532593633635
0.35023480777353344	0.003306665837821257	0.24928050529301365
0.35024196109134614	0.0033029707577125617	0.24923809396966326
0.35024916203806145	0.0032988499770824214	0.24920803524113982
0.3502511672613787	0.003297037127082361	0.24920112423735624
0.3502538142880326	0.003293820711792364	0.2491926443825093
0.3502548425919397	0.0032926623909920044	0.24918935857295352
0.35025847630623197	0.0032914914631497344	0.2491719966526907
0.3502871369882658	0.003291286269037255	0.2489960405097713
0.3503000320284073	0.0032918449824514834	0.2489218325794557
0.35030618613217346	0.003286239375622904	0.24891652278132304
0.35032446439459836	0.003275513199431271	0.24883539637549654
0.35034024625219995	0.0032597824418187787	0.2488254784727626
0.35036297564054314	0.0034671077056529914	0.248941175110658
0.35038681579524245	0.0037060284373038183	0.2490805654929281
0.3503877130057852	0.003724152888586449	0.249094569565758
0.35038612222165644	0.0037384832874430146	0.2491120829429542
0.35038279666050154	0.003746051244163759	0.2491274190167635
0.3503760556558943	0.0037511276218191864	0.24915193507548883
0.35037359275416174	0.0037522683081365055	0.24915884030841048
0.35036841268280766	0.003756096873907641	0.24916668020771598
0.35036559319481203	0.003758900309663374	0.24917036395746953
0.3503642551749023	0.0037598583456500273	0.2491718117042685
0.35036143364405625	0.0037625517369149902	0.24917509153297723
0.3503584190032015	0.0037650912650175755	0.24917912048117472
0.35033272122320014	0.0037870216902723547	0.2492382906866834
0.35033125495484896	0.0037877465594818444	0.249240786566183
0.35021370662721807	0.003903113120733173	0.24924954883133354
0.3502112803544095	0.00390972985069353	0.2492499439281061
0.35022210585219316	0.0039054300197324393	0.2492504879358216
0.35024380487947754	0.003890368414663517	0.24924856609370605
0.3502528579640591	0.0038840613050261236	0.24924872915433027
0.35030258751969184	0.0038342942287436926	0.2492510554942878
0.35031298349017137	0.003822102964517529	0.24924745492888625
0.350318038220946	0.0038153200260167414	0.24924429919957605
0.35032229737294873	0.0038078924489591687	0.24923787145029475
0.35032704209244886	0.0038006580540182605	0.2492287914301811
0.3503375665941623	0.0037844061841309923	0.2492055982165912
0.3503388043943042	0.003782162035223871	0.24920193583049585
0.35033997989013377	0.0037797189488411737	0.24919845267067495
0.35036001731736294	0.0037604968928878074	0.2491491338152727
0.3503597656416947	0.003758980122297903	0.2491489626148549
0.350358711386474	0.0037587366932881755	0.24915230104333938
0.35035817683855563	0.003758443440388823	0.24915395367274765
0.35035699755526883	0.0037598942700472343	0.24915537968130602
0.35035616158440314	0.0037602589148304083	0.24915682974506737
0.350356126715844	0.0037606921119678755	0.24915752935989977
0.3503546638530057	0.0037614539467500513	0.2491585965547311
0.35035445071177973	0.003761488458661519	0.24916113971575987
0.3503537186772824	0.0037621396738363594	0.24916197707526502
0.3503522003453512	0.0037641440074188265	0.24916501012490533
0.35035153232867244	0.0037641315754294996	0.24916620504424905
0.35035146568427644	0.0037640660637101447	0.24916745095163337
0.35034945143886387	0.0037664942968538423	0.24917168866275463
0.35034409669783084	0.003770227231093118	0.24918344732007622
0.35028989768575813	0.003817128023882857	0.24931456331975146
0.3502932869323555	0.003814445788416679	0.24930783818904792
0.35029419739547796	0.003814046310272781	0.24930338415745945
0.350301782586776	0.0038072077189089254	0.2492861087139977
0.35031979885696557	0.003790855537217544	0.24924600673891673
0.3502611491809835	0.0037929994096944225	0.2493969974280944
0.35009197390069113	0.0037458953426658254	0.24957718583141691
0.3500442908996918	0.0026730993118051077	0.24967295241888054
0.3500026796494119	0.002197286868395057	0.24970574492694111
0.3499819065411022	0.0014052418229470315	0.24981639060679248
0.3499772280198221	0.0006270919709649297	0.24991770545924408
0.34990566112260385	-0.00022377733991556237	0.25006589404947976
0.3497340959373277	-0.0020088493592696904	0.250447357545794
0.349715571241848	-0.002600460918393818	0.25057655339643836
0.3495716729337362	-0.004150686900832548	0.2509052375353925
0.34948027294573586	-0.004889600953177184	0.2510753678917395
0.34946544303185406	-0.006796550883485145	0.25114257223742975
0.3494356472100107	-0.008694137504037316	0.25123448813329063
0.3494392014088239	-0.010436517544945165	0.2512414651405461
0.34947652214206115	-0.011398566672127866	0.25122846631838436
0.3494434410833487	-0.012922994983514277	0.251275227628107
0.3494510733189314	-0.014990069972144734	0.2513100689676687
0.3494092315998304	-0.017207082255443804	0.2513789605506042
0.3494190883919011	-0.01888609612088142	0.2513873154846825
0.3494215150258134	-0.020728213334654785	0.2513945956309545
0.3494086765646372	-0.02336344456054011	0.2514449847754375
0.34940722531384544	-0.026168865706437935	0.2515374423349367
0.34938315196457914	-0.028045827877513543	0.2515334605043493
0.349419263490818	-0.030000367794881397	0.25156876121158656
0.3493666038677186	-0.031190275350492194	0.25160607764511234
0.349374731926827	-0.03471398787107226	0.2516492374544608
0.34938504243933505	-0.03725346979894707	0.2517270147686311
0.34936537558843295	-0.03856222877124567	0.2517647762497338
0.3493825679973838	-0.04093427666029552	0.2517853547502129
0.3493646857835701	-0.04295166971347304	0.25184527827376835
0.34935406223332466	-0.045023793790720426	0.2518614165600169
0.3493522162607977	-0.047383834921030446	0.2519259847179648
0.34936658911560786	-0.05033109110370175	0.2519566327689302
0.3493288685100974	-0.05383334287286477	0.25206973483420003
0.34936102189435436	-0.055365259204215575	0.2520376483103942
0.349330108699312	-0.058181053408707425	0.2521226177693884
0.34932650358371836	-0.05951341989057142	0.2521371789445769
0.3493238663608556	-0.06243633309960382	0.2521674278241585
0.34930926905198256	-0.06417269229866872	0.2521757054147462
0.3492912808526175	-0.06760715322289067	0.2522022101775134
0.349310093094575	-0.06881632961035213	0.2522488302424867
0.3492738224285069	-0.0716032125638182	0.25226057261413853
0.34928278111653754	-0.07378064037286634	0.2522642455211205
0.34928156182216596	-0.07502014724879748	0.25221412026404555
0.3492530694324324	-0.07860400353172407	0.2522024097559973
0.3492491373691803	-0.07992380505650361	0.2522199595085941
0.34922801643594553	-0.08246307824025158	0.252202891786534
0.34919232453119786	-0.08457040487183522	0.25220266254106743
0.3491865198488727	-0.08624323593646378	0.25214813182315965
0.34915049894119093	-0.0883934280393074	0.25213985848991083
0.34909592335403705	-0.09066709890582265	0.2521337123570464
0.349117298051862	-0.0922325124157574	0.2520792701297756
0.34912493717341236	-0.09387168494321697	0.2520980893828781
0.3490967262916044	-0.09526435072549695	0.25207781271581
0.3491017432718334	-0.09631545622964126	0.25206213897334473
0.34907976991440565	-0.09770810337407852	0.2520263048561938
0.34907235815390064	-0.10015334856680806	0.25193683476970175
0.34907873867779093	-0.10077768657892912	0.2519146598057558
0.3490256108443958	-0.10250322642300454	0.2518383498679147
0.34911268541186935	-0.10371007825542373	0.2517834207544073
0.3492055429054386	-0.10458480496873858	0.2514765727604076
0.3491629545716189	-0.10623494788043107	0.2509178145665532
0.3490930901071538	-0.10703371386856685	0.25065181377960666
0.3491517555576389	-0.10912211106339474	0.2499805370881777
0.34913474994439175	-0.11028429910896358	0.24953245960219975
0.3491486283482613	-0.11142945490709184	0.2489305759823935
0.34913930241088165	-0.11212134465586245	0.24856779576411078
0.34919134483388187	-0.1137327828653834	0.24773726572726232
0.3492221924007236	-0.11566386675313052	0.2466066725365974
0.34922144271191863	-0.11684753889386203	0.24583861897143955
0.34924676372036245	-0.11812196024707282	0.24494605482721948
0.34928041517145003	-0.11935546592116121	0.24407626237972752
0.3492658458377827	-0.12057173166021222	0.24322149662317746
0.3492079386595673	-0.12168440438726628	0.24225399405877826
0.34907236803029296	-0.12270907562737611	0.2414152727526143
0.3489898397713493	-0.12337667177495183	0.24089276728211445
0.34880076326954107	-0.12448242261009883	0.24019692607035278
0.34858658233497725	-0.12537233405994058	0.23975048472390093
0.34822119038660304	-0.1261478772402722	0.23955576695105651
0.34803661022349486	-0.12644104676583456	0.2395149025867936
0.34754786747817573	-0.126880235208788	0.23959281530500925
0.3470275877823385	-0.12694319733946585	0.23989279554139326
0.34606560627862165	-0.1267479562368024	0.24054919145296055
0.34555896372317907	-0.12655412572649333	0.24087481566595378
0.3441646127464507	-0.1258617266725377	0.24177052771613353
0.34306847146854214	-0.12532660959182412	0.2424028119040243
0.3418551460898869	-0.12472367247044482	0.24326691731144715
0.3403440555443796	-0.12396730010416541	0.24433637839184238
0.3384878546908585	-0.12303127595738662	0.2453969002798336
0.33685072543899897	-0.12221126296298916	0.2463414963101119
0.3351318742407753	-0.121367844297569	0.24717513009628447
0.3334531952304574	-0.12060907604983609	0.2478014307794905
0.3310553388188153	-0.11966195279585187	0.2485881951163224
0.3293577468723054	-0.11901521933504852	0.2490000554782874
0.3277389494464032	-0.1186205982620212	0.24918158278175614
0.3262335141613449	-0.11825706697446906	0.24930008937784356
0.32481252948378725	-0.11797759530285677	0.2492571613248742
0.3234489574298467	-0.11781206341091285	0.24911606651195117
0.32187737923957715	-0.11782471735339412	0.24874990757938775
0.32071849211328185	-0.11797746196012907	0.24825481791133752
0.31989293471464425	-0.11825697966022163	0.24769432023305907
0.3192334522142484	-0.1185776364229557	0.24709621967099102
0.31881767542392325	-0.11908144089614763	0.2463101019660903
0.3186454236240785	-0.1199176067077079	0.24542440810573313
0.31877498041272023	-0.12071154959313891	0.24461388918948246
0.31894373015634947	-0.12114946790630972	0.2440866951824289
0.31959197182221627	-0.12216782811595343	0.24278371675370344
0.3197697197677813	-0.12249606183731607	0.24231162412406648
0.3204003022579836	-0.12338052748617709	0.24115874334308865
0.32095095422466585	-0.12396706394078494	0.24046366870471864
0.3214566108038077	-0.12444213513568476	0.23992316474529887
0.32204911877430603	-0.1252266992109477	0.23894887496093503
0.3223283331109223	-0.1257168084898975	0.238189272452437
0.32253301604197204	-0.12603940871308894	0.23764059742803018
0.3227908001103293	-0.12641150506598675	0.23698590429529348
0.32287134138595847	-0.12660163552779605	0.23654136936026682
0.3229521098631544	-0.12670794115985468	0.2361951714752536
0.32318687733152374	-0.12697749778327172	0.23584125280750384
0.32349285764037694	-0.12725608428461688	0.23550503307771287
0.32392615602938535	-0.12769120727939237	0.23504963563614792
0.3241759291015173	-0.12796094309627654	0.23469841705955072
0.3244450756360696	-0.12821038552911124	0.23437103132252618
0.324664146822563	-0.1284742601272339	0.23406304310846354
0.32488955945757036	-0.12870965438521903	0.2337766707862805
0.3252565876579428	-0.12908833730517894	0.2333462460589204
0.32541817878001034	-0.12921926550194088	0.23315017516107056
0.325687355655146	-0.1294930843657569	0.2327993309391723
0.3259346720586239	-0.12977730114602304	0.2323918313493835
0.3261766781630939	-0.13001399124397656	0.2321131909710276
0.3263211724560083	-0.13021281223378142	0.23191392022219023
0.3266745831754805	-0.1307812730866172	0.23133179845584503
0.3268568981917447	-0.13106305971589424	0.23105633343978343
0.3270051554926722	-0.13134783641427739	0.23075160724307403
0.3271125759766893	-0.13155396469816727	0.23053352953927556
0.3273455180723814	-0.13194319922882042	0.23013932247966573
0.3275110692076558	-0.1322335720017148	0.22983796561030112
0.3277343001735626	-0.13257889105043447	0.22949894276354782
0.32786095950515476	-0.13284781664518308	0.22919708933733374
0.3281396956634727	-0.13309711523712692	0.22881163387611492
0.3283936906571914	-0.13322576760199697	0.22851748112279802
0.3284949030041501	-0.13329108236276832	0.2283354591968028
0.3287280643150855	-0.13358687631458807	0.22794250365103244
0.3288245503307712	-0.13374446627071748	0.2277873869810157
0.3290277401394799	-0.13414523909882767	0.2273621152988355
0.3293015278973211	-0.13432626289958566	0.22700433120098473
0.3294930502122242	-0.13446708597454993	0.22669555219787849
0.32960468473447097	-0.13454633678382102	0.22652099325359892
0.32979958763864764	-0.1347706121275164	0.22621923703132052
0.32988216734581616	-0.13493470585785272	0.22604429200482676
0.3301645312081089	-0.13540946568671416	0.22556334236366274
0.33028841770463585	-0.13552326469413362	0.22540764342280073
0.330474817817685	-0.1357353129896349	0.22507253192877297
0.3306248348398588	-0.13596005346198342	0.2248180394774829
0.33073425127561995	-0.13620302778074111	0.2245574962692287
0.33081579375929604	-0.13637313509517457	0.22437596482471328
0.3310714462082671	-0.13688577221738324	0.22393773189747032
0.33125233949238414	-0.1370828108599448	0.22370195676460586
0.3313361018434142	-0.1371631484135999	0.22355893028463047
0.33143694629828185	-0.13733849500651446	0.22331612722339175
0.3315940260271024	-0.13765196095042914	0.22299126758914006
0.33153483515951276	-0.1377461932337587	0.222792731779326
0.3314761162776737	-0.1378584842278779	0.22262676898394218
0.33137927342330903	-0.13802615258239542	0.22239915691792675
0.3313213157947069	-0.13810135194585127	0.22228646869657012
0.3312093945606188	-0.13827255380448372	0.22203090263175984
0.33116643741899576	-0.1383455806766286	0.22192254242146664
0.33106816902167097	-0.13851344676585065	0.22167919852886656
0.33096931295705023	-0.1386921057913359	0.22141380447308082
0.330924131979812	-0.13881103990794447	0.22125405711592372
0.33089964431214514	-0.13887663221068614	0.22116828387471216
0.3308446126077907	-0.13897056666444732	0.22101018297329256
0.33076384181617496	-0.13902606976172716	0.22084703200775962
0.33069382679983905	-0.13909622914017572	0.2206790464305193
0.3306397645385692	-0.13920508687697797	0.22052567452063632
0.3305273741030247	-0.1393851210198614	0.22026711839144056
0.33048746236634213	-0.1394923204528017	0.22012865821834077
0.33044171209288703	-0.13965136370084297	0.21993196804702825
0.33040043732235475	-0.13971708083571288	0.21981301469418185
0.33046273010657523	-0.13977999659474577	0.21975020899337286
0.3306018574527594	-0.13986986836003196	0.21973949083164376
0.33073780896106253	-0.14005050785353945	0.2196871348001814
0.330997628677866	-0.14034214245421284	0.21958503984890815
0.33121753081240657	-0.1405583731439139	0.21950117098345256
0.3314791574044824	-0.14080623087991284	0.2194033675447433
0.3317459532986339	-0.14106966057820228	0.2193015401899073
0.33195146220869687	-0.14132414046096248	0.21921940390583822
0.3321401336848499	-0.14156698394982636	0.21914221255490138
0.3322813500509298	-0.14174284397009962	0.21908575297596464
0.33249495336837825	-0.1419858087043566	0.21900203310035732
0.332660061636161	-0.14214681289784234	0.2189390255220961
0.33268022316274126	-0.14216806203668997	0.21893065666735956
0.33268040793428694	-0.14218750670453828	0.2189298327374119
0.33267453420644977	-0.14224361882565326	0.21892655055552201
0.3326713779374071	-0.14227514205850872	0.21892465861253294
0.3326707121097127	-0.14227846669754063	0.2189250351896406
0.3326705897200056	-0.14227763982511188	0.21892559664786077
0.3326709287747515	-0.14227796402291312	0.21892588078731096
0.33267000489403276	-0.14227638317335983	0.218926359332581
0.3326696096624898	-0.14227553968984324	0.21892689483099495
0.3326682666517061	-0.14227463699456516	0.21892766731122773
0.33266852190722473	-0.1422734142883374	0.21892782193996374
0.3326682149852792	-0.14227192975257336	0.21892878005728902
0.33266774867756693	-0.1422701925614162	0.21892958725063744
0.3326670686092514	-0.14227022938709738	0.21892932048667355
0.3326665001289627	-0.1422685302656474	0.2189299861979654
0.3326668956946491	-0.14226854750646067	0.2189303038280779
0.3326671060299126	-0.1422675366325449	0.21893087138577078
0.33266637847634234	-0.14226620118338146	0.21893079445592373
0.3326665990835799	-0.14226536049856606	0.21893090239786883
0.3326666384149698	-0.1422664001347712	0.2189310547268109
0.3326657227097058	-0.142264988423999	0.2189315107685725
0.33266541992552984	-0.14226571191589105	0.21893139420560864
0.3326656376172941	-0.14226490566040545	0.2189316521570192
0.3326656199672634	-0.1422647081519797	0.21893200069491786
0.3326657428656749	-0.14226442598836836	0.2189320499687631
0.3326656597396793	-0.14226395273803333	0.21893228582286353
0.3326654669879831	-0.14226451387953826	0.2189322110610926
0.33266558665516477	-0.1422643233883556	0.21893225688359846
0.3326655737887522	-0.14226444320349835	0.21893224941458744
0.3326654373279105	-0.14226442819908858	0.21893255262657504
0.3326648641611355	-0.14226427420102486	0.21893267469170513
0.3326656850331252	-0.14226365102271207	0.21893279915804267
0.3326648512948082	-0.14226439401533525	0.21893266722274368
0.3326651608221748	-0.14226359349762008	0.21893294106129307
0.33266454157541747	-0.14226387319532224	0.21893253930146644
0.33266436372306457	-0.14226437139447196	0.21893231825793716
0.33266575209611343	-0.14226392935744026	0.21893340569935618
0.33266535065269937	-0.1422640358965105	0.21893288854089576
0.3326643378187313	-0.14226421747969759	0.2189328156533457
0.33266535651818896	-0.14226461414275565	0.2189326676526077
0.332665617190676	-0.14226432335007425	0.2189333494535952
0.33266524687255483	-0.1422637092310413	0.21893340526814276
0.33266454157541747	-0.14226387319532224	0.21893253930146644
0.3326660495854009	-0.14226429309641375	0.21893339203282264
0.3326648190258156	-0.14226466126079707	0.21893280214200667
0.3326650487606497	-0.1422643628487696	0.21893332611391791
0.33266432581102934	-0.14226432930603766	0.2189328086830542
0.33266439954548854	-0.14226343017664073	0.21893311219307995
0.33266449990780184	-0.1422638993424612	0.21893287389579535
0.33266638896456224	-0.14226489959472094	0.21893317839019447
0.332665005130663	-0.14226411947046447	0.21893287432513184
0.33266522285706757	-0.14226393288699443	0.21893339132703765
0.33266488223265334	-0.14226440163405069	0.2189328250501391
0.3326637512895898	-0.14226384120914926	0.21893305321142792
0.3326652037382895	-0.1422645417154833	0.21893282532418867
0.33266483103405337	-0.1422645494336669	0.21893280911260796
0.33266586348073174	-0.14226483488687572	0.2189333198492947
0.33266368342713265	-0.14226383050501315	0.21893304158946222
0.33266571521379806	-0.1422642728315463	0.21893338428899928
0.332664913854327	-0.142264756840187	0.21893326986867884
0.332665005130663	-0.14226411947046447	0.21893287432513184
0.3326642518572798	-0.14226379100657444	0.21893306492703313
0.3326649115992822	-0.14226408417647834	0.2189335594490851
0.3326636705624004	-0.14226395031804176	0.21893303412167567
0.3326636834271326	-0.1422638305050131	0.21893304158946225
0.3326638198907904	-0.14226384550387805	0.21893273838220634
0.33266554197536874	-0.1422646948052062	0.21893331957430467
0.3326638743187542	-0.14226360603237823	0.21893275777030247
0.33266572771575376	-0.1422652368673043	0.21893326310541028
0.3326657280799154	-0.1422641530150255	0.2189333917578402
0.33266488223265334	-0.14226440163405069	0.2189328250501391
0.3326641757852688	-0.14226417044602915	0.21893303455064092
0.3326661812615117	-0.14226399077831495	0.21893344482844276
0.3326636705624003	-0.14226395031804173	0.21893303412167572
0.3326655291091417	-0.14226481462172724	0.21893331210565384
0.3326640528872407	-0.14226445260959908	0.21893298527560157
0.3326653137698549	-0.14226437936714498	0.21893286713023435
0.33266430093735844	-0.1422645609462312	0.21893279424426168
0.33266499226460333	-0.14226423928521814	0.2189328668563249
0.332664361889538	-0.14226362865661255	0.21893310673410044
0.3326641757852688	-0.14226417044602915	0.21893303455064092
0.33266531376985503	-0.1422643793671451	0.2189328671302344
0.33266418896285277	-0.14226381001384264	0.21893275406032944
0.33266530690774254	-0.14226444326863152	0.218932863146747
0.3326647992976046	-0.14226484497674036	0.21893279069007837
0.3326644391380613	-0.14226356581009073	0.21893314014194282
0.33266499226460333	-0.14226423928521803	0.21893286685632488
0.33266384980526026	-0.14226347242933682	0.21893310232217722
0.332664487042123	-0.14226401915634052	0.21893286642720863
0.33266499226460333	-0.14226423928521803	0.21893286685632488
0.3326644978314169	-0.1422642805614993	0.21893251390787172
0.3326641689237905	-0.14226423434676516	0.21893303056765506
0.33266584375206065	-0.14226501860638202	0.21893330839709935
0.3326641803370382	-0.1422641891881624	0.21893301578182742
0.33266473076483494	-0.1422647481993739	0.2189328137506859
0.33266429407551984	-0.14226462484695482	0.21893279026106768
0.33266418882707743	-0.14226510451508767	0.2189323924506154
0.33266417803835857	-0.14226484310942508	0.21893274496949325
0.3326643074616864	-0.14226386812801162	0.21893308734596245
0.33266509765026664	-0.14226440601395401	0.2189329081809946
0.33266381336592266	-0.1422645383220793	0.21893244528047434
0.33266430093735844	-0.1422645609462312	0.21893279424426165
0.33266498540262013	-0.14226430318640776	0.21893286287291225
0.33266512766477546	-0.14226492115775885	0.21893279494730664
0.332663945043472	-0.14226423600446314	0.2189324980752707
