0.3343435367296735	-0.14009703129412482	0.2189212350604739
0.3343435367296735	-0.14009703129412482	0.2189212350604739
0.3348279803885372	-0.13963734461105842	0.2188988757974318
0.33517477722716144	-0.13901390233769045	0.2188931543018061
0.33538723533977494	-0.13835030952284827	0.2189074674962563
0.3356317160175742	-0.13772013404254274	0.21892963123803705
0.33585498160050353	-0.1370759307515821	0.21898680829612704
0.33603373731956726	-0.13643671245758127	0.21907280785183925
0.33616455988739846	-0.13588627491224486	0.2191495988695445
0.3364561401601606	-0.1348236652202423	0.21922844502543765
0.33670045142284655	-0.13417169518555655	0.21926795625333664
0.33717161668138723	-0.13320613171331086	0.219334404245069
0.3376066860633425	-0.13258104423796863	0.21938328585834985
0.3378346243704974	-0.13222436157174716	0.21941319602260828
0.3382082682830626	-0.13126061298498132	0.21949384009773443
0.3383774333071139	-0.13084931065412053	0.2195248376324462
0.33891544319735945	-0.1297351633724062	0.21959700867448967
0.3394522903277692	-0.1288919213560062	0.21966681027508073
0.33993911007806366	-0.12832465614323918	0.2197099368155313
0.3404207611952926	-0.12775757764060602	0.21975539542265016
0.34074853497002705	-0.1271796723747975	0.21979784721185444
0.34135785601300916	-0.12616439340906938	0.21986220923866162
0.34174789739164657	-0.12562690659354658	0.2198964282628097
0.34214758158445163	-0.12523912141083154	0.21992031901843445
0.3426986645425879	-0.12482548671336173	0.21992975986109542
0.3435412452859099	-0.12408388357619467	0.21993271981313428
0.34401149786927765	-0.12366804504072741	0.21993110419453918
0.34437997212784904	-0.12346124839896956	0.21992195458233077
0.3452381773240742	-0.12306781796130901	0.2198871199839026
0.34586506456005184	-0.12285489914857521	0.21983339831446475
0.3463139304553102	-0.12272856009616616	0.219606868336932
0.34680989192164735	-0.12266060277562273	0.2192001834585552
0.34703381175882136	-0.12272520778912248	0.21896946359411185
0.3473667495722931	-0.1230424106916544	0.21848865180126217
0.3475550090106322	-0.12346500970335665	0.2180625491678364
0.3476865820433078	-0.12386352082941333	0.21759689999336732
0.3480035788264256	-0.12414187683919715	0.21713499958214558
0.3483288426066245	-0.12443696715249668	0.21664652453144578
0.34867573647485517	-0.12480814591644142	0.21616535843597579
0.34897770654568	-0.12563370257671752	0.2154917900254541
0.34923784907615407	-0.12660450595477418	0.2147385323159814
0.3495318507774867	-0.1276427262939404	0.2140159997760713
0.349778468226321	-0.12885137038817362	0.21316050948888818
0.3500442293807252	-0.13000899092083812	0.21239249765486867
0.3501962457228287	-0.13082710280106924	0.21187871835733926
0.3504818769982318	-0.1326905307303295	0.2107129680606316
0.3508361866796743	-0.13489614659774363	0.20941977617204394
0.35091401757925006	-0.13595532594124837	0.20877299924193476
0.3511087251825306	-0.13763811733031112	0.20780335590144966
0.3513987296653152	-0.14024543312979604	0.20637231125878885
0.3516212615083893	-0.1431720180803815	0.20479634073462083
0.351799686770383	-0.1454997005435077	0.20354836062436002
0.3520096748071796	-0.1480512110440515	0.20224449214640558
0.35210556185119507	-0.14971300881844046	0.2013785292744547
0.3522839152751169	-0.1533859531685018	0.19954812062063604
0.3524307379932251	-0.15676970734645113	0.1979381933523836
0.3526150565661538	-0.16145524947744636	0.1958566556879126
0.3526776845851693	-0.16386100851174784	0.1948006557606809
0.3528281197605432	-0.16926398227715778	0.19251379578768374
0.35289928249153346	-0.17167750864412162	0.19150600736346945
0.3529965154462299	-0.1778862288478676	0.1889803315642649
0.3530940823719239	-0.18263284285587222	0.18707854942673846
0.3531985788395634	-0.19031957807367728	0.18406402206940242
0.35324556062836615	-0.19582203096707707	0.1819311794405829
0.3532943703759676	-0.1996140142917	0.18047959708391503
0.353309551035097	-0.20446580148344368	0.17859447223766373
0.353333985139759	-0.21250323831225298	0.1755409806065378
0.35338443060648	-0.2185127060461175	0.17329149045125905
0.3533217875683599	-0.22790175047578176	0.16975878974265435
0.3532177684704172	-0.234690021621499	0.1671643227379448
0.35321711274388895	-0.2391112427563109	0.1655106064547138
0.35322664963607536	-0.245635077995967	0.1630615802105993
0.3532446443144013	-0.25204684012626954	0.16066797649023368
0.3532583574581737	-0.25936695029735224	0.15793072439998707
0.3531248449924755	-0.26621552360019046	0.15530900793864205
0.352952349754443	-0.2749630612038336	0.15191322662260887
0.3528305474674489	-0.2813026830220218	0.1494049502692693
0.3525745841425147	-0.28952315542025453	0.14609159011591044
0.3524648308789541	-0.2951838570161476	0.14374128399025088
0.3524638019565127	-0.298450860859894	0.14231572852756974
0.35222434597886076	-0.30623869934543313	0.13898141989329982
0.35211147397448433	-0.313162987000098	0.13606322815388078
0.3521096701737322	-0.3172781521519453	0.13414848012019004
0.3521286487748902	-0.321915250123135	0.1319148913729214
0.35220193045138154	-0.3288863185610854	0.12849310072750697
0.35239949676854915	-0.33332839731933567	0.12636891515500637
0.35265483581988777	-0.33653461864126843	0.12488176179086147
0.3530610986647277	-0.342593290407988	0.12195348515989252
0.3534188965294497	-0.34874481106554317	0.1186857230794412
0.3536422970496691	-0.35271360408684527	0.11645702709964706
0.35376329503937587	-0.35555213642675537	0.11478034806780524
0.3539529776283554	-0.36040064215651263	0.11180133599220216
0.3540726301578983	-0.36448967318452813	0.10917257610636577
0.35443261496459355	-0.37045275142420425	0.10545804570770356
0.3548447910486945	-0.3744208816543495	0.10315452185297358
0.3552485023610298	-0.3785657044191159	0.10073513010885149
0.3554336800673234	-0.38041377207391314	0.09960469976871739
0.3559603239543055	-0.38657957433773	0.09584696908373819
0.35625783928140475	-0.3912204157198046	0.09296470959562014
0.35651117352446193	-0.3951739667011864	0.09051605838159854
0.35664624163162906	-0.3979065053290218	0.0887328656920236
0.3566770189248981	-0.4012493851148794	0.0864799097496659
0.3567416344272781	-0.40785895996259575	0.08207663576861329
0.3565982072185342	-0.4113186595179526	0.07971380987354221
0.3564185427160682	-0.4148891265749599	0.07727865383443266
0.3563759995739013	-0.41685240067339197	0.07583910011240519
0.35623396774175786	-0.4203464181698761	0.0730903183464614
0.35609430077119364	-0.42353084075718356	0.07032815722600233
0.35595944450136785	-0.42678742348018833	0.06710536475902723
0.3558900796861627	-0.4284733641186195	0.0650912049060608
0.35588283993814945	-0.43011081548116126	0.06281395643997179
0.3558243660474646	-0.43113826465440963	0.060807479729965475
0.3558143563715409	-0.43180840169577805	0.058934153463699956
0.35586520528661725	-0.432044078923802	0.057835542786284444
0.35594954998567635	-0.43261499820158844	0.0544786462356423
0.35598496507870814	-0.4328267465192268	0.05321765297199288
0.35610659517121324	-0.4332646129522665	0.0508430968912999
0.3561583314267511	-0.43356098399790777	0.0491718022551863
0.3562197762166529	-0.43379588927890544	0.04794560871692349
0.35630248785056096	-0.4341895125401789	0.045486766393905975
0.35638115457672925	-0.4344781271257224	0.043669420090901634
0.35648714362169726	-0.434805786675879	0.04197573566843349
0.3565744687440753	-0.43515470248075866	0.04006603886154775
0.3566191372106249	-0.4354388042835634	0.03816347521701935
0.35674376242958256	-0.4358448463090121	0.03601021187514181
0.35684554277935365	-0.4361071571193334	0.034437224639089103
0.35684363520920304	-0.43641474427743526	0.03275447901390821
0.3568715644573806	-0.43669821735449715	0.031048826420442988
0.35696888769496826	-0.4371365371754799	0.028632347964966387
0.3569855114661346	-0.4373736863502471	0.027138488778509773
0.3569877042691063	-0.43759264231463085	0.02551520943003016
0.35698751468669004	-0.4379083290958943	0.02397610542287526
0.3570211054797737	-0.43820188441051683	0.02258834473325544
0.356950859458704	-0.438466530570089	0.020765066426645273
0.35696606962698635	-0.4388271162797043	0.01882435845860586
0.3569322752520789	-0.43905281063553037	0.017396357358765158
0.356847355968082	-0.43922126833656316	0.01600030368520644
0.3568096310632031	-0.439548235544385	0.014429377893287187
0.3567207996022841	-0.43986788253595505	0.012642855517815466
0.3566118395038358	-0.44005805377792206	0.011281375430177987
0.35655721520278716	-0.44022128428970536	0.010334161835371614
0.3564081542904398	-0.4405895088309323	0.008479892842053693
0.3562258142097965	-0.4408495508844953	0.006442587185972404
0.35622208877649375	-0.44107587426360084	0.005647977754605793
0.3562652787457891	-0.4413735692363779	0.003960093962752709
0.3562293411395349	-0.44160920228636014	0.0028198677277153084
0.35615535551448	-0.44181437961901104	0.0017387699400981393
0.3560807574249666	-0.4420027445543893	0.0006313553604606614
0.3558894615520351	-0.44234221448472166	-0.0012012259637067535
0.3558589188807371	-0.4425488970050062	-0.002274274884281613
0.3558610466098595	-0.4427774383320002	-0.0033225569373068198
0.3558040284727221	-0.442931966313344	-0.003861299190674017
0.35578556960620245	-0.4431866087954424	-0.005159024652143185
0.3555942153644388	-0.44349635521749536	-0.0066681022228711195
0.35555213112626244	-0.44362218753220095	-0.007184054167013898
0.3554904849180534	-0.4438216738683369	-0.008105117400605433
0.35531130613197315	-0.44410207095491566	-0.009190070947661333
0.3552086285359894	-0.4442775323759802	-0.010005422897497951
0.3551796512821147	-0.44460293820712704	-0.011056392316452446
0.35497739959332064	-0.4448112872587294	-0.011906779790352762
0.3549453272463081	-0.4449440001754373	-0.012318726703185012
0.3548954604515543	-0.4451553185719544	-0.013099384364357203
0.3548409294286283	-0.4453590168893316	-0.013610307303121905
0.35472812494687733	-0.4455170521146913	-0.014215286829415585
0.3546734975853069	-0.4457824698870821	-0.014715306079684243
0.3546684034238016	-0.4459939487806752	-0.01517753010177808
0.35465356761016165	-0.4462291173499524	-0.01575728246330249
0.3546682157005286	-0.446460733398858	-0.016042574169689905
0.35465676830597304	-0.4465836341295585	-0.01621741012312289
0.35478046464362095	-0.4468205633821502	-0.01649686886581664
0.3549918805172876	-0.4471435389686647	-0.016614105925772837
0.3553404814288156	-0.4473555970775591	-0.016561456076010728
0.35579381880788075	-0.44754653213153583	-0.016463869310624824
0.3561611625168039	-0.4477684822561617	-0.01637970307832698
0.35654855697344023	-0.4479958992292341	-0.01624315251149988
0.35680475829827923	-0.44820313579771176	-0.01619745902498304
0.3570084104788532	-0.44838340752528466	-0.016174329376485663
0.3571132174677286	-0.44855278789901176	-0.016198652799827573
0.35717035253935003	-0.44872164856678787	-0.016252879368049145
0.35748958812835785	-0.44899971704078967	-0.016196641401741152
0.357721599188463	-0.4492602310900391	-0.016199116060895247
0.35783213287571625	-0.4495729154263749	-0.016311026358145464
0.35783103855453097	-0.44970282981780796	-0.016394033061671087
0.3580081680572061	-0.4499626542858538	-0.016479891374380495
0.3581655208218233	-0.4503231361521124	-0.01655740584113813
0.3582688013484717	-0.4510157399549082	-0.01669927864267995
0.35831348017808423	-0.45114634349196614	-0.016774977726739637
0.35829926716770494	-0.45158887984278245	-0.016915357678932985
0.35830099660719206	-0.4519346188260055	-0.017047262797181606
0.35833555229072833	-0.45215844211500444	-0.017130157015956105
0.3585015067065657	-0.4527091676135811	-0.01740246422257885
0.35853445780644827	-0.4529694004065734	-0.017495822887480972
0.358640436345199	-0.45342802255889325	-0.0176694695768696
0.35867067063363933	-0.4536880927351014	-0.01773826262187833
0.35852602846523074	-0.45415660800691915	-0.01807644954041626
0.35842344942052895	-0.454636000241274	-0.018358308244481536
0.3584179344525016	-0.455025713210057	-0.01853248043438671
0.35843814607768626	-0.4552104352631979	-0.01860157651305966
0.3584067083590023	-0.45566422151815944	-0.01885295818004673
0.3584016920484069	-0.4559094646872768	-0.019011679274590965
0.35844164324377437	-0.4564177790543325	-0.01929496602900177
0.3584347857239025	-0.4567748352021943	-0.019475568526141074
0.3584022602068194	-0.4570020878732818	-0.01959279744749376
0.3582510436138222	-0.45762652346827687	-0.019869111261074324
0.3582205797329492	-0.4580744466355419	-0.020057167930978448
0.3581966614134875	-0.4585775909059602	-0.020306025374556058
0.35817250541705004	-0.45884753556615043	-0.02042553240395334
0.3581035558882458	-0.4592780829492781	-0.020736212131536258
0.35807731430860124	-0.4596157865057945	-0.0209336116480055
0.35803430351824617	-0.459987524976105	-0.021102981762895046
0.35801459981067363	-0.4602766580071736	-0.02128633348889003
0.3579649337559013	-0.46055563119852405	-0.02147822892692819
0.35789500992709883	-0.46084586367045	-0.021683366215832445
0.35790262623044244	-0.46114405369199024	-0.02182002186999621
0.3578239985416968	-0.4615318893310825	-0.02199856816178075
0.35771297328336993	-0.4620724669184948	-0.022228606714805033
0.35771420048137426	-0.46227052882437664	-0.022370653192137713
0.35770136130730096	-0.4624744102707164	-0.022546608124430934
0.3576927302228438	-0.4626108225481108	-0.02264044589905634
0.3577098031259822	-0.46295794532483875	-0.022777362528166423
0.357699887727757	-0.46318504775713326	-0.022900816404747393
0.35743270447184555	-0.4638542957849889	-0.022861355232613956
0.35716014771667715	-0.4644290210355501	-0.02283625134305778
0.3569091118995589	-0.4649468653191654	-0.0228038293632864
0.35664480382192093	-0.4657220092166309	-0.022668817944488384
0.3564990851968611	-0.4662221133600668	-0.022562620660383892
0.35627106884477133	-0.46684379585104746	-0.0224616599137743
0.3561080274856695	-0.4672249390462212	-0.02238663733255425
0.3558785896293565	-0.46753241736294904	-0.02233307655986294
0.3556066400922544	-0.4678952639870202	-0.02227867130475847
0.3557266721067458	-0.46838507249862554	-0.021959640922422585
0.3558489551126424	-0.46854201834624654	-0.021803807632419292
0.35597822105730764	-0.4687355575338884	-0.021602413895331463
0.3558434419150096	-0.4686938363644907	-0.021615596217361033
0.3557831209762373	-0.46856693386606835	-0.021422957076924487
0.35607356017628733	-0.46861979382360563	-0.02038766497080713
0.3562701547241415	-0.4687583909452408	-0.019452254978697847
0.35670397287461075	-0.46887947519967677	-0.01735161733294155
0.3572640046173315	-0.4691313402325737	-0.013714994309167061
0.3576793471955225	-0.4693121508623053	-0.010462106540280958
0.3580741205233418	-0.4694816892399091	-0.006528058105872703
0.35838986721197436	-0.46947234187147524	-0.0010270091756010569
0.35844554644511506	-0.46960298881809465	0.0024380605765565444
0.358287554865238	-0.46983787923454334	0.006807717561810367
0.3578287713187002	-0.47022819945810734	0.011524279180741004
0.3571287116243954	-0.47074371362813944	0.016183615385135464
0.355108001120182	-0.471913510908072	0.025406235486018447
0.3537298404121667	-0.47261216081482843	0.030579819272538278
0.3528198484314702	-0.4730830434254944	0.034073118839895555
0.3509990914290383	-0.4745009609462139	0.042105283724436005
0.34982761292470194	-0.47547423237689457	0.047583145283963124
0.34836945749069265	-0.47650039594523785	0.05421973797250795
0.34688865968653837	-0.47775660695138916	0.06311507620176993
0.34604082157557825	-0.4785510734354337	0.07035136939243414
0.345408221959295	-0.4792290099723493	0.077538473085144
0.3449419910711896	-0.47956190188476416	0.08385915934524596
0.3447171577582887	-0.4798058546278448	0.08911213237721471
0.3445459972784276	-0.4798375510256269	0.09938350871920199
0.34465359944298823	-0.4795861896159198	0.10631226374754371
0.3448217089632673	-0.47911078542243024	0.11638262078319983
0.3449340007325928	-0.47881007919324303	0.12345320578587493
0.34501280973218185	-0.47863977229741306	0.12743715711876685
0.3451844713733844	-0.4782035804843263	0.13798640770212955
0.34529795507865696	-0.47800513248718013	0.14303997773907656
0.34547258427152716	-0.477723360262728	0.15136210480116014
0.3456591508889988	-0.4773422286645882	0.16082043326948697
0.3457916357206503	-0.4771505865369004	0.16613518231043622
0.3458762043919557	-0.476993256077227	0.16970320049020143
0.34606826155738635	-0.47674357110364873	0.17789171016866456
0.3461940634048496	-0.47652440571275023	0.18347783903604004
0.346468107020551	-0.4762395118543083	0.190964297356578
0.34650868249582095	-0.47620214332251587	0.19357804078646793
0.34667324075100003	-0.47598155012055815	0.1989509023585545
0.34680264655464227	-0.47585228118950146	0.20291666020401242
0.3468738062054624	-0.47578800263172955	0.20632845498258273
0.3470872128370378	-0.47529885615739376	0.2107386210363475
0.3471134738214422	-0.4743684118485232	0.2133947553530436
0.34720138110929466	-0.4734797735063341	0.21512406947205737
0.34715737238964617	-0.4703064696316034	0.2190671035858409
0.347142258207187	-0.4676749054485549	0.22134769292635378
0.34722447487440333	-0.4628682765734581	0.22480843769895908
0.34737692030928935	-0.4587225596502901	0.22732722717459497
0.34729703836812936	-0.4543476733966321	0.22969387767288046
0.3471319279472636	-0.4506189761641004	0.23137506554936266
0.3469148547477637	-0.44609316669736115	0.233356939313648
0.34672422933358527	-0.44145423789272414	0.2349442221638544
0.3462659744663039	-0.43437586079802754	0.23731074505207359
0.34574038281284614	-0.42949790335562593	0.23884328208865624
0.34538215845181996	-0.42481492250505276	0.2399449675634124
0.3449450272333222	-0.4191512972620064	0.24101065150611203
0.34457619526467403	-0.41456776227809566	0.24172719347758004
0.34409668104401797	-0.40949157510093936	0.24237678581793132
0.34340080818870367	-0.40191571526609093	0.242956443966088
0.3430985446857832	-0.39886092421779284	0.24308150940519035
0.3422280444498803	-0.39052974987455613	0.24294307998430856
0.34168166308829934	-0.38511269657066877	0.2426971081640356
0.3411294852272489	-0.37946227967140134	0.24217035413493562
0.34085898393773084	-0.37626347234925483	0.2418790097532549
0.3400239637565574	-0.3653923208201819	0.24066083286351855
0.3396869905897706	-0.3615879596138513	0.24004324496492369
0.3391339658760704	-0.3551603069017278	0.2388811314059909
0.3385986987615753	-0.34838239099106444	0.23765089491653776
0.3379657732031385	-0.33894899650279325	0.23595364823173864
0.3376996142237241	-0.33452737486923717	0.23516032984678792
0.337068193152581	-0.3230761835531368	0.23318317702159364
0.336712051458411	-0.31526037850117017	0.2318734415040588
0.3361299350524541	-0.30356486145624123	0.2299642894473384
0.335887137825302	-0.29569227311817275	0.22884907048231393
0.3356460039138071	-0.2879748675700582	0.22777132293089353
0.3354890848966632	-0.2827187937992176	0.227098971534129
0.3350668430654753	-0.26592055357913563	0.2253593322540715
0.3349807204801615	-0.26082552773701234	0.225026961499445
0.3348070248557449	-0.2481164108361319	0.22460015976958853
0.3347154940320127	-0.2421249121520629	0.22458048316617113
0.3346203217117852	-0.23208568589778883	0.22502626552630894
0.3345585461873653	-0.22332265532380274	0.22550235165511315
0.33441333070793844	-0.2066054570943872	0.22643877373912155
0.33436449472716284	-0.20110041880175633	0.22677432148300958
0.3343141295593708	-0.19201685925198092	0.2271512676615817
0.33423519097279075	-0.1846029699385574	0.22750564058012024
0.3341705223805601	-0.17446633827214686	0.2279215474200201
0.33414296263612886	-0.16740185622806159	0.2281356685747038
0.33408694612853823	-0.15701255621611754	0.22857765035941383
0.3340416935425335	-0.15013770098066986	0.22878615674566993
0.3340304005176871	-0.14420293115012572	0.2289852365171934
0.3340224712183759	-0.1406271109864983	0.22907136175143228
0.33404396035317824	-0.1324903724814382	0.2293165170607468
0.334110767694255	-0.12588745307930171	0.22963541546037008
0.3341223887058596	-0.12187223321675575	0.22979283977275639
0.334216213324908	-0.11817149304682995	0.22978355313918408
0.3342240175074255	-0.11610711337347954	0.22988330196914128
0.33432688479552203	-0.11270310244428293	0.2299908966989016
0.33442223737229015	-0.11122431052456015	0.23005551410321348
0.33463716078033207	-0.10833876481363434	0.23037736017651428
0.33477828538038734	-0.10750292964992518	0.23057572371106738
0.33489842976767925	-0.10707262800997823	0.2307377510421118
0.33513498504426087	-0.10625372299433834	0.23098672990522956
0.33531047422283883	-0.10555595702500468	0.23123552148678608
0.3355266206582962	-0.10479267223824996	0.23150700600539997
0.33563893588972205	-0.10448026862924147	0.2315981200129976
0.33576704880065866	-0.103753040815779	0.23182808355769016
0.33590088657593	-0.1032847397345475	0.23199653855127475
0.33601772310683375	-0.10283002713208013	0.23213797924534613
0.3360591505218437	-0.10262015092804187	0.23224848053128372
0.3362452218882655	-0.10188452640638256	0.23275502185347213
0.33637376516271283	-0.10145886862264909	0.23308442406225158
0.33655347360778715	-0.10124205452802736	0.23339228285452424
0.3367151830129876	-0.10111374006372627	0.23360778601867727
0.3369348233827626	-0.10094752119491603	0.23390033403757915
0.3372486958703472	-0.10071315150256842	0.23431189503745772
0.33744912111307834	-0.10052526394743545	0.23463242233523834
0.337648900660994	-0.10032685705798157	0.23496297924081594
0.33799026346075606	-0.10020771408302782	0.23519996715739705
0.3382442502829249	-0.100206733796696	0.23524026093866665
0.33845579946390086	-0.10020415919003726	0.23527440097870184
0.3386399517818749	-0.10019610482125345	0.23530796786253338
0.33886539231142876	-0.10007182748068573	0.23537577794264306
0.33915990848154276	-0.09966537864746618	0.23552807974256504
0.33937895823669695	-0.09940289062150047	0.23562931555405
0.3395980376993891	-0.09931235765988501	0.235686153707931
0.3397220531192952	-0.09930501818061059	0.23570560606015634
0.3399815368702666	-0.09930031950090622	0.2357306034999929
0.3401043499972859	-0.09907764479222765	0.2357902541357465
0.3402547279387954	-0.09864419806214127	0.23594046360483517
0.3403086589704627	-0.0984798187545327	0.23599661804225344
0.34041690228009375	-0.09839798688455222	0.23602196956045177
0.3405964784642913	-0.09842176320212757	0.23601967162617177
0.34077908683521047	-0.09845205894319282	0.23601463330871253
0.34089952963912346	-0.09840187971696791	0.2360384113938107
0.34104529942513767	-0.09799327246842594	0.2361953074993381
0.34113335720343596	-0.09774539082425397	0.2362932910454976
0.3413616293579097	-0.09773779126256464	0.23630794668997016
0.3414729982415217	-0.097756580881236	0.2363053869695772
0.34161504640445745	-0.09778138310760694	0.23630086756655638
0.34167604143627867	-0.09768926809205465	0.2363407809037404
0.34181032735239086	-0.09730272377079287	0.23649039395630037
0.34185875918945513	-0.0971849069247354	0.23653640334029064
0.34192987298492167	-0.0971900285857175	0.23653669316015746
0.34216174302782565	-0.09722467176927134	0.23653339086062483
0.3422423904466287	-0.09722424394970668	0.23653767859284036
0.34236797000820507	-0.09686695377483374	0.23667451650400637
0.3424466749600298	-0.09663976075985688	0.23676320235509102
0.3424534033669396	-0.09662091722899861	0.23677112996544314
0.3426314109139846	-0.0966394920956841	0.23677199524621004
0.3428793513212603	-0.09667358925477239	0.2367791334564177
0.34299799248761115	-0.09660389080602512	0.2369038641424631
0.3431179766873229	-0.09634075683164404	0.23705784339988303
0.3431597823130217	-0.09544872969672465	0.2371453125684027
0.34321675975381577	-0.09445164979297917	0.2373524354036134
0.34326629247194573	-0.09334946269740697	0.23755925263700878
0.3433343670903033	-0.09258166435323935	0.23768114273993615
0.3435086994372334	-0.09054618559034279	0.23801965031625194
0.34355859032271197	-0.08978184036326041	0.23813482620206894
0.3436866872155687	-0.08836746771883668	0.23826535899456114
0.3437700285003715	-0.08706945353824429	0.23855261130270586
0.3439295131385618	-0.08507606299064553	0.23880283169241545
0.34405318839790955	-0.08272042736218661	0.23919908186092007
0.3441195803556822	-0.08195048893455771	0.23926658667066272
0.34424580468557503	-0.07984640426346533	0.23956736237735624
0.3443733741377001	-0.07815962099229688	0.23978704154787298
0.34450107737082497	-0.07642577279610475	0.2400209258187373
0.34469185046136097	-0.07354119448757317	0.240422555687303
0.34477595660972055	-0.07166578265935854	0.24069790107659217
0.344910428762017	-0.06941196156687195	0.24099395150506808
0.3450975580480974	-0.066760731529461	0.24128425459690228
0.3451540721647592	-0.06562788392598783	0.24149339538311743
0.34537815868813015	-0.06260720691854603	0.24187359950144824
0.3455771541132137	-0.059570857867731655	0.24232754134586185
0.34567732957427705	-0.05763297722836232	0.2426272815528761
0.34578261627794865	-0.05604487003152324	0.24283562841607303
0.3459528293147118	-0.05343299702230449	0.2431490031268337
0.34617561934489455	-0.05046246487596949	0.24352884700168506
0.34621577990162344	-0.04906198038205449	0.2437497980742148
0.34650466175765376	-0.045135614770312624	0.24429179501623244
0.3466430184142835	-0.04260750429708092	0.24467736161184506
0.3467815656707878	-0.04037074264796249	0.24493023408257789
0.3469281955893973	-0.03803663759377189	0.24527275531067086
0.34703756592980894	-0.036633022475353674	0.24541708266801585
0.34724276127123843	-0.03300032350202843	0.2459646705780149
0.34734695101148594	-0.03151563278902121	0.24609560913712003
0.3475227780052019	-0.028398443869850007	0.24655831040803367
0.34761633377750706	-0.027206344027982096	0.24667177682804967
0.3477529481684112	-0.025046063107329528	0.24697443727876947
0.34785681148514536	-0.0228815608196921	0.2472954508617465
0.3480683663069502	-0.020159745495681267	0.24755437908106354
0.34822369070343	-0.01737494043532363	0.24798946571554256
0.34835152190512403	-0.015611905915087751	0.24816670502256824
0.3484969868406988	-0.013664276564199343	0.24838620045720639
0.34854729982558597	-0.012025154628252169	0.24868178909207878
0.3486222327782743	-0.01098300382996202	0.2488161249324204
0.34886029374593314	-0.008036258414158517	0.24906852802307883
0.3489237735495401	-0.006950626100818494	0.2492068560323424
0.34902511018888843	-0.004845347129116204	0.249537871326817
0.3490832905769986	-0.003511635411885164	0.24969836982846916
0.34919926594081546	-0.002207534047428586	0.24982879116017137
0.3492260108721355	-0.001489003688220067	0.24985832777369005
0.34939684656553494	0.0003083974578691334	0.2500340685540804
0.34949490318526627	0.0013001492237345175	0.25007397475134324
0.3496009016578317	0.0020797813921821923	0.24997856164034205
0.349728802027208	0.002716169135439414	0.24988323938487095
0.3498640986913352	0.003230458976838671	0.24980555064686177
0.35004386153737777	0.003604716217236084	0.2497666323785115
0.35012792510910107	0.004046241948401488	0.24973484598422532
0.3501355565258029	0.004094986909824586	0.24973811438280877
0.3501366511540346	0.004108876752498533	0.2497457908106623
0.3501357102608702	0.004108568316402453	0.24974457248619308
0.35013353456573465	0.004106551940985789	0.24974542793259322
0.35013282433883164	0.00410411222269981	0.2497443150186254
0.3501305065555884	0.00410205077131108	0.2497469011552023
0.3501305667562611	0.004098588089921237	0.24974627431299232
0.35012997430632675	0.0040954303957759924	0.24974587966989958
0.3501301021711423	0.0040919780385795385	0.2497446657706118
0.3501302039448071	0.004089874507954186	0.24974465352443287
0.35012989000245376	0.0040857020090390855	0.24974392297167994
0.35013031781540943	0.0040817710414750435	0.24974117293381892
0.35013177702148746	0.004076570622310635	0.249737932834313
0.3501313891875179	0.004075072168749597	0.24973673561016
0.3501323332580644	0.004072987976388817	0.2497354238339135
0.3501332079325046	0.004071618809150038	0.24973449355604638
0.35013412785908016	0.004070321295472232	0.249732795161599
0.3501354683981762	0.004068470413988126	0.24973180094624609
0.35013522072737396	0.004067869628447754	0.24973067017567024
0.35013556387097433	0.004068160938641083	0.24973003924783432
0.35013556387097433	0.004068160938641055	0.2497300392478343
0.35013624068907995	0.004067484887644482	0.24972950463834132
0.3501368753354831	0.004066876323090482	0.2497296436707651
0.3501371518160962	0.004066659872588987	0.24972890115818114
0.35013693496594994	0.004067572182713905	0.24972919499968385
0.350137196747253	0.00406618599669771	0.2497281449358934
0.350136974593273	0.004066935566749683	0.24972907959582288
0.35013718108478903	0.004066659889409088	0.2497287292606355
0.35013729247890696	0.004067461939009295	0.24972890821764887
0.35013769877970374	0.004066270940207631	0.24972839762217802
0.3501378138343376	0.0040670729919707466	0.2497285550917704
0.3501376274962298	0.004067245521962845	0.24972782190937015
0.35013860635673266	0.004066288219994205	0.2497285666270319
0.3501387124592237	0.004066288276948285	0.24972794349902053
0.35013507900815927	0.0040683631312099094	0.24974765337411708
0.3500986387933818	0.004085600342157061	0.249946925490029
0.3501006971842702	0.004091450889699519	0.24991669605387154
0.35010563752748586	0.004093033939725946	0.24988144794509248
0.3501136402836965	0.004091196536564104	0.2498381268067935
0.35011857748355796	0.004088288889029804	0.2498191289997018
0.35012228969943127	0.004085892072343736	0.2498000828116258
0.3501391907734118	0.004071497929925935	0.24975354181303416
0.35014369851359683	0.004069102927281895	0.249732800918812
0.3501750590095493	0.0040688839917281255	0.2495485703551063
0.35018522048936807	0.004068722803720906	0.24948335196165955
0.35018620547189844	0.004069002706222916	0.2494770870879822
0.3501859512077905	0.004069361045164935	0.24947277280353994
0.3501892520706322	0.004065769185766441	0.24946860260606585
0.3502117308257489	0.004044469670478071	0.24946356067042688
0.35021650598712517	0.004041296930552454	0.24946252338466102
0.3502435571616192	0.004097632332199522	0.24945631750122327
0.3502506021086149	0.004127794425931378	0.2494638632691608
0.3502562255308611	0.004178529215211016	0.24948582229177133
0.35025691265968645	0.004187787573594157	0.2494913629030085
0.35025379387852007	0.004207763765072023	0.24950640516597408
0.350251883781725	0.004212580930659529	0.24951066732914115
0.35022439657919113	0.004259943469536079	0.24953317449714021
0.3502215637534347	0.004261154571334677	0.24953746246907907
0.35021789038081685	0.004261604396452193	0.24954229626795044
0.3501946562021514	0.004280150336246388	0.24959911525723438
0.3501919184066117	0.004279535856428526	0.24960322819951347
0.3501919592802479	0.0042766386319860045	0.24960221930357107
0.3501885015480565	0.004277004825944605	0.24959798813812886
0.35010245658466754	0.00434241856750818	0.24921902112396432
0.3501242389685837	0.004324359691730298	0.24939313417456455
0.3501489445358967	0.004306768389143498	0.24947333617895226
0.35017549019218175	0.0042880695200863544	0.2495160132515277
0.35019840403581115	0.004262108618263913	0.24953948410607715
0.3502045548515077	0.004254311268837616	0.24954788803358308
0.35020335482242493	0.004252785605081202	0.2495673355068068
0.3501895595185818	0.004261553223802714	0.24960700860448126
0.3501908176581602	0.00425970437826402	0.2496063443630834
0.3501908752625497	0.004258802937356851	0.24960438742402105
0.3501918060367608	0.004257538901466754	0.2496031602167995
0.35019187512834904	0.004256666454365718	0.24960120395170543
0.3501924287838331	0.004256270655586522	0.2495996942555756
0.35019214270301263	0.00425523819881822	0.24959673719556832
0.3501923030383012	0.004255067277019395	0.24959623174716908
0.3501920788807517	0.004254773183947583	0.24959456963149673
0.35019140262960186	0.004254903898643678	0.24959383449315833
0.35019242894244057	0.004254451746871349	0.2495924022395693
0.35019275480949563	0.004254183646527229	0.24959132090971928
0.3501923415948029	0.0042543206858718235	0.2495909564967887
0.3501923046538713	0.004254089052672147	0.24959023203588804
0.35019279645027673	0.0042535023114840115	0.24958805872783224
0.3501923669169324	0.004253933761902903	0.24958797828539775
0.35019247899110634	0.004254076555383832	0.24958802163626873
0.35019275281129725	0.004253605658371115	0.24958704713452903
0.3501922657487026	0.004253687651864055	0.24958696363563532
0.3501926634817642	0.0042544144748735	0.24958578184579353
0.35019244278485173	0.0042543246949858365	0.2495850850913059
0.3501924457828361	0.004254265754949457	0.24958504746140162
0.35019354702474415	0.00425385873273508	0.24958425112588914
0.3501929942022377	0.004253899406342229	0.2495835780560612
0.3501937385928093	0.00425354222154152	0.24958301020508844
0.3501931970158302	0.0042536833991935336	0.2495832651111413
0.350163015771741	0.0042587320844152815	0.24959142328250836
0.3499814766732626	0.0040328840352795575	0.24990454804773365
0.34996374795765833	0.0035254780993198703	0.24995464363688705
0.3499848773069635	0.002934473350670222	0.2499941073500092
0.34994016986942067	0.0019821688514282815	0.2501121475196202
0.3498814468666774	0.0011617826849131402	0.2502437266051154
0.34979199329640503	0.00022790541171770207	0.25042074017055127
0.34975560485096335	-0.0007373514763479444	0.2506311501904632
0.34964078724934206	-0.0019452863983151908	0.2508822997798761
0.3494814373101097	-0.0035457482933374668	0.25123599038590066
0.34939566487897505	-0.004778650301775614	0.25149265988760705
0.349375435633244	-0.005615214943371902	0.25149922975079236
0.34936551072425853	-0.00733225749569251	0.25151941369117037
0.34934475622898925	-0.008956238930223084	0.2515800331720771
0.34932563488377877	-0.010533652221476078	0.25161456805430815
0.3493551608500455	-0.012419014153104743	0.2516085198197331
0.3493580905451066	-0.014758071822360427	0.2515708385308546
0.34934966051803473	-0.016625516179548397	0.25161661947568503
0.34930931893638234	-0.017534030790361213	0.25164274673945836
0.34933685428896666	-0.020028504092662838	0.25169105886501875
0.3493378603054449	-0.022134545506177952	0.25168535276412174
0.3493301299780431	-0.02416528477074327	0.2516908504670622
0.3493281187273397	-0.026810723104437176	0.2517971820728283
0.3493241624072321	-0.02899746018852968	0.25178176173232314
0.34933820002480664	-0.03024026808920817	0.2518179781930737
0.3493068974241014	-0.03289065508544291	0.2519212143492365
0.3493316422136267	-0.036207838383257876	0.2519215589420907
0.3493155742798262	-0.03810587614126036	0.2519982527904793
0.34930565340001674	-0.03940326238153903	0.2520236557418706
0.3492952890515231	-0.04256947201251669	0.2520384358667763
0.34933187832873874	-0.04457801439638752	0.25209500893414233
0.34931555701483313	-0.04774333557534097	0.2521616880407578
0.3493021696954995	-0.0490043257516692	0.25222402982679437
0.34934233851327723	-0.052062815840979895	0.25220543568513876
0.3493054100413632	-0.05326054076277907	0.2522818514328823
0.3493210863158304	-0.05544349304770181	0.2522898840717525
0.34931553616915384	-0.05835977644529723	0.2523596886490846
0.3493281944339783	-0.06151359275824182	0.25232398471857537
0.3493024265826359	-0.06388993511384465	0.2524226707864401
0.3493276482200107	-0.06607741352435177	0.2523873659136511
0.3493019214459632	-0.06735464799788794	0.25240612447316646
0.34931613857685395	-0.0694364178916869	0.2524622725251725
0.34926997231991264	-0.07313392396536163	0.2524990732172516
0.3493121904390407	-0.0745879431946407	0.2524681838326359
0.3492898952516112	-0.0773751233550788	0.2524893523227143
0.3492766602927702	-0.07874590318033341	0.2524467073457505
0.34924621266204436	-0.08150674084001543	0.25246778319305635
0.3492349058424546	-0.08333705091055112	0.2524233585747376
0.34922784776366417	-0.08461472142936925	0.25245324354981996
0.3491938361656453	-0.08726066904131032	0.25241988383664177
0.34920031153437797	-0.08843134214553129	0.2523881283254164
0.3491531112069042	-0.0908495535213907	0.2523647160140149
0.3491548892516732	-0.0930027439642548	0.25229908110020166
0.34914517868963135	-0.09391078028452067	0.2522693120405505
0.34909680308355007	-0.0960247412219772	0.25224272858488983
0.34911020640068025	-0.09690874038221976	0.2521916619253066
0.3490952123552293	-0.09929606276984675	0.25220383597019846
0.34909842167682364	-0.10003863069379808	0.25214242677416704
0.3490862271020405	-0.10164165981453722	0.2520929982191852
0.34906374199246853	-0.1024956490452837	0.25197652692969186
0.3490736061661958	-0.1036443934432602	0.25197716842844353
0.34916283566499845	-0.10549297187547309	0.25140894385750323
0.3490545938540875	-0.10654221484741754	0.25103708672207187
0.34897757572879634	-0.10777214722224814	0.25068451899125366
0.3490565348899912	-0.10949904070134421	0.2500549691388545
0.3490673382123717	-0.11058126024134902	0.24955738280125642
0.34904857249670823	-0.11186544398305505	0.24890405262796533
0.34911022074907927	-0.11366878396579223	0.24796032788600753
0.3491308500838619	-0.1149274972072679	0.24722904194969292
0.3491366868019816	-0.11561196650953802	0.24682148794056732
0.34915001348842767	-0.11740374435737645	0.24565113442235675
0.3491777994458556	-0.11815698313463892	0.24511508470371152
0.3491839302396315	-0.11920146673129385	0.24436217492746254
0.3491909423645446	-0.12133016068747164	0.24280039297629313
0.34908789454766465	-0.1222857392774357	0.24196319582625914
0.3489672079694225	-0.12318908571474559	0.24120731869517323
0.3488304730942146	-0.12411444052081837	0.2405826052557714
0.3487169786646679	-0.12465190589533955	0.24026883203396757
0.3483325270258885	-0.12570351317362066	0.2399335029045624
0.34802800315019733	-0.12615547066205207	0.23991618841189358
0.3476708484968085	-0.1264621311234398	0.24001354538126185
0.34716674126028685	-0.12661191899764546	0.24028203139085366
0.34676932144026906	-0.12666639105719923	0.24048104897718575
0.3458651742844736	-0.12650802486155494	0.2409785211833928
0.3446546366549631	-0.12594437529653457	0.24178858954693727
0.34353922060257025	-0.12538015140369657	0.24243358768389583
0.34268705947795625	-0.12488513615695353	0.2429258103008619
0.3403301167152455	-0.12368520090407016	0.24443876125969077
0.33952286065576215	-0.12329080307263977	0.24498849600943945
0.33723734856058646	-0.12212587078870173	0.2463492105025292
0.3353593144745396	-0.12119413305233538	0.24734063037592094
0.33365404293146805	-0.12044263218607527	0.2480214872162576
0.3318114259900869	-0.1197032219971219	0.24864393201355242
0.3301841891650162	-0.11907608741457429	0.24911866206924455
0.3291866587096632	-0.11869586333068338	0.24937874026945958
0.32707861280175377	-0.11811736334523089	0.24961410377539944
0.3252708641691691	-0.11772923800240477	0.249679540884232
0.3235043169129172	-0.11749846061380881	0.2495282869055532
0.3227289431933325	-0.1174319335750805	0.24939486665262778
0.32122523319931423	-0.1175274392229209	0.24894017503518104
0.3202609200151412	-0.1177852719665496	0.24843817858043224
0.31934861415736837	-0.11821325670178673	0.24768572137220624
0.3188633907967296	-0.11861996800022886	0.246994575811897
0.3185519146867126	-0.11924017046488117	0.24619365481952118
0.31849680465947905	-0.11998305962145799	0.2454367934971808
0.3186784557263857	-0.12064966636070795	0.24465694664560517
0.31903422413063093	-0.12126738334333047	0.2439515322406216
0.3197937478278459	-0.12249942460476983	0.24235045998869348
0.3202022589034556	-0.12307998724425087	0.24153126881139803
0.32050831400002755	-0.12341041558495594	0.24112812783493456
0.32107270378671426	-0.1240154390868575	0.24047410802480834
0.3215290466143051	-0.12455762923010756	0.23979372144657665
0.3220704559830246	-0.12529938200113744	0.23886231793363347
0.32239634504951364	-0.12578269538223275	0.23809805795132954
0.3226149611526351	-0.12614608221303633	0.2374057374471959
0.3227295596793369	-0.12635442440420164	0.2369751847503148
0.3228416231688947	-0.12651831496841498	0.23660941456761755
0.32311129887967716	-0.12676417434651344	0.23625958750511233
0.3235131295140727	-0.12719005350956053	0.23572981233140572
0.32379350120353895	-0.1274591351830516	0.23539817015698183
0.3240599535747987	-0.1277297095070018	0.23511789869404676
0.32429741018821906	-0.12797819681735023	0.23479352112338317
0.32458231009210853	-0.12824670829800397	0.23444467558866522
0.32472205287502154	-0.12839840636385508	0.23425881433172352
0.32510032636437697	-0.12886449636088154	0.23370194717500634
0.32538863554931086	-0.12913098479495988	0.2334086939306043
0.3256463838980842	-0.12938054932730725	0.23306259206660102
0.3258921793559798	-0.12963370746228725	0.23276154184578182
0.32608947405464955	-0.1298584116901269	0.23243698371133814
0.32635207773163216	-0.13021929122056713	0.23203290118636224
0.3265770585591096	-0.13053802045369278	0.23172225794105253
0.32669176368156394	-0.13071873337357773	0.23154234671329557
0.3269694329311093	-0.13117329213846304	0.2310759040882412
0.32708411233679224	-0.1313730622543977	0.2308688877290553
0.3272335617153719	-0.1316637184288027	0.23055555886529644
0.32749522397694647	-0.13208701951687396	0.23013337484738042
0.32767597154052674	-0.13242610523419657	0.22977613769086083
0.32791828592411054	-0.13282849708002287	0.2293626294834622
0.3279909489077229	-0.13295284061642382	0.22921458464537844
0.32827597513159185	-0.13314152826539433	0.22883617534635542
0.32849721965979084	-0.13325635047833106	0.2285729652579125
0.3287032675132628	-0.13350795708015506	0.22817528310750496
0.3288650115859164	-0.1337901115510824	0.22788733715223147
0.3289640492324287	-0.13396700278124304	0.22770602968230816
0.32913513480071727	-0.13424367713182495	0.2273545857615895
0.32937371428860485	-0.1343738382116162	0.22708043596476218
0.3296139386765248	-0.1346073928403385	0.22668309069597617
0.32971901162006184	-0.13483390160088554	0.2264208828111006
0.32980382097673827	-0.1349862534303541	0.22626844665947576
0.3300304865393191	-0.13539111222764638	0.2258556238410657
0.33027709368695934	-0.13559618910971616	0.22555770915105933
0.33045796292497354	-0.135761693705677	0.225312805080008
0.3305608170407235	-0.13601676683297026	0.22501779442577519
0.3306315276260071	-0.13617248600377532	0.2248557852476593
0.33076722379095025	-0.13646696167691313	0.22454425931591016
0.33091588849792736	-0.13673075655221892	0.22428346874513558
0.33120723179328515	-0.13698393713114765	0.2239353256019636
0.3312908818443064	-0.13710973476696497	0.22381054615560292
0.33142219854375915	-0.13743899828578146	0.22348999609909803
0.33150182312282545	-0.1376943195704926	0.22319836020348455
0.3316120560154881	-0.13795708861407643	0.22296102721855568
0.3315635209679632	-0.138086208138963	0.22268468648597023
0.33155892062733516	-0.13809630703271814	0.22253943798620532
0.33148920662363696	-0.13818994632033393	0.2223687796204761
0.3314459584977344	-0.1382219906314235	0.22228011882137047
0.3313355138091039	-0.1383041315359293	0.22204191984679747
0.33128681630611156	-0.13834124845058143	0.22193531606083686
0.3311922211492307	-0.13846801075644494	0.2217024311241752
0.3310698059557367	-0.1386253978714881	0.22146456721386978
0.3310179738008255	-0.1387554018692592	0.22129804015447774
0.33098585274447545	-0.13883251934312335	0.22119705984917848
0.3309346194022387	-0.13893385607644265	0.22105856120849038
0.3308038114736328	-0.13908133658971236	0.22081142849362057
0.33072304479951625	-0.13915323554412856	0.2206370445163143
0.33069414415351805	-0.13920103983897558	0.2205324039113855
0.3306481143331198	-0.13929841250952008	0.22038663907766115
0.3305625415075644	-0.13947947526687016	0.2201416238379236
0.3305114658480996	-0.1396495978431792	0.21993062493063642
0.3304696297284798	-0.1397513963123876	0.2197954638982717
0.33058903311549853	-0.1398233704540356	0.219770222976176
0.3307059271531226	-0.1398749677996851	0.21976655607517254
0.33075941158081495	-0.13991990922638137	0.21974991570889935
0.3309225802997225	-0.14007382579506078	0.21968850255731145
0.3311370476478789	-0.140284361259716	0.21960814499893372
0.3315769024993667	-0.14081123280250796	0.21943520373275094
0.33179066233436255	-0.14106957399043124	0.21935091107218457
0.3319941755432112	-0.14127361878784436	0.21927351676954832
0.3321821787310264	-0.14145529721144845	0.21920218550666312
0.33231430669293216	-0.1415806229574773	0.21915346066406496
0.33249088015159495	-0.14178138726388184	0.21908383809770665
0.33272031975705524	-0.14208609725251165	0.21899009888697948
0.3329454889858307	-0.142376461263994	0.2188989800987876
0.3331339697106896	-0.1425954054921222	0.21882481126966663
0.33316440865632513	-0.14262807127823518	0.21881331070735507
0.3331632044983631	-0.14262766194460202	0.21881394047481142
0.33316129002181577	-0.14262448397997757	0.21881523356405017
0.33315688480212297	-0.1426381183594122	0.21881560553021473
0.33314378398563715	-0.1427015570742018	0.21881387923569479
0.3331389432115863	-0.14270110794633736	0.21881558634699755
0.3331320929972467	-0.14269508434313305	0.21881825222719137
0.33312455011270314	-0.14268790783219343	0.21882140225155883
0.3331213599215199	-0.14268414999379203	0.2188233912545766
0.33311917392860235	-0.1426815780132768	0.21882438646123306
0.3331183268010873	-0.14268028968721025	0.21882468968758054
0.33311858147887846	-0.1426796002451799	0.21882532967625254
0.3331189776720744	-0.14267961539674684	0.21882564856911424
0.33311827222264406	-0.14267891665129345	0.2188253624630232
0.333118687057047	-0.14267876293199155	0.2188256920594313
0.3331190541866997	-0.14267853706824904	0.2188260067810841
0.33311987566057	-0.14267854828513266	0.2188258273705302
0.3331191121690328	-0.14267801175560293	0.21882604007459588
0.33312043445070433	-0.14267792771093105	0.2188262180277591
0.3331213455460301	-0.14267863701779762	0.21882595154008058
0.3331209590715055	-0.14267835807888624	0.21882592810305712
0.33312117933624513	-0.1426774946225472	0.2188260448576125
0.33312185486562457	-0.14267823302155158	0.21882584340399408
0.3331219061555301	-0.14267784675836814	0.2188263408377722
0.3331219917165	-0.14267783052122285	0.21882590038096664
0.33312210192513153	-0.14267763528519872	0.21882624141583493
0.3331222898779771	-0.14267796124728388	0.21882590067065333
0.3331224688931925	-0.1426777961786086	0.21882624177237198
0.3331222823579979	-0.14267833853139456	0.21882616992503368
0.3331229418460656	-0.1426789800130307	0.21882591911103746
0.3331225873048257	-0.1426787065323763	0.2188259258892816
0.3331231283819821	-0.14267843765928664	0.21882599095782326
0.33312257487858987	-0.14267881911828623	0.2188259187543652
0.33312292766416773	-0.14267898103373602	0.21882590896470783
0.3331225873048257	-0.1426787065323763	0.2188259258892816
0.3331229208957847	-0.14267895963471047	0.21882592707877047
0.3331235480557326	-0.1426788458753389	0.2188258313488598
0.3331231283819821	-0.14267843765928664	0.21882599095782326
0.3331232317669892	-0.14267972639696558	0.21882570660314582
0.3331229356327496	-0.1426790363062721	0.21882591554346503
0.3331229495008854	-0.14267904979581733	0.21882591026917675
0.3331238400030196	-0.14267903289626402	0.21882582807142448
0.3331232317669892	-0.14267972639696558	0.21882570660314582
0.33312295151284343	-0.14268050300475413	0.21882559983805588
0.3331232317669892	-0.14267972639696558	0.21882570660314582
0.333123218451394	-0.1426798470256212	0.2188256989575704
0.33312298833864823	-0.14267928362751264	0.2188257555779862
0.3331240147903263	-0.14268008600863005	0.2188255051212947
0.3331240014741092	-0.14268020663843903	0.21882549747536073
0.33312287102577187	-0.14267954320079035	0.21882541046354054
0.3331232317669892	-0.14267972639696558	0.21882570660314582
0.333123218451394	-0.1426798470256212	0.21882569895757042
0.33312334199060367	-0.14267956515211702	0.21882574828936927
0.33312334199060367	-0.14267956515211702	0.21882574828936927
0.33312334199060367	-0.14267956515211702	0.21882574828936927
0.33312306940307085	-0.1426803451562828	0.21882564336233512
0.3331233553057113	-0.14267944452319847	0.21882575593466314
0.33312334199060367	-0.14267956515211702	0.21882574828936927
0.33312351661206696	-0.14267997775387534	0.218825699247865
0.333124189411359	-0.14268049861066523	0.2188254560805875
0.3331240014741092	-0.14268020663843903	0.21882549747536073
0.3331238356938333	-0.14268049175642655	0.21882546346088466
0.3331238655050038	-0.1426806010991981	0.21882544100726897
0.33312353050883264	-0.14268018468707366	0.21882515964826377
0.3331241760944282	-0.1426806192407273	0.21882544843424162
0.33312334199060367	-0.14267956515211702	0.21882574828936927
0.3331240014741092	-0.14268020663843903	0.21882549747536073
0.333124189411359	-0.14268049861066523	0.2188254560805875
0.3331238779341165	-0.14268048851164958	0.21882544814384547
0.33312371500516047	-0.1426810395411331	0.21882538714287902
0.333123828669017	-0.1426803154160829	0.21882515993809631
0.3331238655050038	-0.1426806010991981	0.21882544100726892
0.333123698332916	-0.14268116181080376	0.21882537831239013
0.3331229319831263	-0.14268067992679262	0.21882558862501783
0.33312287102577187	-0.14267954320079035	0.21882541046354054
0.3331230555227634	-0.14268039805333976	0.21882563795603904
0.3331235180802106	-0.1426802972737924	0.21882515251197024
0.33312332956298163	-0.14267967773908002	0.21882574115365294
0.3331238655050038	-0.1426806010991981	0.21882544100726897
0.33312336389730124	-0.14268095236980566	0.21882510002192054
0.33312323161080204	-0.14268113017663991	0.21882504218017312
0.3331239890454516	-0.14268031922623298	0.21882549033904697
0.3331239890454516	-0.14268031922623298	0.21882549033904697
0.33312304309498303	-0.14268051064030263	0.21882563082059717
0.3331228827180002	-0.14268050683075256	0.21882530042036372
0.3331236901473466	-0.14268126471669412	0.21882537287069553
0.33312357903546913	-0.1426814340018409	0.21882533067583942
0.3331235180802106	-0.1426802972737924	0.21882515251197024
0.33312310806984474	-0.14268141204955515	0.21882499284938564
0.33312334199060367	-0.14267956515211702	0.21882574828936927
0.3331239813163946	-0.14268040730068338	0.21882547850380604
0.3331225845576303	-0.14268037610216655	0.21882530013062046
0.33312345310260905	-0.14267939586590545	0.21882579048628809
0.33312370257634444	-0.14268115212892699	0.2188253800068397
0.3331239890454516	-0.14268031922623298	0.21882549033904697
0.3331238655050038	-0.1426806010991981	0.21882544100726897
0.33312332956298163	-0.14267967773908002	0.21882574115365294
0.33312370257634444	-0.14268115212892699	0.2188253800068397
0.3331228322348597	-0.1426800409414462	0.21882535601506709
0.33312379308022094	-0.14268059415222634	0.21882543064688753
0.3331236926997866	-0.14268070987630777	0.21882510347011602
0.33312332956298163	-0.14267967773908002	0.21882574115365294
