0.33635073115593506	-0.13681726037996073	0.22094709534589405
0.33635073115593506	-0.13681726037996073	0.22094709534589405
0.33665716528618517	-0.13642663013930345	0.22095344175396098
0.3370594483289606	-0.13610251349750557	0.2209340277389071
0.337454923651489	-0.13573430492085137	0.2209243611786062
0.33772912069764477	-0.13542788781035892	0.22092902772925999
0.33828352782650395	-0.13478778196012015	0.22094456385121544
0.338678935061493	-0.13416142898157124	0.22094364532588712
0.338931385778888	-0.13359495094935608	0.22095809704854757
0.33924732653908196	-0.13302535919364733	0.22097240143721147
0.33964637189682023	-0.1325203685087401	0.2209912828138211
0.34021618923666147	-0.13180024597895468	0.22103762143496192
0.34065441332997276	-0.13113382213312197	0.2210740838923593
0.340957897842448	-0.1305815906929172	0.22109577801885094
0.3412950673957342	-0.12997947298449364	0.2211220901358182
0.34171556926671254	-0.12944018916208833	0.2211473818316746
0.34203366354163006	-0.12909468210093739	0.22116974460525907
0.34264686817088763	-0.12843096481957123	0.2212177774095232
0.34328787639464825	-0.12764960041940848	0.22124299704160327
0.343628374178374	-0.1271323925182135	0.22126395105999355
0.34405651420816863	-0.12666967214343117	0.22127487305165341
0.3445645443412942	-0.12624060529038728	0.22129432164548665
0.34509526113868244	-0.12585418430252143	0.22130475767655164
0.34593666997685873	-0.12523652701573929	0.22132710525651744
0.3463713676024179	-0.1249475961865263	0.22133230995937492
0.34688320944005	-0.12453432636226917	0.22133610662709158
0.3473669739795488	-0.1240976604874894	0.22132466939006307
0.34785496143491923	-0.12392368609738254	0.22127415958321056
0.3485807063649018	-0.12354969454990793	0.2209254926393413
0.34888998239571534	-0.12342468606791747	0.22068346460427554
0.3492527125777461	-0.12337092483200894	0.2203787471517849
0.3494112504694917	-0.12338816669095061	0.2201563812948097
0.34956299964070425	-0.12356060728366121	0.21967303395449403
0.34958021481290025	-0.12386183904868302	0.2192765718628621
0.3498733223831577	-0.12446723579772344	0.21862744200222683
0.35000937197532067	-0.12470108694414754	0.21838016878394276
0.3503508235790822	-0.1251369825966795	0.21771256196918487
0.3504578507746127	-0.12530641957242855	0.2174038007287778
0.35084016080576447	-0.12583582994727988	0.2167202151395876
0.35109529398884054	-0.12694045117448619	0.2157730512112953
0.3511642566381485	-0.12746567095489297	0.21534165655427812
0.3513877372880957	-0.12875791079875698	0.21436899831533635
0.35151785837142	-0.12982853701913993	0.21358100565198496
0.3516510202233898	-0.13101177157526583	0.21277586485256966
0.35175950724906113	-0.13221971978084573	0.21194677339344978
0.3518505066574818	-0.1336719469990892	0.2109715927656152
0.35191476885771683	-0.1350846837614273	0.21007386101587672
0.35208456257553755	-0.13738148663779448	0.20866690001426624
0.35202471327672463	-0.13857757389002984	0.20792733914404277
0.3521271596599504	-0.14104579144997414	0.20648206233821026
0.3520894894705685	-0.1421545542382498	0.20581334835920367
0.35209572441656073	-0.14428302599196358	0.20458451463477756
0.3520256968872564	-0.14755672959432736	0.2027297539990863
0.3519961205669207	-0.1507323372431983	0.20100016926678996
0.3519531832778974	-0.15244107241600968	0.20009977644409999
0.35176167969804456	-0.1559548415361549	0.19830782894142024
0.3516743418276916	-0.1582848922912773	0.19718627586535026
0.35128096606555154	-0.16435587097756826	0.19432192834874423
0.3509648639081844	-0.16865822002675168	0.1923791123303925
0.3508221509738372	-0.17111068896072879	0.19129496857588024
0.35036422192623506	-0.17700588051625407	0.18874620132567532
0.3501041383930121	-0.17947314133956577	0.1876607288089526
0.3495278604205676	-0.18549111147254144	0.18510337627172802
0.348847920191112	-0.1927626622412896	0.18208408293019557
0.34830683613512026	-0.19833371272255473	0.17979051292353387
0.34780026433138406	-0.20313496802455172	0.1778349324726881
0.34717719767719485	-0.20903224010554772	0.17542918536947738
0.34656652059573995	-0.2146467391946037	0.17315974769158063
0.34593965136719546	-0.22034212226000888	0.17084749945593336
0.3452181531514844	-0.22646069543683567	0.1683897817959346
0.3445165736609472	-0.23269244259695104	0.16589506464815776
0.343675383086617	-0.24004908243120943	0.16292181416835788
0.34296344547337154	-0.24574583327697863	0.16062640206295348
0.34220386953590765	-0.25168019010859044	0.15822084449073448
0.34100793142537456	-0.2607160380777217	0.15452756909653165
0.34027606793130744	-0.2674153532948868	0.1518476595639598
0.3394828257241557	-0.27452866942216414	0.14899686832390047
0.3389067706476202	-0.27905546973127726	0.14714051101202297
0.3377053164092867	-0.2880629037510462	0.14339295611874603
0.3366046496231352	-0.29630171661398913	0.13993595544863263
0.33615126875272594	-0.29938783652469797	0.13859241573080272
0.33504262995880807	-0.30708982337790464	0.1351480686977498
0.3342906783549333	-0.31317137641972104	0.1322819169603766
0.33353398448892907	-0.3183210585158321	0.12987591881499155
0.33261085999316364	-0.32427588734918306	0.12724961993237133
0.3315256620233408	-0.33148766659922574	0.12383651720139394
0.3308715874638972	-0.33658576329471634	0.12124833913176652
0.330589019349901	-0.3390731115041161	0.11997125485776511
0.3296835167465329	-0.3464634450612998	0.11608987753125838
0.3290283842777959	-0.3522236172334232	0.1129871877010254
0.32859403891906896	-0.3566129260693425	0.1107236745973263
0.3283081475494862	-0.3613007727290383	0.10828407350122876
0.3279157962711534	-0.36552717703645504	0.10599971920985685
0.3275427317715743	-0.3695830674068231	0.10363810836581017
0.3269946370868741	-0.37423691490175737	0.10077548782185686
0.3262144436133921	-0.3800562983376466	0.0970297608987481
0.3255372547601937	-0.3842201931827674	0.09424880972689409
0.32507779323311164	-0.38847414303922395	0.09161900689903418
0.3248749355289114	-0.3911425038187952	0.09002661963856984
0.324325200364181	-0.39679407852971016	0.08659067649821517
0.3238287322764374	-0.40091533237232924	0.08397010534096655
0.3233123960605236	-0.40517070719035353	0.08126059122961088
0.32273415576846226	-0.4104719552928629	0.07791178918044311
0.32233693604100455	-0.41347095280336654	0.07580706783747548
0.3218961768965017	-0.4167787676267409	0.07329831835570055
0.32153338621854055	-0.4196016840610664	0.07110572965885203
0.3210850884018749	-0.42246445813495903	0.06865880122278206
0.32064464702763973	-0.42484649694078547	0.066109276291265
0.32037245185475255	-0.4268168874151654	0.06394050053511086
0.32007316384558665	-0.42904452840659035	0.061142956021497774
0.31990276725007366	-0.4303536101717887	0.058975236463938485
0.3198845101745869	-0.4309954486815082	0.05771790955923678
0.3198852974378659	-0.43173117210729595	0.055694826176431345
0.31998116197550563	-0.4319422751532722	0.05404155647673331
0.3200309017180685	-0.4321539326266577	0.05142030312597323
0.3200654727256792	-0.43231364335537364	0.04956043302733032
0.32007766373144825	-0.4323930343446503	0.047782191852523526
0.32006679051897874	-0.4325231065544976	0.0453374741590013
0.32008637981719446	-0.43267538457762417	0.043693932786035006
0.3202369674415862	-0.43280510419860974	0.04193513467204979
0.3203413913119133	-0.4330064813008595	0.040262636067748825
0.32041112118277537	-0.43310175505558907	0.0376831065748478
0.32045860300767415	-0.4332483354777553	0.0362094977927232
0.32050828480965604	-0.43335313357446276	0.034401478012922204
0.3205610648370221	-0.43345762486722733	0.033325003933227126
0.32067583408067063	-0.43360467608973785	0.031025074505500516
0.3209028535198401	-0.4338337087083409	0.028876932005163503
0.3210051337913514	-0.43390042490572794	0.027879837224598192
0.3210579829814132	-0.43398798499730495	0.026300773264642474
0.3212631035496044	-0.4341811807516199	0.024117670969672433
0.32141263900396566	-0.4343003602046565	0.02264090800588403
0.3215092379769774	-0.43442087329895157	0.021050376399389115
0.32165364346351477	-0.4345529534293942	0.019273810299629324
0.32178342745593647	-0.4346651941859901	0.018087244814962156
0.3219650267891736	-0.434806107002046	0.016110252049402696
0.3220022126776605	-0.4348969271850142	0.015221471227211458
0.3222026723893893	-0.43511090712188144	0.013008416280887558
0.3223587330675306	-0.4352480770292957	0.011798620139651439
0.3224311754056916	-0.43528445110862596	0.010431568348680587
0.32255490131944614	-0.43544481839850424	0.008922401349381714
0.32269972722798	-0.435566591863612	0.0077476286455464005
0.3227639370646833	-0.4357134955374621	0.006031967394139359
0.32295557047941326	-0.435855005674698	0.0043572771635768115
0.32305068360160716	-0.4360106652198862	0.003380196438248717
0.32312514094182343	-0.4360759848738176	0.0021812427531957
0.3232637449133726	-0.43623281179250417	0.0005618094445898891
0.32338460943393077	-0.4363524191223538	-0.0006750679525193704
0.3234454408813734	-0.4364403853289517	-0.001796425576448546
0.32359467488591054	-0.43666762898211836	-0.0033066816159801893
0.32368010777050527	-0.43677796329405616	-0.004241536167981563
0.32369758316927005	-0.4368507452498193	-0.004871155882397504
0.32383020860830586	-0.4369319512661409	-0.005928361320876097
0.32398987072388463	-0.4371312792006623	-0.007204905918745952
0.3240266599439574	-0.43723793608103345	-0.008237528560674945
0.3241868289328709	-0.4373245421264671	-0.009113987595050721
0.3243679808668186	-0.43752360741686086	-0.010217631604213961
0.3243875750484902	-0.4376196044390615	-0.010739103653060855
0.32446580188754565	-0.437671577129236	-0.011787652812415672
0.32443929726263454	-0.43777438680696945	-0.012304118815480825
0.3244807142844399	-0.4379437267698996	-0.013199524974067622
0.32454901763038063	-0.4380143622268708	-0.013922044353123275
0.3247671126116299	-0.43820669497647935	-0.014716789538053943
0.3248292731190646	-0.438292268088689	-0.014992178160241232
0.3247593587791507	-0.43833600022271013	-0.015510425239285752
0.3246939840917288	-0.43845636772877744	-0.01596860334337824
0.3247579500831239	-0.43857286721978994	-0.016548993880397378
0.3248268648611402	-0.4387339465795865	-0.017099819161302876
0.32479257982873067	-0.438852633267117	-0.017419334289989596
0.32480285395966674	-0.43893781718095864	-0.017689150987034108
0.32482660620859183	-0.4389752920910835	-0.017798851448761643
0.324916937969421	-0.4389837052936341	-0.017943120867385753
0.325055039922468	-0.43886843352918276	-0.01805855239610976
0.3250720343059432	-0.43905657530021425	-0.018009575850173598
0.3248516868575647	-0.4394930868240128	-0.017863288530320265
0.32470712820773356	-0.43976621553240836	-0.017739452623405982
0.32460703549992687	-0.4399032372104914	-0.017680828371476942
0.32451605620859414	-0.44014395409781537	-0.01755792452184962
0.3246404165209992	-0.44053680434793735	-0.017286694548216963
0.32497871003011497	-0.44107246520695986	-0.016783788287499213
0.3250401858240311	-0.44122834272408307	-0.016637573772373127
0.32511299363003676	-0.44150037113659546	-0.016377749198618063
0.32533957377982725	-0.44199898283131966	-0.015903866600501027
0.3254312849513652	-0.44222587953902903	-0.015691908333049065
0.3253842019066665	-0.44297093813058463	-0.015348854520390864
0.32536918488853644	-0.443540087791326	-0.01521942047210284
0.32554763046752944	-0.44363924227316937	-0.015199022797488693
0.3256561404823609	-0.4442303543833975	-0.014993180415362961
0.3256388851910811	-0.44454710799169384	-0.01487062186599597
0.32552971241405837	-0.44540777062683556	-0.014561858296242236
0.3255996473566446	-0.44584520772378156	-0.014449208047563944
0.32573615589453436	-0.4460451190914086	-0.014394525340608366
0.3261167404861033	-0.4465165363775784	-0.014286061814018813
0.3262167398186664	-0.44685063760089544	-0.014284038324724857
0.3263012216531985	-0.44702167072351073	-0.014274709180113199
0.3265228206283979	-0.4474289979528547	-0.014182819225289356
0.32667314087155774	-0.44781990902692126	-0.014123002422804842
0.3268174972339468	-0.44824696062883035	-0.014117822060970231
0.32688041330686446	-0.4486924502831534	-0.014027807411838122
0.32691906320324	-0.44910645106965746	-0.013871815900897033
0.3270238522775196	-0.44984222750837966	-0.013661537154930736
0.3271331157218692	-0.4500232795942186	-0.013710991793491167
0.3271893292732104	-0.45028786592048575	-0.013713299403223078
0.32714445779599205	-0.4509355576776564	-0.013525728122252167
0.32711829465454245	-0.45161059166462253	-0.013319371694993754
0.32702868331877466	-0.4523054796462232	-0.01312918363993093
0.32691663226146983	-0.4525854687939509	-0.013104211812629663
0.326999302534839	-0.45274207725168225	-0.013130641835971624
0.32699384870674275	-0.45321890560874345	-0.013013826351604862
0.3269168589498939	-0.4541476345770035	-0.012758608798246085
0.3268083273810964	-0.4547296760636915	-0.0126086833064874
0.3265742432277968	-0.4552785200759762	-0.012488815486370264
0.3264278994949698	-0.45576082767653037	-0.01233358303694071
0.326384634084517	-0.45647305609657196	-0.012060021131490128
0.3263437128126386	-0.4569431800353681	-0.011910073746128458
0.3262908579268159	-0.4572314004862176	-0.011835005240401542
0.326038075026405	-0.4578362469251612	-0.011656587990198197
0.32578001849248234	-0.45867563234405534	-0.011416196047418836
0.325734741121012	-0.45919292891467905	-0.011257823643461506
0.325671088792782	-0.45975088709207346	-0.011087041122522068
0.3256389879445835	-0.4600459411774969	-0.010981180569279714
0.32542380932909226	-0.4604764131520077	-0.01084399602392555
0.3251578110041015	-0.4612543016026514	-0.010586859999962062
0.32510029338296087	-0.46176490791706915	-0.010419495688093028
0.3251073137315344	-0.46205733141088084	-0.010304520051709065
0.32506670780220054	-0.4627132510126707	-0.01006645030455583
0.32490198912109736	-0.4630222664387977	-0.009953835082977092
0.3247852495426758	-0.46323832639150864	-0.009869057985254281
0.3247605803367706	-0.46374368184334525	-0.009589898449443524
0.3249988259117971	-0.46406007285598916	-0.009294606464701649
0.32515690452727297	-0.4642889392451581	-0.009067873843736585
0.32516633961278896	-0.4643278897178001	-0.009028311996401917
0.3251709486000003	-0.4645271535141996	-0.008804784591129211
0.3252226637555752	-0.46485523997906836	-0.008446452496738976
0.3252543425877371	-0.4649720796981597	-0.008320124499987924
0.32532405319160473	-0.4651846618430336	-0.008080988864425764
0.32566452961788206	-0.46490967039827885	-0.007510731950898353
0.32557681644275155	-0.46509798125470597	-0.006364597178509901
0.32549612375332737	-0.4651704447504836	-0.004725011253544964
0.32536862239948494	-0.46526008906754374	-0.0025182876624328943
0.32522076950406453	-0.46537571103630065	-0.00024100631920209725
0.32489389710654465	-0.46557296945375665	0.003026781043677096
0.3246605738106643	-0.466070390729707	0.008094726871795521
0.3244861173699883	-0.46655019006918236	0.012381184971562542
0.3242459304600965	-0.46696211065754745	0.01636470712111865
0.32397924936424044	-0.46720895788908623	0.019300609782940292
0.323784782221924	-0.4679805591619036	0.026791251811021766
0.32373167706963535	-0.46849079017845435	0.0324897353179352
0.32363646928901557	-0.4689439640938564	0.03889238967341119
0.323462045001058	-0.46957614287671107	0.04722810017828266
0.32336429058547544	-0.4699252504299596	0.0529085904300412
0.32330904439012886	-0.47015911707137176	0.05707742663891324
0.3231501849628972	-0.47062510274714164	0.06619676773192618
0.32300779645193933	-0.4708809601654472	0.07260527493016478
0.32291959136689635	-0.4710091962659284	0.07730216786830663
0.3226989471647216	-0.4712531514378637	0.08974195216170178
0.3226289876796361	-0.4712407565946317	0.09412947767539664
0.3224704885194906	-0.47117529991972584	0.1041595694497765
0.3223536337850396	-0.47107255139789195	0.11024495822306402
0.32218240030856987	-0.47062563916106676	0.1202131718787054
0.3220616516048236	-0.47015258438840435	0.1276978935490154
0.32197144837945424	-0.4695653191016693	0.13483683682423264
0.32192764385622813	-0.4692528384188882	0.1386890146715512
0.3217531615925677	-0.4680417107124497	0.14837054540006678
0.32172600349291164	-0.46757786463174106	0.1517631717574568
0.32154821506783027	-0.46607033396937186	0.1608006349808307
0.32145992260003664	-0.4645898466546085	0.16759238169921675
0.32132612038654623	-0.46247550576200863	0.17588213761025898
0.3212528786460862	-0.4607324516501198	0.18128877613711597
0.3211574041571728	-0.4590012047799201	0.1859857479219794
0.3211185785092822	-0.45770209201260753	0.18925704500385326
0.32104436607247655	-0.45556334233656304	0.19370672221883217
0.3208938673836725	-0.4509540910227511	0.20144399550704223
0.3207469658510709	-0.4477944507574328	0.20535405176582094
0.3206468894180583	-0.44626315875494693	0.20707576479660164
0.3205212277558244	-0.4432614982239896	0.20996609622873103
0.3203644173083218	-0.43841986987619663	0.21356713353886458
0.32032576006339175	-0.43413474793007306	0.21640254611918897
0.3203459449907884	-0.42979895321499273	0.21889726302812332
0.32044546831690884	-0.423578442102644	0.2219618491213263
0.32058333017013346	-0.4189900615391523	0.2241078113166047
0.3209237941621173	-0.41088307326861695	0.22741875866869904
0.32118955170098834	-0.4049849927822272	0.22957054044581937
0.3215343779739201	-0.39948799968055526	0.23160840839445407
0.3218049834892405	-0.3940467337534728	0.23334282075153065
0.32204874270023126	-0.3889357563912568	0.23497073843711505
0.3221907057974999	-0.3833597438575574	0.23679804337166027
0.32272862175778116	-0.3760202564407616	0.23865601702529793
0.3230104916891855	-0.37281998663144383	0.23940864255697064
0.3235132895050546	-0.3673130653584706	0.24051750945566217
0.32422269088852396	-0.360502837240254	0.24169190354165276
0.3248070314174543	-0.35520005376770497	0.24238294649707057
0.3254601760425012	-0.35015916656218526	0.24293525239801134
0.3260328427182939	-0.3451834915657218	0.2431334983983168
0.32677092602302577	-0.3396246280141994	0.2432636240083188
0.3276773350991588	-0.333144401630276	0.24302325487775656
0.3281418246050256	-0.32981266286666644	0.24268080945068196
0.32915036975757206	-0.32355786537927617	0.24200885793696136
0.32995002691785613	-0.3185675405329157	0.2414538275131634
0.33042530382844554	-0.31514340744860636	0.2409112679374334
0.331398403463104	-0.3071955538902169	0.23948040181265082
0.33240787613034495	-0.29860997422762503	0.23791219625975907
0.3328835627147769	-0.29447941228095914	0.23716740408152395
0.3338650574733964	-0.2858283540450697	0.23559445406698132
0.3345148742193141	-0.2796429662375915	0.2345041961475554
0.33519837516931295	-0.27301132855837956	0.23331493599446954
0.3355831914839637	-0.2694694235949047	0.23274527751345692
0.33670896428804653	-0.2582708322051352	0.23094307042223833
0.3374894002776097	-0.2489503362528106	0.229629648595544
0.337973066459865	-0.24218400010846525	0.2289275438611102
0.338592971051876	-0.23466801059040043	0.22826947692082294
0.3390758691711107	-0.2287128294460103	0.2279028207532411
0.3398937592345797	-0.21793574665759008	0.2276319292016042
0.3406796803077992	-0.20700763265520605	0.22807562183170205
0.3410521187457133	-0.20199542145972266	0.22837303725493976
0.34180624684038724	-0.19154558082122292	0.22883910711393804
0.3422294275059011	-0.18505756735604068	0.22919979364537538
0.34272356459804976	-0.17779113528550633	0.2295648801748902
0.34322122143335404	-0.17018563324620123	0.2298712203567157
0.34365804821693424	-0.1637043281674273	0.23015939518472378
0.34407750627334205	-0.15683754307604372	0.2304377217666907
0.3446256285691624	-0.14878933580706258	0.23064098045012052
0.3451937662696615	-0.14017699809401019	0.23090645508438162
0.3455193007076915	-0.13469010009287377	0.23104443745888367
0.3458536966335548	-0.13006871498972394	0.23116183106736943
0.346207333733712	-0.12506418351626997	0.2312277857388507
0.34650995257360584	-0.12075794560204575	0.23128885456767853
0.34680321721935053	-0.11655240733234869	0.23131873101712053
0.3470360385130314	-0.11273449717444801	0.2314073817035195
0.3473215238640214	-0.10905216905240127	0.2313938642678175
0.347482998111819	-0.10654576223066299	0.23152295717606663
0.3477543471277347	-0.10295828702930661	0.2318071654164898
0.34789479814137897	-0.10097831067639047	0.2319093402066016
0.34798936060112795	-0.09907743866665338	0.2320809922490226
0.3480536846853589	-0.0982656962971152	0.2322723382447885
0.3481755810417476	-0.09786377528093702	0.23237306340038338
0.34823147242155317	-0.09742414760731712	0.23265111751147846
0.34834311554139885	-0.0970283539371881	0.23286867905653044
0.34845378507255775	-0.09662123161857812	0.23306281906077014
0.3485035292062777	-0.0962897209826737	0.23330802469403464
0.3485592990330903	-0.09606878536389736	0.23345220884255172
0.34861552589448885	-0.09592561518435923	0.23354201760658133
0.34868046615345305	-0.09577905706538033	0.23363642438874999
0.3487143328835941	-0.09549268786477448	0.2340015157582218
0.3486326827404424	-0.09532525967073867	0.23425403676187004
0.34853152843690277	-0.09514629462656272	0.23451836089435898
0.3484979487659812	-0.09504554660869584	0.23467230760024452
0.34858117931929433	-0.09482668518008534	0.2350419372978016
0.34864283266995943	-0.09465134097008195	0.2351722397127866
0.34864599709438937	-0.09450042525103551	0.23538541411659314
0.3485225504961443	-0.09426931804029497	0.23572078818144007
0.34844137808744635	-0.09412332451715537	0.23593542045417423
0.34850979480734895	-0.093941255413782	0.23624801376938798
0.3485772909676667	-0.09378915006966436	0.23651144285077838
0.3486489765976757	-0.09360158367830317	0.23683301568787202
0.3486698878622194	-0.09350324737092815	0.236999966069366
0.34862400823672884	-0.09325924134588197	0.23738325089615223
0.34852338511571057	-0.09308558029847193	0.23764069064339544
0.34852325894936653	-0.09293500510974308	0.2378503319240357
0.34856478101628324	-0.0928450772447612	0.2378568783557417
0.34862218706064857	-0.09269832976906738	0.23791187496985092
0.34862486877985677	-0.09255238246198048	0.23811313283248714
0.3486201444766003	-0.092543098318375	0.23812730243108365
0.34861885753451827	-0.09254258519102306	0.23812867259935902
0.3486184003320338	-0.09254209687705008	0.238129577232769
0.34861753641910115	-0.09254300300517569	0.23812990531202075
0.34861634461008495	-0.09254220805668754	0.23813219538903813
0.3486155674907188	-0.09254249880381639	0.2381329485728598
0.34861479943906276	-0.09254398602110576	0.2381358995076404
0.3486143160775587	-0.09254436105683987	0.23813690800416681
0.34861367545483096	-0.0925446534890731	0.23813632024063805
0.34861348674173787	-0.09254552356410982	0.23813732355679013
0.3486145748352288	-0.09254632525052679	0.23813794252913062
0.34861379702083173	-0.09254651171337376	0.23813845655349952
0.34861428121559446	-0.09254711040341558	0.23813841831903432
0.34861410729067727	-0.09254816422756094	0.23813873066299535
0.3486145538405577	-0.09254806892579708	0.23813816739704544
0.34861501789784455	-0.09254827511984694	0.23813795280136896
0.34861518259860974	-0.09254934414584544	0.23813772939118574
0.3486153909156147	-0.09254873263664663	0.23813798414581944
0.348615061556015	-0.09254933435282338	0.2381370384528026
0.34861539564461713	-0.09255000178774796	0.23813599473296024
0.34861655195270513	-0.09254991175822792	0.23813620723559095
0.3486163353416235	-0.09254963824291366	0.23813578526363388
0.34861633534162345	-0.09254963824291369	0.2381357852636339
0.3486342620992977	-0.09254443741329894	0.238144477007807
0.34872942250310107	-0.09248606858700138	0.23823664338298228
0.34881670767527245	-0.09212760296406074	0.23844024433212244
0.34868465192935905	-0.0911183553605839	0.2385527935748392
0.3487136398278583	-0.09065228263853715	0.23860736500694016
0.34875383394765475	-0.08918280809532715	0.23886411068304844
0.34876242919076267	-0.08805598731481241	0.2391123714419407
0.3487977373675761	-0.08695485711880778	0.2392399591493396
0.3487906910183394	-0.08510897320393034	0.23958129212901574
0.348855442228879	-0.08384150204447834	0.23976235296172427
0.3488798864779574	-0.08303387613612244	0.2398467193320631
0.34886563768031975	-0.0814379962284797	0.24014272587765964
0.34895304701880153	-0.0791977576000255	0.24042403850026747
0.34892083590292905	-0.07822780176460221	0.24059510946590337
0.3489653861230967	-0.07607052582346245	0.24086667141706172
0.3489811862063533	-0.07408008880802795	0.2411698322512725
0.3490149556446027	-0.07165092743752548	0.2414900863715411
0.3490152667783919	-0.07051561686479625	0.24167688691222516
0.34904315883408465	-0.0679475863660353	0.24201663957582145
0.3490996466320997	-0.06603522205545671	0.24222572872214163
0.34910211387751783	-0.06326483794226247	0.24262234319431342
0.34911662472181715	-0.060842859115485995	0.24295231712122825
0.34912291607763424	-0.05969467329686311	0.24308641874918868
0.34913584885512716	-0.056907278091375316	0.24346940331715533
0.34920319337748124	-0.0547939748164047	0.2436557749299211
0.3491551739244135	-0.0521319880229862	0.24404345034716746
0.3492071258521675	-0.049687519109991155	0.24432467884084313
0.34920528891985064	-0.04762129139092379	0.24460280943119442
0.3492522038928123	-0.04551902327074907	0.24482774231103532
0.34925825139264094	-0.043108185839636895	0.24514331759325086
0.34924842317634364	-0.04006835795312473	0.24548050243206093
0.34929020979087616	-0.0382737035305734	0.24567489392263586
0.34927767129303877	-0.03593846462999316	0.2459650028745839
0.3493180370848204	-0.03382896353132754	0.24624531474804537
0.34934672330528765	-0.030811732895300717	0.2466305311601418
0.3493701446095289	-0.028866218707756977	0.24679735537957026
0.34936699299839136	-0.027526610831577855	0.24700135521475186
0.3493938427407108	-0.025052533999988094	0.24728914183712628
0.3494115831392386	-0.022651959470578617	0.24760525361730903
0.3494160442399793	-0.021613908485973596	0.24774496984021327
0.34948902820392763	-0.018116188931190727	0.24807233916206295
0.34945500356115566	-0.016182004856766838	0.2483735250832717
0.3494746667349626	-0.014868259195852204	0.2485025583617127
0.34953081727235663	-0.012938859530649674	0.24865257274566366
0.3495381073313679	-0.010517119170088005	0.24902349347284092
0.34950908823431054	-0.00884442673751902	0.24919623911321617
0.3495856266197198	-0.007334530579272677	0.24932034083586863
0.34962642260525145	-0.005934930558884097	0.24939293629062026
0.3495735242150116	-0.004568959819244586	0.24964219924798672
0.3495812498430393	-0.00376208285620018	0.24975082641710084
0.34964529116923593	-0.0014969637230729388	0.24996546529541527
0.3496393785180846	-0.0003460674625812149	0.25002289234018926
0.3497044396924948	0.000664718663178146	0.250113912633438
0.3497327150062316	0.0014862590726722053	0.25014237688485635
0.3498292589225719	0.002221181997969515	0.2500097710054113
0.3498745780819259	0.0025818551582792865	0.24993201340798468
0.35007806205305153	0.0034747956885292502	0.2497736125038066
0.35015358301571897	0.003767802928168709	0.24970696801625267
0.350190780763059	0.003953486640292478	0.24968569975115637
0.35019366215514425	0.003971652562410985	0.24968409872913463
0.35019430586896466	0.0039756621956426735	0.24968653546869918
0.3501940134966794	0.003971417806472158	0.24968702276691032
0.35019429358690335	0.003968323522842529	0.24968818788629155
0.3501949469697216	0.003963999168726237	0.2496876868167025
0.3501958012446084	0.0039607198724712495	0.24968885911812727
0.3501967311992347	0.003956085867066597	0.24968818366635295
0.35019880447101237	0.0039493129905709	0.24968714577126408
0.3502001467453511	0.003944083696237735	0.24968616446819375
0.350202665306274	0.003938948311641141	0.24968462119458779
0.3502038823358283	0.003934459616492678	0.24968396440521556
0.35020531695013	0.003930615736196533	0.24968328292562264
0.35020616367829016	0.00392924716693098	0.24968248363180817
0.35020756358477767	0.003925359695975031	0.24968005928097958
0.3502091451507453	0.003921128776457325	0.24967897049620585
0.3502102554585622	0.003919197003022137	0.24967803391751278
0.3502118658177136	0.003917650063581399	0.24967683199473142
0.3502121493327344	0.00391704819301765	0.24967656045389178
0.3502121186782135	0.003916949133302247	0.24967564697760167
0.35021238328587007	0.003916640062647511	0.24967574387357797
0.35021329044651855	0.003916420758749942	0.2496745345362406
0.35021282054170993	0.003916307644218922	0.2496741288859411
0.3502133005953312	0.0039158737910370695	0.2496739065514015
0.3502133310455936	0.003915820148923568	0.24967286676557215
0.3502134055520358	0.0039158750616344745	0.24967245043111996
0.3502131258863471	0.003916091359542392	0.24967321439442644
0.3502134170047202	0.003916510691479982	0.24967298483231656
0.35021344501202833	0.0039164600479405925	0.249672801763928
0.35021374994294896	0.003916462499266207	0.24967290560735766
0.3502137259552621	0.0039167252602605035	0.24967249282013262
0.35021404860047284	0.003916578482797542	0.2496715687520774
0.3502128977555836	0.003917628126244674	0.24967267835376789
0.3502128977555836	0.003917628126244674	0.24967267835376789
0.35021350891125547	0.003917911389557313	0.2496724683876971
0.35021292771748463	0.003917281528981395	0.24967942705991264
0.350177845460431	0.0039352405938567064	0.24987729119959154
0.3501822827262262	0.00393914286036727	0.24983915349811042
0.3501870366734715	0.003941905594172776	0.24977574525008442
0.35019291380363077	0.0039396577270004035	0.2497535568062761
0.350194546802275	0.003939340530255228	0.2497440455062791
0.3501986842744079	0.00393562947068439	0.24972619210365826
0.35020807903082385	0.003927294317682253	0.2497021298857273
0.35022001239344125	0.003922489814843097	0.2496477119031414
0.3502472003168867	0.003922932692783113	0.24948199695383877
0.35025418688876064	0.003923697140321689	0.2494411815061443
0.35025675748984314	0.003922561609040767	0.24943020088264842
0.3503032168036289	0.0038957838628765756	0.24920081578685774
0.35031833497781545	0.003874851682928074	0.24916726744827222
0.3503223604103799	0.003984954165640722	0.24929650887834848
0.3503591782613644	0.004312684691221411	0.24952540649570687
0.35036149281022066	0.004356536621957993	0.24955888372120733
0.3503562471776693	0.004377896087959701	0.24959906813253238
0.35035071020417363	0.0043871331934032115	0.24962392267930134
0.35033438327708377	0.004402214197981383	0.24966883255592712
0.3503225568763591	0.004412009273583914	0.2496999585641371
0.35031927524921547	0.004414271717699439	0.2497037958687204
0.35031641200913166	0.004416852223251902	0.24970721696843107
0.3503160782719233	0.004416531374856605	0.2497078124633511
0.35031136138304797	0.004419962604469765	0.24971436145121154
0.35029122072848984	0.00443651124126497	0.24975807508694148
0.3502830915815446	0.004442918698644785	0.24977561734208753
0.3502815500481485	0.0044436503725836934	0.24977489078444487
0.35019513485694376	0.004526725100007609	0.24978478176141927
0.3501930666028289	0.004533109808656718	0.2497891002980891
0.3501994742133061	0.004528113895549482	0.24978765670194591
0.3502031899529268	0.004524939124543256	0.24978638226526137
0.3502153315665266	0.004512647850190218	0.24978229813834907
0.35022027461297495	0.004508211408966109	0.2497812061625259
0.35026339983170424	0.004464839113172567	0.24978099070791687
0.35026821313881323	0.004460685859115507	0.24977827049197854
0.35027149762419446	0.0044562105162233995	0.24977450028979906
0.3502743390328481	0.004453614381038903	0.24977173555944854
0.3502769827707171	0.004449356208189828	0.24976627287170866
0.3502821661988941	0.004444978277220665	0.2497608415561955
0.3503235529861271	0.004407238864057458	0.24966284466091163
0.3503229395851336	0.004407493319361119	0.24966502038910365
0.35032111057005055	0.004408695936244059	0.24966702197923943
0.35032101842373825	0.004407085339542746	0.24966911822740198
0.35031968386021217	0.004408147273742016	0.2496711086713769
0.35031658933501963	0.004410324216100728	0.2496761190649699
0.3503156091533298	0.004410118088132534	0.24967967087581644
0.350313483376357	0.004411238060404263	0.2496813662744593
0.35031161238429803	0.004412735166327855	0.24968583496076563
0.3503088780485031	0.004414346879585376	0.2496917765905489
0.3503078731838789	0.004415735703089521	0.24969572174829766
0.3503041638301071	0.004418318564198734	0.24970211336446707
0.35026110222727397	0.0044545388193997365	0.24980635474389684
0.35026138159768205	0.004453846263364827	0.2498037560191749
0.3502633762541532	0.004452995500673004	0.24980022845521874
0.35026448973818036	0.004450709275891709	0.24979675550653163
0.35026736689628035	0.0044495730287374274	0.2497907747237861
0.35026859063561216	0.004447919281308374	0.2497873754005506
0.35027168400034786	0.004444884196482854	0.24977918909709385
0.3502736066165619	0.004443636293574735	0.24977262260794125
0.3503181866532706	0.004405932713267682	0.24966765019806664
0.35031889501615543	0.004405248598376113	0.24966610710123474
0.35013085167537444	0.004412555981049296	0.2498923603322612
0.3500597108723372	0.0042070323259657955	0.24999716907101607
0.3500633349306286	0.0036166130423649773	0.25005598198062673
0.3500399324786695	0.002806490522147223	0.25012894299193195
0.34999797009921824	0.002010951812093306	0.25025005138520756
0.3498804748852299	0.0008718532083805269	0.25042694448534086
0.3498721780398923	0.0003855513573689934	0.25050901236535356
0.34982343715736197	-0.0006063016087296952	0.2507222342551313
0.34964801037191473	-0.0019241303732519116	0.2509989777295546
0.34956600009178873	-0.00321789138535801	0.2512861697857206
0.34938617293061697	-0.0049161335892526775	0.25173975987751773
0.3493220343305322	-0.006146369970603235	0.25177146160265723
0.3493840893027217	-0.0077219073819671386	0.2517180344936788
0.349373615453628	-0.009314364267610384	0.2516668743736095
0.3494106491979973	-0.010834417720658976	0.2516246245823992
0.34944097065558094	-0.013010901734192656	0.2515743209134972
0.34943164169630486	-0.014306890793163732	0.2515801883812593
0.34939092201137717	-0.016807088698090847	0.2516652276740645
0.3494030136959497	-0.018048463692108704	0.2517102297945336
0.3493892300559524	-0.020530973790035975	0.2517066299963468
0.34941276301649715	-0.021804399452596643	0.25168444696954206
0.349397020516871	-0.023755632755391318	0.2516761414730321
0.34938752496724523	-0.02647518173747175	0.25176967644141635
0.349384213242902	-0.029020479890682613	0.251742868018089
0.34935116557186796	-0.03138435017224124	0.2518150687447863
0.3493602883324367	-0.03247692886503449	0.2518755951123994
0.3493828965029321	-0.03587184755975971	0.2518449687623451
0.34935753114207513	-0.0380373282422342	0.2519203144034227
0.3493595938329529	-0.03934000764493391	0.25195011520471045
0.3493390725202521	-0.04255578161460845	0.25197644817438203
0.34936374650194424	-0.044701686474110616	0.25201140546151357
0.34935704317944594	-0.0469518899657574	0.2520316905012734
0.34933343064393335	-0.04903175211909279	0.2521104326489576
0.34934044535440767	-0.0511196774237586	0.2521295236581129
0.3493332988348996	-0.05501644903520948	0.2521607239845719
0.34934446456068735	-0.05616108618078754	0.2521496374561214
0.34931488054006277	-0.05877743310073018	0.25223773000484206
0.3493333300186429	-0.06077806796293607	0.2521961856845705
0.34930694336400875	-0.06374446095365315	0.2522779949617518
0.34933303040837604	-0.06677718773389339	0.25224858984657245
0.34931219675680864	-0.0689390910462351	0.25231284736282367
0.34932828270567695	-0.07034131563766748	0.25225493563043233
0.3492646144264803	-0.0727268246198491	0.25229901680592726
0.3493015596125476	-0.07427384276593697	0.2523049773967171
0.34926654786908373	-0.0769839445914849	0.25232084472647903
0.3492473666824297	-0.07920348821024513	0.2522638978231222
0.3492400179880589	-0.0811439877024646	0.25226359672334925
0.34922222543280673	-0.08299849428615265	0.2522258603926285
0.34921438799646315	-0.08580595092788566	0.2522156915680063
0.34916835112066347	-0.08763843977761059	0.2522028121321922
0.3491514485513868	-0.08926141354863294	0.2521555554083847
0.34909494112625383	-0.09120092367878756	0.2521321044105702
0.3491208206763841	-0.09278921649730386	0.2520705764312577
0.34908395687196314	-0.09467715381530488	0.25209848260628387
0.34910702565803375	-0.0963593990605869	0.25206221976019816
0.3490844080551545	-0.09769209003698594	0.25201869046995695
0.3490389327320399	-0.09907844705932851	0.251978903091017
0.3490518207182811	-0.10058092439307505	0.2518844362368585
0.3490335643926336	-0.10134191534511837	0.2518990274956072
0.3490139918404427	-0.1024320741217238	0.25178397277231246
0.34909907289987063	-0.10475693470282178	0.2514911841732697
0.34905406495203045	-0.10610808029194811	0.25099711764151345
0.3489959223547581	-0.10719978269959184	0.25066483056316224
0.34899285918909856	-0.10790924209236809	0.2504725645428234
0.3490635975293866	-0.10946397196076828	0.24991592895975223
0.3490416971180169	-0.11071810976838294	0.2493846677888518
0.3490504251144041	-0.11232658346537087	0.24854228620846744
0.349080610204049	-0.11353436701877657	0.24793994307389017
0.3490911050029378	-0.1143875092268624	0.24743609920574214
0.34912839598885725	-0.11547563505582727	0.24678795087473265
0.34912833884863903	-0.1167619296346744	0.24598508959736715
0.3491708408319275	-0.11908195570570985	0.24437381841744701
0.3491978032221341	-0.12035367619572522	0.243480424565927
0.34916780701963523	-0.1212159408809826	0.24279064258483388
0.3490502545980065	-0.1225460719773173	0.2415583709251946
0.3489596340793144	-0.12357671871124777	0.24073185342770956
0.34879819904722037	-0.12452357872998097	0.24015600318141309
0.3486347474258022	-0.12528130164985157	0.2397307833441249
0.34839710900699994	-0.125965136587586	0.2394819006707244
0.34824009209314066	-0.12629607465996728	0.2394346120271202
0.34777343188169607	-0.12686829122758952	0.23942730988824265
0.3471742755897349	-0.12712528936655776	0.23968151995918247
0.34657276424571215	-0.12708144345592148	0.24005411838195534
0.3461376049901933	-0.12695409156946075	0.2403408743634216
0.34495448347756086	-0.12648100722564137	0.24108981181009118
0.3434532887948688	-0.12573696185013247	0.24194671103781334
0.3426077727713085	-0.1252910187266701	0.24239273066706454
0.3410768375979406	-0.12442989189573396	0.24326070468319777
0.3391888699906987	-0.12342005503151186	0.24461706978675457
0.3375296684210933	-0.12254040842877402	0.2455417976905389
0.33515094032369563	-0.1213406898546379	0.24677196062981338
0.33411212910805815	-0.12086657853926566	0.24725256371282228
0.33231769062785677	-0.12015029381870777	0.24786850344665565
0.3298550664092629	-0.11913281519113457	0.24858047961842206
0.328220830921015	-0.11864262757934192	0.24882878584564683
0.32685739999260693	-0.11830167066603722	0.24895929836736008
0.3253042833601217	-0.1180010269963701	0.24900264470245956
0.32321196142657205	-0.11774004646468135	0.24881034359536375
0.3220217050115936	-0.11764060739911127	0.2485783622261603
0.3213602508320126	-0.11767343267115436	0.24837864057239895
0.32013673677462473	-0.11791071829343389	0.2477479829837261
0.31965159093745543	-0.11810157630634095	0.2473859695293238
0.31866324569753846	-0.1188144377612763	0.24615230925624362
0.31850319166451957	-0.11922066475365344	0.2456858288821332
0.3183731172353662	-0.11994047270461555	0.24493662189757437
0.3187221087448282	-0.12112178475659904	0.24366754325534043
0.3191803435115524	-0.12176892458785088	0.2428882024511692
0.31956622008434826	-0.12246031668600754	0.24189596376867978
0.3199871084351541	-0.12304802902392344	0.2410913701229545
0.320693848021859	-0.12392385768140009	0.24005520680932746
0.3211367802916077	-0.12441146440716884	0.23944796089491582
0.32148112795756567	-0.1249485498012825	0.23869293090624666
0.3217088052391984	-0.12527911658436	0.2382415742748466
0.32221106196541277	-0.1259695097671274	0.23721655768509392
0.3223799400093049	-0.12617791002648326	0.23683499911129768
0.3224948542889771	-0.1264589367232664	0.23623899523874706
0.3225418286065896	-0.12656346188007334	0.23591566054418917
0.3227717973952414	-0.1267753663249502	0.23561748652288564
0.32307692763403495	-0.12704226736057422	0.23532421057564176
0.3234957078334856	-0.1275226788710629	0.23476351028456094
0.3236976189944395	-0.12773858115478035	0.23450352777950587
0.3239317469546569	-0.12792298438201982	0.2342455215708291
0.3242906940073279	-0.12829276840559306	0.23384370382517577
0.3245456445445167	-0.12855824783809292	0.23353995467661676
0.3247556896955459	-0.12880452254974428	0.2332394664483468
0.3249382682580447	-0.12893047695668125	0.23301380832337365
0.3253553780878837	-0.12934530093309055	0.23243231679442744
0.32565116782676357	-0.12959179713406183	0.23213238426711438
0.3258760039435883	-0.12986607804001052	0.2318166114451907
0.32605074541202805	-0.13015645442768498	0.23150652206061173
0.32621693725074313	-0.1304174283311002	0.2312430740285784
0.3264321529873713	-0.1308014023802103	0.2308432191418764
0.3266953791180638	-0.1312046181672767	0.23044828640049148
0.32687756551673974	-0.13150151695345697	0.2301451943058076
0.32708868540515856	-0.1318271772564693	0.229821992136149
0.32719670963046193	-0.13201731455511864	0.22962018009475674
0.3273574025443895	-0.1323373316730193	0.2292741087156927
0.32760809581056	-0.13266593832920887	0.22891521094195522
0.3277813676263546	-0.13278755748556545	0.22866532559245847
0.328080020940728	-0.13298431030317281	0.2282542349952789
0.32827715897045073	-0.13315454905492558	0.22801477060062267
0.3283972151229503	-0.13341043178070713	0.22772707874640005
0.3285540879651107	-0.13368776943968225	0.22744916982303523
0.32874682203617944	-0.1338515488284437	0.22717811185206835
0.3289341537832792	-0.13397003202131652	0.22690179021906282
0.3292016647811649	-0.13422172824776996	0.22651816501363856
0.329355453259819	-0.13450922317973407	0.22621461241509036
0.32941906716772124	-0.1346572464018467	0.22604937607808273
0.32966032682272406	-0.1348681117689984	0.22575204534359644
0.3298659246923206	-0.1350595951452408	0.2254901843894155
0.3299996889457985	-0.13525229828548968	0.22522920681539943
0.3301207803295303	-0.13550426270165827	0.22496106887260908
0.33026780329890437	-0.1357867392829405	0.2246703139604583
0.3304336238403538	-0.13611013487762938	0.22437444766558734
0.33064340826201694	-0.13633807633700887	0.224084139219409
0.3308286981099932	-0.1365088703887642	0.2238498158959536
0.3308964938192232	-0.136662346687507	0.2236874850506639
0.331046225367147	-0.13701452527645974	0.22331629985098844
0.33116967140520875	-0.13724628010662193	0.22308796121961305
0.33116151224028856	-0.13744710365540092	0.22285407640155822
0.3311664587258129	-0.13744851757297846	0.2226756251283434
0.3310988519350307	-0.1375343992506013	0.2225049346331288
0.3311407908623754	-0.13772077825303203	0.22228499617303663
0.33123403608707297	-0.1379325015454273	0.22206045100667907
0.33121445281671724	-0.13799816665794573	0.22195072760316614
0.33111180240308347	-0.13817598713844276	0.22169153107739376
0.33102189013257777	-0.13830437743919588	0.22150010585510377
0.3309719683316646	-0.13842979010991302	0.22133884664955206
0.33091182681695996	-0.13857676526445478	0.22114997352403198
0.3308440164738151	-0.1386808509736407	0.2209952845984407
0.3307508713202965	-0.13880094572849588	0.22080234126141268
0.3307058673634847	-0.13885352696183073	0.2206887158162062
0.3305883929471985	-0.13900705431440147	0.22039966424696458
0.3305265975251746	-0.13913310207825189	0.2202260913907009
0.33049920399110383	-0.13924931730402595	0.22008725360394782
0.3304829279255702	-0.13932795962255676	0.21999392571842083
0.3304416879638189	-0.13939919073084905	0.2198631157352388
0.3305707933058561	-0.13947776633225367	0.219819353422253
0.3306222573266885	-0.1395171550205368	0.21981485379714277
0.33080354356785757	-0.13975909111063045	0.21973997792787153
0.33111692454599256	-0.1400986831434083	0.21961912707681677
0.3312933707642784	-0.14026953259469538	0.21955164971896443
0.33158964858234363	-0.14055150360595148	0.21943971324032713
0.331793295385669	-0.1407515504957372	0.21936319003542865
0.3319536412564058	-0.14095009020163063	0.21929884309774708
0.332233734617716	-0.14130981246226607	0.21918489432865224
0.3324007870513669	-0.1415256839226851	0.2191160253933847
0.332435067832013	-0.14156804646292884	0.21910284139777775
0.33243757987543154	-0.14157318749919373	0.2191018295123787
0.3324352989573508	-0.14157165147261008	0.21910235689886967
0.332433813813135	-0.14157108915654093	0.21910306187368528
0.3324291224662274	-0.14158777428869007	0.21910335190324975
0.33242546230094194	-0.1416179765628393	0.21910221632113855
0.33241907672416243	-0.14165367251963712	0.21910114824610477
0.3324161679479655	-0.1416546180845653	0.21910179328558446
0.33241447331428603	-0.14165221870477318	0.21910343206677585
0.33241371774371525	-0.14165059056012197	0.2191045781372161
0.33241015095154497	-0.14164689825340027	0.2191060216359531
0.3324083234958511	-0.14164507757393435	0.21910660584278283
0.33240632649562823	-0.1416428332755651	0.21910781289193804
0.33240284307473	-0.14163822557593334	0.21910979557122276
0.3324016471319259	-0.14163611417018468	0.21911084561040847
0.3324006525678838	-0.14163451929066173	0.21911128024251375
0.3324009548122975	-0.1416340079587619	0.21911177289171158
0.33240100184962657	-0.14163354646625023	0.2191118006628454
0.33240099253493915	-0.14163392401575053	0.21911158663011743
0.3324014690077062	-0.14163340068759744	0.21911165397533602
0.33240165755970347	-0.14163281980402886	0.21911202946632577
0.33240258042109927	-0.1416325287130702	0.21911241619309538
0.3324029582735501	-0.14163293479513164	0.21911224597400364
0.33240423452151857	-0.1416334956329453	0.2191124975230564
0.33240339070639113	-0.14163270547489815	0.21911266110004132
0.3324031728184478	-0.14163325853841685	0.21911198407488935
0.33240436574031623	-0.1416330582611392	0.21911255390954928
0.33240410059153364	-0.14163340485841194	0.21911186938880825
0.33240513120934523	-0.14163410504690963	0.21911218028570478
0.3324052559423791	-0.14163373133171786	0.2191122328421644
0.33240637909277565	-0.1416346401308386	0.21911235304381554
0.33240555273959144	-0.14163451064910026	0.21911202043465514
0.33240581088004945	-0.1416336611173535	0.21911226024481642
0.3324057728466613	-0.1416345337925367	0.21911189481883048
0.3324055527395914	-0.1416345106491002	0.21911202043465525
0.33240659495948177	-0.1416349473797977	0.21911189194938208
0.3324065336108543	-0.14163514421750822	0.2191117318166003
0.33240702653356313	-0.14163511028191414	0.219112083579216
0.33240691315226484	-0.14163537259415881	0.2191120377257824
0.33240769485013566	-0.14163477775606462	0.2191121568359417
0.3324071706879726	-0.1416350375012298	0.21911163352099933
0.3324081227255055	-0.14163635730713256	0.2191116505833554
0.33240698524814677	-0.14163557879454747	0.21911156054799383
0.3324086234486981	-0.14163639100909686	0.2191116614031052
0.3324081235218519	-0.14163634949552623	0.21911165105350477
0.3324081348938638	-0.1416362379429939	0.21911165776735045
0.3324081348938639	-0.14163623794299376	0.2191116577673505
0.3324081348938638	-0.1416362379429939	0.21911165776735045
0.33240747249353897	-0.14163560056155272	0.21911190895951776
0.3324080093423162	-0.14163661961857033	0.21911160472998062
0.33240709114260475	-0.14163578379294767	0.21911184294320235
0.3324090392962175	-0.14163685232106155	0.219111498201352
0.3324081348938638	-0.1416362379429939	0.21911165776735048
0.33240747249353897	-0.14163560056155272	0.21911190895951776
0.33240812272550563	-0.14163635730713245	0.21911165058335547
0.3324081348938638	-0.1416362379429939	0.21911165776735045
0.3324077778142532	-0.14163620818518188	0.21911165038213853
0.33240860560131386	-0.14163656607773512	0.2191116508663123
0.332407341265488	-0.14163603793922835	0.21911185257012683
0.3324086056013138	-0.14163656607773514	0.21911165086631232
0.3324079475709659	-0.14163574169298998	0.21911225018860384
0.33240782090466	-0.14163735568997993	0.21911152846280968
0.3324081186293421	-0.14163636678358615	0.21911164892681426
0.3324076298010684	-0.14163639124159627	0.21911129881797692
0.33240762980106836	-0.14163639124159627	0.21911129881797692
0.3324079375243769	-0.14163598439729275	0.2191118987065842
0.3324086056013138	-0.14163656607773514	0.21911165086631232
0.3324081170468677	-0.14163641301038749	0.21911164723078358
0.3324081170468677	-0.14163641301038749	0.21911164723078358
0.3324080036634666	-0.14163667532171242	0.21911160137728652
0.3324081170468676	-0.1416364130103876	0.21911164723078352
0.33240799230563245	-0.14163678672797836	0.21911159467182054
0.3324083151375862	-0.1416374530551291	0.21911153545063317
0.3324079599467731	-0.1416368792405278	0.21911158264076638
0.33240858856475985	-0.14163673318865122	0.21911164080822523
0.3324081056894571	-0.14163652441687927	0.21911164052556192
0.3324069560464752	-0.14163586526342808	0.21911154330779237
0.332407832262227	-0.14163724428348795	0.21911153516776066
0.3324074546481603	-0.14163577562763452	0.2191118984238873
0.3324076127649369	-0.14163655834965727	0.2191112887601374
0.3324081056894571	-0.14163652441687927	0.21911164052556192
0.33240810568945706	-0.14163652441687924	0.21911164052556192
0.3324079866266481	-0.14163684243110197	0.21911159131904837
0.3324071585080852	-0.14163671830491575	0.21911177965567327
0.33240782789148315	-0.1416374312864762	0.2191111870373087
0.3324081000106844	-0.14163658012011587	0.2191116371729121
0.3324081056894571	-0.14163652441687913	0.21911164052556198
0.3324074426964635	-0.1416375070333303	0.21911170175561034
0.33240799230563245	-0.14163678672797836	0.21911159467182054
0.3324080956400792	-0.14163676712180134	0.21911128904175864
0.33240810568945706	-0.14163652441687924	0.21911164052556192
0.33240716986462293	-0.1416366068992586	0.2191117863600282
0.3324085828858187	-0.1416367888922776	0.2191116374554776
0.33240792048923207	-0.1416361515069381	0.21911188864931308
0.3324073279797494	-0.14163738962291456	0.21911117669794708
0.3324074376135208	-0.1416359427361105	0.21911188836690973
0.3324065522003664	-0.14163701454868344	0.2191113820392228
0.33240800657197206	-0.1416365326107974	0.21911170054202636
0.3324071585080853	-0.14163671830491587	0.2191117796556732
0.33240770314951074	-0.14163780500377704	0.21911113447936711
0.33240819039565805	-0.1416378267735399	0.21911148289246715
0.3324081000106843	-0.14163658012011585	0.2191116371729122
0.3324073242302134	-0.14163620504736568	0.21911184251278265
0.33240743761352093	-0.14163594273611052	0.21911188836690978
0.33240792048923207	-0.14163615150693817	0.2191118886493131
0.3324077607785657	-0.14163637529409315	0.21911164032455474
0.3324080036634666	-0.14163667532171242	0.21911160137728652
0.3324081056894571	-0.14163652441687913	0.21911164052556198
