0.3343853754633172	-0.1404782301878245	0.21869788884888128
0.3343853754633172	-0.1404782301878245	0.21869788884888128
0.3344784086288257	-0.14012769535651537	0.218738575979466
0.33459599681129304	-0.13968435054350847	0.21879067586597334
0.3347012477906444	-0.1392107837229061	0.2188470883808995
0.3346607829207636	-0.13807307896090837	0.21896047201805424
0.33468905968443186	-0.13770214293428992	0.21899874125216828
0.3348491639559637	-0.13717082299004726	0.21906017829493304
0.33501567884257694	-0.13662651822920957	0.21912898483348614
0.3352049014458434	-0.13578675668258464	0.21923999639330244
0.3352419177225161	-0.13512877310682359	0.21931110304276205
0.33536960187873477	-0.13444571688257173	0.21935899846296145
0.33550179608210373	-0.1337174851648134	0.21945863287596595
0.3356075908212705	-0.1333370173426473	0.2195155518429249
0.3359989305508411	-0.13221761528058396	0.2196711442981345
0.3363449078606257	-0.13172817678777599	0.21969230759548575
0.3364962379772313	-0.13139237892535693	0.2197004427951329
0.33688654589885253	-0.13069414232844628	0.2197079001224902
0.3372783260910241	-0.13018155356021555	0.21973634932319264
0.3376651302527044	-0.1297424221165726	0.21976511304409718
0.33824394439561273	-0.12917946117546375	0.21978901274404092
0.33874410405005384	-0.1286637137859169	0.21981756865962904
0.33905958258701935	-0.12821851651373228	0.21982929714104832
0.33940851569905367	-0.12786065964394827	0.2197944462656144
0.33989126428145766	-0.12745701475021814	0.219776484629907
0.34045048699655034	-0.12711723848944506	0.21976028370767053
0.3409051798642491	-0.12684588312363232	0.21974694399836606
0.3417266303828838	-0.12649530223636318	0.2196949335076353
0.3423318478705309	-0.126314722636941	0.21963929328473275
0.3426473364818888	-0.12625119803216583	0.21960388767993985
0.34335216227143806	-0.12615846927451374	0.21951390984920574
0.34429777584791427	-0.12617947585536776	0.21928615399282145
0.3445531749289644	-0.12628631057062445	0.21906318592125412
0.3449138866409538	-0.12657392173375848	0.2185302374812775
0.34512241494140145	-0.12697060698209311	0.21814068500041353
0.3453441183278637	-0.1274436690751648	0.21769495077156162
0.34543865942826457	-0.1278407728239923	0.21720839220575477
0.34573795469187385	-0.1281441930854353	0.21673020331007609
0.34623151313022366	-0.12864119736321233	0.2159811577828547
0.34658807018978804	-0.12898686390311637	0.21549769587655404
0.3469632682087961	-0.12955088423404942	0.21488142689577716
0.3473113363352008	-0.1305547914091416	0.21402202998710104
0.347610400572998	-0.13148372483388732	0.2132489542653006
0.34780746900969567	-0.1321158523445778	0.21274838134939283
0.34817746415610273	-0.13336486458216817	0.21178006536118998
0.3484331267943261	-0.1345106720577141	0.21090533197913824
0.34873199024360213	-0.13579849653204146	0.2099582373029662
0.3491706638466553	-0.13767745861214986	0.20861565213552435
0.3495035540773513	-0.13928121989496028	0.207504922664549
0.34968449598974255	-0.1402567303862281	0.20683885212303593
0.3500438352304285	-0.14233760199111772	0.20541410732092358
0.35026185843782526	-0.14360798349585335	0.2045922354332898
0.35070091075883375	-0.14624565261108652	0.20285018009363484
0.3510613889359209	-0.14915873369337312	0.20095927330976657
0.35135743201870956	-0.15138724369329937	0.19957566518349637
0.35154482103290446	-0.15285837455040546	0.19868408049785183
0.35180202703029445	-0.15528003802494206	0.19727413789922899
0.352242936307714	-0.1590852409956649	0.1951415010304129
0.3524539128374069	-0.1611189963463553	0.19404271291597394
0.35281900096756913	-0.16446544881223035	0.19226747396497212
0.3534596441490844	-0.1711834584034701	0.1887851575809388
0.3538228199768806	-0.1753010257850168	0.1867041238347979
0.35411308006746417	-0.1785716963014306	0.18508741505828716
0.35436851046502443	-0.18197604614479806	0.18338358375647526
0.3548474481311305	-0.1876603357249919	0.18059087382732109
0.35527109928266826	-0.19285697689663098	0.17807760848480234
0.35572197319833765	-0.19839050006981113	0.17541934451190216
0.3560536937871738	-0.20301169285979453	0.17320317464015306
0.35637347329908614	-0.20701239280426975	0.17127654950866153
0.35681202028403675	-0.21346266025503358	0.16820012767605316
0.35699401061033353	-0.21630871726492468	0.16684140803741035
0.35739781131479	-0.22212019062131289	0.1640731984745823
0.3578336129992245	-0.22914448972881557	0.16071677294852155
0.35832380581558876	-0.23704141710670618	0.15695608770449332
0.35850028138117285	-0.24007780395628342	0.15549085814919583
0.3589140556085417	-0.24751692824735627	0.15187363275179344
0.3592406459671942	-0.2529255141049943	0.1492481920028112
0.3597224069317852	-0.26049257818949	0.14552411012620287
0.36000450216156576	-0.264039917453591	0.14374675971448164
0.3605423854940717	-0.2718151150947816	0.1399982990512158
0.3607678817705358	-0.2770737411854689	0.1375342544433859
0.3611354116180726	-0.2849520403324471	0.13374763114141813
0.36145293979123616	-0.29003612432470555	0.13106804297277752
0.36181055240814863	-0.29563848656298836	0.12805973493956418
0.362206804967194	-0.30048225058270384	0.1254543098173569
0.3625122679162913	-0.305033741547994	0.12293807866462014
0.36291112332098036	-0.3103297043638727	0.12000181289132578
0.363271286072895	-0.3148596726294972	0.11740623831329755
0.3638103382822603	-0.31958636618808617	0.11484647195084696
0.3645080188676404	-0.32557621720700675	0.11149389803735105
0.3649457513749748	-0.32965106971071045	0.10908285078762131
0.36532551947328934	-0.3338711134597045	0.10650986907499349
0.36565747500647605	-0.3379632133852671	0.1038993734390044
0.36594666490745886	-0.3421189447354227	0.10113526292679265
0.366185795414965	-0.34799098151159874	0.0970799011770454
0.3663636813758277	-0.35190901834653526	0.09432075267970902
0.3665894638017222	-0.35490225262052744	0.09238495817085474
0.36686696883947345	-0.35844060038365494	0.09015019632767585
0.36729586557289184	-0.3634570348469996	0.0869283873060494
0.36754103378518516	-0.3672912091691263	0.08434579819148402
0.3678862321216428	-0.37282017827947594	0.08047980204473076
0.36803569288018306	-0.3747202246476742	0.07907657871858281
0.3682698634849675	-0.3779322187119179	0.07662637401648648
0.3683769939062517	-0.38076537498347723	0.07426217457623607
0.3686873194957123	-0.3857291326427935	0.06984532421724071
0.36871767087664514	-0.3882867785561563	0.06742841285908446
0.3686940853325776	-0.38962089157216345	0.06599292369878468
0.3687614453442504	-0.39175430473840656	0.0637144880445113
0.36880595437715896	-0.3940473961690824	0.060816642374076746
0.36878294523949257	-0.3954065875369148	0.058777719801847594
0.3687864046845707	-0.3971131900247619	0.05566996976776778
0.36874481476009496	-0.3976216353081523	0.0544914901811589
0.3687528310212567	-0.3983222625088504	0.05198230944701504
0.36858170326077805	-0.3984445277002355	0.0501537309694165
0.36837815037938554	-0.398333494586808	0.04817655981265678
0.3682325359848405	-0.39835754892749464	0.047033255446856936
0.3678793737831549	-0.3982310980762794	0.044235663490136246
0.3676333401624169	-0.3981322051699801	0.04243977926329001
0.3673902806791463	-0.39802901585302225	0.0403134867178922
0.36723654787773896	-0.3978922531027846	0.03795891105116356
0.3670918517327707	-0.3977608303193275	0.03595146168020086
0.3669749879424792	-0.3977389653960744	0.034835806522079904
0.36665584048907307	-0.3975062660411724	0.03156102332893668
0.3665631133076724	-0.39742022727080556	0.03032924404429499
0.36647920187156546	-0.39733664440523575	0.027943893174071643
0.36658240633376554	-0.39738913061310205	0.02646133153723562
0.36666697145068944	-0.39748789904391413	0.02498406039527873
0.3666553444156876	-0.39755021431916365	0.023297975849471297
0.36657194150243627	-0.397694013463787	0.020939783470869888
0.36666871768034504	-0.39765368773008386	0.019543160706951224
0.36673273728543887	-0.3977903490158748	0.018103944139172656
0.3667934119052507	-0.39777638961592093	0.017010628899653712
0.3666755141776118	-0.39775692989405553	0.014925987874076674
0.36660516165628054	-0.39786508688852834	0.013301930712957544
0.3666299332324559	-0.39790357987834357	0.011727224235243083
0.36667433355773554	-0.39796135577290137	0.01038726015701602
0.36677833150608075	-0.39802781517946884	0.008572439580920521
0.3668398449713016	-0.3980020428424561	0.007326500048843609
0.3667292717725078	-0.39806096779453903	0.005864134208177496
0.36676217118496157	-0.3981694621210844	0.0038797252067084287
0.3668325985231872	-0.3981770485822156	0.0025807352403942607
0.36692810228195183	-0.3982233357650457	0.0014090959469696962
0.3669235254685857	-0.398251257569309	0.0005936800538992593
0.36684261040781857	-0.3982329453398402	-0.0011121493979717179
0.36675560795210166	-0.39831585933875596	-0.002360298327716226
0.366867402196623	-0.3983866560776226	-0.003594540201452001
0.36696258686649574	-0.39839724644145325	-0.004893985757347952
0.3669292580377976	-0.3984594576676024	-0.005973785718107638
0.36687298646912136	-0.3985081849483528	-0.0075221714886586355
0.3668366503695666	-0.39853337779346726	-0.0083922627331533
0.3668126562971627	-0.39858410715372805	-0.009054746294368143
0.3669584743192128	-0.39864640180096556	-0.010485881721357782
0.36691743587603076	-0.39864300510546835	-0.011795601706575787
0.3668821201303444	-0.39869993971418566	-0.012521545588374983
0.3668473155799513	-0.39877855258275463	-0.013521713222647669
0.36683682230078907	-0.39874590342836475	-0.013961109257475457
0.36668292237392	-0.3988442166529919	-0.015507835533679792
0.3666455178886792	-0.3988580205219264	-0.01598487697222556
0.36659223963770976	-0.39893136948967484	-0.01693971403709832
0.3665883113842359	-0.39895190227294736	-0.017375831152989685
0.3665372284841891	-0.398996852715526	-0.018178962854826897
0.36644180348989003	-0.39907863335720867	-0.018799766178406674
0.36638458624725856	-0.3990578251682761	-0.019261300879995058
0.3664161775200735	-0.3990599246369852	-0.019878791297385623
0.3663965245111994	-0.39914808653876327	-0.020358732527667067
0.366370350756094	-0.3992282540276189	-0.020912223107948713
0.366406677429883	-0.3992349097190298	-0.021265073011676794
0.3664051109697779	-0.3992626529567884	-0.021594658971745173
0.36646359517930377	-0.39929450574825254	-0.021874587166238912
0.36675480746224737	-0.3991693022846601	-0.02203794982099061
0.3668855441753997	-0.3991051200765416	-0.02209133446901551
0.36724221014417635	-0.39923693417035855	-0.021951987523160466
0.3675714791292387	-0.39953533893248905	-0.021660153850417974
0.36782421114557146	-0.3999004064224757	-0.02131242224982799
0.3679539842800921	-0.40003982122067444	-0.021177049685411398
0.36828535113816474	-0.4004475068417196	-0.020780821621619205
0.36834056474032	-0.400604494597752	-0.02063631762287549
0.3684255752181056	-0.4008402917543643	-0.020415567346843744
0.36854212582425727	-0.40115239100258776	-0.020126164208922548
0.368699453072048	-0.40152050422981334	-0.01978206191120996
0.3688729242008101	-0.4018206849796814	-0.019494897869516692
0.3689768939425438	-0.40204681856604135	-0.019284527698804232
0.3691410771226645	-0.40237768094851045	-0.018975743079089613
0.3692381302589325	-0.40283103484110794	-0.018675099311612098
0.3690986701737222	-0.4034032816735828	-0.01856707430169907
0.3690336624073512	-0.40374690145925596	-0.01849626818314032
0.3690199778492351	-0.404316738819518	-0.018343730654167334
0.36922756517514405	-0.40522202240258887	-0.018037595819537233
0.3693516672597549	-0.40569835845349567	-0.01788475976475795
0.3695134361591659	-0.4057338869074332	-0.01786944816889202
0.3697931724178764	-0.4057429690638267	-0.017864341710603804
0.36995379652119426	-0.4058639132342274	-0.01785435800204105
0.37000973125152237	-0.406148948855078	-0.017825878302488718
0.36995807899327643	-0.40679887640828993	-0.017635785481768418
0.36997692582829544	-0.40731454956974056	-0.01750331634723934
0.37004684424997886	-0.4079523151089662	-0.017310403567820376
0.37006893599078383	-0.4084736950486041	-0.017168064063765753
0.3701194201976575	-0.4086697499320539	-0.017103696466022056
0.37020749261286634	-0.4088318170766631	-0.01708174963740655
0.37021819967725744	-0.40925929164964314	-0.01696622377185908
0.3702590516617158	-0.4097492506218903	-0.016831537869563595
0.37031925944510596	-0.4103271395326492	-0.016656644456704395
0.37031868191072753	-0.4106588841563603	-0.016582585936682992
0.37026473075571836	-0.4112838162001484	-0.01644336762811227
0.3703133572725949	-0.4113905476994671	-0.01644385397927528
0.37032789775216945	-0.4116720322347876	-0.01636530583685364
0.3703883631506412	-0.41217579084633976	-0.016207062572527242
0.3704234009255505	-0.41269196511518463	-0.016060707866952795
0.3702791791009189	-0.4132676908279113	-0.015953146942157936
0.3701150898451452	-0.4137000218210086	-0.015866624817793273
0.3701183202707826	-0.4141912086302589	-0.015697210347410062
0.3701029111529098	-0.4144024156677105	-0.015646903614172036
0.37012450974380934	-0.41476609703433664	-0.015537861910652928
0.37019647027276975	-0.41543990520651203	-0.015317987221290241
0.37014313261071075	-0.4158594815881478	-0.015218639211629859
0.36988403071303655	-0.4163292128398829	-0.015118890000074436
0.36982795821382186	-0.4167563955759653	-0.01500112909343132
0.36993479751386754	-0.4170339572993427	-0.01484545528865433
0.37011707579439757	-0.4172319321340418	-0.014651446528124945
0.37023582744200767	-0.4173647786444605	-0.01452461642414471
0.3701833217129926	-0.41782698059482665	-0.014360294057733924
0.3699696712429061	-0.4181551349610929	-0.014284736896148342
0.3699086160940193	-0.4183817219063962	-0.014183840796372638
0.3699078201669691	-0.4183977247192184	-0.014177649624505628
0.36990803761593105	-0.41840029788053534	-0.014176597417669579
0.3699053106471175	-0.41840513023473147	-0.014176933716516793
0.36990581989917476	-0.41840617989407375	-0.01417711221691853
0.3699056788711723	-0.4184094391580224	-0.014177956325407026
0.3699052359258879	-0.41841006509487255	-0.014178749288269343
0.3699044035388277	-0.41841087513427305	-0.014180386429472835
0.36990285061275785	-0.4184099377127751	-0.014181630888610464
0.36990452847333927	-0.4184076317019909	-0.014182080005558761
0.369900902211138	-0.4184078036985262	-0.014185024740899943
0.3699005756016658	-0.41840502158263143	-0.014186361418976445
0.37000621537188755	-0.4182878747907354	-0.014108981561120448
0.3700450777473688	-0.41818409891041486	-0.013884851991146308
0.36998734958171187	-0.4181138023249381	-0.013044848771966322
0.3696664578344007	-0.41802492031587335	-0.011054861963853246
0.3694915745899173	-0.4181220828731659	-0.009243927591080114
0.369384274234078	-0.418548618351157	-0.005309167632875145
0.3692833312595353	-0.4188944388655473	-0.002013266763534416
0.3695089445155909	-0.41932872210500255	0.0021632334959983957
0.3696712597304096	-0.41979380016386364	0.006568893920974761
0.36975448281801054	-0.42003125190479945	0.009069852707194404
0.3698104185652016	-0.42057416112253637	0.0154069459603145
0.36994811367686176	-0.4210510692057418	0.020588946537374198
0.37006314918458827	-0.4214923202499643	0.02670666304936059
0.37011685958493434	-0.4218775660332641	0.03260162755390977
0.37018805758019513	-0.42239930918032176	0.04039294094149881
0.37023247683784777	-0.42268231810414836	0.04471565690174728
0.3703444259587611	-0.42311393329482094	0.053020980306143106
0.370396168496185	-0.4234255538418193	0.0595686398884942
0.3704700791228692	-0.42372118065558073	0.06980045300161825
0.37048172614911995	-0.4237880337402371	0.07395212287937619
0.3705375616053303	-0.4239548948063824	0.08268350469970703
0.37064070674438465	-0.4239915119742532	0.08971364112102315
0.3706748828755316	-0.4240060165040578	0.09460190090239834
0.3707786128608547	-0.42385265600729893	0.10440320452382235
0.3708521885576723	-0.4234990151747046	0.11538224611422598
0.37090506685586344	-0.4231364483720282	0.1223696423416406
0.370957432612044	-0.42289131954341547	0.12656428396275643
0.37098753511533517	-0.4224231613360473	0.13281776236260878
0.37106461135300195	-0.42148707804626195	0.1427586257410804
0.37113858927840626	-0.4207321058616286	0.14903800865164585
0.37115667318062484	-0.41980262287839676	0.15573303323901005
0.37120471118305515	-0.41812889454876484	0.1651153400768868
0.37124509998021016	-0.41743293394445186	0.16848431311734863
0.37129580679885665	-0.4154201995807235	0.1769321970911254
0.37131618053471455	-0.4139134612662773	0.18209776768929248
0.3712946586848169	-0.4129232304420365	0.18496766845345813
0.3713250516597411	-0.40989965146895807	0.19276097020137958
0.37128170010135786	-0.40666271647528807	0.19919081416273543
0.3712570153597232	-0.40446457455112433	0.2027201214444464
0.3712299280606179	-0.40166510139005696	0.20660974249312555
0.37117381974362357	-0.39862257329628514	0.2099530271706284
0.3711457209232027	-0.39675818098030763	0.21166887494449949
0.37099296605330556	-0.3919525669187105	0.21558677855107317
0.37082501183718747	-0.3881747393354019	0.21813784175003254
0.3704797723121657	-0.38274091056365267	0.2214486230107219
0.3703760094521521	-0.3801139031812734	0.22293513170937287
0.3701338649776406	-0.37402729253302947	0.2259490909507314
0.3700096563935881	-0.37082241085048206	0.22740418832193268
0.369648326108971	-0.36387480768581826	0.23039216909077287
0.3694278275423186	-0.35825822818866	0.23259662100802114
0.3689801112325741	-0.35174791119506804	0.2351838871634876
0.36872334202478746	-0.3467971342044996	0.23697082116039853
0.368691020283577	-0.34359612047094196	0.2379715636600095
0.3687383227395225	-0.33681927935407246	0.2399207873829705
0.3687648840084734	-0.3326064409379483	0.2410110099113078
0.3688854765094642	-0.3254823428107375	0.24256533056744717
0.36893554704361664	-0.32114047114045335	0.24335066007232747
0.36902406899671863	-0.31641590808107933	0.2440809929609059
0.36909047737198886	-0.31363449208938593	0.24438195997117682
0.3691449466999208	-0.3095351965781885	0.2446835432700087
0.3692670909958805	-0.301999800584594	0.24497033335122229
0.369465281162528	-0.2972922906337089	0.2449115687146659
0.3697964587752521	-0.29127204404388973	0.2447500073151826
0.36990794384375797	-0.286566814150997	0.24429860542670256
0.3698503125280648	-0.28144656562659215	0.24355989699982314
0.3698232163867626	-0.2742840535256926	0.24254712422340952
0.36980109120882904	-0.26864324682469803	0.24167076225597256
0.3697727596900527	-0.2651314785497861	0.2410626222173335
0.3697014964327574	-0.2582540992176652	0.23978850710245633
0.36949710935069957	-0.25226235011692366	0.2387197280067897
0.3691898596282384	-0.24625869175717635	0.23774165791792928
0.3687696758919774	-0.23986113026879047	0.23681545538918983
0.3683313128982815	-0.2329406242828862	0.2359651768241321
0.36777164386826533	-0.22350183221903852	0.23483894389989673
0.36724244721273447	-0.21603595586321228	0.23441989631969298
0.36666851094748026	-0.20851562632597737	0.2342260714952642
0.3663280297801483	-0.20447651018716917	0.23428701305686556
0.36577691690759645	-0.1976616362610213	0.23443576698497262
0.3651393843453055	-0.1899606127547887	0.23480554796
0.3644087175249461	-0.18099122412263102	0.23515227052518356
0.3638376473960756	-0.17447264533284151	0.2354648186316171
0.3630289513295608	-0.16542755246083662	0.23591438374833715
0.36229749108352244	-0.15732004311364467	0.2362602794157251
0.36172497911413587	-0.1508404743391493	0.23641334681937737
0.3614063214043424	-0.14743332939901257	0.2365049611360619
0.36063271451325357	-0.13927807372227313	0.23675633779357164
0.3603603729661158	-0.1361219176360136	0.23678197062276424
0.3598438683932506	-0.1305254680085529	0.2368712771803118
0.35888913428817376	-0.12039480756242336	0.23701928567758154
0.35859849742778716	-0.11724292230485613	0.23705655384637
0.35803658568271907	-0.1114370205355645	0.23703281447731345
0.357667233846821	-0.10714704000193266	0.23700003299428393
0.3573826532152894	-0.10371247334912188	0.23690510369653042
0.35713586614536647	-0.10078896172728859	0.23677982258604252
0.3569821660668413	-0.09895839241736916	0.23667847073712406
0.3566250422020556	-0.09483043148418054	0.23655613754893556
0.35628874127623866	-0.09163887321337631	0.2366946015173932
0.3560943242838368	-0.08990888883768942	0.2368942167110214
0.35595920572844336	-0.08856835197344538	0.23703320190690488
0.3558784635994812	-0.08793118994950518	0.2370136709614779
0.355819131865873	-0.08717966122311906	0.23712045852357935
0.3559070655348354	-0.08665370609860423	0.23740351042345695
0.3560186790063125	-0.08634016082046954	0.23756410150542326
0.3560725764390826	-0.08603966777773718	0.2378002624110567
0.356125683655825	-0.0857967877310953	0.23798835443298105
0.3561766282826836	-0.0855961427596935	0.23812651806106422
0.3562266057435469	-0.08543211121835657	0.2382468479623333
0.3562585482606343	-0.08516660537966252	0.23848807306134354
0.35623782885064287	-0.08499786528708918	0.23875411167671218
0.3561498346734147	-0.08485533819518577	0.23897438107005545
0.3560558282494211	-0.08470809477856768	0.23920473024964628
0.3560212773517026	-0.08460059727141832	0.23938166236795055
0.35610115994187225	-0.08441323207967093	0.23973482239341826
0.3561295267764778	-0.08431890810708388	0.23991018952297205
0.3561524279905763	-0.08408749679999995	0.2403229434569112
0.35616277475378294	-0.08387173473235852	0.2407031227142175
0.35607043072121947	-0.08369339251784931	0.24097891062747792
0.3560130010176183	-0.08356782365967515	0.24116744090412073
0.3560441729322261	-0.08339500589255795	0.2413996760791997
0.3561067373554394	-0.08324890405676537	0.24145385707367434
0.35614550416532054	-0.0830900729045415	0.24158180161963314
0.3560732434000124	-0.08293477172216455	0.24179628212568904
0.3560727122405025	-0.08293537146027154	0.24179472257351622
0.35607258239620027	-0.08293751215804006	0.2417925081023816
0.3560725596774549	-0.08294116369112796	0.24178665040663286
0.3560735283110004	-0.08294666314315409	0.241778993511276
0.3560774608375673	-0.08295654884258062	0.24176477331086466
0.35608050063946206	-0.08296457242625709	0.2417524047202808
0.3560808638724701	-0.08296736264740363	0.24174710580239328
0.35608198961631093	-0.08296997159345136	0.2417459534399382
0.3560815197341812	-0.08297209671552648	0.24174299558626886
0.3560814038549812	-0.08297247174823268	0.24174255260267985
0.3560808161898344	-0.08297323830106777	0.24174181804775186
0.3560809720815409	-0.082974332277594	0.24174222729017467
0.35608100084405536	-0.08297347710352916	0.241742498487412
0.35608097627303875	-0.08297390277142087	0.2417421049117745
0.35608101198208525	-0.08297320989009539	0.24174362306218217
0.35608125967945276	-0.08297335043526517	0.24174388568153976
0.35608117336696066	-0.08297344196414909	0.24174411985314243
0.35608109590501374	-0.0829739408843884	0.24174471423484128
0.35608113474502406	-0.08297308488727971	0.24174463380122274
0.35608093853348516	-0.08297370330409536	0.24174435140443656
0.3560810224152544	-0.08297321794589425	0.2417444793110838
0.3560812976961714	-0.08297326648654114	0.2417448389997952
0.35608101234507766	-0.08297321878547788	0.2417448309417658
0.356081226213534	-0.08297335116070555	0.24174474068759522
0.3560809723471813	-0.08297326713648874	0.24174481508742418
0.3560820944296839	-0.08297400788189345	0.24174532044111213
0.3560819013800634	-0.08297387910558514	0.241745428343882
0.3560812970668025	-0.08297452227000603	0.241744528458646
0.356081615103335	-0.08297264160987948	0.24174669011680833
0.35610018831744067	-0.08292278715990513	0.24179089348082383
0.35600633825677125	-0.08231834556102537	0.2420591885728046
0.3558670239919439	-0.08153101928853003	0.24207861443672798
0.3558253354889396	-0.08122195779541931	0.24208342672501498
0.3555776678861433	-0.08017367764561119	0.2422692362610913
0.3554451311019393	-0.07943765623004996	0.24230568535544256
0.35541273363408954	-0.07891538385356163	0.2423172804870461
0.3552595345656969	-0.07743676839581802	0.24252997976078705
0.3551603199457913	-0.075773004146256	0.24278246518710175
0.3550689908588822	-0.07450685479162712	0.24289265382144207
0.3549859028810634	-0.07353440241671234	0.2430517559547812
0.3548646637597354	-0.07169286661715919	0.2432488254336892
0.35474758046641836	-0.07014355744289576	0.24349057513856134
0.3546370156659666	-0.06840988521465184	0.24365392274458972
0.35447353958822875	-0.06619641137379155	0.24396218117107796
0.35438570808790054	-0.06471599552966732	0.24405328451657884
0.3542934807996883	-0.06366073482004493	0.24422543725026194
0.3541299813939024	-0.061185936980262076	0.24448599653593342
0.35405436104783017	-0.06002835733587804	0.24465063304788415
0.35388583990719075	-0.05737118629658956	0.24494450430219172
0.35375873169153954	-0.0555150917202087	0.2451530123258166
0.3536143049278388	-0.0535695432854187	0.2453413807647919
0.35347892855830243	-0.05183062259373909	0.24553792445298378
0.3533753313354519	-0.04977673362470021	0.24575083705539755
0.35320092144495097	-0.04715899391737079	0.24597173854774187
0.352963742814006	-0.044407758667407135	0.24634578332904083
0.35288985666575273	-0.042421132250911445	0.24646841115270704
0.35274767227512277	-0.04107535798500099	0.24666450074221097
0.3526015053916297	-0.03839385672601607	0.24686245801326093
0.35246965310915357	-0.03689816749938819	0.24705902405458685
0.3523510784144892	-0.03449643169203033	0.24723790842475163
0.352170733139944	-0.032345043925169806	0.2475108790416722
0.3520432271013207	-0.030500284440911837	0.24761484611502088
0.35190264033641117	-0.028508794460274198	0.24782650864360473
0.3517839035492545	-0.026240801026478536	0.2479994674607793
0.3516653329601436	-0.025066219162259748	0.24814521649514057
0.3514849795447609	-0.022293288127540847	0.24840418797544372
0.3513338238883693	-0.02017955008498111	0.2485793093266106
0.3512488402333637	-0.018795752337830998	0.24872162573030823
0.3510919561396134	-0.01628331352422456	0.2488511235720353
0.35095053185853575	-0.014652212884858642	0.24905459158966753
0.35084321136202884	-0.013024072059243566	0.24920144907979352
0.3507652983747651	-0.01137264306901968	0.24926539016472715
0.35058338153629687	-0.009106288188319892	0.24952726955640128
0.3505415379702774	-0.00819397381788163	0.24958387625361303
0.3504196054667638	-0.006385630688019797	0.24966156111270835
0.3503960213018015	-0.005439850295456031	0.2496942315704955
0.3502753124458755	-0.003899055458051484	0.24989371908699598
0.3501322073619889	-0.0025418371237618392	0.2500274893265354
0.3501247141163146	-0.0015331657461237352	0.2500946836183492
0.35006480786506483	-0.00046884522401348383	0.2501156309167229
0.3499981420405121	0.0005492013829306169	0.25013419928789593
0.3499567345093338	0.0014517175826665035	0.250196350996672
0.3499879873019021	0.002358830789739655	0.25005015872719943
0.35002290024086363	0.002725426021926089	0.2499480245344033
0.35007122717607897	0.0034105434242264615	0.24975404751016717
0.35013416184520035	0.0037932769005978167	0.24963284489039708
0.35014750108586357	0.003812791304291255	0.249574916318629
0.35014845030834474	0.0038137167293062074	0.24957441214806703
0.3501492533434943	0.0038117763239822605	0.2495735474311337
0.35014822871511564	0.0038097159871884195	0.24957361160601607
0.3501487460777097	0.00380423658573506	0.24957337868721327
0.3501485275567631	0.0038016176800040186	0.24957328581354865
0.350148817667087	0.0037966924215409453	0.24957161463497785
0.35014912072530924	0.0037929938932357993	0.2495707730702769
0.35014914524320867	0.00378757548859697	0.24957118748079155
0.3501490928607435	0.0037839879241457625	0.24956910288109938
0.3501512606807071	0.0037762004645365416	0.24956633040448037
0.3501519948136168	0.0037728142653414704	0.24956468441092095
0.3501531851028351	0.003769399208863475	0.24956197662723442
0.3501537973152918	0.0037667416459283704	0.24956081095502558
0.35015499551769724	0.0037650777330491686	0.24955993590059042
0.3501558334962833	0.003764158461297698	0.24955970057502525
0.3501572237921722	0.003761170630050256	0.24955709161398565
0.3501574767127063	0.003760954810342179	0.24955647834704106
0.3501588414229263	0.0037597182848174843	0.24955579405003156
0.350158887748508	0.0037602431462765012	0.24955610416093393
0.35015978387931246	0.0037588444009405003	0.2495546237697116
0.35016011031099453	0.0037596350688317987	0.24955462484350593
0.350159734452843	0.0037587856247900536	0.24955488695337483
0.3501600248790373	0.0037587865774379864	0.24955497358970805
0.3501607788602339	0.0037585012239452625	0.2495541361700324
0.35016081477147737	0.003758975409987056	0.24955441925464736
0.3501603876137087	0.003759066153621801	0.24955438005577632
0.35016101346326556	0.003758237123318367	0.24955444459906445
0.35016137112898105	0.003758314170154556	0.2495554891953307
0.35016105002710324	0.003758749024718691	0.24955478728670427
0.35016133778434677	0.003759029031800129	0.24955448349801584
0.35016062213038235	0.003759183820650505	0.24955470988708628
0.3501615745977892	0.0037588613951831246	0.24955486830206725
0.3501613356592708	0.0037590877795013883	0.24955452180437088
0.3501613908974088	0.003759087809353065	0.24955419878284552
0.3501607209297023	0.0037596722405764532	0.24955467519761704
0.3501606744698441	0.003759309065673025	0.24955498084715855
0.35016145185819914	0.0037591861090008477	0.2495548044113794
0.35012492869066936	0.003783102545915948	0.24976451621129028
0.3501518109696565	0.003767476943462203	0.249640037191082
0.3501565275505392	0.0037669257377076354	0.24961327842049671
0.3501585011146854	0.00376496869948921	0.2495952432852109
0.35016184308064474	0.0037614634107439177	0.24958265029639704
0.3501625435826489	0.003761338917249904	0.24957850144224397
0.3501637110656191	0.0037590380611828983	0.24957442120816398
0.35016349168471156	0.0037596699924128812	0.2495714328028295
0.3501631817125232	0.0037602542231479213	0.2495691376747028
0.35016738500815675	0.003759885604276217	0.24954431812108613
0.3501899258962593	0.0037598215594564915	0.24941003687763547
0.35019039642011723	0.003761924169943545	0.2493962134054847
0.3501929776933327	0.0037597700020292196	0.24938934318710737
0.3501924343257012	0.0037604288227201382	0.24938760518953387
0.35019239844430156	0.003760590689872015	0.24938518742733035
0.3501926013076314	0.003760857569248835	0.2493846657116006
0.3501922599073358	0.0037606639735246056	0.2493847296404661
0.35019203277200817	0.003760883266151996	0.24938434036176862
0.35019236582858654	0.003760015609634723	0.24938310430779947
0.35019233280278506	0.0037600201381452897	0.2493824704718645
0.35019200309700255	0.003759784969628685	0.24938176691807737
0.35019181778108904	0.003760985163530614	0.24938229377408472
0.35019222058252314	0.003760908428639201	0.24938267324567456
0.3501924208409669	0.003760215255305552	0.24938179549145084
0.3501918670275821	0.003760134003775298	0.24938153767309337
0.3501913629505532	0.0037601484895663645	0.24938172005993098
0.35018139391797576	0.003766939733812938	0.24936892685955717
0.35021878362663034	0.0037380935956768807	0.24918329784858223
0.35022051247055885	0.0037373696820160868	0.249202037540385
0.3502190524850296	0.0037383687581248465	0.24922329707144317
0.3502160208433409	0.003741257917128357	0.24928745634456814
0.35019390807314366	0.0037596130955603463	0.24934844963501193
0.35019314344908226	0.0037594986504421585	0.2493579385271395
0.3501913621963547	0.0037607957597211167	0.24936316893569793
0.35019040801039436	0.0037615449153172303	0.2493665641464222
0.3501676161470323	0.0037810676119599956	0.24942171516336695
0.350168458429991	0.003780853650767732	0.24942475548026324
0.3501691426754131	0.003780271344516098	0.24942460979792036
0.35017093704805746	0.0037786798770464564	0.2494210949900267
0.3501713428498087	0.0037776703930063743	0.2494210753076278
0.35017318876551445	0.0037762143344174798	0.24941583060768283
0.35017401899531225	0.003775177601725674	0.24941466569157592
0.35017560016764243	0.003774109788193966	0.24941254736938148
0.35017658297186594	0.003773733306457208	0.24941203300190903
0.35017733636101156	0.0037722621811089457	0.24940986116736344
0.35017804277753456	0.003771719489385053	0.24940818239771756
0.35017878550887965	0.0037707353109154435	0.24940793079533144
0.350179169358801	0.0037706730122407522	0.24940631412354392
0.35018035899613703	0.0037696587797747677	0.24940494187448528
0.3501811259536201	0.0037696210856567464	0.2494044691146598
0.3501813391099295	0.0037687991438007523	0.2494034908257598
0.3501815489888509	0.003768433204505886	0.24940230172449745
0.35018222126376325	0.003767984304070507	0.24940131376797942
0.35018227074253283	0.0037684221944137702	0.24940069355528388
0.3501830309808956	0.0037673362406107497	0.2493991723781352
0.3501837781278506	0.0037667586638752554	0.2493973946508614
0.3501843280907374	0.003766594819368932	0.24939681618140078
0.35018583258931457	0.0037654588414045703	0.2493954571884263
0.35018487459051784	0.003765591886085398	0.24939650240294814
0.3501482037019634	0.003768543388453602	0.24949157663096663
0.3500216538832437	0.003623519839687353	0.2497314699602882
0.34998948308636085	0.0031070906799191417	0.24980216019835172
0.3499731987287172	0.0025056334884330372	0.2498378625356804
0.34994995502263504	0.0014263477172803823	0.24984800054963036
0.34990919475820237	0.00030214867459417427	0.25005642451715626
0.3498447048998138	-0.0006717377015678788	0.2502560495923578
0.34971822635940203	-0.0016813597462417146	0.2504895211536033
0.3496344392950122	-0.002333458046400824	0.2506350434444846
0.34950040763232537	-0.003985572630647763	0.25109528443413665
0.34942856605061096	-0.004744470773419954	0.2512528006560131
0.34930234323840764	-0.005916900442374598	0.2515204139746007
0.3493017146974574	-0.00798966382112716	0.25158292052736664
0.34931496171129633	-0.009533609334987439	0.25152677209123536
0.3493336091536244	-0.011176033071769911	0.25151242710208094
0.34937574144442	-0.012811305004416282	0.25149469254824963
0.34939701269771595	-0.015404884493137913	0.2514479840759489
0.3493693240502765	-0.01655207496607662	0.25147089667255995
0.34936464372772225	-0.018850422473032216	0.2515871796828928
0.349352003103758	-0.019958829580182705	0.2515896683433995
0.349361082164856	-0.021818197949175125	0.25159078277875985
0.3493635662873611	-0.023977110804556404	0.2515891095614863
0.3493513750315192	-0.027171616411125657	0.2517182449355383
0.34935298845270396	-0.029278861516763552	0.2517114678499232
0.34932966441344854	-0.03136077213669965	0.2517667011539803
0.34934841016125656	-0.033512748749801244	0.25186871301856356
0.34934393799536506	-0.035509003683537085	0.25185051287803256
0.3493433413112524	-0.03688055318294202	0.251884028227617
0.34935083991222005	-0.0408779968496817	0.2519851025400714
0.34933584898586045	-0.042862906090625666	0.2520028190039614
0.34934096186611147	-0.04520689619659833	0.2520438947589755
0.34934868282320125	-0.04736827137087861	0.25206156576202804
0.34932676681713676	-0.049700945224782286	0.2521395522327265
0.34936795902336004	-0.052000385970045596	0.2521627688320263
0.34930999150576686	-0.05414241885578121	0.2522439295391083
0.3493364446886688	-0.056403520688678196	0.25221664475657113
0.34932106649749967	-0.05873048210833169	0.2523169854373366
0.3493291390924361	-0.06091680415626309	0.25229189556351234
0.34931073619911046	-0.06386372541206621	0.2523638911610945
0.34932895105373807	-0.06519131794522771	0.25235533168318725
0.34929670857561956	-0.06811323132763293	0.2523864943409597
0.34932778269842235	-0.07022978167004425	0.2523618691199984
0.3492766016728374	-0.0729765891090536	0.25241098829190783
0.3493119267255578	-0.07494686937961696	0.2523567781056877
0.34928440606660377	-0.0770240284869068	0.25242892688037366
0.3492694989618096	-0.07874844928199824	0.2523584210757881
0.3492536044143478	-0.08107932217035009	0.2523783807233745
0.34921856154540193	-0.08364070784386841	0.2523559101375728
0.34923358314896713	-0.08548691780971542	0.25234979670473345
0.3491995673149042	-0.08657057560903016	0.2523179027409457
0.349170420546572	-0.08909244848253318	0.25228102094999527
0.34911205380271565	-0.09136083416150796	0.25224442075271813
0.34912185980340005	-0.09240999890379663	0.25218955977043744
0.3490926392115834	-0.09458231808014476	0.25221089857954737
0.3491164352119725	-0.09541448784225028	0.25221048873988533
0.34912849980039	-0.09740751509703112	0.25213958043977475
0.34907329091478395	-0.09888406028282225	0.2521323759455302
0.3490784487453978	-0.10017637699070146	0.25205024215292104
0.3490560466650521	-0.10142544452235129	0.25198670848368193
0.3490198666534759	-0.1027097677926201	0.25185199831635563
0.3491192370737233	-0.10441012073613636	0.25167669990664365
0.34915374703950497	-0.10565451229727439	0.2512025328921763
0.3490718830321461	-0.10634610400044546	0.25094209121966626
0.3490145913531581	-0.10789176681526864	0.25051724849382695
0.3490723632764954	-0.10967287858677106	0.24985136516517548
0.34906909363215277	-0.11060500958370116	0.24944033773622587
0.3490731672931251	-0.11221641151917648	0.24860936884506457
0.34910455773716487	-0.11338343895205165	0.24802918239025395
0.3491307338704907	-0.11464456178432463	0.2472962249669113
0.34914961717661613	-0.11578605854807537	0.246603110690156
0.34917764663530104	-0.11710396727824347	0.2457164936691132
0.3491756969669344	-0.11884456587173732	0.24451313354357668
0.3492357737057703	-0.1200073566376234	0.24368188960706463
0.3491782022237966	-0.12093307650173958	0.24293462357638687
0.3490824392583159	-0.12202085858179455	0.2419125149270625
0.34901993242881535	-0.12262283528588598	0.24143214822539805
0.34887392659150324	-0.12365606455163657	0.24063216077394947
0.34860357562205396	-0.12515161851883644	0.23970702436054853
0.3485032181079923	-0.12552951536246282	0.23953447222629054
0.3481691713609086	-0.12625262992611902	0.23936331601391306
0.3477828945672406	-0.1266584033400629	0.23941909545928144
0.3472984472092505	-0.12687139710606382	0.23966431383422354
0.34699260339681903	-0.12688730544442794	0.23982495933998246
0.3458601413251828	-0.12666524422977082	0.24054263813030702
0.3451820029859777	-0.12637818195689632	0.24099788935576005
0.3437022134143107	-0.12561437465356012	0.24192303043362212
0.34285129942829345	-0.12515985963524462	0.24240330523942422
0.3412844628359535	-0.12440782551854503	0.24342536861355707
0.33954659638462653	-0.1235238354231581	0.24461338788508155
0.3376379094789898	-0.12255615323061671	0.2457045118034841
0.33653871093262033	-0.12195659195998655	0.24631752533248497
0.3341557635614339	-0.12081106585382843	0.24741292984556393
0.3324011556027117	-0.12012491299794385	0.24800615723639768
0.330678490313512	-0.11948706963868894	0.24849884053373789
0.3284326118141577	-0.11875118537240452	0.24892399426621548
0.32738830626122306	-0.11845088630628287	0.24903138154326226
0.3252281287015037	-0.11795682313055146	0.24909946156597162
0.3237599343427177	-0.11774341914377096	0.248952737659891
0.32292180593666	-0.1176871039459835	0.24881955999731178
0.3218862994949607	-0.11771328486903862	0.24853838785143817
0.3206381845407101	-0.11785820573374405	0.24799864783913128
0.3196780001231128	-0.11818293176519525	0.2473769412689278
0.31908784195816187	-0.11858890776171889	0.2466911937334841
0.31860081574726334	-0.1193899656635973	0.24560139921485893
0.318509796381127	-0.12000436962638551	0.24497611874842018
0.31865360548712895	-0.12069537331748569	0.24423229426150425
0.31923389564542	-0.12161083421144643	0.24315737701431622
0.31952174910037984	-0.12226169031420964	0.2421771550494341
0.3199354368439418	-0.12289706581481818	0.24136034336856327
0.3206495480645278	-0.12379125893517419	0.24027190512382685
0.32123142000073557	-0.12437163865822379	0.2395891041281793
0.32143154707632926	-0.12469677243082541	0.23912465590776372
0.32184742403262484	-0.12533544822472664	0.23825439880761018
0.3220036375361932	-0.12556656422589044	0.23787633607224978
0.3224204330252487	-0.12610346450564913	0.23707686774233738
0.3226145002526248	-0.12643715238799283	0.23641449607171353
0.3226457797270273	-0.1265183445075322	0.23616744611442453
0.3227766600719101	-0.12667763056875286	0.23582378801835344
0.32307932209949164	-0.12695964676915494	0.2355194293782013
0.3233591798432559	-0.12718650299079454	0.23525636497016725
0.32382053535580496	-0.12771661172269716	0.2346360512814345
0.32410196539826813	-0.12796166495117162	0.23428411397340523
0.32437181248326474	-0.1282571564543329	0.2339616689923823
0.3246515294246356	-0.128519212229547	0.23367380195243717
0.3247706230193989	-0.1286853096495601	0.23347745774259984
0.3251275260094341	-0.1290281790517631	0.2330290808826468
0.3254040828397491	-0.1293496866848896	0.23260652931733966
0.3257053205960816	-0.12961464505882253	0.2322816169306102
0.3258384264727762	-0.12980354503192648	0.23210760221716203
0.32607446221828645	-0.13030742678687596	0.23165964956060708
0.3262075761111535	-0.13051721789829399	0.23144743797643738
0.3264615292517246	-0.13095231622695275	0.23099246725997685
0.32659280233104204	-0.13118982298725748	0.23074458265202702
0.32690873323671765	-0.13166666524974646	0.23028077621087562
0.32708227658218736	-0.1319717956144743	0.22995967065057416
0.3271845741746202	-0.13213707840750483	0.22979075941289662
0.32735333709760606	-0.1324406413699997	0.22946732520828664
0.3275123869083111	-0.132723708887309	0.22917771609896476
0.3278623895110379	-0.13301672775022164	0.22869841795451393
0.327977047441756	-0.1330953903121046	0.2285175772442134
0.32828494230581745	-0.13328912373792823	0.22814220941418906
0.32842834481347943	-0.1334181375977231	0.2279420462197522
0.32858868566280847	-0.13375416943925666	0.22756905960702226
0.3288014736477119	-0.13413380896154092	0.22718757686858154
0.3289801071160031	-0.1342798146322455	0.22691655012574277
0.32916343652741886	-0.13440383910060322	0.22666372289897607
0.32935234570529703	-0.1345470750598554	0.2264246562861311
0.3295107796346783	-0.13469675416796784	0.2261682811829437
0.3297256125681694	-0.13507667249923533	0.22577661218277645
0.3298841986934202	-0.13533878962926776	0.22552803450359898
0.32998639527427237	-0.13556866350818075	0.22524212913896818
0.3301628574976393	-0.13573225996970062	0.22497375781364928
0.3303259751342836	-0.1358698747719323	0.2247767516074627
0.33055596281830646	-0.13626480724587722	0.2243804531151612
0.330657208117883	-0.13647112454002852	0.22416549433701521
0.3307487215000775	-0.1366387926642024	0.22400380012620935
0.3308778245767638	-0.13694346111619743	0.22374252477534984
0.3310692510864156	-0.13718550027914317	0.22340060650666344
0.33115252195137745	-0.1372673613709135	0.22327014771045184
0.3313997881614614	-0.13774618186125065	0.2228128992452275
0.33147537984618825	-0.13791227833772926	0.22263325286250876
0.3314503647356369	-0.13797534768728492	0.2225344940242257
0.33136080315304933	-0.13809398275911028	0.22235049020933056
0.3312420867621223	-0.13825725802383818	0.22210414113532276
0.33119515553029977	-0.13833620605969688	0.2219908680678565
0.33106759905191563	-0.1385562663535992	0.22167276175482292
0.331013234659421	-0.13862071248670146	0.22156729858237356
0.3309527618019936	-0.13874808962610613	0.22138730320776928
0.33091378540275723	-0.13884505987663776	0.22125721666758977
0.33084330996329553	-0.13900657194038485	0.22103856336868083
0.3307322681539854	-0.13909899823576538	0.22080275114390546
0.3306590494228406	-0.13916591593989278	0.22063291203869356
0.33059377772569015	-0.13927017181974424	0.22047556720329659
0.33052888166372835	-0.13938795364377235	0.22031164257456928
0.33049196603920855	-0.13948909533192055	0.22018024597641875
0.33045248791750553	-0.13961521781112585	0.22002350918902225
0.3304100724661538	-0.13971458262460074	0.21988419018588445
0.3305231478533462	-0.13979838934894767	0.21982756933991116
0.3306488679590804	-0.13987934084209452	0.2198211872718611
0.33076778546313906	-0.1400374320941815	0.2197748674816533
0.3309897320409639	-0.14025970743268268	0.2196908021103702
0.3313679393172142	-0.14062141097545922	0.2195479016631
0.3315830999720098	-0.1408296506540787	0.21946620627308042
0.3318203409103953	-0.14111240710272274	0.21937222788776578
0.3320074183596735	-0.14135353548167828	0.2192958492228769
0.332190683756161	-0.1415794641980751	0.21922227552856607
0.3324087239360814	-0.14179901524788036	0.21913841250325988
0.33265168972027526	-0.1420388762847587	0.21904599827967136
0.332836094342822	-0.14227251931904286	0.2189710406634818
0.3330358860758616	-0.14253271960126598	0.21888900355139967
0.33319462003765427	-0.14274223234472028	0.21882299085509166
0.3332064896748239	-0.14277039177050255	0.2188168069792827
0.33320566091331094	-0.1427708404482621	0.218816781197099
0.3332054211443424	-0.14277024003827846	0.21881783454151837
0.3332023341544974	-0.14276589349089466	0.21882031222529583
0.3331975275389168	-0.1427619833290342	0.21882143093087408
0.3331950281422152	-0.14275783943298706	0.2188231177685471
0.3331912753234754	-0.14275320113238896	0.21882515338543754
0.33318556309944375	-0.14274762286497777	0.21882725808829406
0.33317541271544565	-0.14273543204103617	0.21883137716696757
0.3331731786166527	-0.1427324146957057	0.21883274853204593
0.3331737577100091	-0.1427304737784889	0.2188337984733449
0.33317263664879115	-0.14272900790057985	0.2188342069153442
0.3331736135193106	-0.14272952761206764	0.21883398351544692
0.33317269498570046	-0.14273110756416924	0.2188340690702561
0.3331697591363048	-0.14276316501361325	0.21883202102132576
0.33316641448825274	-0.142793959582449	0.21882952395643912
0.3331656824864247	-0.14279915058216658	0.2188296147125469
0.33316588220518745	-0.14280173260161425	0.2188292978608729
0.3331659689175726	-0.14280321428201348	0.21882947172547781
0.33316567981325973	-0.14280246743705083	0.21882969890231305
0.3331661285084601	-0.1428029048348049	0.21882952759758634
0.33316653902283905	-0.14280282571983435	0.21882982065163256
0.33316664324191386	-0.14280269569679238	0.21882989336215214
0.3331666432419139	-0.1428026956967924	0.21882989336215208
0.3331674092349024	-0.14280290580518648	0.21882971097591575
0.33316756328790326	-0.14280342067865692	0.21882965104782753
0.33316676755839336	-0.1428031432566039	0.2188293084224658
0.3331679152129568	-0.14280390689326655	0.2188294463049285
0.33316808929038266	-0.1428042062829739	0.2188288761633177
0.3331694035254941	-0.14280470836067913	0.2188298733768277
0.33316860402832926	-0.1428039971285801	0.21882924193294936
0.3331686506720378	-0.14280359549519125	0.21882926919879503
0.3331683295639348	-0.14280345432923647	0.21882926889018794
0.3331688647842131	-0.14280433977698978	0.21882951669946155
0.3331685223564366	-0.1428041733946627	0.2188290343690684
0.3331692539164329	-0.14280319984012263	0.21882919401996495
0.33316913009635674	-0.14280348160430456	0.21882914476786214
0.333169775180382	-0.14280293444005052	0.21882956360671815
0.33316916367792077	-0.1428031924263501	0.21882916439817143
0.3331693787232564	-0.142803928667541	0.2188294124432716
0.33316886961889275	-0.14280281831560365	0.21882917990106993
0.3331698022304608	-0.14280270148819152	0.21882957941902184
0.3331700025648146	-0.1428033483786782	0.21882896681394268
0.3331690315523138	-0.1428035140488137	0.21882913943387497
0.3331699262840812	-0.14280449180353916	0.21882881541824506
0.33316891715735947	-0.1428036799740043	0.21882907775353522
0.3331694941787899	-0.1428024478674949	0.21882958674172404
0.33316893767820877	-0.14280350325391525	0.21882908974855605
0.3331694078837468	-0.14280392771337197	0.21882886404681975
0.3331696256970023	-0.14280417391961292	0.21882882710343915
0.3331701937627107	-0.14280396410780835	0.21882920128118577
0.33317021667766866	-0.1428040926508324	0.21882921431511904
0.33317052383003737	-0.14280308297091787	0.21882933640253172
0.33317038050051817	-0.14280337060889453	0.21882927325554646
0.3331697289932065	-0.1428040688758532	0.21882886435698068
0.3331697289932065	-0.1428040688758532	0.21882886435698068
0.3331697922716548	-0.14280405653109934	0.21882917675039548
0.3331694078837468	-0.14280392771337197	0.21882886404681975
0.33317081880659366	-0.1428037729680521	0.21882912728205334
0.33317030989077645	-0.14280486282708388	0.21882865691495212
0.333170503308391	-0.14280325969450308	0.21882932440647163
0.33316972899320657	-0.14280406887585312	0.2188288643569807
0.3331699262840812	-0.14280449180353916	0.21882881541824506
0.3331698471990591	-0.1428041592243718	0.21882871617131522
0.333170503308391	-0.14280325969450308	0.21882932440647163
0.3331701477857566	-0.14280447710926614	0.21882870448556083
0.3331700361458264	-0.14280305919752923	0.2188289864439353
0.3331700156242397	-0.1428032359193646	0.21882897444791105
0.3331696945145904	-0.14280309475731456	0.2188289741377645
0.333170503308391	-0.14280325969450308	0.21882932440647163
0.33317082441806256	-0.14280340085649906	0.21882932471789698
0.33316960517445127	-0.14280435064106234	0.21882881510743413
0.33317052383003737	-0.14280308297091787	0.21882933640253172
0.3331700239665031	-0.1428047588742879	0.2188286552361948
0.3331696051744513	-0.14280435064106223	0.21882881510743407
0.3331700239665031	-0.1428047588742879	0.2188286552361948
0.33317021667766866	-0.1428040926508324	0.21882921431511904
0.3331697289932065	-0.1428040688758532	0.21882886435698068
0.3331707982831966	-0.14280394969207919	0.2188291152849816
0.3331707982831966	-0.14280394969207919	0.2188291152849816
0.3331695706961208	-0.1428033765225133	0.21882892488743994
0.3331698955682151	-0.14280395148833858	0.21882921400432934
0.333170088504613	-0.1428046804812667	0.21882869183306608
0.3331704771736602	-0.1428038085293898	0.21882911497413757
0.3331701477857566	-0.14280447710926614	0.21882870448556083
0.3331700156242397	-0.1428032359193646	0.21882897444791105
0.3331694078837468	-0.14280392771337197	0.21882886404681975
0.333170922101939	-0.14280366792700724	0.2188291645353458
0.3331706009925442	-0.14280352676438027	0.21882916422450172
0.333170503308391	-0.14280325969450308	0.21882932440647163
0.333170922101939	-0.14280366792700724	0.2188291645353458
0.33317037949014694	-0.14280354145976232	0.21882927515592698
0.3331703367339174	-0.14280337708134797	0.21882897475870755
0.3331700109058053	-0.1428048713338828	0.21882864760185736
0.33316989180591167	-0.1428035176846256	0.21882892519758682
0.3331701477857566	-0.14280447710926614	0.21882870448556083
0.33316928406484997	-0.1428042094785189	0.21882881479727287
0.33317007062488907	-0.14280403331561706	0.21882887666359135
0.3331695576364688	-0.14280348898106243	0.218828917253341
0.333170503308391	-0.14280325969450308	0.21882932440647163
0.3331701133080944	-0.1428035029892274	0.21882881426573514
0.33317033201495894	-0.1428050124974429	0.21882864791260498
0.33317036643022907	-0.14280365391994368	0.21882926752167325
0.3331700156242397	-0.1428032359193646	0.21882897444791105
