0.32158978127433285	-0.15677637160679952	0.1930342618322141
0.32158978127433285	-0.15677637160679952	0.1930342618322141
0.32179501932362997	-0.15662319662685836	0.19340456049309446
0.32191401868661007	-0.15652416278688852	0.19363082858361857
0.32204672944000234	-0.15643266474695317	0.19385708595137446
0.3221257160909958	-0.15633641220888606	0.19404912501413313
0.3222162840941458	-0.15623923714720472	0.1942553892864379
0.32238626478603927	-0.15617433964042532	0.19449078086381205
0.3225907405290075	-0.1560380802653994	0.19484231787585682
0.3227374815589342	-0.15593759173769675	0.1951024376430531
0.32286780771175094	-0.1558947613435509	0.19528274558394512
0.32301381387854816	-0.1559590842246818	0.1953483708497398
0.32346005112045956	-0.15618220435640906	0.19551554402980137
0.32381044031199036	-0.15635513020029074	0.19564744441051082
0.3241929268785085	-0.15650724469822813	0.1958467393021783
0.32442380178754193	-0.15661720992820985	0.19595602887593677
0.32465890134181935	-0.15672242084682358	0.19606836397998598
0.3248984380187694	-0.1568176090085172	0.19618818743008803
0.3253925943969538	-0.15686089052886226	0.19641837732779435
0.3257660315362513	-0.15696307254298647	0.19659382143509538
0.3260646347713009	-0.1571088651583285	0.1967109062637737
0.3263858720996652	-0.1572421770022166	0.19685778927394176
0.3267697644629816	-0.15740950951686722	0.1970126085372149
0.3270194727230789	-0.15742969507397475	0.1971125999562638
0.32756825101345266	-0.15743246313909473	0.19734217476911256
0.3279328863257465	-0.1574907834788142	0.19750047664464992
0.32833555662002	-0.1574447153763833	0.1976345604816312
0.32896580592876473	-0.157288130371057	0.19784012543252918
0.3292781935636607	-0.15721491239604846	0.19793927033377973
0.32993350394120835	-0.15708306486932375	0.1981267898171224
0.3305895228133235	-0.1569057424883166	0.19834378660147808
0.3310820022628612	-0.15679798277989573	0.19848303389609667
0.33137333588120194	-0.15674865128711335	0.1985628321263801
0.33208723445714755	-0.15660769805023841	0.19875635243750311
0.332592160718723	-0.15649044493575903	0.19886712486610258
0.3331656884649821	-0.15636581462069984	0.1990165566647698
0.3339169071354027	-0.15623901361277925	0.19918585324405133
0.3343922377178703	-0.15615016047734676	0.19929597470673682
0.3349406700475156	-0.15606735311830516	0.19938637102815712
0.33550764105417447	-0.15594101681992445	0.19949367185984823
0.33632182164896457	-0.15582127857155267	0.19964746770884587
0.33701692930686566	-0.15573916512216796	0.19975494034763008
0.33761061619047544	-0.15561981456712076	0.1998556661742235
0.3382605550677649	-0.15553376109349487	0.19992060782336873
0.3389416284733054	-0.155439854462881	0.1999970047564304
0.3397309686296387	-0.1553580682449802	0.20011263358687725
0.34066320143270007	-0.1553198672031773	0.20017967532994219
0.3411306529288103	-0.15529145739956746	0.20021360150654896
0.3416922804782777	-0.15522146338664533	0.2002567840550986
0.3426715325241826	-0.15517320829856862	0.2002764252332357
0.34340590287688116	-0.15517409343065305	0.2003099385759282
0.3443914402773853	-0.15514372764520945	0.200345392039219
0.3448090533908437	-0.15515498664338623	0.2003364663694131
0.3458118823962309	-0.15518379801604532	0.20034291044797248
0.34644968340616705	-0.15528401285638538	0.20027865758062846
0.347310583210318	-0.15587715429521298	0.19991047751680957
0.3482130735737437	-0.15668605711328404	0.19951675596219537
0.3491358870156403	-0.1583964754281062	0.19890624689669528
0.3501898954541776	-0.16070479550283134	0.19812328047126546
0.3511264544997618	-0.16299430396875778	0.1973820849816382
0.3525443739230969	-0.16675401708392773	0.19621183208681314
0.35405107895762916	-0.17088091948680295	0.1949726564017067
0.35553424081429447	-0.17610508742875386	0.19317899200728483
0.356215824344391	-0.17875871552439454	0.19222095786298762
0.35766879303159854	-0.18486914724714337	0.19008694310703295
0.3586127715570103	-0.1890692595878884	0.18861161823987954
0.35999284845847423	-0.19514974801619944	0.1865341830412891
0.3610967204517581	-0.2007900047334506	0.1845205276680318
0.3625746338365107	-0.20903120647426976	0.1816081263405251
0.36338459893906916	-0.21323247356440622	0.18013777697018113
0.36453734114199143	-0.2194630458349383	0.17795217325650906
0.3655965637766209	-0.22563773776465662	0.17576170155919454
0.36690332790565006	-0.23285089118728602	0.17323928027545366
0.36871552797849605	-0.24403998814191138	0.1691797539568815
0.3696792137247516	-0.25018537357445764	0.1668571740724552
0.37050169442472475	-0.2559193212052748	0.16470483075658104
0.3713711445413107	-0.2622280965722515	0.16226058456181702
0.37190577083361104	-0.2658631995330244	0.16081581109148135
0.3735352399792169	-0.27530938709768626	0.1569107888261243
0.3742115816341481	-0.2797822719387576	0.154965277578749
0.37485120374520947	-0.28410361317323335	0.1531862138480718
0.37582670050782657	-0.2901519274302591	0.15053244877489375
0.37691381905505533	-0.2949332248744409	0.14826464158824731
0.37830595638961784	-0.30114095480610503	0.14517987466430715
0.37933113573014265	-0.30557138576035353	0.14286949851818004
0.38056545833870764	-0.3097905366390416	0.14077925295396215
0.3814208468079929	-0.31250239474274427	0.1394439605718314
0.3827972331278809	-0.3167279504657349	0.13728327803129609
0.38409383192614155	-0.32064046118902384	0.13516309780771235
0.3855386195462508	-0.3249045091259515	0.13271197062997486
0.3872566289830361	-0.3298199283901418	0.12969067244657512
0.38910080304835937	-0.3347825552653767	0.12637563990400036
0.38981264482518857	-0.336718253870328	0.12503961830926558
0.3915151262327048	-0.3413314904720674	0.12179345236695388
0.39275965811382496	-0.34486909637747887	0.11922463594515709
0.39407215245516464	-0.34826127516612204	0.11666562426082822
0.3950305148392968	-0.3505377501599328	0.11503588724963548
0.3964477972621208	-0.35376993486782654	0.11276009465654468
0.39863727751678113	-0.3594822777064227	0.10846076859875381
0.3999429499651378	-0.3629209879806545	0.10596677016732403
0.4008472754767332	-0.36536725817843535	0.10421641575700036
0.4018977934380782	-0.3683393417426218	0.10200468826225428
0.40317550588260354	-0.3720334325800574	0.09927240227496281
0.40485811559612467	-0.37759954078469554	0.09502915961073366
0.4056962910869336	-0.38086511308889925	0.09258903815692443
0.4064639969130988	-0.3843077028672406	0.08996514835536068
0.40681796120011143	-0.3864972563327656	0.08826887964562641
0.4074111535279067	-0.39144968237491684	0.08459702816252623
0.4076843177853033	-0.3946600757951221	0.08207578137422539
0.40789673831360324	-0.39840568803286425	0.07864656367906425
0.40795239189916366	-0.40057911703721183	0.0763522754500362
0.4080040623586439	-0.40178730776572286	0.07490895918191859
0.4080602789487991	-0.4036418100913902	0.072132803117473
0.4079774580073106	-0.40442184963646827	0.06993274692471313
0.4078109736647781	-0.40532262165666777	0.06677967166969068
0.40772083121011543	-0.4056707745090052	0.06569059883353584
0.40752332589965745	-0.4063456121834622	0.06304964021936083
0.4073600535188187	-0.4068668092223003	0.061119431921404066
0.4072423197981293	-0.40756632077377725	0.05875751889609404
0.4073418062183169	-0.408240608887254	0.05693441799735688
0.40738981542977526	-0.40925732224938854	0.054128397891151314
0.4073929305626618	-0.40968185087885256	0.05290219921068978
0.40752071533629086	-0.41057507423400197	0.050535171235705445
0.4075409176158362	-0.4110706832307366	0.049101813150803864
0.4075559665312458	-0.4115341053170455	0.047852199406845375
0.4076103265699095	-0.4127258567016971	0.04451662793560707
0.4076362254123147	-0.4132358969042938	0.0428834341228615
0.4076468751059225	-0.4136320539345467	0.04182751487159864
0.4077243449506984	-0.41440695226515606	0.039598769068155126
0.40778272801365967	-0.41523000243590613	0.037378657582318564
0.40778242705044804	-0.41594446680333175	0.03512903238268977
0.4078167720825541	-0.41651450399513357	0.03361825306465016
0.4078862144973054	-0.41720672933964065	0.03182035110577591
0.4078967045813962	-0.4175223412387288	0.030881622186252233
0.40789431302834156	-0.41854345787863534	0.02791645694788647
0.40796979437175906	-0.41909173733493615	0.02643604631326546
0.40803145967048954	-0.4196883905756955	0.02500567825588329
0.40806949941611415	-0.42017202284397376	0.023524244770974534
0.40801555887855046	-0.4207160162981468	0.021976914753587484
0.4081185166121344	-0.42128243034535073	0.020408298188081986
0.40817881841065684	-0.42210305468369663	0.018358196504229762
0.4082032787642217	-0.42254498675369007	0.01704575984294493
0.40824664332852584	-0.4228837033013776	0.01616234723990334
0.40830973048957386	-0.4234833691392504	0.01469926851834269
0.4082719919454064	-0.4242347707630369	0.012801297096667386
0.4083338072729566	-0.42477879485741915	0.011397057130699773
0.40839754331973666	-0.42551141412360094	0.009612582314207252
0.408399560635044	-0.4258152999578028	0.00871842802098799
0.4084853520534364	-0.4266224019960922	0.007070984308328199
0.40850848230693204	-0.4269040387115411	0.006411895232605325
0.4085277590650719	-0.4273009745586856	0.005284692324298956
0.4085318216874619	-0.4278589618461784	0.004173725806683959
0.4084390849181362	-0.42835584408228106	0.0029604285038428713
0.40843485772629734	-0.42917506303581243	0.0011846654488745778
0.4084542740506885	-0.42949397196382283	0.0005618318657622523
0.40845747865091936	-0.42995017829085697	-0.0004673199854373644
0.4084993100512501	-0.4305874944962168	-0.001542437095520155
0.40878071263391025	-0.4312335289289556	-0.0025865462691267993
0.4089741978566739	-0.43174862567880934	-0.00311208893691417
0.40919317575453573	-0.4320961374321823	-0.00351365960187644
0.40948490871384946	-0.43266622005100497	-0.00424560852236866
0.40973523088957553	-0.43316120775863615	-0.0046918558169863345
0.41000743299744313	-0.43373089718780583	-0.005186813656639588
0.4102770716250609	-0.4341899870259902	-0.00566000289251628
0.4104979698149659	-0.4346395151577658	-0.005974092237767514
0.41078560419205407	-0.43521513219771313	-0.006416576485987313
0.41111097344479924	-0.43577189296110735	-0.0067653805542613465
0.4113745854608879	-0.43625269674932377	-0.007038499381014196
0.41157400417070344	-0.4365902929493595	-0.007291707608153619
0.4119093684045129	-0.43708230920707725	-0.007520660641383292
0.4121039716924798	-0.4373616520901611	-0.007680453659289821
0.4124157151707181	-0.4379025444540745	-0.007902674032265078
0.41256310577153943	-0.43823835720880827	-0.00798708501290829
0.41265948555322673	-0.43858178788374413	-0.008087846219667572
0.4128513616498404	-0.43900582416579337	-0.008190562056154371
0.41305751039518895	-0.4393338080452935	-0.008250366889773542
0.413204425715478	-0.4401070925089086	-0.008477652883170816
0.41325396431032657	-0.44059169264079157	-0.00864412869825354
0.4133304456912531	-0.4408309173194836	-0.008733891802928273
0.41336829121115876	-0.44138315699754116	-0.009001170848758844
0.41339280326570804	-0.4419808158383091	-0.009317572099266092
0.4133491933782722	-0.44255841632856746	-0.00964169574127105
0.41308687533752786	-0.4435019093961005	-0.010182842047539442
0.41301295864573706	-0.4441324816839488	-0.010516628630781233
0.41291784189982356	-0.44456654390253353	-0.01074458906221537
0.4126338536668446	-0.44540084721554724	-0.01131564815314473
0.41237399168177985	-0.44631663801741855	-0.011890991989937483
0.4122410439809942	-0.4466697904670011	-0.012159504250108533
0.4119823351375633	-0.4474136969690194	-0.012623625939371497
0.4115499228090154	-0.44856809572659617	-0.013266737999637124
0.41109089642403035	-0.44970459022681464	-0.013957892926672988
0.41072314355620154	-0.4505923162099544	-0.014438201336078926
0.41038558255466595	-0.45131797553075326	-0.014926961774489322
0.4100542676224046	-0.4520997062556443	-0.01537643079922768
0.40965462298722827	-0.4529787276401865	-0.01590578432668266
0.4094421359569249	-0.4538255177337281	-0.01631286314058006
0.40915688801707717	-0.4550087873726943	-0.016996999433304072
0.4092719745516732	-0.45580592031775385	-0.017201615626072142
0.4093993973435856	-0.4567424580605689	-0.017398983805716195
0.40945032986589636	-0.45762970661859137	-0.017542763508036407
0.4095184241922175	-0.45886914617497626	-0.017892069421276302
0.40952200768419567	-0.4597084865866833	-0.01813118390534718
0.4095251730847533	-0.4605130394795758	-0.01839592748179808
0.4095475019428566	-0.4609759300339402	-0.018488533936354468
0.40949772709850396	-0.4617961465057325	-0.01874949181223662
0.40949587833300294	-0.46274270471235324	-0.01895523433375501
0.40947709458978954	-0.4644174785012029	-0.019361636077215305
0.40957757450642635	-0.46531441970054754	-0.019567701751224575
0.40961610343127675	-0.4661170529294477	-0.019802305371426576
0.4096016666583303	-0.46671185696544637	-0.01995496188505491
0.4095848805401687	-0.46777213825780145	-0.020219955101680787
0.4095743999478477	-0.4685520003138889	-0.020466114608461594
0.4095587304109351	-0.46961896389838886	-0.020709176831221754
0.40951052412500066	-0.47036676773196556	-0.020942868848274454
0.409470771675165	-0.4711375047848971	-0.021107508079230897
0.40946453089249973	-0.47177704741118187	-0.0212901704473879
0.4094452932003703	-0.47216506587951695	-0.021395723443657644
0.40937218787002005	-0.4731104712610654	-0.021649503206724707
0.40929031647912417	-0.47401073812234873	-0.021922160414268754
0.40927329355948583	-0.47460299263570593	-0.022081059149477555
0.409275842379716	-0.47495145474205064	-0.022150551991632073
0.409077785182314	-0.4756074675951062	-0.022420308622690288
0.4086718527209593	-0.47612322757421005	-0.02283755618510236
0.40836704418489106	-0.4764774146086686	-0.02318367209207889
0.40802609539690293	-0.47700819744372835	-0.02357730142676956
0.40782269121518305	-0.477333916312009	-0.02380521331656571
0.40768020717625303	-0.47770487479018864	-0.023936409063897046
0.40764091295476323	-0.4780188334849633	-0.024002646296254315
0.40760311239738	-0.4782272926679404	-0.024084015981261808
0.4075181064695263	-0.4787265706840666	-0.023974796530409237
0.4074812039417641	-0.4792961851829465	-0.02372693765962114
0.40761060389716647	-0.4797069126304403	-0.023439665868486226
0.40772829638258773	-0.4800296836715644	-0.023200200098073775
0.40790167786629017	-0.4802473864037347	-0.022961482673196476
0.40817072903778434	-0.48034361486153065	-0.022606876699933887
0.4085277833108506	-0.48042590179894396	-0.021614057371909245
0.40871736715978907	-0.48077878705805055	-0.019498459354226505
0.4088222288657509	-0.4807319950867141	-0.01766420412587888
0.4088467573020338	-0.4807082807911446	-0.015608861943393837
0.4086714231408054	-0.48076532194528177	-0.013250597520202134
0.4077188873123847	-0.4813034506569217	-0.009681802828672703
0.405544489158788	-0.48253584996310406	-0.005623723633703004
0.4023282523513449	-0.48444953494142173	-0.0010148838532381688
0.3993501143996586	-0.4862860844304933	0.002654600115609085
0.3962530684801249	-0.48830798225836014	0.006248882993795113
0.39394613928727573	-0.4897911153204271	0.008753412637185987
0.3887689362037535	-0.49314473273855663	0.014388247694828882
0.3843541092060646	-0.4960469924853495	0.019182927691964224
0.37954667583399004	-0.49917207234966143	0.024854424240454587
0.37600818615375253	-0.5014180437961886	0.029226864970882116
0.3734685864155456	-0.5031765518127101	0.032822792135019596
0.36772141306472966	-0.507129668576672	0.04174164414387166
0.36479311992487684	-0.5090547719387015	0.04658475086477942
0.3616311556376426	-0.5110718229465105	0.05213143068238835
0.35874875801430756	-0.5130349491177193	0.05795939723136301
0.3571995215573408	-0.5142176001922922	0.06157089847742653
0.35447720669073246	-0.5164974366600956	0.06879734925070835
0.3518254503954698	-0.5188594466874834	0.0773214251380292
0.3496572119988396	-0.5209106364173525	0.08629957921364478
0.34898817788070186	-0.5215628009854381	0.0898491928787587
0.3481037754449573	-0.5224720051211791	0.09670976488071414
0.34758811987980587	-0.523228306164055	0.10663725532923352
0.34748829839893436	-0.5232216173240064	0.11598020971203177
0.3478957308014483	-0.5228188052360454	0.12227814315678698
0.3486403201886901	-0.522272220297283	0.12913634904260568
0.34972956240765635	-0.5214824105163254	0.13917358381154277
0.35045608672110706	-0.5209829103264098	0.1455067647856756
0.351076995946681	-0.5205364150180429	0.1510401586046513
0.3517436108810884	-0.5201109958683945	0.15677939357014775
0.35214090864137065	-0.5197630718962515	0.16030528722020948
0.35327658052169836	-0.5189471295377577	0.1695159274327488
0.35388539699721916	-0.5185421539121693	0.1743178592660267
0.3545845385037286	-0.5180830091001797	0.178952402014975
0.35483068843299637	-0.5179126964719111	0.18099238120113006
0.35567903018299946	-0.5172950066814019	0.18633245499598408
0.3561279063723891	-0.5164660792247441	0.18945097751425535
0.356513667358445	-0.5149031734763816	0.19265352055453355
0.35668855448163517	-0.5125255765508432	0.1956850805026716
0.3568092328278277	-0.508374321843021	0.19975192906678882
0.35698934518821296	-0.5049093676343943	0.20248974659531743
0.3570246864371758	-0.5016324688887558	0.20466408643502793
0.35678691765840886	-0.4969225474012208	0.20723006688922224
0.3565309756018705	-0.494262265024878	0.2086807264140442
0.3558071431189297	-0.4874874568826499	0.2117856470449727
0.3547786063288248	-0.48015839607426464	0.2147512948433293
0.3540095837336856	-0.4749995914512547	0.2166963722116152
0.3534991536269875	-0.47200954369139647	0.21766752284017715
0.35194648677007156	-0.4644372746673989	0.21994248701704175
0.35033799718326	-0.4574328733437633	0.22163101137477026
0.34899416700709773	-0.45158912653117617	0.22279274941195154
0.34798103398473335	-0.44784716467776026	0.22353082592875292
0.34586584957673244	-0.4409959389751508	0.22463992862850252
0.34413422546447786	-0.4349282843064144	0.22526003470616907
0.3431057422966074	-0.4312042894479779	0.22549723051015672
0.3400597831344091	-0.4212346907495829	0.22554254741533855
0.33804564388377767	-0.4149020536658491	0.22514681730150737
0.3362570193711925	-0.4092432046760255	0.22470705598918733
0.33431666332601895	-0.40271567693125143	0.22414802512496748
0.33240340415008246	-0.39616063805177204	0.22335139551631228
0.3313108227094867	-0.39248491651243056	0.22279236353569554
0.32832160862480486	-0.3819257020642142	0.22112387597470518
0.32601407580192987	-0.37286332453551546	0.21953067370633433
0.32423741538090706	-0.36554781452802226	0.21828220414164284
0.32255546421184583	-0.35831958105027356	0.21701037196378042
0.3208561027199045	-0.35050456993556595	0.21563319466084427
0.318449008215141	-0.3386161630788064	0.21353709722303538
0.31755347923654104	-0.33355825303803105	0.2126869767747627
0.3160228181206246	-0.32511360287107777	0.21131171081949945
0.3140168494366307	-0.31380810942796145	0.20963095856137245
0.31283745649403105	-0.30612954233466405	0.20853887689261152
0.3112399693152289	-0.29482357130364906	0.20713384655234685
0.3100507796810843	-0.2862406250049665	0.20617891635600302
0.30888949208871336	-0.2771724319415745	0.20533609279910187
0.3074255606351917	-0.26441989845421643	0.20444891326450193
0.3067383341001345	-0.2580959445704731	0.20413333482915297
0.3056984143394313	-0.2477300918310566	0.20405281181067644
0.3046857858190999	-0.23545546373577841	0.20466557415945652
0.3037102769008857	-0.22269788985004624	0.20566604706096825
0.30312734614218306	-0.21450021427962118	0.20631207882931443
0.30255970880910144	-0.2068323646140217	0.2069256234054274
0.3019202229655329	-0.19775748832939677	0.20759878712286325
0.30141635698549074	-0.1907263104516556	0.20811584058216248
0.3007444444940306	-0.1799963650991222	0.20884365980385997
0.30036749872700375	-0.17327539746015042	0.20926850902275926
0.30014135804200714	-0.16936408582856405	0.20952911341119773
0.29986276437451753	-0.16371950689101988	0.20987133219279344
0.2994258804831628	-0.15394928109540623	0.21040906384951996
0.2992562840211782	-0.14843826046299102	0.21074666113040597
0.29921211165748784	-0.14412126613338822	0.21107300412138938
0.29924621456416756	-0.14018201574207945	0.2115084458800036
0.2992996424506099	-0.1380058515449317	0.21177160578073287
0.2994707243289956	-0.13527496647130127	0.2120012067422785
0.2997722564277273	-0.13261707913986254	0.21234691030851685
0.3002098795467484	-0.13084153546366967	0.21276983095746832
0.30069048876124027	-0.13002964771956688	0.2130611373430194
0.3011130427637038	-0.12917266222681523	0.21342532182348428
0.3016541619512991	-0.12829496008051572	0.21379703260656138
0.30200392045239094	-0.12775867139474636	0.2139889562694225
0.30289801335460576	-0.12616039573166601	0.21490206037766385
0.30336183419135776	-0.1255458021889443	0.21527908492587966
0.30376313347084016	-0.12483384569687314	0.2157510018389784
0.30419075091229003	-0.12414186767880565	0.21618893932080657
0.30461213935050213	-0.12352766221144845	0.2165324454052866
0.3052719676466828	-0.12247573645248339	0.21723257738122922
0.30548249813195566	-0.12216704834190878	0.21743572022061763
0.30587033687682025	-0.1216453377515003	0.21775916732010936
0.3064047281716192	-0.12088541143480787	0.21821992705290227
0.3067096430273602	-0.12035241269492707	0.21856843578726576
0.3072646126380508	-0.11965940340956198	0.21904867302584824
0.3074899970964136	-0.11937570000579074	0.2192249689029956
0.30793534650382093	-0.11875002946428335	0.21958490071296063
0.3082391272870192	-0.11829446755820497	0.21988182243684903
0.30885145077313464	-0.11728166684702991	0.22034861649343856
0.30919304075845283	-0.11666718064323055	0.22061174014302307
0.30959511764646186	-0.11606267843411061	0.22088690873295702
0.3099859968621621	-0.11549384509780901	0.22116422016513615
0.3104656404561509	-0.11462617112518247	0.2216470907389251
0.31097703382758835	-0.11417909159810004	0.22201338907480395
0.3114997233761983	-0.11372281146609817	0.22242196160791708
0.31179971959621394	-0.11347902307370956	0.22262880074183294
0.312483305655317	-0.11288301642917467	0.22314070490721064
0.3131256044734679	-0.11226495027608444	0.22366050574785967
0.31357423944122764	-0.1118836951265097	0.22396318864122322
0.3140082450661081	-0.1114817900757443	0.22426492552453703
0.3144326640517905	-0.11108827099543307	0.22456059176996213
0.31470900728787654	-0.11083875293848569	0.2247436381516837
0.31551883418405535	-0.1100174887219346	0.22535187120420666
0.3159146890663827	-0.10962050582291134	0.22565746692846306
0.31636195780208143	-0.10918190975471388	0.22596887289246667
0.3167717644775596	-0.10874073331674723	0.2262779724935018
0.317160209175212	-0.10834594809295074	0.22655519921215483
0.3176123611724822	-0.10791603585827568	0.22685288655943522
0.31784703608264975	-0.10766737725728638	0.22702412026049945
0.31854710982668394	-0.1069084423121099	0.22756239651355278
0.3187909422881055	-0.10664683354311107	0.22775883245141965
0.3190989327328104	-0.1062591841473854	0.22805920934909746
0.31963367740504667	-0.10565484000847954	0.2284935174535047
0.3199021254747752	-0.10536181326972448	0.2286996977606778
0.320368378732588	-0.104857186393731	0.22906567621672222
0.32080465028120425	-0.10434627477993404	0.22943238816719022
0.3210506506609125	-0.10407119784525755	0.22962151078468168
0.3214161089756644	-0.10365127689979327	0.22993841203591883
0.32183838640238516	-0.10307688478838549	0.23040862740872575
0.3223091428571399	-0.10247173125070856	0.23087550382628302
0.322625532501847	-0.10210993239730391	0.23115045911917964
0.3228265964922697	-0.10188452755117298	0.23132359549104686
0.3231837756838917	-0.10143569094194567	0.23167596094279236
0.32371372139204335	-0.10073958196156348	0.23199684278066549
0.32429474952645865	-0.09945479462255456	0.23242138339566798
0.3245942505764378	-0.09839022252634501	0.23264690127417903
0.324846228610758	-0.09766630689525645	0.2327679909811517
0.32521121643184653	-0.09635793135118025	0.23302779002144075
0.3257803009678745	-0.09448444115938208	0.23351190644406652
0.32641081825932855	-0.09229336695728237	0.23391610643833494
0.3268434531844749	-0.09077123683954454	0.2342793092767761
0.3273129004594708	-0.08926063637985122	0.23453286247967192
0.32775911122785545	-0.08761376660390531	0.23492902375589136
0.3284558796654081	-0.08499208830876025	0.2354090760194217
0.32876721211520604	-0.08385564172504036	0.23565420584811678
0.3295518457424237	-0.08092657377279595	0.2362412678397563
0.33005336246614475	-0.07900337331172037	0.2365819575843599
0.33043673512993854	-0.07758180590380732	0.23684540096201362
0.33094744427995787	-0.07557949607151436	0.2372900841681885
0.3317276696891906	-0.07240633160788422	0.23788096073430676
0.3322512930843763	-0.07050908762712861	0.23821964683248542
0.33281234834641427	-0.06824701989072741	0.2386522431466952
0.33339654022506454	-0.06589684216818097	0.23906100558426507
0.3338998328740095	-0.06389594246534604	0.23945635216351685
0.3349786489341172	-0.05941737745839824	0.24029376931070406
0.33552019082515605	-0.05715489358568905	0.24073409538407115
0.33584788004279637	-0.05596864230781938	0.24091465320282474
0.3364691855901545	-0.05322851128034746	0.24144718593636688
0.3370404385531005	-0.05100416710624871	0.24177401759347772
0.33811470663301	-0.046512896514669264	0.24265897456106733
0.33842369096910097	-0.04529694299563085	0.24282608405620135
0.3391846162944931	-0.04194676535720161	0.243467315560931
0.3396054511005461	-0.040362092931289686	0.24372070874554252
0.340293066126272	-0.03725249930427253	0.24430216091563114
0.3408449932641111	-0.03506445479862695	0.2446751001382913
0.3416021121758931	-0.03160896740731704	0.24531133881760794
0.34191558791597904	-0.030324847981593947	0.24552978751913962
0.342693597197995	-0.027273260221484366	0.24599091464260397
0.34319473414332113	-0.024821860965861434	0.24651139906618139
0.3439383806708727	-0.021923177852520584	0.24695653188098932
0.3444347728466214	-0.019742211942076773	0.247320809586437
0.3448710749110109	-0.017574169781687396	0.2477501637797357
0.3453908676933515	-0.015573790368928933	0.24807673509732256
0.3456552431924356	-0.014406360194113468	0.24823518184712107
0.3461090586518841	-0.012535809327107059	0.2485075393574125
0.34672004836447323	-0.009762772213899026	0.2490555169622461
0.34703033456101123	-0.00824636045671541	0.24933578055017175
0.34741844342063405	-0.006634044496816191	0.2495820591148389
0.3479377461158829	-0.004517474272726876	0.24985377757494032
0.34814517994357813	-0.003658877644111727	0.250003824044965
0.3487693808785538	-0.001317499451074941	0.250224427420872
0.349019235504741	-0.0004954941129093199	0.2502038524283189
0.34950166504784735	0.0009710552141032752	0.25016838390199553
0.34969396346611054	0.0015372439691903744	0.25016989299785275
0.3499785509270427	0.002293225389197809	0.2501830940888422
0.3504497143651909	0.0030862919496838642	0.2502427510436631
0.3508375115216691	0.0038729653931087044	0.25033350446061897
0.3509060385063624	0.004266892831554195	0.25038120998522606
0.3509503336597147	0.004577041643122268	0.2504447574837236
0.35096241518740035	0.004721490365990913	0.2505124807121456
0.3509608823975003	0.004729704914816765	0.2505173113464324
0.35095878633716177	0.004728389603495073	0.25051529132694456
0.35095645485704074	0.0047274646868504105	0.25051635862126753
0.35095387292916624	0.004724299250079403	0.25051632053814304
0.35095373515943024	0.004720706457669574	0.2505146584948864
0.35095349153624417	0.0047160179924152085	0.25051530687486134
0.35095218030551106	0.004711785004268512	0.25051323108165524
0.35095194882860253	0.004704727173433634	0.2505098731686605
0.3509517412050527	0.004697012430628214	0.2505078422030469
0.3509511327832925	0.004693844607639566	0.25050639144587733
0.3509505266372323	0.004691400017867484	0.2505047185976117
0.35095125873523436	0.004689388647186668	0.2505040195531397
0.3509508527231945	0.004688989964525728	0.25050506075996093
0.3509508986006407	0.0046877039092091816	0.2505045899935805
0.35095175622103975	0.004686300894236897	0.25050377116075573
0.35095239033409215	0.004685652334378468	0.25050356189550904
0.3509521871768992	0.004685869548559193	0.25050385436012973
0.3509525301184578	0.004686364951054026	0.2505042352926544
0.3509534020731043	0.004685342179859067	0.2505032010422382
0.3509536182334751	0.004685354888082763	0.2505035092138983
0.3509533188701267	0.00468534947254913	0.2505034215917401
0.35095393579780726	0.004685081545207345	0.25050253928447597
0.3509546083981145	0.004685008226882156	0.2505030048018173
0.3509542681159463	0.004684549244376238	0.2505026457821484
0.3509551134330403	0.00468510177287719	0.2505030922672721
0.3509548596723765	0.004685490961414893	0.2505030399229406
0.3509548596723766	0.004685490961415031	0.25050303992294043
0.3509548104085931	0.004685152708547316	0.2505030400180904
0.3509553975870303	0.0046848924206651515	0.2505023380973814
0.3509553202809166	0.0046848845649193754	0.2505027783994822
0.3509551134330403	0.00468510177287719	0.2505030922672721
0.3509553905922927	0.00468513962783261	0.25050263214408686
0.3509553905922927	0.004685139627832582	0.25050263214408675
0.3509556969076034	0.0046852002772667795	0.25050242337040673
0.35095538608928784	0.004685208982918729	0.2505026756857436
0.35092483952926357	0.0047019077896473666	0.2506809085696625
0.35092532885314937	0.0047067619603093774	0.25065965166937226
0.35094608100865216	0.004706432871219898	0.25054023746352755
0.3509746427794484	0.004705939048454108	0.25037121791230144
0.35099590919684387	0.004704734067458208	0.25024825445769194
0.3509972393861227	0.0047040589084099	0.25023883070362674
0.35099838324773225	0.00470148766498836	0.2502343689226611
0.3509985399563763	0.00470130051059113	0.2502325895781851
0.3510038158114356	0.004696925331068205	0.25022031148423146
0.35100790465500326	0.004692283824537111	0.2502070304164785
0.3510161203923494	0.00468532574410456	0.2501875995066911
0.351017176680921	0.004684407447419034	0.2501849596502167
0.35107913140440505	0.004632014484102873	0.24996381990675803
0.3510719818357039	0.004629508632852983	0.2499482050424156
0.35106607216559615	0.004630093511044278	0.24999352119878085
0.35105968021779976	0.00463277978200112	0.2500243802954475
0.3510545517260746	0.00463770101516163	0.25005813049923653
0.3510464653298158	0.004652086700370137	0.2501184190813848
0.3510420036488367	0.004657889636008508	0.2501362974945963
0.35103643054393996	0.0046620112048030155	0.2501507434357958
0.3510325611892897	0.004665454543350531	0.25015554261567136
0.3510246440184298	0.004672195131601234	0.250169164009465
0.3510136097425612	0.004681649358594039	0.2501963666880229
0.3510122112688809	0.004683141103430641	0.25019790831658795
0.35101063512153513	0.004683744176296287	0.25019729206384334
0.35100987876277473	0.0046850472340737165	0.2501975282310795
0.35100872000692745	0.004686990415332534	0.25019804104187116
0.35097320749263966	0.0047188932193624605	0.2501950183038844
0.35096819697378684	0.00472591698257345	0.2501960921707072
0.35097058599082387	0.004723070462577014	0.250195938861016
0.3509739303348725	0.004721387831371285	0.25019602217059267
0.35097791708034093	0.004717033244002314	0.25019485013648557
0.3509812065318234	0.004714336899249813	0.25019414601140266
0.3509842506797323	0.004711861668342324	0.2501940804453784
0.35098842637658895	0.004708065717727736	0.25019351496935927
0.35099113722653674	0.004705548274496749	0.25019256892264824
0.3509950198855511	0.004702116409743121	0.25019285950547776
0.3509975742142415	0.0046996576785170024	0.2501928046704276
0.3510011017227592	0.004696058828085006	0.2501926704267414
0.35100306411377635	0.004694656904075015	0.250192396500751
0.35100410514375646	0.004693420386514421	0.2501917853140478
0.35100495764984985	0.004692389449406434	0.2501922624339441
0.35100680360157394	0.004691503426884472	0.2501920925818716
0.3510067956036745	0.004691149761200178	0.25019194525615635
0.3510088975397912	0.004689067355674079	0.2501915293917394
0.35100827738019097	0.004689227138351085	0.2501914577220751
0.3510093105472365	0.004688706670075635	0.2501916452008182
0.35100945961779634	0.004688073108333732	0.25019163666499894
0.3510097881821458	0.00468751540560948	0.2501914193722234
0.3510089900229681	0.004689010885522107	0.25019117399458696
0.3510100510800785	0.00468763153233194	0.25019030236444706
0.3510102332366313	0.00468740971786942	0.2501909780640983
0.35100998156665114	0.004687140946765214	0.2501901588571397
0.3510098073395888	0.004688371684400713	0.25019136491605626
0.3510105629470405	0.004687008190226619	0.25018989552780535
0.3510105171501735	0.004687673840684095	0.25019067052365895
0.3510100510800785	0.004687631532332023	0.25019030236444706
0.3510100858588711	0.004688105512976173	0.25019058726084964
0.35101073699327767	0.004687038605170238	0.25018980745456587
0.3509097339445358	0.004701969585100066	0.2501927306083631
0.3508316943713226	0.00457312955712981	0.2503584759088931
0.3508102307977994	0.00427050669064806	0.250494966476946
0.35082133920574426	0.0031978456564753927	0.25058478338814216
0.35080970318043075	0.0024661666709685642	0.25067361919026576
0.3507770484413024	0.0017651028140745345	0.2507597380531562
0.3507125519270802	0.0010731627565390006	0.2508789483938396
0.3506722269900134	-0.00047531713485650384	0.2511729169321204
0.3505849992218728	-0.0016004451178770612	0.2514058042699687
0.35050423282104737	-0.0027494732533018124	0.2516462887761611
0.35042517048427657	-0.003939271831848737	0.2519337539221571
0.3503352972615898	-0.00509321922927701	0.2521951719026399
0.3502026004078354	-0.007136123664871971	0.2526568664512949
0.35008900387379394	-0.008517846381046648	0.2529841813510171
0.3499808006450442	-0.009937043927693914	0.2532854442500564
0.34989725609375916	-0.010785401739961745	0.2535272963321898
0.34982908824900133	-0.013120317438068671	0.2537674572896956
0.3498182700889771	-0.015595829153570093	0.25397729772665456
0.3498031941629447	-0.017025272342260353	0.2540560984036083
0.34978930888926835	-0.019575483181785383	0.25415333719461275
0.3498039143410278	-0.02159472222478044	0.2542838836275749
0.34976887717909666	-0.023251525093656064	0.25439137958971714
0.34972604417423564	-0.025285699497854155	0.2546115297329663
0.34969482821494446	-0.02665681134099958	0.254722556804385
0.3497011475023463	-0.02949913855525317	0.25486778973923085
0.3496642829562968	-0.03264833834331672	0.2551006190904018
0.3496304524952443	-0.03492858399536709	0.2552531494395083
0.3496064814628228	-0.03704160686881271	0.2553374941530222
0.34959231552554093	-0.03916081969390696	0.2554565870272878
0.3495551658127946	-0.041098546997713856	0.2555706786206723
0.34953102237514466	-0.04443313922096888	0.25568672292828043
0.3495203549990126	-0.045099344921492715	0.25574443098880395
0.34949764253091786	-0.04833460037608779	0.25588152394268493
0.34946721487756716	-0.05129954526052209	0.2559697563616377
0.34946448081441484	-0.053508365027406815	0.2560455303557077
0.3494614874867855	-0.05492775230429252	0.2560742725083166
0.34942328676247375	-0.058073131166143696	0.25615894673109474
0.3493999999244433	-0.060351537325577284	0.256229348146422
0.3493731498598838	-0.062412307693404265	0.2562389495526981
0.3493799798968111	-0.06386100190527665	0.2562499490964159
0.34937691951550914	-0.06780130656035917	0.2561948692425089
0.34930187544051433	-0.07001945369915792	0.25622669211838556
0.3493396162196869	-0.07226434393768204	0.2561394380029739
0.3492850607709484	-0.07419380907726907	0.2561035588170547
0.34930543084908283	-0.07625732942087303	0.25600604008038375
0.34925771531302846	-0.0789372556756995	0.255902465124602
0.3492348419809614	-0.08093806580983422	0.2557657206909433
0.34922706720889896	-0.08183669287419702	0.25573328865000944
0.34921748765305444	-0.08464573195320581	0.25548438324344536
0.34920089137658117	-0.0871129547124332	0.2551899125430413
0.34918127805550203	-0.08871398908749571	0.2550442352423564
0.3491445300453118	-0.09067635484031218	0.254784013177702
0.3491452707902727	-0.09238574215860641	0.2545324011204419
0.349115005756152	-0.09443413543078973	0.25417322945545606
0.3491225553126339	-0.09541080286552243	0.25395934304989876
0.3491085980279871	-0.0969737892408331	0.25364370335187564
0.3490788714506526	-0.09893886843984591	0.2531396862080721
0.3490793750928266	-0.10044710662498203	0.25266009907994547
0.3490564570539213	-0.10198495796830102	0.2522164064041742
0.34903889658606646	-0.10331973191474429	0.25166070880058883
0.3490333497662567	-0.10450291787881048	0.25123765768934136
0.34902489522396385	-0.10575151986556182	0.25089115791333405
0.3490754390619323	-0.1076293499692851	0.2497764264593669
0.34903192535732586	-0.10827169061054169	0.24936926689595432
0.3490670014384455	-0.10986375987256346	0.24852157022887655
0.349094156096964	-0.1111566862254235	0.247798037534018
0.3491010521212588	-0.1123474535137446	0.24708079346185519
0.34909403021066443	-0.11402721224341965	0.24595555494372728
0.34911427822425495	-0.11512724385736404	0.24520250488010895
0.34914977635039707	-0.11597025076341562	0.24461104683363372
0.34917962997878427	-0.11763262042987617	0.24345928488310897
0.3492022212925245	-0.11847672745002681	0.2428418617124835
0.3492408100920903	-0.1202603934159615	0.24154133225164032
0.3492036232172133	-0.12093217798527274	0.24090403739043342
0.34910532579484077	-0.12213826220769285	0.23975493061213335
0.3489799818947439	-0.12396689623443387	0.23816961581297605
0.34892890355524053	-0.1246516996893847	0.23762389801428058
0.3488384303500406	-0.1259267516930352	0.2368367709292424
0.34873807790980405	-0.12681721938597185	0.23633996784761901
0.34868207114477473	-0.1274170438558157	0.23602567841313463
0.3484776064124931	-0.12836043119801666	0.23569831843976835
0.3480969803518856	-0.12908972302738808	0.2356905691462763
0.3478742388197803	-0.12924743292167	0.23585673200714907
0.3473186142785917	-0.1294482340260193	0.23623813256408077
0.3467426302777117	-0.12937165265240125	0.23671819353327306
0.3459356012978887	-0.12906714903935562	0.23734640215576508
0.3454236931377258	-0.12880724678535033	0.2377366255965246
0.34392483664602425	-0.1279650256359412	0.2388038870745981
0.3419865237327993	-0.12684973611169548	0.23999609095984387
0.3406076865175231	-0.1260611955746997	0.24101627544960885
0.3390730988587876	-0.12520844502047346	0.24205179947753394
0.33769150678594706	-0.12448240607043036	0.2429413316921265
0.3351640921337442	-0.12319226366413659	0.2443102912726209
0.3341007915640009	-0.1226938714962962	0.2447729528192665
0.33248475815313167	-0.12199023885073228	0.24545528768017003
0.33020259667130897	-0.12101873028997394	0.24622878058303332
0.3278752732878892	-0.12027651830120001	0.24671376274957676
0.32691822334922027	-0.12004450766048376	0.24684221433950196
0.32540544364566026	-0.11970270960305979	0.24695930770951152
0.32362487903980736	-0.11949744302105582	0.24688757772311334
0.322506128195272	-0.11944552356745822	0.24674090346891678
0.3209986439414326	-0.119616536013878	0.246288008770388
0.3202716279373176	-0.11988986084446272	0.24586942211465782
0.3199386653115518	-0.12005900332717961	0.24564384116337296
0.31947261203911714	-0.1204596956994087	0.24509099001658433
0.3193035178360134	-0.12129646802671003	0.24430779204733172
0.31952165440867436	-0.12249924227970008	0.24321078553616712
0.3200112443554902	-0.12324031986556468	0.24246782631482675
0.32048199166377134	-0.12384388871212554	0.2417844372164689
0.32069927138118565	-0.12420863791423403	0.24134151766760517
0.3214148749636145	-0.12532324121647886	0.23994870177316674
0.32193570196904636	-0.12590453697866416	0.23932614782245043
0.3225029916718323	-0.1264578666195437	0.23880970912723365
0.3227966479272608	-0.12682218179060428	0.2384311235213752
0.3233250850185463	-0.12752794536281867	0.23752460140387172
0.32356078076156614	-0.1279014403909043	0.2369663446865311
0.32374100908368836	-0.12825057548507884	0.2363069705902789
0.3239345718155987	-0.1285421672394775	0.23581259903046617
0.3241220096001674	-0.12874401312875428	0.23549636930589768
0.32450131376472374	-0.12913035259592348	0.23497361534160088
0.324787554344992	-0.12930348849266537	0.23465383052917566
0.3250423053787379	-0.12953674657796274	0.23428959943340816
0.32533853061653484	-0.12980482578142152	0.2338320567996409
0.3255741554289851	-0.1300038725166311	0.23351881230602536
0.3258245552826196	-0.13019807043708756	0.23325819418054175
0.32603325329594657	-0.1304018982639561	0.2329384260156583
0.3262501921810778	-0.13060856047351194	0.2326439495822739
0.32652020463299875	-0.13083456618088976	0.2321775740842177
0.32678239579627133	-0.13098688153811572	0.23186576380859517
0.327012336815166	-0.13109703399975922	0.231624485899105
0.3272172506543935	-0.1313000685521598	0.23129889614138033
0.3273697219536542	-0.131587562031869	0.23098641355719218
0.3275730488768543	-0.13201401378113492	0.23051929414035394
0.327725730332494	-0.13230459330853497	0.23021081032701812
0.32785911266478485	-0.1325248587656747	0.22998865643434846
0.32804932222590666	-0.1328760940086514	0.2295907169831239
0.328296223966966	-0.13302330656355643	0.22930382241069197
0.3284540130045905	-0.13312281635449175	0.2290465951614048
0.32865520408791493	-0.13326021667845678	0.22874544155651402
0.32884521132397093	-0.13337328501732965	0.22851884989081916
0.3290942834226422	-0.13359647329303753	0.22812631705022862
0.3293018736909938	-0.133995989697769	0.22770350101987202
0.32944409642784805	-0.13420172262647245	0.22743261670687837
0.32965013972664226	-0.13432780877272893	0.22717675598432152
0.3297657023676824	-0.13439509210616424	0.22702315687846036
0.33002826493472887	-0.13463123305118885	0.22655103828606812
0.3301125817580664	-0.13478111339137572	0.22638867772214233
0.3302600468456215	-0.13503618878289556	0.22613505933060923
0.3304324547884481	-0.1353779877737121	0.22576347525367083
0.33062677965270804	-0.13555026995032798	0.22552030917950988
0.3308428102525758	-0.13573976130568471	0.2252778104299141
0.33095213500219417	-0.1360822089378783	0.22487936338683953
0.3310684912122034	-0.1363221678632645	0.22463327450028106
0.3311480549908768	-0.136478291711234	0.22447622182056087
0.3313327924521347	-0.1368802772873251	0.22410738306547778
0.3314808445563472	-0.13702677355846116	0.2238900721071792
0.33151332477548284	-0.1370448183292906	0.22373686832945022
0.3316483532517744	-0.1373637004707085	0.22338913429448864
0.33175596234480914	-0.1376455058425795	0.22308218870185798
0.3317640583396793	-0.13777215515153013	0.22289729706318265
0.33167863795255625	-0.13789167003832287	0.22270421816765304
0.3316297433309659	-0.1380224947616716	0.22254255969188771
0.33159491272828107	-0.138111261957733	0.22243065276577556
0.331474164771515	-0.13828345870622855	0.2221784686356993
0.3313569527516071	-0.13846388062991202	0.2219102894998924
0.3313247847607609	-0.13853929569690676	0.22180647837697734
0.33123756716576547	-0.13869916038577676	0.22157561588930366
0.33116513366881156	-0.1388312075608495	0.2213806671799226
0.33113243856001495	-0.13894563950654912	0.22123368795766404
0.3310847544157199	-0.13905879701485307	0.22108383098859424
0.33104072681512314	-0.1391356078358095	0.2209630303691315
0.33090993909809696	-0.13924070955580817	0.2206748017298617
0.33087661314218403	-0.13928370068440632	0.22058031789082566
0.3307919156729561	-0.1394393794776159	0.22036079559509358
0.33070926971177617	-0.13955329717982035	0.22019048046605452
0.33066104825473125	-0.1396698432838614	0.22003582793445237
0.33062750192105256	-0.13977983618212964	0.2198980136997542
0.33058712024009584	-0.1398703039887837	0.21975533058376856
0.3306071439473426	-0.1399261625358058	0.2196695111732285
0.33077883967043104	-0.14005320989486758	0.21965503133154068
0.3307895913153067	-0.1401109046584736	0.21965194525420062
0.33083789556136795	-0.14019174364530973	0.21963118005573276
0.33097464679364524	-0.1403239130596426	0.21957968620051982
0.3314027073582328	-0.14073084147293635	0.2194177971073277
0.3316426786661067	-0.14096114458309403	0.21932675369631466
0.3318016292614493	-0.14111208034877226	0.21926764438258994
0.33205326150013315	-0.14139729390720662	0.21916845264049742
0.3322058998999878	-0.1415911298782116	0.21910734689101313
0.3323648995469064	-0.14179906931461167	0.21904206539651955
0.3326768159865628	-0.1421611202892331	0.21891974917392987
0.3327472266619079	-0.14222962825766802	0.21889326365376854
0.33275481876132723	-0.14223690500652242	0.21889063462356614
0.3327555620904451	-0.1422512516023956	0.2188900767939219
0.3327491773556265	-0.1423141939526545	0.2188865423889183
0.33274461298934493	-0.14234258806475847	0.21888498494412956
0.3327444911221367	-0.14234304955112553	0.2188862866877254
0.33274582894805327	-0.14234365839632818	0.21888709161881087
0.332744385221268	-0.14234211673076835	0.2188872293826733
0.3327444733499088	-0.14234119832390596	0.2188881936684598
0.3327442448831448	-0.14233963508938724	0.21888893136142282
0.33274349505073697	-0.1423392306020268	0.2188891424812106
0.33274325175912983	-0.14233794449722745	0.2188899219972903
0.33274291126680994	-0.1423361981421256	0.21889083417265448
0.33274239444014947	-0.14233590598745033	0.21889103299750726
0.3327419307081008	-0.14233423978775372	0.2188913034908295
0.3327423427663642	-0.14233340944597045	0.21889183735941126
0.332742061774292	-0.1423315235818995	0.21889255314477638
0.3327420787422594	-0.14233163189314824	0.21889262992870726
0.33274127340895965	-0.14233006679156127	0.21889295588247726
0.33274110495316783	-0.14233040431004082	0.21889289537363565
0.3327408983092928	-0.1423289431723473	0.2188931709253737
0.3327402985467396	-0.14232897729241295	0.21889326382410726
0.33273949795630775	-0.14232865967846653	0.2188934589258266
0.3327391994687019	-0.1423285294526706	0.21889345867180734
0.33273965075472495	-0.14232822540190837	0.2188935223545722
0.33273951014415076	-0.14232854780378823	0.21889346602354173
0.3327406863991317	-0.14232795912947532	0.21889393939041923
0.3327392185796193	-0.1423279299953221	0.21889367526030118
0.3327396385674024	-0.14232833727686622	0.2188935152571575
0.3327381194995295	-0.14232748216085828	0.21889387010855743
0.3327385455411187	-0.14232740984769837	0.21889391909083264
0.3327384282884116	-0.14232745091882146	0.21889398915711217
0.3327398713486933	-0.14232761502824384	0.21889460558043305
0.33273890561450126	-0.1423276352299063	0.2188942194683809
0.33273925992750564	-0.14232791537215145	0.2188942121783581
0.33273895054921737	-0.14232715659815354	0.21889443994282642
0.33273786456150606	-0.1423279202126771	0.2188942772920155
0.33273902011127915	-0.14232755255919555	0.21889426059344483
0.3327386208048995	-0.14232819235963046	0.21889460701076482
0.33273915193371734	-0.14232725030784585	0.218894313406085
0.332739107960644	-0.14232844454943888	0.21889415515734084
0.332738900324544	-0.1423274606481108	0.21889471276083733
0.3327381703465849	-0.1423279853307196	0.21889397748319958
0.33273902011127915	-0.1423275525591955	0.2188942605934448
0.332738900324544	-0.1423274606481108	0.21889471276083733
0.33273909490371323	-0.1423285644157769	0.2188941475538949
0.33273971768152844	-0.1423280572973581	0.21889454164366678
0.3327384921202247	-0.14232856231824156	0.21889425555715597
0.3327392468701898	-0.14232803523818988	0.21889420457429126
0.332739408304156	-0.14232729852302745	0.21889476940827068
0.33273874926963565	-0.142329559960294	0.2188940094171101
0.3327385043066964	-0.14232845044386597	0.2188942626537069
0.3327380847127446	-0.14232852903192605	0.2188942439630827
0.33273902170497804	-0.1423289353079733	0.2188941185601656
0.3327389253074241	-0.14232738833853933	0.21889442524298855
0.3327382155347389	-0.14232860503808353	0.21889378394146194
0.33273858692341285	-0.14232872653939171	0.21889409090843043
0.33273892991821796	-0.1423291105672026	0.21889407702802705
0.33273827692727276	-0.14232791481747759	0.21889401559602595
0.33273931466583234	-0.14232751902876312	0.218894705624863
0.3327385833757283	-0.1423285359752639	0.21889458521462268
0.3327382718271404	-0.14232791962941937	0.21889400510312312
0.3327384254952454	-0.14232747736396928	0.21889406904040182
0.33273811256445	-0.14232851391414275	0.21889424814726746
0.3327379546887944	-0.14232806128675007	0.21889430422606024
0.3327376249378202	-0.1423284910651208	0.21889389904271844
0.3327382155347389	-0.14232860503808353	0.21889378394146194
0.33273936310748203	-0.14232793658697934	0.2188942467130705
0.33273874926963565	-0.142329559960294	0.2188940094171101
0.33273840467459775	-0.14232849766033556	0.21889413279321193
0.3327389168601353	-0.1423292304331545	0.21889406942391582
0.3327390705302213	-0.1423287881661937	0.21889413336047525
0.33273935005012956	-0.1423280564532306	0.2188942391089824
0.3327386924571312	-0.14232872043239164	0.21889413320475648
0.3327393378630803	-0.14232816832837128	0.21889423201172542
0.33273862054496506	-0.14232835179135417	0.2188943047931704
0.33273869010433843	-0.14232874775275073	0.21889412544352882
0.33273813291843857	-0.14232832894231667	0.21889395568765152
0.3327384668762447	-0.1423287940579357	0.2188942408568259
0.3327381343874786	-0.14232846325871387	0.21889396033952865
0.3327389376874787	-0.14232881612022114	0.2188945779248528
0.33273892991821796	-0.1423291105672026	0.21889407702802705
0.332738429233237	-0.14232920758289874	0.21889372031777524
0.3327376118808088	-0.14232861092863788	0.21889389143922736
0.33273856984589467	-0.14232888518218773	0.21889377665029455
0.3327387594534059	-0.1423279424798084	0.21889435420880216
0.3327380995073994	-0.14232863377885202	0.218894240543753
0.3327384668762447	-0.1423287940579357	0.2188942408568259
0.33273905747269616	-0.14232890803244522	0.2188941257566861
0.3327390705302212	-0.14232878816619376	0.21889413336047525
0.33273892991821796	-0.1423291105672026	0.21889407702802705
0.33273874608227316	-0.14232798571550623	0.21889436515003705
0.3327384668762447	-0.1423287940579357	0.2188942408568259
0.3327381198617077	-0.14232844880676904	0.2188939480843218
0.3327384422912806	-0.14232908771813896	0.2188937279218632
0.33273920943806884	-0.1423283788539992	0.21889418277530276
0.3327389957386268	-0.14232777630842552	0.21889424639976685
0.33273820247753016	-0.1423287249025071	0.21889377633785637
0.3327379792496608	-0.14232877120770768	0.21889389175158117
0.3327384422912806	-0.14232908771813896	0.2188937279218632
0.332738429233237	-0.14232920758289874	0.21889372031777524
0.3327377690362361	-0.14232857055394504	0.2188939558417253
0.33273811988451846	-0.1423285751327586	0.21889424902193333
0.33273850811209776	-0.14232775345921295	0.2188938972936369
0.33273888787851114	-0.14232773195338627	0.21889440344585345
