0.3479437027697639	0.14710758807401547	0.20159309527690544
0.3479437027697639	0.14710758807401547	0.20159309527690544
0.3479441220151601	0.14710748975080407	0.20159366470331924
0.34794334289992274	0.14710740470685002	0.2015930957078977
0.3479429689186721	0.14710741090710494	0.20159303247661914
0.3479441901115823	0.14710735130443747	0.20159365492515835
0.34794334289992274	0.14710740470685002	0.2015930957078977
0.3479441754151154	0.14710735629090554	0.20159285758961898
0.34794383870072304	0.14710745882570808	0.2015934577956299
0.34794427169833836	0.1471071961145088	0.20159371850741573
0.34794461781488945	0.1471075438697823	0.20159402679249966
0.3479439131063804	0.14710722203804144	0.20159365592213954
0.3479445894418772	0.14710813153398794	0.2015933391446708
0.34794349258316676	0.14710711107051333	0.20159314951158538
0.3479439584611834	0.14710703252998142	0.20159346871200556
0.3479439584611834	0.14710703252998153	0.20159346871200545
0.3479439059708399	0.14710807622412214	0.20159279287078063
0.3479439507143084	0.14710826647517594	0.20159278268287678
0.3479432730477257	0.14710754173717344	0.2015930705997355
0.3479437571132887	0.14710761401422723	0.2015933942130788
0.3479444818849457	0.14710767311808104	0.20159366427339145
0.3479439059708399	0.14710807622412214	0.20159279287078063
0.347943531988325	0.14710808242449958	0.20159272963834177
0.34794348734261416	0.14710748672620488	0.20159338654566397
0.3479432613125421	0.1471075598936627	0.20159303212552818
0.3479434647194474	0.14710746502761185	0.20159339456361938
0.34794349258316687	0.14710711107051339	0.2015931495115854
0.34794455145606495	0.147107836707138	0.20159320876318823
0.34794313436043756	0.14710800695841703	0.20159301854930528
0.3479438217905671	0.14710746178577183	0.20159344532886564
0.34794301843605213	0.14710768432996757	0.20159287837723155
0.3479432477516699	0.14710673412532288	0.20159364556479153
0.34794341099649506	0.14710726625776027	0.20159308592961322
0.34794341099649506	0.14710726625776027	0.20159308592961322
0.3479436872607801	0.1471077510443357	0.20159336910460962
0.34794445551273984	0.14710797977300533	0.20159315228993818
0.34794419323196485	0.14710873259554308	0.20159307780144375
0.3479441985705288	0.14710764219294448	0.20159345736531514
0.3479441169826586	0.14710779738231827	0.20159339378242208
0.34794383870072304	0.14710745882570808	0.2015934577956299
0.3479441116426892	0.1471088877849847	0.20159301421809436
0.3479441901115823	0.14710735130443747	0.20159365492515835
0.3479437571132887	0.14710761401422723	0.2015933942130788
0.34794325185346964	0.14710667423690738	0.20159317055773074
0.3479436982580238	0.14710792262987604	0.20159337085832674
0.3479445499807839	0.1471075346724937	0.201593654494889
0.3479432613125421	0.1471075598936627	0.20159303212552818
0.3479439059708399	0.14710807622412214	0.20159279287078063
0.3479435463065276	0.14710730983978698	0.20159345814589266
0.34794468508675114	0.1471081612682783	0.20159336186790303
0.3479432730477257	0.14710754173717344	0.2015930705997355
0.3479441901115823	0.14710735130443747	0.20159365492515835
0.3479432613125421	0.1471075598936627	0.20159303212552818
0.3479432613125421	0.1471075598936627	0.20159303212552818
0.34794354857381066	0.14710821626570092	0.20159331705454175
0.34794383870072304	0.14710745882570808	0.2015934577956299
0.3479439705751976	0.14710778197039992	0.20159357601212582
0.34794382438180066	0.14710823141183121	0.20159272928731503
0.3479431914600141	0.1471076969237835	0.20159300701718044
0.3479429957047188	0.14710753090053463	0.20159283815043375
0.34794354857381066	0.14710821626570092	0.20159331705454175
0.3479441220151601	0.14710748975080407	0.20159366470331924
0.3479430176429301	0.14710755641564133	0.20159284396738006
0.3479432730477257	0.14710754173717344	0.2015930705997355
0.3479439059708399	0.14710807622412214	0.20159279287078063
0.3479441719231236	0.14710720048624304	0.20159365051093378
0.3479437545289024	0.14710836844179348	0.20159270417913275
0.3479437688485455	0.14710759585601907	0.2015934326873462
0.3479429957047188	0.14710753090053463	0.20159283815043375
0.34794389467663017	0.14710721122275477	0.20159364962864867
0.34794383870072304	0.14710745882570808	0.2015934577956299
0.3479436211819473	0.1471077432616828	0.20159303169419404
0.3479432613125421	0.1471075598936627	0.20159303212552818
0.3479438149255623	0.147107345752453	0.2015928677198895
0.3479430527728742	0.14710816214525557	0.20159295496723345
0.34794334289992274	0.14710740470685002	0.2015930957078977
0.3479435185771722	0.14710746231813154	0.20159334019234015
0.34794355877374783	0.14710820241863437	0.20159253531164065
0.34794366606721144	0.14710688354362267	0.20159346906258566
0.3479442590623842	0.14710768772050437	0.20159320911338657
0.3479444715114072	0.1471090711543553	0.20159301378756708
0.3479432730477257	0.14710754173717344	0.2015930705997355
0.34794406315945364	0.14710779836593962	0.2015936413478822
0.34794356030910945	0.1471081981074429	0.20159335552877278
0.3479432613125421	0.1471075598936627	0.20159303212552818
0.3479439584611834	0.14710703252998153	0.20159346871200545
0.3479430527728742	0.14710816214525557	0.20159295496723345
0.34794278716494914	0.14710813315219134	0.2015927609922688
0.3479433825558153	0.14710720020351561	0.20159355717047955
0.3479437571132887	0.14710761401422723	0.2015933942130788
0.3479429957047188	0.14710753090053463	0.20159283815043375
0.3479432730477257	0.14710754173717344	0.2015930705997355
0.3479432840439835	0.14710771332213152	0.20159307235243265
0.34794383870072304	0.14710745882570808	0.2015934577956299
0.3479432730477257	0.14710754173717344	0.2015930705997355
0.3479434306215872	0.14710750932326971	0.20159304852847967
0.34794311803385863	0.14710816631135604	0.2015929643028374
0.34794447654675553	0.14710876352064456	0.2015932847096131
0.3479430505056986	0.1471072557209867	0.20159309605871095
0.34794334289992274	0.14710740470685002	0.2015930957078977
0.3479440556548777	0.14710778258812512	0.20159284667411342
0.3479427677091283	0.14710756969168498	0.20159321574540567
0.34794313436043756	0.14710800695841703	0.20159301854930528
0.34794398838392515	0.14710716518939765	0.20159351159957775
0.3479431453886943	0.1471072372646181	0.2015928919543794
0.347943488920839	0.14710833944860313	0.20159251020352353
0.3479441901115823	0.14710735130443747	0.20159365492515835
0.3479436301614279	0.14710806107715585	0.20159338063679508
0.3479434647194474	0.14710746502761185	0.20159339456361938
0.34794448614257245	0.1471088538741087	0.20159311883335107
0.34794307729207075	0.14710737571463628	0.20159290173270616
0.3479441220151601	0.14710748975080407	0.20159366470331924
0.34794383870072304	0.14710745882570808	0.2015934577956299
0.34794383870072304	0.14710745882570808	0.2015934577956299
0.3479440219745222	0.1471077229648688	0.20159354126103257
0.3479431914600141	0.1471076969237835	0.20159300701718044
0.3479436982580238	0.14710792262987604	0.20159337085832674
0.34794349258316676	0.14710711107051333	0.20159314951158538
0.34794369647178564	0.1471077335241069	0.20159337628289903
0.3479440404276949	0.1471076449402985	0.2015936011206644
0.34794292585218034	0.14710766793066204	0.2015928130421511
0.34794476749802583	0.14710725023351345	0.20159408059685652
0.3479432613125421	0.1471075598936627	0.20159303212552818
0.34794383870072304	0.14710745882570808	0.2015934577956299
0.34794427169833836	0.1471071961145088	0.20159371850741573
0.3479434647194474	0.14710746502761185	0.20159339456361938
0.3479434647194474	0.14710746502761185	0.20159339456361938
0.347943888608811	0.147107169560113	0.20159344360328385
0.34794433191952107	0.14710826737326127	0.2015931298514771
0.3479444017720691	0.14710813034310877	0.2015931549595952
0.34794404151124236	0.1471075285541646	0.20159361020081096
0.34794354857381066	0.14710821626570092	0.20159331705454175
0.34794334289992274	0.14710740470685002	0.2015930957078977
0.3479428419663488	0.14710785797228781	0.20159301890007741
0.34794433191952107	0.14710826737326127	0.2015931298514771
0.3479433379160216	0.14710758727582107	0.2015930392912864
0.3479434787211613	0.14710835329578542	0.20159329194633405
0.3479436872607801	0.1471077510443357	0.20159336910460962
0.3479440404276949	0.1471076449402985	0.2015936011206644
0.3479432613125421	0.1471075598936627	0.20159303212552818
0.3479440568868649	0.1471076175142011	0.20159364129295643
0.3479436301614279	0.14710806107715585	0.20159338063679508
0.3479431914600141	0.1471076969237835	0.20159300701718044
0.34794334289992274	0.14710740470685002	0.2015930957078977
0.3479437571132887	0.14710761401422723	0.2015933942130788
0.34794382538523483	0.1471074637240744	0.20159344852187805
0.34794411439789147	0.1471085518108014	0.20159270374787752
0.3479430527728742	0.14710816214525557	0.20159295496723345
0.34794313436043756	0.14710800695841703	0.20159301854930528
0.3479439059708399	0.14710807622412214	0.20159279287078063
0.34794398838392515	0.14710716518939765	0.20159351159957775
0.3479432613125421	0.1471075598936627	0.20159303212552818
0.34794446986768096	0.14710799189698798	0.2015931451799385
0.34794431072663673	0.147107399871497	0.2015932298083877
0.3479441220151601	0.14710748975080407	0.20159366470331924
0.3479436322874844	0.14710683701001914	0.20159319972895448
0.34794425033009724	0.14710842256247442	0.20159306626764448
0.3479435900995345	0.14710770606812118	0.2015930657851361
0.34794307729207075	0.14710737571463628	0.20159290173270616
0.34794368726078023	0.14710775104433566	0.20159336910460968
0.3479439059708399	0.14710807622412214	0.20159279287078063
0.3479441774743543	0.14710784290965984	0.20159314553041466
0.3479436301614279	0.14710806107715585	0.20159338063679508
0.3479437545289023	0.14710836844179348	0.20159270417913278
0.34794382438180066	0.14710823141183121	0.20159272928731503
0.3479431659405989	0.147107799124356	0.2015929780279218
0.34794390760596544	0.1471081247592047	0.2015935458904216
0.3479439579365942	0.1471082735750564	0.20159306661812076
0.3479441220151601	0.14710748975080407	0.20159366470331924
0.3479431914600141	0.1471076969237835	0.20159300701718044
0.34794341099649506	0.14710726625776027	0.20159308592961322
0.34794341099649506	0.14710726625776027	0.20159308592961322
0.3479439059708399	0.14710807622412214	0.20159279287078063
0.34794446986768096	0.14710799189698798	0.2015931451799385
0.34794468005186086	0.14710846890156787	0.20159309094537028
0.3479439740665474	0.14710793777626846	0.20159278309104517
0.34794334289992274	0.14710740470685002	0.2015930957078977
0.34794425033009724	0.14710842256247442	0.20159306626764448
0.34794334289992274	0.14710740470685002	0.2015930957078977
0.3479440404276949	0.1471076449402985	0.2015936011206644
0.34794378499432554	0.14710742864256426	0.2015933802957519
0.34794307729207075	0.14710737571463628	0.20159290173270616
0.34794334289992274	0.14710740470685002	0.2015930957078977
0.3479440404276949	0.1471076449402985	0.2015936011206644
0.34794367818131666	0.14710763298372304	0.20159357636235192
0.34794289906608805	0.14710754793719705	0.2015930073682715
0.3479437632611681	0.14710763360154905	0.2015928470248623
0.3479436211819473	0.1471077432616828	0.20159303169419404
0.3479437688485455	0.14710759585601907	0.2015934326873462
0.34794354857381066	0.14710821626570092	0.20159331705454175
0.34794390679719983	0.14710732037835117	0.20159344801742407
0.3479425689480833	0.14710713573366685	0.20159320180868245
0.34794460312056863	0.1471075488579353	0.2015932294581495
0.3479440400484413	0.1471068773414873	0.201593532294844
0.34794347645429397	0.1471074468700695	0.20159343303760896
0.34794354697406893	0.14710700761218953	0.20159319189945052
0.3479441220151601	0.14710748975080407	0.20159366470331924
0.34794349258316676	0.14710711107051333	0.20159314951158538
0.3479434626606204	0.14710697840930181	0.20159310662422086
0.3479437571132887	0.14710761401422723	0.2015933942130788
0.34794334289992274	0.14710740470685002	0.2015930957078977
0.3479432730477257	0.14710754173717344	0.2015930705997355
0.3479430527728742	0.14710816214525557	0.20159295496723345
0.34794427169833836	0.1471071961145088	0.20159371850741573
0.34794419323196485	0.14710873259554308	0.20159307780144375
0.34794398838392515	0.14710716518939765	0.20159351159957775
0.3479436301614279	0.14710806107715585	0.20159338063679508
0.3479435463065276	0.14710730983978698	0.20159345814589266
0.3479437571132887	0.14710761401422723	0.2015933942130788
0.3479431883833065	0.14710789712300926	0.2015930107916173
0.3479437798449319	0.14710776744089665	0.20159343444018268
0.3479439705751976	0.14710778197039992	0.20159357601212582
0.3479436301614279	0.14710806107715585	0.20159338063679508
0.3479440521629936	0.14710762678110811	0.20159363959496604
0.3479437620356874	0.14710838422178157	0.20159349885371172
0.3479437900468184	0.14710775359582828	0.20159265269820253
0.3479444017720691	0.14710813034310877	0.2015931549595952
0.34794419323196485	0.14710873259554308	0.20159307780144375
0.3479431970528954	0.14710694941611213	0.20159291264900106
0.3479424249184638	0.1471081211954735	0.2015927362355926
0.34794383870072304	0.14710745882570808	0.2015934577956299
0.3479448297364177	0.14710817526595604	0.20159314474936102
0.3479434626606204	0.14710697840930181	0.20159310662422086
0.34794384075381435	0.14710743428444334	0.2015934117079416
0.34794334289992274	0.14710740470685002	0.2015930957078977
0.34794320245712906	0.14710786850940438	0.20159300877075825
0.34794383870072304	0.14710745882570808	0.2015934577956299
0.3479439059708399	0.14710807622412214	0.20159279287078063
0.3479439740665474	0.14710793777626846	0.20159278309104517
0.34794362987123706	0.14710688270154176	0.2015932049589854
0.3479441897313521	0.14710658370512747	0.20159358609933276
0.3479432840439835	0.14710771332213152	0.20159307235243265
0.3479437571132887	0.14710761401422723	0.2015933942130788
0.3479437688485455	0.14710759585601907	0.2015934326873462
0.34794328038011935	0.14710894170122263	0.20159243304630342
0.34794364036275827	0.14710804723183946	0.2015925988950091
0.3479439792966784	0.14710716891068526	0.20159352599984537
0.3479438933870495	0.14710732127289355	0.20159343918590772
0.34794334289992274	0.14710740470685002	0.2015930957078977
0.3479440404276949	0.1471076449402985	0.2015936011206644
0.34794390679719983	0.14710732037835117	0.20159344801742407
0.34794334289992274	0.14710740470685002	0.2015930957078977
0.34794334289992274	0.14710740470685002	0.2015930957078977
0.34794398157251477	0.14710795355589423	0.2015935777659225
0.34794415928527556	0.1471076920901377	0.20159314111617482
0.3479441220151601	0.14710748975080407	0.20159366470331924
0.34794382438180066	0.14710823141183121	0.20159272928731503
0.3479430527728742	0.14710816214525557	0.20159295496723345
0.34794382962098114	0.14710734076485021	0.20159366505326742
0.3479436266497212	0.14710801428890036	0.2015926193029468
0.3479437798449319	0.14710776744089665	0.20159343444018268
0.34794271504556756	0.14710736375910516	0.20159287697571707
0.3479432613125421	0.1471075598936627	0.20159303212552818
0.3479438840121761	0.14710723730549086	0.20159370744140248
0.3479438306954829	0.1471082188603688	0.20159355142569013
0.3479439134759734	0.14710809200218367	0.20159358754434598
0.34794427169833836	0.1471071961145088	0.20159371850741573
0.3479440404276949	0.1471076449402985	0.2015936011206644
0.3479432613125421	0.1471075598936627	0.20159303212552818
0.34794364036275827	0.14710804723183946	0.2015925988950091
0.34794307729207075	0.14710737571463628	0.20159290173270616
0.34794311860274535	0.14710711727126385	0.20159308628070416
0.3479429689186721	0.14710741090710494	0.20159303247661914
0.3479440400484413	0.1471068773414873	0.201593532294844
0.3479441901115823	0.14710735130443747	0.20159365492515835
0.34794446986768096	0.14710799189698798	0.2015931451799385
0.34794390679719983	0.14710732037835117	0.20159344801742407
0.34794354424782453	0.14710682322251417	0.20159317020687786
0.34794432336277364	0.14710690826664913	0.20159373920266704
0.3479441985705289	0.14710764219294437	0.2015934573653151
0.3479434900389103	0.14710709065777122	0.20159315160323146
0.3479437333370538	0.1471075009394427	0.20159280413641426
0.3479443254207391	0.14710739488377078	0.2015940271418974
0.34794382438180066	0.14710823141183121	0.20159272928731503
0.3479440404276949	0.1471076449402985	0.2015936011206644
0.3477521314981738	0.14702639334329337	0.20158116030672246
0.3475067064838432	0.147034328465167	0.20154708553769254
0.34763537917672416	0.14672094573693067	0.20179579891948116
0.34759117876327583	0.14626530929556325	0.20202745779761289
0.34765881434057616	0.14568074967574546	0.2024385653845708
0.3476436728259611	0.14505941974743897	0.20279287421491848
0.34812896838242247	0.1440900990641929	0.20349957427593085
0.34859695120345796	0.14362614630192344	0.20381702793057507
0.35009297607465334	0.14295279602332867	0.20455440295183014
0.35185181104501145	0.14260279859306324	0.20515040989427946
0.3535825269957691	0.14253706569035623	0.20556982864254186
0.3570202773880256	0.14263921647872024	0.20624463554297437
0.36005425621907244	0.14300683272476888	0.20658422525591444
0.362956129737836	0.14328392045518323	0.20692907154204612
0.3667673101607368	0.14353663746700296	0.20749312794110913
0.3707297367632801	0.14351564716136955	0.2081782876620915
0.3734366579349184	0.1433427663867865	0.2087067730959159
0.3753739929695522	0.1432249981618236	0.20909785676194428
0.37811282785454264	0.14287770801458904	0.20961166476885032
0.38277120881950233	0.1420626110210012	0.21034707772167505
0.38450194153619793	0.1417341280663314	0.21065481617443388
0.3865216367453633	0.14118295244216184	0.2108579354130558
0.3894390660776051	0.1402758091102107	0.21116390026816542
0.3913903953713414	0.13961546600906172	0.21129765223973043
0.39254107483237755	0.13918818426664276	0.21136685018780924
0.39483927891346154	0.13813876846043455	0.21124245289644897
0.39724676708563766	0.1370602546115789	0.21105400083552817
0.39859343104586886	0.1363769401176277	0.21078652669907616
0.39989889396674017	0.13560666894387652	0.21041189693071605
0.4007356266497539	0.13506723108231322	0.2100832827515849
0.4026374678919533	0.1340113560271296	0.20920977308295466
0.4037683016998569	0.133456727110775	0.20860450848028822
0.4052970374397471	0.1328545509412155	0.20780955524032532
0.406461120687703	0.13238141589838875	0.20706547348402232
0.40756107205666287	0.1318570930307038	0.20595796282698464
0.4087184347019744	0.1313146529219804	0.20448125021821084
0.4091519377219353	0.13103237549586932	0.20381055608805354
0.4101821619355579	0.13000167190114414	0.20228299604721342
0.4106003149255574	0.1291984745468695	0.20131275345536323
0.4110581980726247	0.12801295871750556	0.20020409122560134
0.41133541453386985	0.126994235043351	0.19951596505720331
0.4114409091146545	0.12571032972236618	0.19878787442377058
0.41143094187627205	0.12477109985897973	0.19845004207223424
0.4111706341527838	0.12223316996696872	0.19784244274003993
0.4110113444820204	0.1208223351757431	0.19776438426974988
0.41075464420325	0.1196689031035831	0.19773998080881125
0.4105046498763616	0.11842963698316665	0.19786073679217736
0.4100370395577133	0.11627382243395566	0.19830600210419494
0.40959106375116083	0.11450058027304717	0.19882742430728476
0.4089488216042956	0.11222340128533288	0.19986530663673843
0.40857664939179156	0.1108516233621336	0.2007246790958817
0.40829197449748617	0.10999330422789776	0.20125941814532905
0.40770831455361395	0.10824169098414481	0.2024752263091464
0.40722710527718714	0.10694108714398433	0.20337047496774455
0.40676077191237625	0.10579211049240232	0.20415336222706845
0.40614232645922477	0.10450520685659266	0.20502190343396032
0.4058270546699857	0.10387247657247871	0.20542565989727166
0.4051615726046787	0.10285464663492518	0.20626803358066814
0.4046459145449818	0.10197007808865445	0.20685208205195307
0.4040037541437058	0.10093931940915575	0.20758275209316768
0.4036422865082605	0.10061425123797944	0.20791119224860224
0.4030404787431198	0.10007394733479653	0.2082812108777988
0.4025401252254925	0.09959811150129634	0.20864524082999242
0.4021749797459241	0.09922351679360135	0.20895421981401868
0.4015285319350488	0.09852434626512975	0.20950777225237793
0.4010339535024395	0.0979483235274755	0.2098976875933432
0.40080443276729205	0.09771042678570525	0.21004641967046103
0.4001823548256627	0.09700890635179867	0.2106884995250447
0.3997223719580047	0.09659361133889123	0.2109134293988835
0.3989695575030206	0.09581404117345198	0.21141966210892185
0.3987434345662238	0.09558606375263827	0.2115483405766843
0.3984020811594141	0.09520835186562533	0.21193318051086327
0.39793360735131944	0.09469617803700382	0.2123257185372422
0.39751634667226016	0.09424356535515387	0.21260044365001177
0.3969869441863664	0.09357212058798149	0.21312941509139333
0.39645911932608713	0.09298855213628711	0.2136277458273611
0.39599338292454833	0.0924890330899988	0.213949703644915
0.3957989718615727	0.09224065832961463	0.21411431249248397
0.3953927712407441	0.09183651294708063	0.2144347725474907
0.3949999095533668	0.09152125953889088	0.21465947876909325
0.3943589094261331	0.09085408325055129	0.21508841999342243
0.3939823629732429	0.090455303766401	0.21540005910959403
0.3934214851756984	0.08983217403689338	0.21596782105951443
0.3931073291197863	0.0894542363847728	0.21621030413092046
0.39288389229723986	0.08920143318546576	0.21637172650160968
0.39237092862798495	0.08860429817668715	0.21690308948971027
0.3921574016263082	0.08839316826526504	0.2170799840445936
0.39166043587714705	0.0879008495692581	0.2175076084410046
0.3914065345848602	0.08761780475372831	0.21770752429015344
0.3909996981624993	0.08718933932104446	0.21800794600278525
0.3905393578005264	0.08664174821387917	0.21850331278778862
0.39018028661882903	0.0862417982332014	0.21888895264217967
0.3896984494132265	0.08570518070361481	0.2192891394130764
0.3893706893772252	0.08530524548417477	0.2196564970294771
0.38910704816149383	0.08502480381014389	0.21990070551776522
0.38863886848869245	0.08454759473761249	0.22035006777647578
0.3882548266373788	0.0841938759963979	0.22063208400370604
0.38806375571491236	0.08398434827947214	0.22078302980035625
0.3875875631100487	0.08346495956987006	0.22127412179020023
0.3874367500126192	0.08328404802006394	0.2214515300662693
0.3871245982508462	0.0829411717571653	0.22174727052384013
0.3865692022060607	0.08229577328592873	0.22240912313799008
0.3862788219049598	0.08198669493373763	0.22263105363089433
0.3859368641305704	0.08161849869251873	0.2230082450866783
0.3856273305495988	0.08126356943952669	0.2233556530876399
0.3854740730590204	0.08108414134676815	0.22351758174942937
0.38507910090077496	0.08062776304527842	0.2240687893424632
0.3847658565578328	0.0802864260303333	0.22436504052282186
0.3843489181350864	0.0798148011337118	0.22474979702113593
0.38405611879277957	0.07946665355877171	0.22514172019484793
0.3837515945728519	0.07912973200234245	0.22548104296267452
0.3835439031776905	0.07889649619191612	0.22571744789047668
0.3831206205334695	0.07822327562366861	0.2263020547736305
0.382496110351726	0.07713502002297999	0.226755688487843
0.3820284140957767	0.0762852487904059	0.2272216012532477
0.38170987805597006	0.07530076836953152	0.22759009070992897
0.3813566890837165	0.07450541934400544	0.2279192993247709
0.3808691061338296	0.07332369717211422	0.22828793757242077
0.38022219629445514	0.07158180279103381	0.22902345400343754
0.3798548273979108	0.07068816135281374	0.22931425398149566
0.3790964304503991	0.06860815047617265	0.23009155960510513
0.3781980229599554	0.06629484037250506	0.23082507482067563
0.37758656417770425	0.06460690472863183	0.23145161364907624
0.3771943201715918	0.06361652347416087	0.2317874836774904
0.376279925264427	0.06124256938127899	0.23259145085493355
0.3759995952021046	0.06044827424493561	0.23282904595386572
0.37530431974642064	0.0586173670409645	0.23348802195085117
0.37460157782610637	0.05683698050910903	0.23407718882964756
0.37334962310863457	0.053479649512940666	0.2350959747592612
0.3726858266214414	0.051812542442569734	0.23565690111910803
0.37197687628567405	0.0500275385758039	0.2361843879871115
0.37160708204456766	0.04910361092834882	0.2365569249433416
0.3707565477415704	0.047025414788512535	0.23713123990640025
0.36997233802828383	0.04506394226157613	0.23777027303875548
0.36893433309527895	0.04262140869446747	0.23849151860817744
0.36789468257806	0.04014811741964315	0.23917968243143928
0.36728919293450474	0.0388138250359215	0.23958458519860198
0.36661234516219277	0.0371779611136349	0.24003315576930306
0.36570859759718555	0.035100484637862875	0.24061317690267145
0.36493757927617765	0.03333096900372397	0.2411115154951428
0.3645092743673904	0.032374731096820306	0.24139544174966018
0.3633502649148978	0.029438567839760135	0.2421693002537313
0.36233362912539113	0.026684660302303445	0.24295960138359404
0.3616390962536724	0.024918114862447924	0.24352205588063636
0.36129375276389675	0.023934719194009677	0.2437489431171176
0.36057156034994325	0.022056728187961464	0.24431986972839237
0.359455007484094	0.019068446125877866	0.24511326592906668
0.3586873384722254	0.017051079829348656	0.24576939601962966
0.35830478674721733	0.01588665974018795	0.24604504400135088
0.3576518785384401	0.014179478169391427	0.24652319251866633
0.3568840716312937	0.012089425735613654	0.24715607436243886
0.3559562704041209	0.009613681998227666	0.2478263032155027
0.35542295679740127	0.008155562923047574	0.24821002899898392
0.35493154541179806	0.006829742274105446	0.24858627284163692
0.3546636430207446	0.006077834521155442	0.24873602848058435
0.35406535063421957	0.004506431843345884	0.24924201096701415
0.35313979712948035	0.0019879989812726234	0.249940763063504
0.35296534039425387	0.001388625307715538	0.2500390676724137
0.35228273750338923	-0.0003145686686695931	0.2504618754833311
0.35198346051247253	-0.001309764297967933	0.2507792424902066
0.35161853559849787	-0.0022615983194970574	0.25091819075019806
0.3511044479068671	-0.003643139128868614	0.2513513631249331
0.35091969930913447	-0.004153904354703211	0.2515446249026415
0.35055244107696026	-0.004993894643645538	0.25150102553570375
0.35028973094608534	-0.005464066078142052	0.25159857488336235
0.3501511030536441	-0.005702549082263406	0.2516382444290116
0.34992274827619774	-0.006026914773686956	0.2515914260829755
0.3499028737990424	-0.006037621600343671	0.2513763692058022
0.349924575051869	-0.005976695555132958	0.25130457432926034
0.3499419362439898	-0.005931055671575161	0.2512876559466032
0.3498938271567066	-0.00590943112052901	0.25126534008307366
0.3497335607762061	-0.005927680080570194	0.25123618791671953
0.34952784353446437	-0.0059512972541497094	0.251195541116703
0.3495200326322951	-0.00594926928546681	0.2511892800793316
0.3495400073873971	-0.005902268550468839	0.25117361708636987
0.3495569594861326	-0.005861162483032187	0.2511619666348932
0.3495587847575642	-0.005857780933073639	0.2511605058545358
0.34956310696218396	-0.005850492648073649	0.2511584430687023
0.3495638917712528	-0.005849594856859111	0.2511587361063855
0.34956847367551247	-0.005846205375540578	0.2511592565925531
0.34957079322031426	-0.005843676564333586	0.25115798959573277
0.34957222087206946	-0.00584331760363134	0.2511592247492427
0.34957412541359156	-0.0058418455595325575	0.25115740515514107
0.34957709055533864	-0.0058417247512951714	0.2511588165808146
0.3495773135367966	-0.005841026179673733	0.25115843201650295
0.34957859482657766	-0.005840783264696295	0.25115874706100716
0.3495801496165126	-0.005839995349389129	0.25115872229113423
0.34958016183831503	-0.005840313432740232	0.25116049827127995
0.3495815460296802	-0.0058396244444020445	0.251159504035596
0.3495819998683562	-0.005840348906728174	0.25116078003870407
0.34958204926525244	-0.005840348160703765	0.25116034868756654
0.34958157735988765	-0.005840803068319758	0.25116023878462074
0.34958197659725665	-0.005840605076925923	0.25116013374059926
0.349583048795038	-0.005840049605044209	0.2511607000469889
0.3495827051527597	-0.005841009336505595	0.25116159765661367
0.34958341798081466	-0.005839852076038474	0.2511608574382776
0.3495830568753725	-0.0058407597608082645	0.25116184662701013
0.34958372018336625	-0.005839877811980074	0.2511610757490843
0.34958384926580666	-0.0058402084053045394	0.251161103062837
0.34958381128319665	-0.005840238183353566	0.2511617990203679
0.3495830897832809	-0.005840903758210489	0.2511616136799254
0.3495834357000302	-0.005841456004870585	0.2511614751906245
0.3495829561239144	-0.005841518677924498	0.2511627551832484
0.3495827264983756	-0.005842057284949478	0.2511629976445933
0.3496490347867012	-0.00579074557622182	0.25092757162093593
0.34964621761729486	-0.005792575202259551	0.250944609482741
0.3496372243818828	-0.005795429068075439	0.2510045891434445
0.34963081144913727	-0.005798619489933557	0.2510344245688432
0.3496135672647305	-0.005812890088744652	0.2510770666648271
0.34959622796817424	-0.005828480082984103	0.2511180757898983
0.3495869303157942	-0.005836626003329501	0.25114417092284946
0.3495830478031835	-0.00583981630295459	0.25115279562976883
0.3495815050358766	-0.005841326359511442	0.2511580217562884
0.3495801886565473	-0.005842134819244935	0.2511602857231258
0.3495805799493319	-0.005842673682918062	0.2511621832572778
0.34958780317382965	-0.005918966665250144	0.2512106233778595
0.3496046783255595	-0.006072267680543267	0.25131560113524154
0.34962246898258664	-0.006234633461407443	0.2514663340338195
0.34965136864249685	-0.006248991229296438	0.251312066560204
0.34970043138325996	-0.006241284141329559	0.25111251042156335
0.34970447631003715	-0.0062443275413380656	0.25108140626080133
0.34970546484045734	-0.006245109503505583	0.25107294972195804
0.3497023765442391	-0.006246943689760073	0.2510692443726473
0.34968928908034014	-0.006255953235515518	0.2510688601660467
0.3496809900859829	-0.006261575236472708	0.25106660814616755
0.34967596584863514	-0.006264223119720511	0.25106539526476446
0.3496727602708264	-0.0062663494025084615	0.2510660082936179
0.3496666782268354	-0.006269604583362801	0.2510635799184535
0.34966055578980565	-0.006273538426605482	0.25106168578264354
0.34965649572762575	-0.006275801699752545	0.2510593988031349
0.3496320423764923	-0.006292963237796559	0.25106118082552076
0.34948068296761003	-0.006429339240022883	0.25119657886018626
0.3494921244723964	-0.0064222304597800345	0.25118784738839706
0.3495038129828909	-0.0064133754544302285	0.25117927542281027
0.3495423111348666	-0.006381888871608163	0.2511174597329101
0.34959880503663854	-0.006334847587106077	0.2510920830953795
0.34962845657643143	-0.006309824554174934	0.2510603882905881
0.3496381800078369	-0.006301470248827976	0.2510550929193082
0.3496475350642497	-0.006292667359301438	0.25105213425997885
0.3496524204441864	-0.006287318805945977	0.251049421906145
0.3496555947175102	-0.006281849607291792	0.2510490606480311
0.3496580653369089	-0.006278735987403014	0.2510472355128771
0.3496614929872985	-0.006272932603765144	0.2510454105566173
0.3496621127433222	-0.006269324243978844	0.2510448922269224
0.3496626271569412	-0.0062671836887618765	0.2510416782203116
0.3496620309726583	-0.006264116484672108	0.25103986587439064
0.3496623747317728	-0.0062621179229186835	0.25103970268745696
0.34966183456891275	-0.0062606748802923745	0.25103912522090693
0.3496617813146272	-0.0062599129220605315	0.25103866280471443
0.34966186171664904	-0.006259539268715128	0.2510394393781702
0.3496609810229308	-0.006260018447572055	0.251038815810539
0.3496613890939891	-0.006259944091300582	0.25103930061638835
0.3496612660888345	-0.0062602636577469145	0.25104028141303203
0.34966094965498185	-0.006260315751380904	0.25104024443765793
0.3496607482745166	-0.006261103872088572	0.2510407655436757
0.34966066002328955	-0.006260560708165316	0.2510408665013992
0.3496594554507749	-0.006262167791208431	0.2510411733360343
0.3496596499214168	-0.006261060554807615	0.2510409651701495
0.34965916581783224	-0.006262412743596749	0.25104179540092453
0.3496596588392174	-0.00626167648839164	0.25104131404604274
0.34965872749847016	-0.006262480724820871	0.2510419982916834
0.3496578054529312	-0.006263256204424403	0.25104252546612427
0.3496581483342071	-0.0062637732004499486	0.25104236582133876
0.3496575188929031	-0.006263549798085674	0.25104237579799726
0.3495617790976657	-0.00627274119178077	0.2510273281026816
0.3492917319333416	-0.006074819636404119	0.2508543032725684
0.34896795813879933	-0.005392476424729856	0.25057179465601365
0.34883845297623345	-0.004382718616907075	0.25050539082735057
0.34877772297202086	-0.003875037534740264	0.2504924018096051
0.34859406363113815	-0.00261715673764866	0.25061260647490974
0.34844791438019695	-0.0018441624744284374	0.25072729780327274
0.34817796700614995	-0.0010985077468450427	0.2509679078048639
0.3477618131422583	0.00018781440258401616	0.25132820322829774
0.3474198571166416	0.0015915964518443543	0.25165949818205813
0.3469282415550133	0.003237029254893095	0.25218897709639293
0.3466321767555226	0.00394754612624805	0.2523756945700141
0.3461904941106778	0.005697006064957419	0.25288006303518246
0.34593851965667494	0.006692334148182252	0.25315150115007806
0.34540715880786577	0.008519167884571646	0.2535627541618418
0.3450635337710172	0.010340705870786768	0.25388425739181286
0.34481761508286557	0.011979852717933823	0.2539843227565978
0.34447953009199656	0.013711550183027124	0.2541849145454539
0.3440537798113199	0.016210486353247136	0.254517280042983
0.34376386747063536	0.017419577722007043	0.2547071163178672
0.3433283510177849	0.01972762892426909	0.2550805980583454
0.3427409347201471	0.02253265053817123	0.2556064028696564
0.3423724298445928	0.02460235344861504	0.25607456827639785
0.3420710090287608	0.02589024521490242	0.2563331328333256
0.34167069536314815	0.02783745483459131	0.25678170623414753
0.3410935975178851	0.030394049849608376	0.2574056681496987
0.3406948977237774	0.03252735122012805	0.25797723623868885
0.3402551801983333	0.034337037916924704	0.25845960673064383
0.34000313959721623	0.03654371952604073	0.25880807543306633
0.3396179506968935	0.039797173487102835	0.25907060336512844
0.3394086741223673	0.04183867795620792	0.25931294265486293
0.3391893055370941	0.04407397198408387	0.2595414935928499
0.33899942906529645	0.04580930062144019	0.2596881095180578
0.3389320446632337	0.047217359633584796	0.2597929475822215
0.3387263890717598	0.050612844939129806	0.25992702272720525
0.3386303401437049	0.05306654040349067	0.26011223563080266
0.3385891524896753	0.05486706266339601	0.260109930416786
0.33855444037538396	0.05766492081879161	0.26026571469044657
0.3386463215041058	0.06080830447393033	0.2601611841788499
0.3386696925852532	0.06288697672723494	0.26015541309155654
0.33883256624949354	0.06502388628068383	0.2600778651330619
0.33895265087223264	0.06724548145527358	0.25991816067176815
0.33910954735470744	0.06890199902253287	0.25982088300531414
0.3393423787471485	0.07102327020943756	0.25956124771584016
0.3396457740260058	0.07307068206492355	0.2593659531381307
0.33995484499965095	0.07530557922648641	0.25898720801319863
0.34071183631333585	0.07925743791390659	0.258352598755397
0.3410503573939646	0.08059048914669197	0.25811812429367165
0.3418185377256368	0.08359462038302988	0.2573683112756212
0.3424329449038281	0.0854122319948699	0.2569119945030136
0.34309221991271266	0.08724030168016876	0.2563206320061675
0.34384370646131857	0.08917555354327382	0.2557279234383513
0.34463239283666414	0.09116972785363651	0.25496843742126163
0.3457545880619606	0.09384648846452524	0.2538103547803017
0.34668594640904077	0.09576435048846067	0.25293294492092133
0.34724140201774284	0.09668633815230211	0.25244323119879697
0.3489322034120831	0.09932409018022138	0.2510113159997461
0.3495347594270083	0.10020910459111608	0.2503770867697342
0.3514141713821722	0.1026778430202588	0.2487881534457439
0.3528338170621812	0.10437186250235576	0.24753668593734646
0.3551894316392635	0.10696092452535365	0.24572173424537797
0.35695971973270885	0.10874624737371454	0.24450158761117624
0.3586797037121731	0.11040437370044877	0.24337341551840383
0.359771870008157	0.11142187790392234	0.242564993007051
0.36380908412265445	0.11501662081565768	0.23973740199934912
0.3652317506259833	0.11620990631979321	0.23887037296600608
0.3684923021821116	0.11890246277269724	0.23677382478410422
0.3711922074194902	0.12104871590093665	0.23505062120370795
0.37380291228735624	0.12314178426155546	0.2333390854715007
0.37547853995301245	0.12452160256616569	0.2321483742381959
0.37923936442487477	0.12762633602782764	0.22953856488206742
0.3821506243381687	0.13012783769185865	0.2273324368993865
0.3857699340984446	0.13339703699980343	0.22448071720975193
0.38775631638369884	0.1351888729598763	0.22276905279127757
0.3912866598120013	0.13850235500542296	0.2196784570648433
0.39400126684138476	0.14108504033411623	0.2171665811742704
0.3977621425463962	0.14469237264867835	0.21357858958004022
0.3994944003923323	0.14634026874987122	0.21213802173654736
0.40316662116193297	0.149718629585957	0.2090553053779796
0.4048881293387277	0.15120003508125895	0.20770966443098002
0.40858305019694174	0.15411636305119325	0.20527246857140463
0.4102278744258503	0.15535894571953318	0.20420005663869012
0.41293243465493995	0.15722362270132845	0.20276821872379014
0.41684098756549115	0.15949710259855776	0.20107279569324596
0.4194356829411296	0.1607837633425664	0.20009817386897782
0.4226088232826495	0.16187348601718327	0.19934675055272433
0.4248686779719383	0.16268076664258735	0.19889964954214184
0.4264753608885253	0.16298966607635085	0.1987914241904178
0.4303606894989587	0.16279620460488148	0.19879964348940543
0.4318339188933093	0.16269791690806007	0.19876637421430002
0.43365873308860153	0.16251943973384253	0.19861281510239062
0.4360639332276173	0.1618495558991671	0.19858137703782375
0.4382283382231782	0.16108652174825883	0.198608365305989
0.44031592847940876	0.1600117433283233	0.19874435419657255
0.4413156605571509	0.15928761811815928	0.1987585681157972
0.4441527873239613	0.15695247929762007	0.19876460951065836
0.4449680723691961	0.15603087834110246	0.19866676316653778
0.4460589270864669	0.15467896610489817	0.19842643067161225
0.4472928321746323	0.1525190642844183	0.1978860707557343
0.44778152358128487	0.15162677254700785	0.19760257316975588
0.4487148097487474	0.14874575366538906	0.1963785973418657
0.4489868346994264	0.14724073540215876	0.19558285377981455
0.4490453433213806	0.14641549897441336	0.19507415469089265
0.449106379261242	0.1448530019852815	0.19404009505462233
0.44889485156171494	0.1419489661642856	0.1918224178247471
0.4486184153237011	0.14057486910294076	0.1905680708242589
0.4483707341353597	0.13972874701738414	0.1896794844342203
0.44764806418530007	0.13779962295078424	0.18747240608099508
0.4472738440006911	0.1369699038024237	0.18640728486726008
0.44630809584584624	0.13530529770236893	0.18392689120814412
0.4455354951214636	0.13416280468954778	0.1819219734721601
0.4448334163717982	0.133298079839494	0.18017904026706655
0.4437993267845163	0.13212917708097915	0.17745735648314145
0.4431073577809841	0.1312711434873277	0.17536620770726044
0.4426576680451892	0.13080129357774445	0.17412590777383305
0.4418652665079369	0.13027312643186462	0.17172045921323523
0.4412761115043002	0.13005311136701536	0.16975131527019574
0.4401877000608015	0.13000615029114454	0.16565691194104437
0.4396929750996927	0.12971437206281877	0.16338864388776286
0.4393574438190479	0.1295665318904699	0.16213245113656033
0.43863541141329	0.1292170615571568	0.1588028549897037
0.4384853333361758	0.1291801725644427	0.15740255524740338
0.4383997722387162	0.1294502550660107	0.15390241142688882
0.43883208746300556	0.1300798839229082	0.15090345650651743
0.43942546951373335	0.13068358857283924	0.14760937407311236
0.43988944831724447	0.1312869116518709	0.14520327268425237
0.4402256612723121	0.1316715863941067	0.14359479680681114
0.44088966947417846	0.13250905127966744	0.14032894672700014
0.44164487482210973	0.13330625693745268	0.13677549502987557
0.44204835017813526	0.13401364212149297	0.13405165673340347
0.44265201737215426	0.13509970873749333	0.12990073430410098
0.44313569591330915	0.1356430427003797	0.12722748606555717
0.4435644048586857	0.13616991020665747	0.12465268701676313
0.4438686605551354	0.13652394124397987	0.12301338110449767
0.4444475676146921	0.13738043960228258	0.11911603732594095
0.44488416163040495	0.13807344629221363	0.11633058471192093
0.44532799804554957	0.13879134219717187	0.11331112626244927
0.4458748500692459	0.13960656939280092	0.10955431407267907
0.4463511216478025	0.14014784899297533	0.10695754468790963
0.44665441312745685	0.14062534401080617	0.10449094877522969
0.4469600944037226	0.14098721686489735	0.10295914824686714
0.44748053495333007	0.14188331211965	0.09909925679695747
0.4476835881505007	0.14227566746306608	0.09750180491324789
0.44821739985856424	0.14311094238707528	0.0937290619347842
0.4488090821054485	0.14378659811813077	0.09023943063808759
0.44914220098761215	0.14439267650478194	0.08760403754623697
0.449514535578028	0.14497108691954808	0.08516299847138198
0.4498322071548612	0.14557473734656923	0.0827211543760979
0.4500878759549192	0.1459874175857898	0.08085489445190269
0.4506750690175327	0.1469931330812324	0.07669234686820048
0.4510165552074523	0.14750613684190012	0.07440262607956744
0.45144845508579295	0.14797993769669138	0.0722911700731384
0.4518526124563264	0.148534176180234	0.06994542612585636
0.45209125720421256	0.14906299633987846	0.06781973102725047
0.4524370114647267	0.14960988031645356	0.06551800780457234
0.452895424776236	0.15038533504691465	0.06278520986801134
0.45324675348776433	0.1508853597367832	0.06081440109225522
0.4534498932832968	0.15119703827637437	0.05974328491488318
0.4541153652431368	0.15197074459444015	0.057218778784136115
0.45446153218667784	0.15235921977971645	0.056081435600859486
0.4547592382152802	0.15275469103547612	0.054585539810646844
0.4554596418705407	0.15372824631275023	0.05124290685216698
0.45559743640462214	0.1539270639124724	0.05050912640100064
0.4559548976530474	0.1546503574366755	0.04795565224063597
0.4561315354943354	0.15507319330595865	0.04630067227286255
0.45619471698736336	0.15527414214317264	0.045369351950887093
0.45631363625671034	0.15572049693023599	0.04389226259507595
0.4568425804171039	0.15641694723873423	0.04150331683528197
0.4572535447933378	0.15677449461548892	0.0404348831971586
0.45781011118979603	0.15726525371045685	0.03947374504852558
0.458255098721569	0.15758069007432607	0.03861535123608578
0.4587429745331854	0.15791603585522795	0.03768939884575134
0.4590285213233682	0.15826904142304582	0.03678951289550131
0.4594485495158441	0.15873627412455565	0.03608230463748707
0.4600148371623056	0.15922152397268274	0.03540144070847384
0.4601761188464652	0.15942817015447386	0.03508892219961807
0.46039631677751774	0.15976989037627443	0.03459402332904293
0.46121727524205636	0.16052004986914237	0.03409873588223006
0.4614567786494452	0.16090619419116614	0.033710422624722014
0.46179831637397956	0.1611999156596597	0.03352031240790665
0.4622087264533677	0.16159233203375845	0.0332853073260545
0.4624483232114574	0.16193990102590172	0.032929967589039766
0.46288639129229875	0.16233445451529915	0.03267656405589181
0.4633811981563051	0.16283672592659093	0.032338969117224
0.46366075892784003	0.16322485200362524	0.03196910397024483
0.46394205649834064	0.16347666826059604	0.03184421548182592
0.4642622266295959	0.1637629355324779	0.031680328706155614
0.4645996230842514	0.1641281138804811	0.031352316360076904
0.46494087063941336	0.16455204798121004	0.03100189341703541
0.4655000950159782	0.16500483180370645	0.030753835683630326
0.46572366108788693	0.1652593574070737	0.0304796003049288
0.4659068191462524	0.16556740875431059	0.03020080233410799
0.46638791124545	0.16601265549237	0.029982242181574803
0.46670982073445644	0.16630303945864805	0.02982357365622884
0.46701495952296745	0.16664748907328186	0.02942607573078515
0.46730844957024403	0.1670163983822765	0.02917596000297118
0.46791042189055976	0.16750134424749247	0.028929659910609085
0.4682483645583253	0.1676746912697007	0.0286917908850694
0.4684132475733849	0.1677733592087594	0.02852303563157438
0.46888734045125635	0.1683237612364638	0.028199321765190466
0.469206645231414	0.16865323759371653	0.028004916252112877
0.4693892024694071	0.16883144516989695	0.02787380515575627
0.46965668746937406	0.16901364395838742	0.027629993894080163
0.47020712750643756	0.16935033138259903	0.027363942922880136
0.47054914182253393	0.16960178496118655	0.027205282251264284
0.47081147926515715	0.1698349235405306	0.02690203936192459
0.47096137374365343	0.1699953039785494	0.02665984642518432
0.4713163566501556	0.17023957224964242	0.026429878296166942
0.4717019327104385	0.1704687926710956	0.02629254089499733
0.47208314847271826	0.170689726894388	0.026136519161930882
0.4725051541753388	0.17114984880492307	0.025836790798384524
0.4726314724923267	0.17132301159276414	0.025595106579883842
0.47279251511037296	0.17144495460285003	0.02542152719495605
0.4732633158755699	0.17167558471715377	0.02526664674153689
0.47352441497315695	0.17184205031323002	0.025145840601909275
0.4739717534466028	0.1720821034118466	0.024905016112897305
0.4741456001458387	0.17216170116025342	0.024820322206455636
0.4742948858116897	0.17227501284777663	0.024587748207148763
0.4745517536971066	0.17254467960803244	0.02433568198366287
0.4750272035285975	0.172863752750818	0.02413420286925433
0.4752214622843834	0.1729584682447009	0.024060601441666885
0.4757011557554083	0.17320403045551025	0.023873570875368066
0.47626121395110177	0.1733328849107948	0.023826992420982573
0.47647089227193506	0.1734659235510343	0.023782757881907035
0.476990867840353	0.1736939773025964	0.023799938435527968
0.4775068639691205	0.1738060808367327	0.02387250427807358
0.4779713125761257	0.17391144560905536	0.023915089882370455
0.47838894896037887	0.1741381436594754	0.023874587676292858
0.4786675288706609	0.17427668743193037	0.023832452839935236
0.478912256346642	0.17441919921072369	0.023787368699184464
0.4794891047993292	0.17453622728408896	0.023844030540144112
0.4799920996117219	0.174752038354563	0.023859399400261327
0.4804521073259578	0.17489335572724396	0.023893261403332755
0.4808634936639574	0.17498366941660698	0.02389897482060771
0.48109172995583843	0.17502632494034354	0.023900353515541872
0.48155103520308185	0.17525567357304545	0.023816649242773213
0.4818232473661407	0.1755241606494103	0.02371943810918381
0.4821120595348298	0.1756124099560311	0.023752686859687067
0.4825777111679348	0.17606678820474253	0.024117107516716918
0.4827584608677653	0.1763104508926287	0.024340507354170426
0.4830519442976044	0.17658509544504652	0.025031889530905682
0.4831217463452887	0.17646475843386028	0.02602257485331466
0.48315803701274723	0.17665406234007258	0.026530422876544224
0.4832039262591686	0.1770212784766904	0.028486372360732204
0.48351100043620565	0.17735999251169776	0.031182322677969054
0.48357368790117583	0.177539824362274	0.03213514094465503
0.4837319750872898	0.17779892483975307	0.03487388790019241
0.4838478523502365	0.17800008182962085	0.03720967256451013
0.48402606482001914	0.1781975054045593	0.04002848727375474
0.48413673852853784	0.17835208447703266	0.04296541888023314
0.48426994159250963	0.17856219706153098	0.04599986666305844
0.48440288004609516	0.17880176662601943	0.05044682326376909
0.4845394412886195	0.1790039796846073	0.0537351680658773
0.48464141809496825	0.17924741565516933	0.057291082178610564
0.48463471725886065	0.17928176901194398	0.05907240266012004
0.4847659139627316	0.17948806280913537	0.0641045631651494
0.48490652917943966	0.1797408075237748	0.06956794392068066
0.48494366098475405	0.17988820744656003	0.07362986662363857
0.48500243173764085	0.18001679452326486	0.07624057705604786
0.4850883825909919	0.18017172932123438	0.08133856535020845
0.485192364326873	0.1802842606677022	0.08389964930637722
0.48526954720477133	0.18049586766176506	0.09030592034777413
0.4852973878787106	0.1806810566512801	0.09668738606758237
0.48535177023759346	0.1807618813252636	0.09974529625390605
0.4853990081009386	0.18084557375618376	0.10396990624934044
0.4855354774205833	0.18109712392618743	0.110479172169201
0.4855666833737222	0.18124516287641512	0.11523575124733015
0.4855970879959219	0.18132873605520106	0.11755447356021204
0.48561563970641314	0.18141152801010774	0.12195853996134753
0.48574556200430646	0.18164535523199304	0.13018442254911977
0.48577900338508406	0.1817683290398635	0.13453386201241468
0.4858251265911696	0.1818269385757379	0.13924416712356824
0.485847236003091	0.18194186764288417	0.14162496446762068
0.48592984036645415	0.18203823614421072	0.1470195702215164
0.48603386535900056	0.1821273996457074	0.15215822023977604
0.4860379353894517	0.18225196576457642	0.1563711439219731
0.4861519817620303	0.18240605587732478	0.16178219272267585
0.48622341174937206	0.1825571604774977	0.16464831662622825
0.48628963641287626	0.1825980361130553	0.16834819726914768
0.4863203087514527	0.1827017098430579	0.17252418460840194
0.48646050118286666	0.18286425349044239	0.17704267172976754
0.48647849275281085	0.18292417011564427	0.180330175936193
0.4865445257528501	0.18306028655306694	0.1837159294094659
0.4866793878407885	0.1832090901930843	0.18689093577577393
0.4868414594691974	0.18333544491448361	0.19148344353260002
0.4869305668874297	0.1834553726768841	0.19378887544999118
0.48702973558045015	0.18356001473915962	0.19683632978043586
0.48704732259321654	0.1836014185590088	0.19820179290413067
0.48735143179958523	0.18381923685677481	0.2023907743788238
0.48752501747034277	0.18404627730562456	0.20431865264286858
0.48764256102236797	0.18422831884955193	0.20587997973432537
0.48775957933444725	0.18442795974760323	0.20718442862667352
0.4877619550956329	0.18458637591284488	0.2085143864725444
0.48793334630628243	0.18467298679590388	0.21009112908657462
0.4880001645564744	0.18467162045366503	0.21080865344332053
