0.3476217810055695	-0.1479886571984862	0.20146436386408698
0.3476217810055695	-0.1479886571984862	0.20146436386408698
0.3477615550408054	-0.1479390937789406	0.20168920758637612
0.34791145913304505	-0.1478883512096904	0.2019288157714439
0.3480158935775133	-0.14779096896326183	0.20217932851545217
0.34800128022429283	-0.14748220505949378	0.2025554204845926
0.347971969156909	-0.1469700105338353	0.20310466594244522
0.34798238960121736	-0.14666085182737887	0.20346241684191546
0.3480768554151901	-0.1464615030031859	0.20377497251421567
0.3481902395341012	-0.14623079242258968	0.20413760278993723
0.3482095992581331	-0.14588113128353958	0.20455549410242968
0.3482733001622742	-0.14565399683026597	0.20503465380580896
0.3482949628489645	-0.14561489642145659	0.20533057587025597
0.3483719326774931	-0.14553595141121434	0.2055477866066253
0.34844396639921726	-0.145095759135835	0.20614051891164778
0.3485199012748697	-0.14485061240157865	0.20650151977683465
0.34863064615936146	-0.14462637313106386	0.20686087898067482
0.34884187765920655	-0.1444119286871124	0.20729043697034494
0.34893040113625273	-0.14431433201041405	0.20747628308638869
0.34910334561779754	-0.14408153896807835	0.20789316593773732
0.34918643505273034	-0.1439723444199102	0.20808570155775472
0.3492624569500602	-0.14376120710271423	0.2083865810979005
0.349440910311565	-0.14356246817014812	0.20875233605123508
0.34960698317017425	-0.14327588765480198	0.20921038708228437
0.3497055015635835	-0.14311983018111918	0.20945562054639574
0.3497591279268086	-0.1430293914667427	0.20959062925770505
0.34984773433544536	-0.14283427757740652	0.2098600971335028
0.3498733983453742	-0.14276067599372388	0.2099555391914332
0.34970913261031916	-0.14247861948588708	0.21009374090077268
0.3496673857030519	-0.14238822326752676	0.21011515443787268
0.3496920670888129	-0.14232939288967078	0.21013560409206222
0.34970318703127423	-0.14230277687823967	0.21014445932563414
0.3497137770056535	-0.1422821362264547	0.2101516046720913
0.34971801758915394	-0.14228194906459685	0.210151863304046
0.3497187633751523	-0.14228296518172362	0.2101508746970019
0.3497187915612552	-0.14228304659896895	0.2101506431481287
0.3497197933443093	-0.14228496038779176	0.21015007140502895
0.34972042117112123	-0.14228478245109383	0.21014974017321747
0.34964527459590883	-0.14227907223677067	0.21009178704216067
0.34957700814550435	-0.14248752664518521	0.2096876363765274
0.34966695439857504	-0.1425937292236833	0.20946642342023508
0.349802628912532	-0.14280158798417064	0.20896720275002856
0.3499648442284851	-0.14301787756802153	0.2084848014204706
0.35028792432696654	-0.1434098372220527	0.20772612759856993
0.3504236905331169	-0.1436715364225048	0.2071730231008951
0.35061392704443195	-0.14396960719921925	0.20655672018260948
0.350885296817491	-0.14431506877300204	0.20591273029847762
0.3509971946832376	-0.14456418028116058	0.20543343463328928
0.35148310619027934	-0.1454027187228067	0.2038640212052033
0.3516984863912681	-0.1458416090985954	0.20301219082421668
0.3519290971244788	-0.1462008834034304	0.20241445854105192
0.3521773915095981	-0.14671498353876372	0.2014898028341109
0.3524701229139504	-0.14731456085308986	0.20040973247001884
0.3529599758252665	-0.14825928557472495	0.1986979321346635
0.35340866437531476	-0.14866461067147874	0.19751957727089506
0.35411502059931466	-0.14937506620505503	0.19564015265484816
0.35454880212626777	-0.14989138895831972	0.1943204604814085
0.3550964956574617	-0.15045443713017187	0.19305143844353131
0.3561100966785346	-0.15164497098328722	0.19030655696594492
0.3568029711151476	-0.1523931323392469	0.18857668539979852
0.35747260071023773	-0.15314100563340943	0.18682987346221097
0.35828075991959135	-0.15398880199238024	0.18484804597184493
0.35894684455303627	-0.15480676405039218	0.1830256071923165
0.3602201515488876	-0.15621365459142567	0.1798806754466597
0.3609866428565118	-0.15706746708758557	0.17790696418664065
0.3618528752364701	-0.15803737996215017	0.17570173626475244
0.3627317232298199	-0.15901428449401495	0.1735296890529837
0.3637844514888508	-0.16020194652141417	0.1708898290193802
0.36474361821582374	-0.1612376450082197	0.16850129752740503
0.36575148876953767	-0.16237771971458376	0.1659575896103945
0.36706711242631435	-0.16379827944388536	0.1627009093153003
0.36765436316990957	-0.16443883809048598	0.161280529657003
0.36947136012855447	-0.1664656755513524	0.15664738058167033
0.37027893110523336	-0.16736323647545337	0.15457688648532003
0.37164564446709175	-0.16888779621589417	0.15110074261837292
0.37227049647829424	-0.16957963226344058	0.1494514921252897
0.3739423130534546	-0.17142164032175955	0.14528666358407355
0.3749259667439695	-0.17245242010361367	0.1427660684796263
0.37595942195326987	-0.1736386492809166	0.13997011458638098
0.37705824631215096	-0.1748421272481821	0.13715293220588382
0.37853544118644744	-0.17647149371651177	0.1333494909180945
0.37950603268085703	-0.1774898829868949	0.13074415564609904
0.38114772911574146	-0.17929429010067494	0.1264993448201715
0.3817786144155377	-0.1799754068260112	0.1248035646652047
0.38328214102636	-0.18163717554313918	0.12068102115553891
0.3843139173511562	-0.18273776210209175	0.11794752460449975
0.3853340948604929	-0.18384785884462485	0.11510235712737915
0.3863921802851564	-0.18506178907110055	0.1120937062167715
0.3871001787603493	-0.18576331934523455	0.11026051147952276
0.38861983749667933	-0.1874047502058631	0.10594995343212066
0.3897628055057398	-0.1886712889710615	0.10264413249987464
0.3910389879922946	-0.19008907724816376	0.09873930591256119
0.39199563992906994	-0.19112135861327983	0.09599769069857866
0.3928351075244167	-0.19204387107653237	0.09336395476198234
0.39371578766378834	-0.19293905784156518	0.0908132558526209
0.3945267511389367	-0.19385848546637413	0.08811605521092569
0.395356484674009	-0.1947503560378226	0.08547377833411235
0.3965704085072016	-0.19604895324671484	0.08154727076532453
0.397194957545086	-0.19676844702997032	0.07931567339948803
0.39794192285256724	-0.19754823886479933	0.07672362982532399
0.3986925825190351	-0.19830136367307838	0.07419105631222972
0.399333081120489	-0.19905258495675493	0.07165238405716545
0.3998437179837778	-0.19966546004525965	0.0694062843022123
0.40070429721247813	-0.20051230096647682	0.0661699932100463
0.40112623706986156	-0.2010267343020412	0.06402879352958374
0.401618323309557	-0.2015083145553579	0.06182682686110269
0.40205967977406165	-0.2019787801530113	0.059691260355207776
0.4025333209257504	-0.20250962212907114	0.05695216025951638
0.40277883682093574	-0.20282493485062375	0.054977983016707255
0.40299139958503555	-0.20309786002392544	0.05301077662556719
0.40315606681244726	-0.20337473187258204	0.05138174131126916
0.40314492401772245	-0.2035146501053418	0.05032895203745591
0.40313474592814863	-0.20366797871715953	0.048634379580839826
0.4029961074133476	-0.20379860542654366	0.046476757967238325
0.40290925785646986	-0.20384233351601305	0.04454265785616057
0.40288247803429217	-0.20392119927528052	0.04363758213674823
0.4027444586185388	-0.20398734634641552	0.04223999760540259
0.40262819086832813	-0.20405551203057393	0.040452169577647634
0.40264460996915613	-0.20423191448681327	0.03857591518663578
0.40279613220378535	-0.20443430113833094	0.03745803695454719
0.4029112008650547	-0.2045715500526803	0.03631477385197052
0.40296096893457506	-0.20464799359280128	0.03573827636245208
0.40307463679125866	-0.2047919447945663	0.03430533136361469
0.4031466871814405	-0.20496608194806237	0.03265069164042911
0.4032030648603379	-0.2050076534223912	0.03163630539520279
0.40320500935760983	-0.205078724287294	0.03108337280310114
0.4032487571111128	-0.20516756519770224	0.02976832457990003
0.4032157595860432	-0.20525758059515148	0.02881135364627857
0.40321895080245174	-0.20526985539694953	0.027514176408308944
0.4032092761673498	-0.20535991541047371	0.026366356271843416
0.4031826685046764	-0.2053848659586392	0.025888932621659477
0.4031336432271744	-0.20537116321786086	0.02485320254103507
0.4030582122472343	-0.20538865525389616	0.023753628663361392
0.4030112396335148	-0.2053620147618504	0.022897013183083292
0.4029876725794845	-0.20536691148907882	0.022397280581534118
0.40284415809947904	-0.20533258017923295	0.020878778467160186
0.4028048706201959	-0.2053061826457464	0.020219240562849683
0.4027025985098147	-0.20533831067068692	0.01937297609658334
0.40264377727938294	-0.20526043693928714	0.0189097325990516
0.4025636543760711	-0.2051632168785617	0.017971492012253953
0.40241509463157743	-0.20510938142509294	0.016950174695318787
0.40232701032936796	-0.20507158932490777	0.01634517557157683
0.4022339570539009	-0.20502010170601864	0.015692580806564216
0.4021471700742904	-0.20488515717795874	0.0150965046700271
0.40207234105375456	-0.20475674001464622	0.014598932969044742
0.40195863608089566	-0.20467015300923247	0.013867902850186409
0.40184612626687627	-0.2045863501142403	0.013230957944614596
0.4017346004311573	-0.20442943784972734	0.012570341368122795
0.4016835963560707	-0.20432105556956953	0.012205756854978878
0.4015802409259315	-0.2041118898801924	0.011566902399718304
0.4014804205384789	-0.20396528121721524	0.011077014464827062
0.4014294776208896	-0.20390684450445173	0.010785943644638085
0.40136995594476593	-0.20345022595278578	0.010133872555962542
0.40130045659688823	-0.20307695044737895	0.009866744487602497
0.40114895689869356	-0.20279500387812732	0.009624289284722976
0.40096021912356944	-0.20245226706431813	0.009317822544274657
0.40088641405373865	-0.20230431979704766	0.009167622178014534
0.40069068011737313	-0.20198507513679764	0.008785480005520874
0.4005406393129091	-0.20174047592088268	0.00853527633319906
0.40017960898725324	-0.20173539383693323	0.008158652610519068
0.40001963137402374	-0.2018389289337313	0.008019740668762154
0.39971974211764205	-0.20199001466911026	0.00769439824431295
0.3995112714342828	-0.20205544707511452	0.007482382721777758
0.3993980274560235	-0.2020887310103378	0.0073690426178337765
0.3990043759832631	-0.20221385770214545	0.006967536673735564
0.3988620756224994	-0.20225631362611496	0.0068246624300453695
0.3985658664230859	-0.2023427772014298	0.006529070758015565
0.3983532309156538	-0.2023871448584123	0.006327761038851409
0.39812233846180567	-0.2024313219329606	0.00611247298413059
0.39801859543364076	-0.20245113098772488	0.006016215223011212
0.39767273467937503	-0.20252781429834427	0.005689255185379827
0.3975504777449921	-0.20255671932503383	0.005573766628732657
0.3971486760668227	-0.20267582162938313	0.005317027790924966
0.39672946847772217	-0.2027109154462145	0.00510975986342882
0.3966543462870386	-0.20273186429191348	0.005065814370589838
0.39667554857926396	-0.2028697943342892	0.00508658311103799
0.3966345039614964	-0.20295451347108712	0.005051147566349334
0.3964617467900576	-0.20296155204782523	0.004964205924825715
0.3960452586482449	-0.20296418694385226	0.004745009944024603
0.3959473615526833	-0.20305644121877714	0.0046132110390355585
0.39586683997509947	-0.20317688464278116	0.00447021952727833
0.3958174679348699	-0.20322370420015673	0.004400787171645437
0.39560306794070604	-0.2032059684515929	0.00423169661102607
0.39535279984836225	-0.20314090183220285	0.004061529299438982
0.3952501510931809	-0.20314146055960147	0.003978110289164227
0.3952162265446686	-0.20325537375920683	0.003885549914199815
0.39527994722552845	-0.2033710957739065	0.003869800832680126
0.3953206714061908	-0.20343644847196607	0.0038656018033488837
0.39550984080164264	-0.20359516904476138	0.0039622511244024605
0.3958255011350541	-0.20389183855620507	0.00411557400384005
0.39635100388837585	-0.20421045718496017	0.004424252727953049
0.3967974552871385	-0.2044688477500185	0.004700885040977654
0.39702836432859373	-0.2047526938978722	0.0048946337946400575
0.3971550181244426	-0.20493437445828044	0.005010465200830094
0.3975172726846847	-0.2053539002656979	0.0053455491464137195
0.39791885350813716	-0.20570617014681392	0.005641579443221467
0.3984988677344154	-0.2060424577914295	0.0060023736520354865
0.3988694543084855	-0.2062795477136325	0.006261644552077228
0.39897926445975507	-0.20639672019412209	0.00640217773941526
0.3992108203315998	-0.20664467313511875	0.006731863904635704
0.39936961295437107	-0.20679874973725	0.00694920564270729
0.39971232729050793	-0.20711531777413822	0.007323245645620535
0.3999796856212924	-0.20736246533539515	0.007535228958629847
0.4002482777684796	-0.20753156374686715	0.007706043379925309
0.400648118938604	-0.20777958417906478	0.008021328978548292
0.40070478534283177	-0.20785215189842304	0.00813224293628062
0.4010571074038491	-0.20820550312985214	0.00857691465577215
0.4012534376965666	-0.208364806657104	0.008793092920720003
0.40157523330598516	-0.20854914157772725	0.009008194905102962
0.4019199406277798	-0.2087366526497948	0.009238966878634458
0.4020656803110326	-0.20877631422774462	0.009368217510560217
0.40217463962438244	-0.20893041219206732	0.009601078848589295
0.40236378132597306	-0.2091758893040121	0.009806572087821597
0.4026020797141945	-0.209504910409318	0.010021754766530278
0.4029198272312454	-0.20971419214269654	0.010229146161265357
0.4031514799788201	-0.20978195147030182	0.010429246205766574
0.40335014633353783	-0.20979888049598616	0.010628221119244108
0.4034486999212938	-0.20980447660665602	0.010734076199581277
0.4034404866512783	-0.20990058294387987	0.01084346712993961
0.40323482332829763	-0.2100580793163394	0.010815904921503916
0.40323484829614226	-0.21006175016439027	0.010817222119748116
0.40323652096999396	-0.21006429981007158	0.010817093952195822
0.40323825138196967	-0.21006459567199676	0.010817305149813106
0.4032410837441461	-0.21006543331778293	0.010817619605442474
0.4032442919102751	-0.21006683337180726	0.01081793590825686
0.403245651817262	-0.21006577000131266	0.010817820959515445
0.40324662383598514	-0.21006711909260078	0.010816964231141146
0.4032501258385655	-0.21006422313991874	0.010817426739166303
0.40325206095360255	-0.21006447367134168	0.010817696271384625
0.4032543040989726	-0.210063897552425	0.01081820450109483
0.40325312890298215	-0.21006339193039036	0.010816764920183797
0.4032546663984283	-0.21006264979034478	0.010817523169068755
0.40325574274353426	-0.21006258071634792	0.010817503574488907
0.4032559731129353	-0.21006194388646954	0.01081694803011618
0.4032767142743119	-0.20991769944530903	0.010914095420654746
0.40320269571882544	-0.20952434870559705	0.011286803539314938
0.4031162805590632	-0.2096242081987677	0.012406219208717595
0.4030119793204815	-0.20967131828167557	0.013898775955982323
0.4030678540547517	-0.20974444207727938	0.01522110297580187
0.40303343218041165	-0.2098797074719872	0.017438883378321057
0.40303164995784935	-0.21021458801653686	0.02302014638795119
0.40305505216769205	-0.21033161745231638	0.024798971962650962
0.40298182965467877	-0.21050827353540824	0.028288316557469995
0.40295699113021144	-0.2107108790974978	0.032558907694234585
0.40287954177951674	-0.21090864874770293	0.03695864606518923
0.4027594153282831	-0.21111209561785743	0.0424660368156462
0.402690059613898	-0.21146035858361495	0.05008440458638258
0.40258621015620466	-0.21155933973763436	0.05325795149962409
0.40242941670938565	-0.211772319436565	0.0606620329555187
0.4023458056916118	-0.2119325142009193	0.0652490493932893
0.4021980490973498	-0.21211891355638285	0.07166967497107085
0.40204657163860075	-0.21225532020306453	0.0777601864018283
0.4019020920376908	-0.21235572550416798	0.08439458425915086
0.40168906560475875	-0.2124246431454193	0.09272779940967962
0.40153086113398706	-0.2124710338538932	0.09918651578347698
0.4014194229462503	-0.21246985486353487	0.10512856058962211
0.40125816950460613	-0.2124918116185907	0.11081757064514969
0.40098194135424925	-0.2123624338935049	0.11978759274473932
0.4008546845302941	-0.21220141363232647	0.12603974530093143
0.40076298361867274	-0.21212827974689658	0.13010416290447413
0.4005700855894217	-0.21190829512518472	0.13651042435303007
0.40037124222774656	-0.21155911631079483	0.14493844964168218
0.4002439254592565	-0.2112774055459814	0.15090246768087567
0.4001542764228964	-0.21106480410742046	0.15448456870658156
0.3999656171335367	-0.21046833285503297	0.16290815029963873
0.3997910753080161	-0.20974546862316246	0.17029876952364273
0.39972440497136047	-0.2092144649636995	0.1755646993619906
0.3996251306857953	-0.20856765604309235	0.1808342196833041
0.39954541916777825	-0.2078396618110696	0.18584694984363992
0.39940208337168304	-0.20664946398781803	0.192410693539727
0.39933777154893924	-0.20580408013559365	0.1964695771872687
0.3992984130328732	-0.20476120414712018	0.20047811373959717
0.39929969346159533	-0.20417416937246763	0.20267865407649066
0.39925534758894693	-0.20260608147334497	0.20729964875038126
0.3992159641068957	-0.20130487737326325	0.21010339822261415
0.39924218982190235	-0.2005552402256774	0.21171899652222567
0.39891011848636004	-0.1979946376709919	0.2161208383576185
0.39881903903903065	-0.19682492705196106	0.21783805368076473
0.3984826068739214	-0.19440846314004345	0.22080381504240704
0.39832002821849727	-0.19322112008492975	0.22217456526331772
0.39785205748107094	-0.19044679353910748	0.2251158305828651
0.39738897818119445	-0.1883135839746748	0.2271587615939104
0.3965865570597212	-0.18478294895114517	0.23014455183669105
0.3961351505997742	-0.18251050826154774	0.23182470500885977
0.3957512149989495	-0.18074696776969992	0.23305635887609166
0.3951648123401731	-0.17828957147572794	0.23475186653558605
0.3943038683059318	-0.17476531637592163	0.23709167696119252
0.39356609980966395	-0.1724371719968108	0.23847912850251513
0.39278390223528686	-0.16965208406900256	0.24002936109850315
0.39200203653106197	-0.1668481620453252	0.24135524332019268
0.3909292700429189	-0.163008784864988	0.24315303267944602
0.38986520011483566	-0.15976039141729698	0.24440556684730058
0.3890606164060114	-0.15709723821486848	0.2454855734058141
0.38785929102154726	-0.15285593143413057	0.24722036589412993
0.3872678617737912	-0.15094751348776908	0.24782392978404413
0.3856144543753269	-0.14571724040368364	0.24942931267233953
0.38490120232718367	-0.143517418146013	0.2500357791411397
0.3836593338026915	-0.13956311907841207	0.2510966357579636
0.3826135373013336	-0.13647514862652532	0.2518916882377231
0.381501239503801	-0.133160547613275	0.252645855453495
0.3803684591274668	-0.12979810188049562	0.2533551181700681
0.37865303958424407	-0.12471044529451807	0.25433344401148517
0.3775995014596585	-0.121629940264969	0.25486728127434854
0.3769273917357093	-0.11965142353584342	0.2551977285375756
0.3753798226881635	-0.11533088362786721	0.25578628307466134
0.37368781274402124	-0.11045605571181742	0.25636606954795726
0.37285776544791766	-0.1082158570152907	0.25660656893500833
0.37136418825435874	-0.10408928418887269	0.25697509691610243
0.37029953929381343	-0.1011640253320097	0.257190459807995
0.36910060013930623	-0.09807021482282062	0.2573989291746701
0.36746905943332486	-0.09371349008200025	0.2576126636644904
0.36634305057983374	-0.09063390231756789	0.2577517680720388
0.3653399942319571	-0.08797968797655499	0.25778635943487466
0.36465844125860225	-0.08619064121097474	0.2578390744071857
0.3635650838816304	-0.08336825260264179	0.25788510388918673
0.36156066651729984	-0.078296968194097	0.25784043220954744
0.36090962409679045	-0.07673865908264592	0.2577968933297988
0.3595421764711918	-0.07340900860843312	0.2577026632317017
0.358669557667752	-0.07114495669846348	0.25766040889117103
0.3575020466963244	-0.06798491294903318	0.25753625660789037
0.3565116918245229	-0.06551631290208117	0.25740245065153505
0.35597422586351685	-0.0642026301063534	0.257308620593542
0.35491364986962365	-0.06164100761902404	0.25712844719640093
0.35408900263588716	-0.05967888822762056	0.2569946956289221
0.3530449564336704	-0.05709160839419779	0.2567691131898402
0.35248622895215503	-0.055703841267964974	0.256563475710674
0.35208134218592013	-0.05475621813450081	0.2565340330065214
0.3514617802988802	-0.05325732812221855	0.2562811595763299
0.35084459278224944	-0.05179290726338846	0.25611771152880686
0.3504878994654751	-0.0508950168812909	0.2559801111126246
0.3500424740952623	-0.04963182723218483	0.2557854552575962
0.34989551241223066	-0.0492078037067223	0.2557096043296968
0.3497520817131956	-0.04892436226408846	0.255631982294041
0.34948716438625144	-0.04859148639878082	0.25552978105557256
0.34951880012409586	-0.04859007435209618	0.25549408107361105
0.34958561272064403	-0.048647490049682315	0.25541542454339095
0.3497195568217355	-0.0488220137032712	0.25528829435135864
0.3497544484408881	-0.04880276345024241	0.25522638004966075
0.3497573690165778	-0.048767203440911996	0.25526009131942695
0.34975602205549045	-0.04876262154218931	0.2552680761377174
0.34975406763357825	-0.048762706479510434	0.25527073114246734
0.34975328149896623	-0.04876326432762519	0.25527173348787435
0.3497534963902002	-0.04876491982302726	0.2552722443249609
0.34975298584337106	-0.04876487878754314	0.25527253353511326
0.3497517867141969	-0.04876645529454275	0.255274183371503
0.3497511358088988	-0.04876808149719471	0.2552742031664591
0.34975146673394186	-0.048768570354430815	0.25527527472233846
0.34975212832333463	-0.04876978328447419	0.2552753982565368
0.34975260525149887	-0.04877123624019018	0.2552775271639941
0.34975292123390056	-0.0487723612676781	0.25527750777152947
0.3497533499884896	-0.04877190148864162	0.25527862304072435
0.3497544727037413	-0.04877317819266273	0.2552784114854133
0.3497547352797742	-0.048773421500783606	0.2552793760666735
0.34975531940625454	-0.048773564571042025	0.2552792192470298
0.3497559691373977	-0.04877359012066941	0.2552798122709404
0.3497558025493088	-0.04877403868847467	0.255279405871725
0.3497562484321916	-0.048773778212014604	0.2552794021293443
0.34975709393264864	-0.04877385032764241	0.25527899136812576
0.34975763601660576	-0.0487739344057833	0.2552791110487655
0.3497577282401884	-0.04877388765922776	0.25527935676337504
0.3497573876400383	-0.04877346844062923	0.25527924045278116
0.34975742398088866	-0.0487733162892099	0.2552783433779452
0.34975700957892253	-0.048772884189745916	0.2552794846951475
0.349758151761091	-0.04877304646643334	0.2552791454619655
0.34975747021049786	-0.04877281617816555	0.25527890523867114
0.3497585065307756	-0.04877284066459946	0.2552788519709128
0.3497585413365676	-0.04877283915037907	0.2552785150223222
0.3497580013067932	-0.04877326533311367	0.2552782430360889
0.34975759176198373	-0.04877206374201727	0.2552792426079205
0.3497586443153871	-0.0487736845737758	0.2552780701934008
0.3497586815011435	-0.04877363472725664	0.25527808457655915
0.34975900899708223	-0.048773025259142275	0.25527809124156275
0.3497591842091557	-0.048773717357539256	0.25527813613230155
0.3497586309320563	-0.04877244100385865	0.255278335479329
0.34975854038994764	-0.048773094205978126	0.25527808281221603
0.34975893739185643	-0.04877316184145079	0.25527832742122347
0.3497583655348604	-0.04877306546579778	0.25527806487975413
0.34975908705047815	-0.04877389930329758	0.25527741836224715
0.34975849172034706	-0.04877270784149722	0.2552794523520875
0.34975900899708223	-0.048773025259142275	0.25527809124156275
0.34975895478788793	-0.048773526307194545	0.25527694149332214
0.3497585751949823	-0.0487730926926193	0.2552777458637022
0.34975886096915004	-0.04877299593843472	0.2552771484735248
0.3497587799328197	-0.04877349756675446	0.25527692356109355
0.3497589958039112	-0.048773111753047826	0.25527824695596035
0.3497589106799065	-0.04877346786313273	0.25527707748508477
0.34975900101976776	-0.048773026192391586	0.25527750335439275
0.3497592650000397	-0.04877078242085074	0.25527668601834286
0.34978527466137155	-0.048740552933050255	0.25527161104057056
0.34980696272531875	-0.048462996476823186	0.2551905409527108
0.34980579033582276	-0.04811584362421274	0.25478033367592623
0.34983633306256706	-0.04797077737159437	0.2545658726414506
0.34985016227413374	-0.04748301277789775	0.2541817400884037
0.34989567928196247	-0.04693862445167467	0.2540395455175093
0.3499259754985153	-0.04647138639030603	0.25391274211226467
0.35003423973849584	-0.04530775259373053	0.25350306131936845
0.35008105311160115	-0.044873135698003455	0.2533221957645494
0.3501439973065201	-0.044071536029350225	0.2530139205596549
0.3502721357927921	-0.042927918540551155	0.2525530195194811
0.35038216564146457	-0.04212615542562172	0.2522337787172091
0.3504328573005181	-0.041653826103425926	0.2520535247624276
0.35052838645925494	-0.040771678053428614	0.251692483180323
0.3505965867305263	-0.03978547044965948	0.2513275657684988
0.35058987702068595	-0.03828065954502273	0.2512518869611081
0.3505522598817987	-0.0371737990288291	0.2511453319077127
0.35051845317027597	-0.035559686891387124	0.2510349088823489
0.3505251122399759	-0.03491864716551889	0.25100119361632567
0.35048764792850706	-0.03369818784488239	0.25090571407158596
0.3504595246512732	-0.03261597943718113	0.2507983005778125
0.3504812953364732	-0.031344451224829525	0.2506494561208193
0.35047174040948176	-0.029096432569153494	0.25044527548758616
0.35045956094856623	-0.028025216286900453	0.25039525222228987
0.35043072430590555	-0.027312564681764587	0.25038924072137686
0.350443397920756	-0.025538264517340606	0.2502283383162537
0.3504061740107949	-0.024029777308131814	0.2500991298067621
0.3504253045146571	-0.022377892276174524	0.24994216965797084
0.35041756756948894	-0.021141460098054385	0.24980990650135804
0.3504206348376681	-0.019857355934538815	0.24970055518153556
0.35039134160472996	-0.019131423547938717	0.24968310982031133
0.3503673669996651	-0.017737245457107018	0.24963480266395352
0.3503587003174894	-0.015719841485515987	0.24940472096146782
0.3503762261133465	-0.014512283304196613	0.2493370808359674
0.35036968218532466	-0.01345614074132813	0.24923145497948695
0.35038402611717967	-0.012361565430122803	0.24914924988011616
0.3504886742655175	-0.011137966198875679	0.24881858010686048
0.35053447919008335	-0.010518456649506194	0.24864693605487298
0.3505923946233252	-0.009505037122005386	0.2483272555417353
0.35075581036900905	-0.007721853956842231	0.24787472035298136
0.3508003417688808	-0.006855984770774912	0.24764076305359947
0.35084984111046624	-0.005943867373247494	0.2474428261703397
0.3508860502667528	-0.005426547976899607	0.2473102212478118
0.3509575379980001	-0.004281896468032079	0.24705395495654772
0.3510170448250192	-0.0032033030363456255	0.24683366132220605
0.35103040331493285	-0.002401648156505079	0.24665379232221038
0.3510769685743568	-0.0018233049185999856	0.2465345206912954
0.35110852161923367	-0.001443685613915932	0.2464468437827538
0.35112116859542936	-0.0007552509719384176	0.24630430052810992
0.35116117179248163	0.00019344886974696773	0.24611576851709782
0.3512463641064952	0.000591989200507112	0.24603550468569352
0.3512859169233966	0.0007617903521062314	0.24600332463949798
0.35135708549464484	0.001033453965833639	0.24581485747793153
0.3513643818889778	0.0010347896431879416	0.2457709832411293
0.3513637423037666	0.0010342713381292085	0.24576596125759334
0.3513622129301911	0.001031864600865448	0.24576578464692492
0.35136012822625556	0.0010315610079347365	0.24576627954695082
0.3513598338021052	0.00102983907281827	0.24576639402920494
0.3513587042093683	0.0010262517963488121	0.24576717757945513
0.35135756388121164	0.0010221837276853801	0.24576755719732088
0.351356148198414	0.0010184133412062951	0.24576706553112396
0.35135670637096994	0.0010145269996603284	0.24576648692752537
0.35135596739019276	0.0010101343888485742	0.24576441523388465
0.35135612617954687	0.001005868329053014	0.24576359800760667
0.35135648441872586	0.001000727009164662	0.24576341737896445
0.3513569722560924	0.0009985563451143237	0.24576252947232866
0.35135768951803614	0.000997027193276448	0.24576297823428328
0.35135807209207154	0.0009949942572542586	0.24576306348165897
0.35135772712640717	0.0009950349743840653	0.24576333573789633
0.35135932072843645	0.0009928767696863322	0.24576234038277733
0.35135895145091217	0.0009933804926598316	0.24576338682713028
0.35135991130683736	0.0009922830767863239	0.2457628075037826
0.35135941271524984	0.0009927242565574285	0.24576318547874076
0.3513607205573925	0.0009915234312654203	0.24576312353840943
0.35136082324067036	0.0009919035575009644	0.24576326924053124
0.35136148205883333	0.0009914116886829277	0.24576385254172292
0.3513610766384079	0.0009918722719843426	0.24576429327066662
0.3513612500897277	0.000991462666750778	0.24576334803717617
0.35136134948316217	0.0009912206715372435	0.2457637916327981
0.3513618120652071	0.0009919043968985158	0.24576537063003387
0.35136213983668424	0.000991053646929238	0.24576414162442986
0.35136212852134363	0.0009916844401578057	0.24576430250387143
0.3513617115777256	0.0009923914755807922	0.24576400115661268
0.35136195138373355	0.0009916220893683853	0.24576393854771295
0.3513622874373495	0.0009919196929711188	0.24576332410622842
0.3513626995672478	0.0009914940035826575	0.2457634001871326
0.3513624070274833	0.0009917138648471296	0.2457643160572532
0.35136258416452715	0.0009917762152828052	0.24576468001374785
0.35136186718831647	0.0009928552743230928	0.2457643757278934
0.3513258656449192	0.001011796321725475	0.24599410494489354
0.351327442673853	0.001022639541437706	0.24593257726003426
0.3513405238606754	0.001015937828682631	0.24586262892219907
0.35135180512568587	0.0010072500359792208	0.24581773316411845
0.3513588328400201	0.0010023070848970556	0.24579977074197285
0.3513760244386743	0.0009965657164570235	0.24572516004082087
0.35148439799318604	0.0009824869373908779	0.24559183117819022
0.35165223638195386	0.0009552457027929423	0.24537269901744715
0.351661637096594	0.0009545113307370817	0.24537298560485818
0.3516691910404699	0.0009529154327441031	0.24537431317395555
0.3516819491745387	0.0010424470981786477	0.2454271690090112
0.3517093300108033	0.0011936476912671329	0.2455096347901385
0.35176361373511	0.001516854242104751	0.24567678844892182
0.35178455903512723	0.0015614714408150737	0.2455821688165348
0.35181594483763745	0.0015693595808120159	0.2454267631793782
0.3518694792245291	0.0016680693600128887	0.2453587273858671
0.35190540365367284	0.0019120835752908377	0.24548227257606164
0.3519308964006391	0.002154221807943432	0.24561325960669864
0.3519478012055754	0.0023541943451381026	0.24572999033978749
0.35194740932093566	0.002385660795346148	0.24575704577276858
0.3519441461316576	0.002387669760920988	0.24576786196986242
0.3519403512381963	0.0023889729724878433	0.24578229430290785
0.35193593215347263	0.002390140974469615	0.2458007031981409
0.3519325463597413	0.0023918068149873656	0.24580811357194507
0.35192880253823017	0.0023918396802314473	0.24581381808179653
0.35192352532750926	0.002393788762738533	0.24581754091456867
0.35192267125160337	0.0023942466043037486	0.24581996577009876
0.3519171728106524	0.002395846128350518	0.24582708380288304
0.3519006339898354	0.002408117727804013	0.2458639883355404
0.3517710906217303	0.0025346870335822974	0.24592043296786456
0.35177352670113116	0.002540514732724472	0.2459242439682182
0.3517918101732772	0.0025231493581765047	0.24591579460581986
0.35179912551244236	0.002516182062176478	0.24591372061586764
0.3518395488573307	0.0024751120072629834	0.24590500203866555
0.3518693065548486	0.0024452853397020496	0.24586702292966686
0.3518840126167604	0.0024299981415759203	0.24586222965323176
0.351894831008379	0.0024161066390628733	0.24585706725903814
0.351898554035186	0.0024105400131252813	0.2458545404010245
0.35190048569420485	0.002406288682240701	0.24585154042616766
0.35190178160114977	0.0024027922478818825	0.24584825926514212
0.35190328137568794	0.002398676845304773	0.2458442769002321
0.35190311117973455	0.0023966267571802896	0.2458406185094022
0.3519036183177574	0.0023944596934640655	0.24583794727374247
0.3519038384307128	0.00239249306834792	0.24583536261763295
0.3519038049316742	0.0023918032506094894	0.2458348446681444
0.3519040472892876	0.0023919580166714277	0.24583437881697498
0.35190355352860353	0.002391558145326947	0.24583253410715422
0.3519036235003621	0.002392131098577485	0.24583284462527885
0.3519039032501455	0.002391395641515512	0.24583145048992602
0.3519037484838471	0.0023921754071383056	0.2458309274478806
0.3519033111709573	0.0023924837091940238	0.24583149197297668
0.3519035416074442	0.0023923884972836124	0.24583088971258288
0.3519034614368853	0.0023922261251116544	0.2458302247955841
0.3519038556583231	0.0023930033160898118	0.2458307764616148
0.3519032757701713	0.002392525890201211	0.2458305868897478
0.3519032527520427	0.002393598227468749	0.245829966936143
0.35190292538370027	0.002393728825529337	0.24583096727161327
0.35190254582431024	0.0023941700266594396	0.24583058509042105
0.3519025472953547	0.0023946863737212692	0.2458301836675038
0.35190235123712127	0.0023949034735036984	0.24583049214488017
0.35190282421928337	0.002394039628305547	0.24582988877206793
0.3519021989334608	0.0023952901416709055	0.24583077042280235
0.35188584214774843	0.002395804233230811	0.245932511491733
0.35183244116879087	0.002334937277632107	0.24612755050966453
0.35171797812922095	0.0016440705342425505	0.24620059306165407
0.351698150653217	0.0012168763700708823	0.2462403714167008
0.35168940110180597	0.00043305480921192185	0.246322418358835
0.3516192594822085	-0.0004450228232516923	0.24644521558530366
0.35152961758812395	-0.0019500486460808236	0.24673074335764197
0.35149182726687267	-0.0026037433195337384	0.2468591819274728
0.3513342462436687	-0.003971202517306691	0.2471753053308317
0.35126628120782777	-0.004627658430832057	0.24730413517003916
0.3511526066599463	-0.006285977353936226	0.24767915604495885
0.35098888896053015	-0.007583512453923122	0.24796301819171532
0.3508969388686753	-0.008851476222164742	0.24830026853293302
0.350776659213585	-0.010172353572355644	0.2485783270406125
0.35063029800464407	-0.012346168127112991	0.24889559001918285
0.3505910098963264	-0.013887619481215571	0.24901962028306618
0.35056548882795224	-0.015662360476167356	0.2490800020301104
0.35054017958628875	-0.01800745376963865	0.2491984472095961
0.3505097840599715	-0.019054139778391946	0.24922281469884502
0.35048197958903726	-0.021690649610438248	0.24934182705369928
0.3504322532401305	-0.022852780325384	0.24944045097967893
0.35040261897151137	-0.02532986357509849	0.24960331080052092
0.3503446826106391	-0.027448017498635638	0.249690873681316
0.35029233941176585	-0.030093345341556818	0.24981798004447592
0.35026508510380416	-0.03221031302236539	0.24995482079541603
0.3502276335375145	-0.034315672224916174	0.2500902074653236
0.3502093564847683	-0.03621563763612813	0.2501750824636595
0.35012622959191203	-0.038358354868044744	0.2503179501079821
0.35006466906696415	-0.04115697261071326	0.2504636177679427
0.3500704320059908	-0.04325468620158045	0.2505396673016422
0.3500036237193665	-0.045352535829221455	0.25068977811166937
0.3499852847088379	-0.047539225815184924	0.25078018935923496
0.3499302948154	-0.04975106622269136	0.2509248035577112
0.34989623735419423	-0.05210116127507826	0.25099523842813176
0.3498675973747988	-0.05502118987861403	0.251133826878406
0.34983261051289843	-0.056991577134716656	0.2512120802774672
0.34977896116157275	-0.060167912841156176	0.2513185926930108
0.3497464426705594	-0.06221424026807877	0.2514348208820376
0.34971305602747776	-0.06340740292998394	0.2514397237260876
0.34965344211578464	-0.06617520042098769	0.25159216959916775
0.3496418208592905	-0.06857661264796606	0.25159656284141146
0.34956368099765245	-0.07078175620213685	0.25171218329353773
0.3495727613688721	-0.07362426720702124	0.2517268504249328
0.3494986084191866	-0.07489251985479485	0.25179876057543893
0.34948561231494885	-0.07699578629753222	0.25185437408511413
0.34943309921946913	-0.07895453164258133	0.2518585388039938
0.34940925168592196	-0.08082199468406202	0.2518990008617831
0.34933780531078534	-0.08368001631859336	0.2519295637087192
0.34929472958068447	-0.08569983168233254	0.2519285101956274
0.3492444188290868	-0.0882268927470856	0.2519392232623924
0.3492332597308243	-0.08983548775566015	0.25196502789147796
0.34919764036282813	-0.0907164267136945	0.2520570395542364
0.3492356691502344	-0.09296400333010942	0.25200529919114495
0.3491766502389496	-0.09389881576051677	0.25203145308707
0.34915856052525307	-0.0966701208868992	0.2519689952046211
0.34911656168495325	-0.0976643121938376	0.25195384308965946
0.3491013421767615	-0.09941279183784359	0.25192292679658246
0.3491282907028527	-0.10069680909098332	0.25188907905246827
0.3490780627842419	-0.10180570000008636	0.25185258140428046
0.3490865751235038	-0.10240960440128082	0.25178026390709174
0.34920285151737884	-0.10490538834791478	0.25146877496636644
0.34909762373402886	-0.10603427197012373	0.25106159522259364
0.3490588136272521	-0.10685034325558505	0.25080183382475674
0.34905852369917967	-0.10780577905699225	0.25053670446217646
0.34913919130273513	-0.10957591647749111	0.24989704164227583
0.34909867925998844	-0.11063959611250872	0.24937059598394057
0.34911177466801385	-0.11197198736253537	0.2487111853874105
0.3491330593390455	-0.11321233320521253	0.24810461657891467
0.34918675512928454	-0.11493612179419878	0.24706289201531278
0.34918083985899734	-0.11618327677280128	0.2463176478753699
0.34919993296011503	-0.11685109698139869	0.24585346568634145
0.3492397921765926	-0.11896736542053991	0.24437379937388556
0.3492569455380287	-0.12014129589935889	0.24353614123600753
0.34925095741096396	-0.12115424354037733	0.2427840027536426
0.3491644823956428	-0.12224877693307772	0.24181830934590118
0.3490028696095021	-0.1236212410684928	0.24071600907173646
0.34892390468362044	-0.12417601251127865	0.24031812517447673
0.3488011877048948	-0.12493833102186984	0.2398526513360318
0.3485887432920642	-0.12560260276455404	0.23960781939476977
0.3480779103506145	-0.12648255972362193	0.2395559232074282
0.3477121911366751	-0.126732662659788	0.23971539494900412
0.347400869990568	-0.1268146971075257	0.23989329413861285
0.34664673371326665	-0.12681231674833043	0.24034062845051088
0.34591701235912425	-0.1266505962905745	0.2407496397822152
0.34506684610083416	-0.12632655729272207	0.2412971469538948
0.34325424290105044	-0.12538323019580466	0.24237974418612973
0.34197872426011366	-0.12468385203960893	0.24305298002197245
0.3412767302134765	-0.1243236304948158	0.24349164373979568
0.3397767621741501	-0.12348770123553053	0.24454919004121067
0.3381216012782726	-0.12270067676021217	0.24551760255689142
0.33556010728672225	-0.12148617664356369	0.24687733147719185
0.33322649092701057	-0.12043101097568716	0.24782260211493976
0.33161129976019943	-0.11975982508296142	0.24835605678717496
0.33054135622474856	-0.11934875378840507	0.24865054524152885
0.3282225960815779	-0.11861537646643766	0.24910598352082539
0.32671085412437983	-0.11820317200440875	0.24923303365723154
0.32533034995020227	-0.11792816150641666	0.24924798891723812
0.3233049960638223	-0.1176586356166505	0.24903442044725524
0.3226208649143137	-0.11763964494762527	0.24889828493761004
0.32154927641425457	-0.11770049331839538	0.24860060443941454
0.32028497121092203	-0.11796579065993403	0.24795146531279302
0.3192614857380541	-0.11842208676007003	0.24705194369088307
0.3190749684724344	-0.11860987137230945	0.24671847396602403
0.31865024067155023	-0.1193629147734837	0.24571011268059212
0.3186268332025711	-0.12036990905908992	0.24477942477363912
0.3188072952648509	-0.12088794361272456	0.2442266308226433
0.31939669403949855	-0.12183186011812554	0.24307380545754514
0.31971071056750305	-0.12238983695772794	0.24224132284530792
0.3203221209818066	-0.12327457443761591	0.24107688488272241
0.3206318925794784	-0.12362572025081439	0.2406514639928331
0.3212084667637714	-0.12420378597543853	0.2400045943167033
0.32169490181231425	-0.12471655768422608	0.239428811141586
0.32229883223417094	-0.12565796644093158	0.23815076247763348
0.3224929580604468	-0.12592088339506363	0.23774780271636942
0.3226536702028771	-0.1262007023421061	0.23730098903783572
0.322893987844308	-0.12655404065600184	0.2366045657227202
0.3229843274312507	-0.12672060335993524	0.2361063365388794
0.32315818422593057	-0.12694097571370483	0.2357585024660826
0.3234451866012114	-0.1271905808674729	0.2354698085930076
0.3236389736666702	-0.12735715692206173	0.23529445059927218
0.32401230733594055	-0.12779506925192108	0.23480330588870563
0.32433097260272964	-0.12805775021108184	0.2344260786207591
0.32465908177777203	-0.12844478446084784	0.2339812411675201
0.32489211229562787	-0.12866829055203305	0.23372810783202752
0.32513823745422504	-0.12895729597689995	0.23339782492178462
0.32529170619702924	-0.12909424127345429	0.23321375135938727
0.32568776546589584	-0.12949094195164693	0.23265898178304134
0.32591760067482234	-0.12972848798007164	0.2323375000083449
0.3260751577909191	-0.12988825520968317	0.23215484618987994
0.32629647586574545	-0.13033708325011212	0.23176475432577115
0.3265094255922785	-0.13067490059214165	0.231422744379971
0.3267223262121518	-0.13099138648487718	0.23111516591476447
0.32692122590722744	-0.13141200064372288	0.23064836045282233
0.3270417977000103	-0.1315950493811277	0.23047104365625354
0.3273132938255897	-0.13204268038535016	0.23001386996186696
0.3274977603567086	-0.13234774561468743	0.2296992316105131
0.32766484408022994	-0.13262681616350522	0.2294125965763722
0.3278715757233005	-0.13297232982650697	0.22901122167064164
0.32812089222134966	-0.1331143001990483	0.22871901512142656
0.3283117181165436	-0.13323299066004424	0.22844526398199105
0.3284901296249972	-0.13333593454116904	0.22818055324801925
0.32867406529854964	-0.13348769221785148	0.22794705073132346
0.3288173098899873	-0.1337542572968035	0.2276661910787767
0.329029497762054	-0.1341346021363758	0.2272563440437164
0.32914688441370726	-0.13420694517283316	0.22710750477673036
0.32940742139690404	-0.13439054434481962	0.22672632164076184
0.3295629588102174	-0.13450628561823041	0.22649199964626665
0.3297105903957759	-0.13470465276454216	0.22621853553773208
0.3298752163216728	-0.1350172019157812	0.2258944539497671
0.3300644703407964	-0.13524659279120946	0.22565429177472823
0.33030219167338615	-0.13549640423279705	0.2252779064725589
0.33042595562091914	-0.13568553449827314	0.22502094611482382
0.330519319598666	-0.13585440320017605	0.2248528489820042
0.33068479232497355	-0.13619635799621593	0.22449823241939343
0.3308083205724899	-0.13649588973250126	0.22422925658271164
0.33097362298605304	-0.136752060163662	0.2239933945761861
0.3311832385102207	-0.13691770830411093	0.22376489415509498
0.33131505212721724	-0.13719192719606943	0.22343654333193474
0.33140535812960925	-0.13742520224764937	0.22318242554387652
0.3314923335607771	-0.13762211757231763	0.22296580592668291
0.33142453835141655	-0.13772859160778256	0.22278607098175335
0.33134277892635255	-0.13791824721048024	0.22254352482255868
0.33127098849168635	-0.1380238199047924	0.22239259250361565
0.3311810602360023	-0.13814278249655693	0.2222114994418979
0.3311335259482395	-0.1382281040463706	0.22208840199430846
0.33105667742711287	-0.1383849537893244	0.22187030495016075
0.3309770368646473	-0.13852068294938896	0.2216711846401212
0.3308846377473648	-0.1386755403291041	0.2214382526235793
0.33084540173495447	-0.1387907421038641	0.2212878772296667
0.3308219424906265	-0.13886248665531858	0.2211961305774859
0.3307446710911697	-0.13900462905939256	0.22097636259502906
0.3306454801466801	-0.1390729342715732	0.22077434541131324
0.33057210374172646	-0.13917714378897386	0.22058768831908565
0.33053643125858784	-0.13925198416915133	0.22048695339993424
0.3304659919190766	-0.13937102268493431	0.22031473556378947
0.3304194013934093	-0.1394841679010859	0.22016212722986023
0.3303670246168877	-0.13962862202425133	0.21997712839966405
0.3303052596221332	-0.13973942177407273	0.21982101608643317
0.33027844338879964	-0.13984597162575596	0.21967849048963342
0.3304164379270122	-0.13991191511262702	0.2196700355918808
0.3305179486009539	-0.1399647077638801	0.2196624980681921
0.33074367556927503	-0.1401770144832246	0.21957929796633288
0.331001449210137	-0.14042545076897528	0.2194824645049258
0.3311485735606749	-0.14059876981784125	0.21942464358724856
0.3314293077883819	-0.14094219110071687	0.21931489561752285
0.33172730103077397	-0.14127690602002557	0.21919921427856479
0.33185022712559387	-0.14139644214674785	0.2191531230737334
0.33205411902738446	-0.1415919347967024	0.21907742461572413
0.33221504494532034	-0.14175294977514957	0.21901718744180818
0.3324693405556396	-0.14208452962148949	0.2189146242152632
0.3326871633473376	-0.14237102191120515	0.21882573334839883
0.3327105619908116	-0.14239892223087242	0.2188174438776455
0.33272037254068576	-0.14240710965491815	0.21881621591107275
0.3327219594796659	-0.14240861337818222	0.21881645250900988
0.33271928730201544	-0.14245713503995933	0.21881480636603087
0.3327135720244849	-0.14249968744474295	0.21881301768855813
0.33271350674319833	-0.14250535728585137	0.21881374349231167
0.332713152650278	-0.14250558192394447	0.21881419125993487
0.3327136061692766	-0.14250542046222428	0.21881424433937113
0.33271253261221845	-0.14250452815664702	0.2188149643114417
0.33271347954218317	-0.14250402574010917	0.21881606826656486
0.33271201198606476	-0.1425031815690172	0.2188157375694695
0.33271218995938456	-0.14250179327859336	0.218817042993452
0.3327116145041202	-0.14250106135864055	0.21881737288421388
0.3327108985092371	-0.14250035293566526	0.21881758697372672
0.3327109119825709	-0.14250023325136923	0.21881759485412233
0.3327104424147138	-0.1424981438132547	0.2188181235786828
0.33270998823174747	-0.14249815543348782	0.21881808187759694
0.33270938704173225	-0.142496993647462	0.218818407790508
0.33270852709572085	-0.1424957448120875	0.21881872043378348
0.33270861187431744	-0.14249464589094077	0.2188189790113342
0.33270871854480943	-0.1424939797275357	0.21881902740272705
0.3327077714644022	-0.14249298615355308	0.21881928296214856
0.33270793531341636	-0.14249358645649776	0.21881921616959027
0.33270673879723694	-0.14249273073793267	0.21881905068927524
0.3327070732726543	-0.1424927560742647	0.21881905378352906
0.3327070933414916	-0.14249291115818769	0.21881935325109692
0.3327067549650267	-0.1424923040730744	0.21881956706397904
0.33270675255267035	-0.14249230778151228	0.21881956615052622
0.33270634471358157	-0.14249305129685041	0.2188191206006521
0.3327063167014421	-0.14249184832748546	0.2188194665486302
0.3327057024576888	-0.1424925594389529	0.2188193533503643
0.33270492245312566	-0.14249185230902253	0.21881953280625047
0.3327057024576888	-0.1424925594389529	0.2188193533503643
0.33270570245768877	-0.1424925594389529	0.21881935335036432
0.33270570245768877	-0.1424925594389529	0.21881935335036432
0.33270565101449295	-0.14249155708437755	0.21881946599105379
0.3327063167014421	-0.14249184832748546	0.2188194665486302
0.33270590049844656	-0.1424929820144043	0.21881930433219754
0.33270570245768877	-0.1424925594389529	0.21881935335036432
0.3327053854501441	-0.14249182051231807	0.2188195780324731
0.33270497929317566	-0.14249252421762015	0.21881883580683356
0.3327057068161925	-0.14249196111217355	0.21881957830193544
0.33270614339646043	-0.14249250962351723	0.21881939908214354
0.33270543279333087	-0.14249236270222873	0.21881888888397766
0.3327055621216635	-0.14249237492739186	0.21881951814631798
0.332704810469182	-0.1424913473932475	0.21881911326323167
0.3327050880037105	-0.1424923881254615	0.21881906083681385
0.3327052407556903	-0.14249223432695085	0.21881951787698678
0.3327054076707806	-0.14249258609877055	0.2188188741906483
0.3327049667317298	-0.14249263591512307	0.21881882846007095
0.33270509886658045	-0.1424923337995522	0.21881888126889368
0.3327049667317298	-0.14249263591512307	0.21881882846007095
0.3327049667317298	-0.14249263591512307	0.21881882846007095
0.3327052880974473	-0.14249277651615044	0.2188188287285424
0.3327043386804912	-0.142492427645728	0.21881864421712063
0.33270429284528674	-0.14249185804153214	0.21881904551096348
0.3327049541701037	-0.14249274761259895	0.2188188211132042
0.3327047878192371	-0.14249286445798062	0.2188184723411446
0.3327045050307787	-0.1424923108009223	0.2188189929883585
0.33270476807887744	-0.14249303998159746	0.218818460795687
0.3327046644929406	-0.14249314643241884	0.2188184230534609
0.3327047878192371	-0.14249286445798062	0.2188184723411446
0.33270546611867036	-0.1424925496634739	0.21881942500560495
0.3327047878192371	-0.14249286445798062	0.2188184723411446
0.3327051271878951	-0.1424931272619322	0.21881874642724167
0.3327049002149201	-0.14249273786663363	0.21881851360499854
0.33270464475186556	-0.14249332195565065	0.21881841150759035
0.33270431894123986	-0.1424926031684574	0.21881863267230403
0.33270444671373745	-0.14249289937924814	0.21881846052818305
0.33270482218506425	-0.14249286613190382	0.21881849693543798
0.332703979066671	-0.14249303070772523	0.21881841095419594
0.33270597895947845	-0.1424930989667551	0.2188193273803938
0.33270432338658396	-0.14249318135323935	0.21881841124008633
0.3327058845869076	-0.14249367527955978	0.2188185692104793
0.33270476807887744	-0.14249303998159746	0.218818460795687
0.33270489146743426	-0.14249157002912832	0.2188186378102679
0.3327041671278672	-0.14249189283003144	0.21881869604305215
0.33270464475186556	-0.14249332195565065	0.21881841150759035
0.33270476779225994	-0.14249328961094243	0.21881874925143135
0.3327058607632567	-0.1424936117515001	0.2188182659176516
0.33270457884993215	-0.14249259726435073	0.2188185133374947
0.33270552900701406	-0.14249334940694147	0.21881827297788287
0.33270552900701406	-0.14249334940694147	0.21881827297788287
0.33270444671373745	-0.14249289937924814	0.21881846052818305
0.33270507550540096	-0.14249351091840917	0.2188182199012556
0.33270506656614596	-0.1424926210222532	0.21881886237746426
0.33270506656614596	-0.14249262102225307	0.21881886237746423
0.33270401764509877	-0.1424926176538947	0.21881893186871673
0.33270506796408644	-0.14249247442908977	0.21881885968714934
0.3327048801884393	-0.14249316302063242	0.21881879051542769
0.33270552900701406	-0.14249334940694147	0.21881827297788287
0.33270476807887744	-0.14249303998159746	0.218818460795687
0.3327047878192371	-0.14249286445798062	0.2188184723411446
0.33270509064796683	-0.14249301863611724	0.2188187597798396
0.33270476807887744	-0.14249303998159746	0.218818460795687
0.33270432338658396	-0.14249318135323935	0.21881841124008633
0.33270423453033365	-0.1424924466189741	0.21881851305160455
0.33270476807887744	-0.14249303998159746	0.218818460795687
0.33270410239397635	-0.1424927487338004	0.21881846024229276
0.33270410239397635	-0.1424927487338004	0.21881846024229276
0.33270539687017003	-0.14249365152160584	0.21881822016886227
0.3327048111029717	-0.14249320511113833	0.21881876027960143
0.3327049344300411	-0.14249292313714884	0.21881880956791747
0.33270476807887744	-0.14249303998159746	0.218818460795687
