0.3333513620839304	-0.14035693045351624	0.21907744337057514
0.3333513620839304	-0.14035693045351624	0.21907744337057514
0.3334934771771214	-0.1398059026616094	0.21913843628993507
0.3336062548636146	-0.1393712514767483	0.21918859901390322
0.3337211294727041	-0.13893098157735728	0.21924039107300586
0.333793275656427	-0.1386520727126646	0.2192731249346743
0.33382074478773904	-0.13805958958640746	0.21933966673392413
0.33375381383458885	-0.1374129234939283	0.21941045485748661
0.3338363819201879	-0.13665002879058896	0.21950336590243466
0.33394783329634503	-0.13622239786713128	0.21955952257459266
0.3340199082060146	-0.1359501003634212	0.2195958267507008
0.33421811736246654	-0.13522566583491386	0.21969529980607821
0.3343045176246091	-0.13463574862624827	0.2197743667497734
0.33424287645397566	-0.1338055855201183	0.2198777086140065
0.33428791233721405	-0.13320082692960666	0.21995996288174843
0.3344268432059461	-0.1326775534174771	0.22003733564576508
0.33455787275669635	-0.1322051926829083	0.22010887027813503
0.3346514965864425	-0.13187492578697135	0.22015876946858476
0.3351065211068493	-0.13134286715921561	0.22018467005979153
0.3357420376201815	-0.13078959917525862	0.22018580409868518
0.33601363649668653	-0.13031856550346682	0.22018720980487683
0.33629828181760213	-0.12987413317294277	0.2201842158344065
0.33645982940342045	-0.12965781336614474	0.2201872290925703
0.33728402657723966	-0.12896821543626413	0.22018841645560489
0.3376316792059232	-0.12876874985275266	0.22017176865661994
0.3382612441863514	-0.1284252140507285	0.22013935460609765
0.338819916406925	-0.12819736969201062	0.22009422669440437
0.33916583119273513	-0.12804137460873088	0.2200703319577845
0.34010428584972124	-0.12776168800071863	0.21996546512169812
0.34046475207489035	-0.12767242792597605	0.2199015184108656
0.3412386188003809	-0.12760012651297248	0.21976595277414737
0.341524105629407	-0.1275992894808195	0.21967297245511536
0.3420583810140792	-0.12773027219165517	0.21918723033304802
0.3422561826539217	-0.12785211576329314	0.21896803828082678
0.3425034172736374	-0.12840810383443435	0.21836865541046552
0.34268935930247535	-0.1288545802083919	0.21793557430811064
0.3429064201524053	-0.12939749062623995	0.21726652512215755
0.34317507345438836	-0.12962262931617258	0.21693732270915272
0.3436995613997369	-0.13012554003538085	0.21623593019494863
0.3440460151571547	-0.1304635880649277	0.21583165029180323
0.3447160786385131	-0.13122369281636181	0.21483437847898706
0.34494426219720664	-0.1315082302814513	0.2144747822809583
0.34538223702488163	-0.13201274452494383	0.2138665103714339
0.3460930857193424	-0.1332202477663329	0.21260659212235644
0.34637976096959966	-0.13383116802998907	0.21209940637473276
0.3466591440824033	-0.13467520239805802	0.21136723990716896
0.34733310429556813	-0.13639020971584814	0.21000775606375371
0.3476918487169278	-0.13749924748175213	0.20908402765434014
0.3483526342154107	-0.13946347577086454	0.20757272691901024
0.3487151050981811	-0.1408151968563192	0.20648915190652667
0.3491969421820148	-0.1422674977258327	0.20542476772568183
0.3494530252908205	-0.14323055671112261	0.20469715010953088
0.3502228813957838	-0.14577360050750038	0.20282255019505152
0.35086229071333636	-0.14830769546770856	0.2009969547218217
0.35133862324568516	-0.15020390678882428	0.19964217595410086
0.35170214330238525	-0.15160406539017324	0.19870021590443682
0.35244758968960976	-0.15481546401256552	0.19658198739656493
0.3530626572406443	-0.15752226741463804	0.19485720019511787
0.3537206389123941	-0.16040877615952498	0.19306622280380834
0.3545646567762779	-0.164112947556158	0.1908493278659193
0.35503046563377666	-0.16654899141426655	0.18936640669097454
0.3560340026973038	-0.17132174717816304	0.1865269772730021
0.35676993039235316	-0.174705558034777	0.18456752983576385
0.3575459948207778	-0.17851616469146941	0.1823826134074575
0.35832405709985454	-0.1824849476523835	0.18008463642461525
0.3595394989181195	-0.18857492312154675	0.17665561195844495
0.36013973371753416	-0.1915931518769548	0.1749649520442053
0.36077595615007957	-0.1950437060818669	0.1730085136665426
0.36203559141251207	-0.20141091841820535	0.16942008806055325
0.36264671778075425	-0.20465694759941266	0.16760777096195056
0.3633726125003947	-0.2085283511668617	0.16544107061287544
0.3644383198116478	-0.21426058620524996	0.16220772228139768
0.3655001451048762	-0.22009625722810905	0.15894005092653724
0.36655938447011005	-0.22554739803425067	0.15584078497157905
0.36764075186042994	-0.23104147523724616	0.15267356318055209
0.3682580815110785	-0.23438771987820506	0.15081244334827315
0.3690582814148217	-0.2395727869972863	0.14794680012946948
0.37023320073298827	-0.24654399660456283	0.1441696001036728
0.3710668520940942	-0.2514941421282521	0.1412119481326231
0.3723571446180333	-0.2585139439591444	0.1371318753784906
0.3729732826751432	-0.26223442467056096	0.1349123266484254
0.37421383860682705	-0.26877442219284475	0.13107551957766544
0.3749729701456547	-0.2731557913163627	0.12847255062806762
0.37579623678373114	-0.2776769748003336	0.1257814366935074
0.3768788200123508	-0.2839364500263898	0.12196538641372223
0.3778918015861588	-0.2891075579246847	0.11885468961922374
0.3787623172520416	-0.29319183001663496	0.116403941990254
0.3799248115407321	-0.2980087915317272	0.11357472056509949
0.380919765536893	-0.30235246523882103	0.11095531658641439
0.3814496407529802	-0.3046809870813947	0.10944796710643234
0.38270188000547095	-0.3110885974472748	0.10508770257196332
0.38356572021719737	-0.31621014990438967	0.10147467967274243
0.3842134016156292	-0.320105812044981	0.09864850762039717
0.3847352891684994	-0.3238062272347212	0.09591801879105127
0.38540717023524973	-0.3279808250072231	0.09290230975662156
0.3861442195113496	-0.3316409773507633	0.09039653805241787
0.3871004049653633	-0.3367935981813521	0.08679201167981127
0.3878179451917462	-0.3405834320002833	0.08401096892947607
0.3884015595431621	-0.3435900973325959	0.08171782143107958
0.3887583025300887	-0.3456477537948364	0.08006560637660104
0.3895269766463321	-0.35005403586583994	0.07640780984952816
0.38992795897205074	-0.3519291688096701	0.07487231701129715
0.39074382770655425	-0.35600503381424387	0.0714273568973634
0.39117625454250204	-0.35859692383959907	0.06899021650776022
0.39175688525397223	-0.3615971646329823	0.06612406950832989
0.3922061726127323	-0.36379028332830854	0.06381733921657007
0.3925276547972397	-0.3656211890119878	0.06170480853015309
0.3927082148083644	-0.3673564081996374	0.05954855741224829
0.39290401050019036	-0.36879329751806134	0.05750471949434288
0.3930465092967814	-0.3700006332285132	0.05564599674156684
0.3931500380630889	-0.37092817108458753	0.05388512166852305
0.39316810287123144	-0.3717980042479354	0.05128180828259049
0.3930061877856833	-0.3719980227476488	0.04974069143303245
0.39286216341428276	-0.3720414858172301	0.04797840504766043
0.3927209537585267	-0.37198110589842037	0.04630848294414519
0.3925617334231454	-0.37190809563507504	0.04477257279477542
0.3924766273325737	-0.3718387645942277	0.043918543979024394
0.39210874981916893	-0.3717373220099944	0.041139100476328405
0.3918752436193892	-0.3716572720423903	0.03954490286053086
0.3916518140731501	-0.37157147295056264	0.038116833780290904
0.3915231707233394	-0.37150305424355573	0.03726090799979681
0.3912799742482033	-0.37145330047282377	0.035976062866647285
0.39098403801565335	-0.37122418756363773	0.033474337149014155
0.39087647597147485	-0.37111230094923336	0.03214253830966707
0.39059496771315333	-0.37098168433260775	0.030812201860454413
0.3904217168375685	-0.3709338048828876	0.0300317255348011
0.39006885873052094	-0.37070350629333604	0.028278580514062845
0.38986335047977216	-0.3706582075154227	0.027219130741988173
0.3899043163980424	-0.37075143603108607	0.02582477565234692
0.39001146734505965	-0.37079284088698045	0.024936888165469406
0.3900511845154232	-0.3708269610426108	0.024143880837761478
0.39006577521661184	-0.37090730042931974	0.023294487342071346
0.39006174457435794	-0.37092226690735797	0.022397594326274084
0.3900882664706342	-0.3709667111898439	0.021521506134050683
0.3901692726887763	-0.37095869333774295	0.020630267330004948
0.39015543831349153	-0.3710022456800209	0.019502664098905886
0.39020203667364123	-0.3710263138874367	0.019062711722009518
0.39033637491817197	-0.37100326417501883	0.01816685700095516
0.390365762879459	-0.3710551700608368	0.017506986489484067
0.39053197813452556	-0.3711380986508964	0.016563131774340767
0.3905923219639146	-0.3711045695442509	0.016253383875519056
0.3907174091634948	-0.37112664077066004	0.015382948342526404
0.3907616683746174	-0.37113327993818485	0.015072307024812825
0.3910331440178861	-0.3711416418784759	0.014104063281971058
0.3911506949656852	-0.3712183303186812	0.013633321468830617
0.39129470623197227	-0.3712262269285765	0.013147083620774547
0.3914806845827927	-0.37116306548714706	0.012816123470973495
0.3916974794846331	-0.3712249430359218	0.012253766602413618
0.39184925350262056	-0.37123380773327064	0.011819549278870911
0.3919831164047422	-0.3712524081973806	0.011436103336607106
0.392041499881057	-0.37130428215371675	0.010859962804643242
0.3921462192597327	-0.3712680655864149	0.010548004072918782
0.3922970733885923	-0.3712790485997523	0.010263728531222704
0.3924599829898378	-0.3713095149383804	0.009973809552402901
0.39282320255179554	-0.37135248250193514	0.009637380538030815
0.39306322765197693	-0.371385179138226	0.009479122121811012
0.3933388856388247	-0.3714050083318774	0.009410397973951823
0.39362661451665776	-0.37140071763986193	0.009376583585530673
0.39394801915784844	-0.371269583680446	0.009308152167855577
0.39423338770933997	-0.3712075063136828	0.009245530081917253
0.39458065592372005	-0.37102827956397944	0.009284176148918133
0.39497998392678435	-0.37090765974247886	0.009353377432866516
0.39541040504372366	-0.37066418572554843	0.00942613788863289
0.3956525407086932	-0.3704896124844894	0.009482688785908189
0.39610702782360835	-0.37020033827118565	0.009612928136077281
0.39619119949898557	-0.36993646515945067	0.009585486158242895
0.39609337404753325	-0.3700069100802817	0.009563298564382983
0.39595936740931603	-0.3702363857151694	0.009539011207417292
0.39596332905257586	-0.37030587738276055	0.009546112013715635
0.39615975916024604	-0.3704580575656451	0.009728192873734443
0.39643040341234326	-0.3706728075250223	0.009981042499488724
0.39680207128646455	-0.37099960110082764	0.010362003301371214
0.39681939293124546	-0.37119507785163114	0.010540220101485531
0.39689385149383916	-0.37139325851220006	0.01073282198101877
0.39708108400977027	-0.37154730915444584	0.010913978387274759
0.3972937287840137	-0.371719399249428	0.011116630349152445
0.3973657280631927	-0.37178368748606244	0.011188664127415981
0.3975042776767138	-0.3720470314172796	0.011452061998515062
0.39753425594657277	-0.37215303201854577	0.011550433032032237
0.3976466664116697	-0.3724833396505063	0.011867024523512404
0.39769599561903174	-0.3726095924840072	0.011988147899918089
0.39798717066877976	-0.3728757951528928	0.012290283553884562
0.3982404663821978	-0.3730835263085321	0.012532447939005986
0.39840338579734635	-0.37332532669440976	0.012783579260934874
0.39846078668286866	-0.3735340117648158	0.012980071045129271
0.398535439977978	-0.37375138823853676	0.013189810620874376
0.39864087579511065	-0.37398295248866875	0.013419138882310444
0.3988119362131127	-0.37431282944764377	0.013750452009881675
0.3988703697387035	-0.37444150218681116	0.013878176348497306
0.39901234750676773	-0.37474580135720825	0.014181123618527303
0.39914543547352216	-0.3749739175232792	0.014415603113297037
0.3992808239495266	-0.3753393099180368	0.014687202307273717
0.39922566875352755	-0.3760889726220522	0.014858937725334809
0.3992629166426244	-0.37650203231393836	0.014988164463894948
0.3993352712279344	-0.37681226714704025	0.015105162966125907
0.3994476416744523	-0.37712863293373056	0.015255927934223312
0.39957205344413066	-0.3775570575942363	0.015423400873878113
0.39962093856663383	-0.37781587476775963	0.015491849855921336
0.3996026281872036	-0.37838992093084095	0.015639933687859153
0.3994893756148774	-0.3789085834362458	0.01578593239006776
0.39944412264149487	-0.3791092785463466	0.015829998698557113
0.39953702143477887	-0.3796739408310358	0.01598727442067316
0.399741127840949	-0.3799796557932483	0.016201183079928794
0.3998439856682203	-0.3803720394309792	0.01634132965270202
0.3998755723770145	-0.38058463829278644	0.016409928115418304
0.3997144892121257	-0.38122354001268915	0.01656373727493321
0.3997085002923878	-0.3816020645804034	0.016658028294037286
0.3998108678806905	-0.38193229040330473	0.01678682252090763
0.3999176804604527	-0.3820375835219594	0.01689434218839264
0.4000319017777767	-0.3823670819165446	0.01703411419125489
0.40004339166830144	-0.3828399814748195	0.017190491281386333
0.39992627594179375	-0.38313358351679	0.017268902153499632
0.39976927960579645	-0.38344130391041586	0.017267723332823226
0.39976733307277745	-0.3834576878803588	0.017268723024720656
0.39977058456652337	-0.38345742497438895	0.017269960703577947
0.39977220564067395	-0.3834589964176609	0.017270211962812254
0.3997981578868343	-0.38348280887564373	0.017295940216100036
0.4000047664709904	-0.38365473846291637	0.017500607039184657
0.40019169683767125	-0.38381178420005185	0.017686486082824027
0.4001940247363641	-0.3838172364778818	0.017687702263128602
0.40001007606202577	-0.3839724452008972	0.017599509262046176
0.39966230150329646	-0.38402943434898246	0.017459691858538184
0.39960196324642666	-0.3839854175395356	0.017441777037097095
0.39958774134578345	-0.38398093119394816	0.017434691655029977
0.3995842721846787	-0.3839779127808953	0.01743130384741126
0.3995828275397516	-0.3839749072767018	0.017428404618284266
0.399579515733187	-0.38397198000121796	0.017424710108409514
0.39957714283551987	-0.38396854750230913	0.01742093599375555
0.39957257768574717	-0.38396557144341914	0.017416143132445827
0.3995679668944498	-0.3839591844362154	0.017409623087931092
0.3995662120972906	-0.3839579454781616	0.017407672979435018
0.3995642713233806	-0.38395664490562054	0.01740536544352944
0.39956570742759645	-0.3839560366310598	0.017405873138320482
0.3995663610329484	-0.3839560779955038	0.01740591583355211
0.399569225600026	-0.3839502970439768	0.017408003425425755
0.3996613203488733	-0.3835363443660234	0.01771382548233208
0.3994882836543448	-0.38368800424105026	0.018667166557600645
0.3994006751480761	-0.383883030245448	0.020292608427072367
0.3992564683933608	-0.38427298336546784	0.022941508911601682
0.3992981358736032	-0.3844986241621133	0.024421132302559767
0.39936555559676573	-0.38481378940502337	0.02699153506502361
0.3995210104792011	-0.3852655305171379	0.030149802792015012
0.3996147123519926	-0.3856708091321151	0.03342059458831037
0.39973811580154667	-0.38658311509038956	0.04086409743040975
0.3998784610707894	-0.3870517713166145	0.045102023171940675
0.39991013425133976	-0.38728293465031444	0.04759042634608218
0.3999694561853777	-0.38785632290177574	0.05227173722760997
0.4000922057738719	-0.3884793077039849	0.058837461427586224
0.40010565546431726	-0.3889502063106929	0.06376271834710778
0.40017091522045595	-0.38963598225199947	0.07165146594995636
0.4002232841594025	-0.3900099020719135	0.07694233513800286
0.4002921805575057	-0.3903191927021902	0.08260392750213491
0.40028144589201103	-0.39055406781312707	0.086363067590987
0.4002946511461158	-0.3909530460742119	0.09499190236824545
0.4003573742758755	-0.39131242833732205	0.10322261263981802
0.40031553200043446	-0.39142748648731024	0.10932712601620503
0.4003450904594608	-0.391457560816804	0.113029402188218
0.4002838467211713	-0.39140520692147723	0.12142743193622213
0.40023814853428313	-0.39131129932217984	0.12773182641516317
0.4002046897676613	-0.39118152055703054	0.13297168617070004
0.4001111036576391	-0.39084157915154477	0.14018124062567622
0.40001623432201805	-0.3903782112597696	0.14682096371021147
0.3999132621850745	-0.38983110863679876	0.15312131048792382
0.39978034991670913	-0.38917583185525295	0.15874867184691954
0.3995700634710753	-0.38802127406308506	0.16685075031348368
0.3993748643441143	-0.38706573949211354	0.1720837252752212
0.3992356280335641	-0.3862138710576577	0.1760730369940475
0.399006122208552	-0.3848089396121958	0.18186640867511034
0.3986498181861005	-0.38272393485885536	0.18868593371174977
0.398386715627117	-0.38121460677767655	0.19272207750950238
0.39814607232551713	-0.3799786124406368	0.19558836402970634
0.397789483672157	-0.37770029714612313	0.20019399342056887
0.39736299420540777	-0.37496511377433883	0.2045034631815042
0.3969439781148957	-0.3725459693003168	0.2076637366848159
0.3965609435507298	-0.3701164553924253	0.2102436956592771
0.3960680694269145	-0.36735732396593074	0.21269516611809108
0.39529968796815096	-0.3629243963031384	0.21610256071532796
0.3949686799783895	-0.3611222654692802	0.21723519642796374
0.39447317876366966	-0.35769707563542924	0.21941723022763662
0.3937012351275974	-0.35203685741872315	0.2225529698951668
0.393272995676325	-0.34966426637766324	0.2236816574550792
0.3920127711944766	-0.3411869575680911	0.2274633615981137
0.39134985587473803	-0.33629458918189553	0.22936298698259794
0.39072921904140573	-0.33202657465103425	0.2310242782724838
0.38987493194543854	-0.327588949081727	0.23272344701212966
0.38872374392839393	-0.3202691598986149	0.23514082638220365
0.3880874850648754	-0.3151469191002801	0.2365881934836534
0.3877905809299165	-0.3122833908498146	0.23742335671218268
0.38699572929136267	-0.3049939575744077	0.23926070036650912
0.38654794073384713	-0.3004623988978947	0.2402870410236922
0.3862612303251683	-0.29756047740092284	0.24083735202866713
0.3856097466387781	-0.29094597878917877	0.2418807216772533
0.38523733996946613	-0.2862782712200302	0.24246659658472636
0.3848188969302242	-0.2817625030410569	0.24277790543296365
0.3844158206803366	-0.27677870698702073	0.24313158625093265
0.3841350281924373	-0.2722713560058667	0.2434488998920285
0.38366504748691665	-0.2656421161056721	0.24342548659727636
0.3833083984671767	-0.26117010131517865	0.24324565285124403
0.382830936364328	-0.2561155628614449	0.24285745813864812
0.3823385948850137	-0.25067308303578656	0.24247961921936836
0.3818493779777307	-0.24556379982696436	0.24197515122329846
0.3812357600603583	-0.2395694249137706	0.24142383334333029
0.3806683687153352	-0.23438994410289	0.24089241604809766
0.37989452987195027	-0.22720379051103667	0.24007696384533825
0.3791760838175659	-0.22139819598767507	0.23957110750122473
0.3787495787686053	-0.2180587746695274	0.23930246518024867
0.377602436667316	-0.20917460948212507	0.2386811222093176
0.37641478512810767	-0.20053370633880385	0.23840318554432027
0.37553677120479134	-0.19438862564728382	0.23836491831546275
0.37458107906481314	-0.188114388679559	0.23857689921683958
0.3738097780142104	-0.1830242266057498	0.2388135521980085
0.3721748978506875	-0.1719810245399933	0.23948830453913106
0.37108547054500607	-0.16499210233821332	0.23989624353574107
0.3700816541179008	-0.15870549171499587	0.24031361777152035
0.36952211589244416	-0.1552193708740203	0.24053494801220845
0.36823512173653883	-0.14713184698617643	0.24096285491871797
0.36691621053987394	-0.13892928922884584	0.24135433080349555
0.36631099640643183	-0.1351549263881507	0.24150421174000333
0.36512889521943015	-0.12766304206584472	0.24175759390152982
0.3643786374767502	-0.12297248049920477	0.2419117879866902
0.363516694416323	-0.11761642156170442	0.24201697781732
0.36279480325076463	-0.11311279258794761	0.2421342935968666
0.3620009800704031	-0.10811141911030604	0.24219388683154264
0.3613594628206285	-0.10409651960520779	0.24222208025493225
0.360559415517655	-0.09874961775787978	0.24214741109830668
0.36002804967830204	-0.09543795643287038	0.2421398835151715
0.3594797831508045	-0.09183816595675239	0.24203016198149296
0.3588988998424607	-0.08811919469977998	0.24189530739564688
0.35852716286460307	-0.08560202504652008	0.24177215635859492
0.35822983137399517	-0.08352361682101019	0.2415889167293642
0.35798187453695324	-0.08183683912548213	0.2414289630034237
0.3577752830526912	-0.08032617243096592	0.24133461310459275
0.35759075258789447	-0.07930526555553145	0.24154155567355914
0.3573748714285737	-0.0782657301307449	0.2415868857835134
0.35736652017390685	-0.07803840578626743	0.24163166968325922
0.35740311173074346	-0.07757261732691552	0.24191738926568024
0.35748555491564404	-0.07733086665183646	0.24206584330722303
0.3576017229422724	-0.07704776467178791	0.2422227038985138
0.3576057285638407	-0.07690871213619462	0.24232448591374137
0.35761751228871946	-0.07665485613104316	0.24252826314414472
0.3576384086483231	-0.07656125077028937	0.24260274764537443
0.35763509147114936	-0.07639031723522276	0.24283202755512662
0.3575657992033589	-0.0762938805473226	0.24299578315746914
0.3574680701562671	-0.07616127617292497	0.24321832597626863
0.35736669020395834	-0.07602097624723554	0.24345151563139883
0.35732438812555406	-0.07585515605705147	0.2437497708758465
0.3573724424657639	-0.0757057550283932	0.24404724338750405
0.35743077297684517	-0.07556223231203134	0.24433952497454187
0.35746177774934457	-0.0754911664752813	0.24448353998349784
0.35747466582204734	-0.07525951478986641	0.2449226714021209
0.35739366261368893	-0.07513998545737731	0.24511376816296718
0.35729824911974944	-0.07499790869936256	0.2452359641006753
0.35728285974912954	-0.0748953291473013	0.24525669808162576
0.35731689115798193	-0.07473029798377152	0.24540966391276756
0.3573195778457116	-0.07470177949316682	0.24544778203305173
0.3573201312062289	-0.07470202539175978	0.24544806668945307
0.3573209259841424	-0.07470396989625099	0.24544573803288003
0.35732207206846867	-0.07470684845600946	0.24544132259344095
0.35732412340712627	-0.07470999632015703	0.24543756175079928
0.3573261400508448	-0.07471314572021458	0.24543259517913274
0.3573297818464099	-0.07472044824152214	0.24542206711750109
0.35733155172792	-0.0747245453461196	0.24541576207185106
0.35733341348054054	-0.0747274064731301	0.2454112242325692
0.35733338171479595	-0.07472973708640261	0.24540837847483532
0.35733378599002946	-0.07472941390241873	0.24540796650489502
0.35733413859944285	-0.0747301921934841	0.24540749665032124
0.35733416614003455	-0.07473155151748227	0.24540753554621894
0.3573335361676945	-0.07473124578787636	0.2454067005086768
0.3573334435213115	-0.07473102440502181	0.24540701719705674
0.357333381199034	-0.07473111185440516	0.2454069226060113
0.357333672534634	-0.07473156419462869	0.2454079327841721
0.357333304332406	-0.07473150691874082	0.245408263955123
0.3573336041561906	-0.07473086316771359	0.24540827886303365
0.3573331181647787	-0.07473023717405074	0.24540892226220212
0.35733321246670174	-0.07473037541465326	0.24540992536117134
0.35733322971318693	-0.0747303741864231	0.245409577020446
0.35733310091920284	-0.07473023840248912	0.2454092706029716
0.357332963403004	-0.0747296903796683	0.24540984051543507
0.3573324402136284	-0.07472985295131011	0.24540974655698106
0.35733299578111466	-0.07473061461701509	0.24540940648490425
0.3573330512936705	-0.07472931539354037	0.24541005297601012
0.35733261259779614	-0.0747292422702396	0.24541003151402577
0.3573325502782241	-0.07472932972060063	0.24540993692378385
0.35733321607996815	-0.07472861968167012	0.24541033245216695
0.35733742236519495	-0.07472712775294267	0.24540972423269589
0.35741259150059407	-0.07467620606753746	0.24539184362648173
0.35741864151364205	-0.07452493598818914	0.24535914937711428
0.35732413534344337	-0.07407115514353839	0.24550193011460245
0.35710427035634484	-0.07328159376834185	0.24553090947908596
0.35694268593989936	-0.07262323843491779	0.24545844936947345
0.3567965539938578	-0.07195214678512822	0.24551308618487835
0.3565651609867235	-0.07085610301361579	0.24558515037846954
0.35645417919734584	-0.06983419703196304	0.24562990785466338
0.3564143340596571	-0.06923510802331305	0.24566498536842465
0.3562409134351609	-0.0676035942221949	0.24588335431746683
0.35616529217935816	-0.06692063520132659	0.2459396519562028
0.35600083617065514	-0.06525068391633392	0.2460121129696734
0.35586783257548554	-0.06387946867719359	0.24617686691619609
0.35565409297224865	-0.06176044643532318	0.24631920199899957
0.35551651429763953	-0.060192565106269816	0.24647500237897146
0.35539240353043944	-0.058782801609703825	0.2465142043437851
0.35528476429336525	-0.057760763093002085	0.24666102053264333
0.35514686060810724	-0.05621147893400753	0.24679257656628956
0.3549592124343522	-0.05413866805890925	0.24695746361099402
0.35473608719450994	-0.05154503982716123	0.24709971527950456
0.3545855953359848	-0.049903381409751466	0.24725815870566625
0.35445280169359117	-0.04878732671987236	0.2473725897665351
0.3543869730669102	-0.04736778778312688	0.24736944104124853
0.35410384229195585	-0.044700439364313324	0.24767473756112593
0.35388206803215233	-0.04208509030101866	0.24781826490849032
0.35377390888911664	-0.04100237534046451	0.24794018011691632
0.3536453601032159	-0.039308881303641616	0.24797464550750908
0.35339640393913435	-0.03664971909718011	0.24821583489359936
0.35328176152821134	-0.03538301769136122	0.24825580964563107
0.3531707485297806	-0.033916694508202436	0.24838367510584866
0.3529895609783183	-0.03201136136023279	0.24853461395242057
0.352779989362995	-0.029416817240872098	0.24866423140520205
0.3525567407910107	-0.026794170290435806	0.24883169134506924
0.352372004936617	-0.024961500584315885	0.24893185853564945
0.35226051717394363	-0.023752057717009792	0.2490431537022288
0.35209891763870743	-0.02156426039155361	0.2491326113892651
0.3519295332108976	-0.01991742813645027	0.2492691580525764
0.3517956045305556	-0.018199079057804338	0.249372781212246
0.35160358608198655	-0.015965092519883192	0.24940499609054262
0.3515063654121058	-0.014940360693114649	0.24951020640171867
0.35128855514069207	-0.012694299857370986	0.24967540137503802
0.3512373086133916	-0.01175598750021771	0.24967815145242003
0.3510243778000938	-0.009443231640859626	0.2498145856700812
0.3509172200700845	-0.00794209889599494	0.24991954062677454
0.3508498656294353	-0.007186064387353849	0.24995308344946685
0.35071185306338215	-0.005394669724154935	0.24994854939271918
0.3506321465121079	-0.004269800718688724	0.2500136332635873
0.3504217619512506	-0.0025932803881474203	0.2501721086933255
0.350367209925718	-0.0014938373785200604	0.2502453965552382
0.35030850829672494	-0.0009084178032596896	0.2502605465530169
0.3502440172852367	6.168846597053024e-05	0.2502429234114066
0.35017151885527076	0.001076729780363786	0.25023819403256553
0.3501998034191945	0.002000632570902147	0.2500518894273488
0.3502391181044153	0.002651909003786368	0.24986773780929994
0.3502511704679872	0.003168590603666935	0.24972379791200944
0.3502728527091527	0.00360476479025347	0.24960917454604797
0.35032528978313643	0.0038232412624911033	0.24946488219421745
0.35033608473409095	0.0038297925446642983	0.24940392412129586
0.35033751562346127	0.0038288871581356326	0.249402234384244
0.3503360358906476	0.003826931059011815	0.24940281497787334
0.35033520720742867	0.0038251370572034565	0.24940288882314054
0.3503343946690991	0.0038206397452285185	0.24940282534966382
0.35033494456828185	0.003815736818021706	0.2494049113041781
0.35033549994642976	0.0038116665452958415	0.2494040976544895
0.3503351918289853	0.003808591361752947	0.24940357879237143
0.35033658398899536	0.003801546271149883	0.24940223084825894
0.35033756314819475	0.0037983110254023317	0.2494021084584296
0.350339310874321	0.0037917928277772933	0.24940046025223256
0.35034137031741064	0.0037851594830819596	0.24939923075703255
0.3503417614623797	0.0037831887275591586	0.24939955446518824
0.3503428194773683	0.0037802334511515406	0.24939893446406933
0.3503431433249673	0.0037793036587539935	0.24939900725839861
0.3503445539087433	0.003777855557501278	0.24939979786377606
0.3503458545621112	0.003775841574856345	0.24939875500111194
0.35034637708984345	0.0037752319989445143	0.24939858933661532
0.3503463620784676	0.003774874199198572	0.24939916605516138
0.3503477811109125	0.0037738337369397496	0.2493982160661144
0.3503475844717783	0.0037736967913906544	0.2493973709451968
0.35034802304911733	0.003773076278793544	0.24939712832974684
0.35034756121381433	0.003773632797324164	0.24939710387338335
0.35034760224693495	0.003774080785760095	0.24939736776814334
0.3503483832127598	0.0037736252995813208	0.2493975492410109
0.3503485574637299	0.0037732537728877164	0.2493962889244591
0.3503475335818484	0.003774779460819569	0.24939635598437254
0.35034806571424354	0.003773625701844599	0.24939742483279798
0.35034789995717086	0.0037738416855003093	0.24939645553530104
0.350348516261348	0.0037741108538926343	0.24939622241871343
0.3503478905167392	0.003774561958051134	0.24939514053280876
0.3503482445937701	0.003774516405178119	0.24939527282662902
0.35034823411515775	0.0037746835446797883	0.24939647440886215
0.3503479513801321	0.003775272113429831	0.24939643712369305
0.3503482330554871	0.003774712979253622	0.24939649359304156
0.3503484869232794	0.0037744962035326374	0.24939588067374382
0.3503476631266385	0.0037750140390967885	0.2494028026492658
0.3503085182912515	0.0037979365857602893	0.24961967562911522
0.35032102059769077	0.0037975591533192105	0.24953973930874945
0.3503297243541309	0.0037959339495737404	0.24949663240516193
0.35033297715578565	0.0037938593630127	0.24947216786879312
0.3503359297666277	0.00379241485605937	0.24946032666772827
0.35033810833737566	0.0037899015505869355	0.2494481563815149
0.35035032205763494	0.0037783544663888974	0.24941725199917214
0.35035273183881466	0.003776038773438503	0.24940765532696374
0.35035273124637906	0.003775392584427037	0.24940474484273362
0.35035381888398176	0.0037740787816579607	0.24940100855302613
0.35035536905669346	0.003771862634510334	0.24939774779319163
0.35036961541454664	0.0037582589220636203	0.24939736444254781
0.3503995357288901	0.0037303716397260184	0.24932025510559175
0.35040484287192164	0.0037241242702857197	0.24932093340963002
0.35040446801870917	0.003722705029562942	0.24932056864996083
0.35040168890880175	0.0037233702314272005	0.24932074072877303
0.3503974087399893	0.0037273075808471196	0.24932698081625893
0.35039324911700553	0.003730011099601846	0.24933107740018157
0.3503907407865532	0.0037334146393526307	0.24933785467109348
0.35038835531377854	0.0037345237422211214	0.24933990547637058
0.3503820916589257	0.0037404126501355134	0.2493497970668854
0.35037773992743326	0.0037439578435681103	0.2493564773356508
0.3503645153496573	0.0037554539595969078	0.2493832996518157
0.3503578943361276	0.0037619355901548496	0.249397267127493
0.35035596116691403	0.0037634760077322332	0.24939869914887086
0.3503529933884447	0.0037667873253073164	0.2494002006333535
0.3503509701627657	0.003768741880804463	0.24939996595445188
0.3501918009662807	0.0038981136278389977	0.2493531175236477
0.3502053109272013	0.0038923152452826487	0.2493570289930861
0.3502298417172591	0.0038807585661446015	0.24936434692144493
0.35028029455204557	0.0038396999426099504	0.2493757299204603
0.3503210576965423	0.0038117894894485332	0.24938527892102907
0.3503391998831087	0.003796357429828215	0.24938909348146301
0.3503499828706975	0.0037853486505081274	0.24939349843517336
0.350355801911357	0.0037784806975254687	0.249396145459081
0.35035886722005427	0.003775685558428596	0.24939649137172548
0.35036136155774156	0.0037717409708775546	0.24939938786730198
0.3503603068864374	0.0037713990940074354	0.24940036983003583
0.35035976114962697	0.003771877797591791	0.24940405297090668
0.350358842937895	0.003771044792932124	0.24940615693355903
0.3503567008561397	0.0037722484477534374	0.24940943323124726
0.35035573271668236	0.003771858479217613	0.24941015301347816
0.3503557216835328	0.0037718329258401434	0.2494098982691942
0.35035372134346543	0.0037732473643668635	0.24940872413634677
0.35035402059393594	0.00377338009904353	0.24940909954348003
0.3503534025780626	0.003773542872417976	0.24940790560976228
0.3503515599607009	0.0037746044065376655	0.24940629938138442
0.35035156762260283	0.003774049964246143	0.2494037051909186
0.35035157096598224	0.0037750808505195993	0.24940131710867441
0.35035132823051923	0.0037754547615697492	0.24940012350880747
0.35035120760627303	0.003774832216022081	0.2493983907592146
0.35035032544014644	0.003775714578621678	0.2493988841732298
0.3503503900721059	0.0037757677711159204	0.2493986106765086
0.3503501067050131	0.003775435358436788	0.24939791070251655
0.35034974410963277	0.0037758541010724372	0.24939753289118255
0.35034910811790726	0.0037764977274132444	0.24939741533916487
0.35034907218354233	0.003776839505054072	0.24939704920756076
0.35034889874919317	0.003776749457739606	0.2493967272617475
0.35034885838173746	0.003776582566054995	0.2493958985023301
0.3503474155543237	0.0037768075799999995	0.24940346205898528
0.3502973019516768	0.0037818338884321318	0.24945773707340788
0.35018343756605824	0.0036413371400050715	0.2496614585032357
0.35017283084818324	0.002588099107260891	0.24978987027254576
0.35014324269995367	0.0018081320306070486	0.2498931497916934
0.3500688174443352	0.0011351619185949596	0.25000131353988025
0.35003792531330846	0.00028358740591137577	0.2501381634293889
0.35001935477672697	-0.00026257564562522095	0.25025881001541106
0.3498885413485153	-0.0015294531739151324	0.2505336679270285
0.34973493697290914	-0.0030028997259382156	0.2508851509939708
0.3496646342461113	-0.004132241695097752	0.25110521696830557
0.3495222911704217	-0.005316413777138776	0.25138250936319917
0.3494974598977241	-0.006053190666272093	0.25141459606402095
0.34951170193344455	-0.008251313282382614	0.2514518004311074
0.34951625347815124	-0.010246720660833555	0.25141270032521534
0.3495363992688412	-0.01115272685284209	0.25135183270227196
0.3495422036472046	-0.013349720483440616	0.2513551131403551
0.3495416663663415	-0.014590976828365201	0.251374958103577
0.3494813317616081	-0.016735084440664863	0.2514908646375681
0.3495168029021578	-0.018774138123248893	0.25151749132402856
0.34952063894779667	-0.021395293222267422	0.25148253339254767
0.3495246996664061	-0.022482050590653987	0.2514706947609712
0.3494742851676459	-0.025274504340481244	0.25162071088227145
0.34947727454914296	-0.02638930015779138	0.2516237635938961
0.34948370416735913	-0.02947601530519932	0.25161517564219926
0.3494482408435139	-0.03198889080842178	0.2517291461246939
0.3494740251602977	-0.033347877102450865	0.25175114831709305
0.3494731646862236	-0.03626647549828811	0.25176391567857764
0.3494438949376989	-0.03841252582587014	0.25183162188439434
0.3494503210154061	-0.040756974839285656	0.25188142261826707
0.3494415504085077	-0.043822536454004316	0.25196884878977976
0.3494235583756888	-0.045792571975783194	0.25196738642880445
0.3494221607730039	-0.048157998605666094	0.25205411066675376
0.34941389960430413	-0.049366390666196566	0.2520535104281213
0.34940065077241417	-0.05330055053072506	0.2521468560833333
0.34944287031017907	-0.055672187902468154	0.2521378248351369
0.34941744736570785	-0.057772726572962355	0.25220446718074874
0.34940504511963094	-0.06013039487858647	0.25221304550669266
0.349404227111707	-0.062287609583682915	0.25224394615419055
0.3494006062722967	-0.06356263227865643	0.2522949462263756
0.3494058283900229	-0.06676628810958092	0.25228876134450484
0.3493599663650854	-0.06782532859715686	0.2523265232892394
0.3494055645704981	-0.07060021656135064	0.2523183806732522
0.34935947169791864	-0.07368515024127882	0.2523944043206956
0.3493914995194916	-0.07477684351839949	0.25232216165953547
0.3493473006103812	-0.0767507665495533	0.2523965701403267
0.349332713742984	-0.07922268295549394	0.25234339196279604
0.3493376617851598	-0.08211309733801363	0.2523692849420749
0.3493067983140256	-0.08308029121309528	0.2523196540820575
0.34928919188629376	-0.08515621162688687	0.2523523279983435
0.3492528182019004	-0.08755221848505686	0.2523377715671794
0.34924252455235544	-0.0894788364262507	0.2522805609814765
0.34919677575309493	-0.09192877592118388	0.25221205009057207
0.349209667348483	-0.09349579508137544	0.25220077800508106
0.349127182367074	-0.09490220021344788	0.25216565790476875
0.34917204475281993	-0.09638774678289978	0.2521562182078533
0.34915272992629204	-0.09820547875204573	0.25218140555662766
0.3491547950909525	-0.09956023613435692	0.2521363697188747
0.3491576024138883	-0.10086910900309852	0.252050793755901
0.34910987886303235	-0.10210236343486807	0.252013157456132
0.3490876250522806	-0.10324304639920147	0.2519942921298734
0.3492388384693529	-0.10504206880814725	0.2515394805908878
0.3491887752262259	-0.10589192031445012	0.2512416045498951
0.3490950653835746	-0.10737537064200965	0.25075814733692015
0.34910127948377195	-0.10798181618637216	0.25059620946758043
0.34916204144438706	-0.10963603591377484	0.24998704565527888
0.3491550079995233	-0.11146560549159977	0.24913623257978215
0.3491655384132367	-0.11268523242291477	0.2485101229151735
0.34920579129576046	-0.11374776412357702	0.24797575803427124
0.3491997469123015	-0.1144393866225064	0.24758249450160974
0.34923326456014037	-0.11627184019500718	0.24647544259434123
0.34926231770107347	-0.11808771763251678	0.24522076352161173
0.3492910185550618	-0.11925600339897201	0.24439131352904808
0.3493004185633334	-0.1203062758596274	0.24367043757388235
0.3493049253376138	-0.12097300124595005	0.2431625563577285
0.34908997422248106	-0.12284786172815536	0.24151145264052692
0.34897653041409465	-0.12371625538616342	0.24078326739216063
0.34886054247053006	-0.12433747549616257	0.24040010828687514
0.34865014628038254	-0.12533361389398612	0.23982841244527786
0.3485149171171042	-0.125706214354685	0.23971521473622612
0.348209951343874	-0.12630851969026696	0.23961490391492363
0.3478827884460083	-0.1266220632780426	0.23966469020959383
0.3471914609129285	-0.12694690960566657	0.23996078216465777
0.34618458203140756	-0.12676563808991254	0.24063138507883683
0.3453943053129315	-0.12646124766276867	0.24114673435249281
0.34486299893326505	-0.1262122131469277	0.24148871016650425
0.34336536716710203	-0.1255031254352757	0.24231204229103814
0.34213311246915873	-0.1249070822985112	0.24307182005389236
0.34086556478631447	-0.12421083380602475	0.24405114494533847
0.3385785665957052	-0.1230102404003293	0.24543233009981497
0.3375913217052708	-0.12251542938687092	0.24600971765215948
0.33521344642434164	-0.12139582001470661	0.24723902242474888
0.33424766874488343	-0.12097317617429366	0.24763620315579313
0.3318865265124226	-0.11998561220089442	0.24844089789582718
0.3294816187766523	-0.11906676737337236	0.24906911435838922
0.3278411912935088	-0.11858782164665986	0.24928025023302694
0.3269648966779712	-0.11837739316176761	0.24933226384046137
0.32549855735453537	-0.11806861253025092	0.24935476345277446
0.32354022164702695	-0.11782602958203729	0.24920291610342032
0.3222907959207754	-0.11777002927516741	0.24893580478222585
0.3208008395105079	-0.11790319242645732	0.2483811071280248
0.3199995276121494	-0.11820987570348652	0.2478083827071645
0.3194316760907644	-0.11846161122455688	0.24731394672296353
0.31907609849339874	-0.11875194092168798	0.2468271715860466
0.3187526820588579	-0.11919590183642849	0.2461646606974821
0.31861258230102174	-0.12006095260681633	0.24529710985910763
0.3190475994791515	-0.12145513457300723	0.2437314603254568
0.31928296560401737	-0.12186594013249755	0.24315198912085745
0.31960945880099245	-0.12245686319846129	0.24222649571403007
0.32010539028915486	-0.12323303119097086	0.2412033352388535
0.3208567646952619	-0.12410537117834876	0.2401984524760811
0.32142235355216636	-0.12468271904946251	0.23951776355693763
0.3217781642205074	-0.12515304007495903	0.23887595039803156
0.32207360954100017	-0.12567075866816776	0.23811606489063522
0.3222426430871459	-0.12590025957295797	0.23774604513730094
0.32247340171227595	-0.12622492049867268	0.23721292739988503
0.32268879378498877	-0.1265871710652413	0.2364389929780219
0.3227619020353103	-0.12669761868059576	0.2360989301733134
0.3230028769085186	-0.1269583143404021	0.23574787123747917
0.32331537959559226	-0.1272336084461038	0.2354458273827652
0.32366152846164575	-0.127543164233815	0.23510390016476124
0.3239175726392862	-0.12787751149310747	0.23472219605213665
0.3241836730741548	-0.1281042266132854	0.23440313078814382
0.3245362790583555	-0.12846948222323834	0.23394949454225816
0.32469225205454216	-0.1286087005717215	0.23378248942588942
0.32502884620724987	-0.1289946576712733	0.23333168985352898
0.3253011504831346	-0.12919274356213367	0.23301889478630783
0.32550862184639456	-0.12942600500361193	0.23270564255014706
0.3258230278538771	-0.1297304038269147	0.23229221639800965
0.3259866905563595	-0.1299579997789309	0.2320836693933668
0.32622880918558117	-0.1303847945371844	0.23164833836621368
0.3263469833624345	-0.13058615311623767	0.23143833727834118
0.32656055268907247	-0.13090011786359573	0.23113485246980606
0.32677767561473003	-0.13132936610566515	0.2306710549064616
0.32693659381948026	-0.13158894182038433	0.23041016430139566
0.3272040728265214	-0.13203900990989265	0.22995098991479107
0.32738244088643553	-0.13232045037671414	0.22966785680809043
0.3275467502214415	-0.13263767658519682	0.22932678471859952
0.32769410621287504	-0.13284711630216628	0.22906483345790052
0.3279236964750398	-0.13296912482201667	0.22880437668061726
0.3281572626793025	-0.13308728733648478	0.2285087684038624
0.3283691363766831	-0.13326641156967223	0.22816532896441735
0.32848167481138474	-0.13345242675410257	0.22796634223376508
0.3286845881131299	-0.13383361008148764	0.227572512357679
0.32885204453635536	-0.13405011157134586	0.22730568533606005
0.3289838020993993	-0.1341243714021666	0.22713334782234934
0.3292495140118159	-0.13435260955420175	0.22673162027313418
0.3294908032241418	-0.13462624859664402	0.22637320755230944
0.3295913639239857	-0.13485718839311367	0.22611280776571402
0.3296814664851088	-0.13504426032607497	0.22591687681644237
0.3299051912214915	-0.13541216416148022	0.2255977236052452
0.33012923142317707	-0.135658278191719	0.22522450427880075
0.3302477359174453	-0.1358190684387079	0.22500345289789464
0.33033923701473994	-0.13600652829180743	0.22481375680997961
0.330517178972182	-0.13634341393845667	0.22447147290363656
0.3306391909557937	-0.13661470789418645	0.22421700676487338
0.3309005219747864	-0.13684726882738096	0.2239155178145319
0.3310666499629019	-0.13711004451758002	0.2236445558585099
0.33113489726125434	-0.13732737441032972	0.2233994228487697
0.33122485956186454	-0.13754179067268632	0.2231713513969299
0.33122153626835255	-0.13770636296453795	0.22298445407001052
0.3311615093110914	-0.13779677807320156	0.22285070763850007
0.33104818174425266	-0.13804022106475008	0.2225294682784274
0.3309689437141139	-0.13815420773220805	0.22236054976273997
0.330901347318767	-0.1382523397017536	0.22221072334446884
0.3308486198886198	-0.13834348048616224	0.22207853939533592
0.33076430230521703	-0.13851326167372513	0.22183977949600425
0.3306969133093274	-0.13863866761112323	0.22165779141120018
0.33062476993051665	-0.13878577051819224	0.2214463109693139
0.33057563266630174	-0.13889612974986004	0.22129493834314923
0.33052557484948675	-0.13901380039445327	0.22113548782639306
0.3304692719960114	-0.13907586145822465	0.22100534323795012
0.3303775391117582	-0.1391768401904689	0.2207876222753766
0.3303180925233018	-0.1392917666695875	0.22062360311951637
0.33020906524810667	-0.1394645417753667	0.22036404356373385
0.3301788706469223	-0.13952988129482252	0.22026363340156285
0.3301379320630137	-0.13961265645095328	0.22008619416265024
0.33009319237976054	-0.1397036902715535	0.21992713764774424
0.3300429640853902	-0.13980256949690356	0.21979304378789688
0.3301322795892502	-0.1399192954798501	0.21975006890852458
0.33023171583638883	-0.14001415052334928	0.2197419729400108
0.33033681869247156	-0.140135771582016	0.21970309746165242
0.33060026509220763	-0.1403861466133068	0.21960360610916657
0.3309061007540598	-0.1406773388530182	0.21948813401307224
0.3310780773101204	-0.14084176862741754	0.21942369027110056
0.33129329539948416	-0.14109817112151563	0.21933798495967566
0.3314990696574474	-0.14135601610841048	0.21925556170918206
0.331699760123649	-0.14160559957264607	0.21917452962158274
0.33198669418158594	-0.14188969187595152	0.21906589880109456
0.33213676651425866	-0.14204014927500444	0.2190093621129666
0.3323419253728084	-0.1423023810979054	0.21892507766657843
0.3324689585161148	-0.14248333455552384	0.21887204235695676
0.3324813089955178	-0.1425405350365514	0.21886380856213572
0.33248324770172105	-0.14254713619929948	0.21886364965902885
0.33248440077772695	-0.142548098144603	0.2188640430820607
0.33248428395956253	-0.14254827223518335	0.2188644948522691
0.3324843278129774	-0.14254695545449103	0.21886516568469866
0.3324842933470838	-0.14254604385928793	0.21886586113280249
0.33248468741745996	-0.14254411271918677	0.21886700525247443
0.33248382265467147	-0.14254324665095874	0.2188673781185464
0.3324835180519248	-0.14254157215816504	0.2188681003985174
0.33248426198843467	-0.14254041626663816	0.21886856085210032
0.3324827468356866	-0.14253889866088804	0.21886895514358182
0.332482946288411	-0.1425365046777603	0.21887047759464306
0.3324827059933269	-0.14253542170121497	0.2188707370474359
0.3324815245359162	-0.1425340475310089	0.21887112249045187
0.3324812130635429	-0.1425327369190073	0.21887181216163154
0.3324803229359842	-0.142532065713686	0.21887195291972478
0.3324799949832937	-0.14253169519687633	0.2188721974995926
0.3324795744244203	-0.14253099348897147	0.21887286750487417
0.33247992134970106	-0.1425313392725176	0.21887315996974963
0.33247887537356613	-0.14252946372528133	0.2188735963408377
0.3324785581953665	-0.14252962165526184	0.21887371236526537
0.3324777321779124	-0.14252927614885388	0.2188739371865801
0.33247779985158027	-0.1425290033039881	0.21887394828552642
0.332477973247769	-0.14252771726886826	0.21887495127731113
0.3324773034032793	-0.14252831235503866	0.21887482105919848
0.33247778853000126	-0.14252814038476924	0.21887487754936907
0.332477647792598	-0.14252846275891545	0.2188748213765655
0.33247722825888276	-0.14252805519063516	0.21887498160226995
0.33247722825888276	-0.14252805519063513	0.21887498160227004
0.3324766459082083	-0.14252769810386323	0.21887452084086023
0.3324773689957158	-0.14252773281627618	0.21887503777528064
0.33247663327931803	-0.14252812805314913	0.21887509939122798
0.3324764925426068	-0.14252845042767748	0.2188750432188846
0.33247663327931803	-0.14252812805314913	0.21887509939122798
0.33247660102286847	-0.1425284229389342	0.21887508085340984
0.33247644025019246	-0.14252868911302322	0.2188750251693911
0.33247580101866836	-0.14252810484771553	0.21887527646509955
0.33247660102286836	-0.1425284229389342	0.21887508085340984
0.3324764602847817	-0.1425287453127237	0.21887502468027226
0.3324769221833346	-0.14252857646117711	0.21887507630258884
0.3324764602847817	-0.1425287453127237	0.21887502468027226
0.33247660102286847	-0.1425284229389342	0.21887508085340984
0.33247735974502934	-0.14252911157852688	0.21887490246348218
0.33247684528587756	-0.14252953226050852	0.21887482794635324
0.3324763021499506	-0.14252905602881782	0.2188743777174051
0.33247658881739717	-0.14252853451729164	0.21887507383891092
0.3324768322075182	-0.14252965180932542	0.21887482043046386
0.3324765888173971	-0.14252853451729164	0.2188750738389109
0.33247658881739717	-0.14252853451729164	0.21887507383891092
0.33247703831589837	-0.14252897119995706	0.2188749021671329
0.33247691024679243	-0.14252867489525634	0.2188750741351862
0.3324765757399066	-0.14252865406550252	0.21887506632326087
0.3324772099585341	-0.14252866763440053	0.21887496837995352
0.3324763021499506	-0.14252905602881782	0.2188743777174051
0.33247702523765243	-0.142529090748774	0.21887489465104706
0.3324772059269275	-0.1425295535009536	0.21887483877371797
0.3324773466665406	-0.14252923112790022	0.21887489494725632
0.33247781760282497	-0.1425279760954483	0.21887507873038384
0.33247635880188753	-0.1425283366093226	0.21887462341485958
0.33247547009723744	-0.14252888220677853	0.21887402877393775
0.33247703831589837	-0.14252897119995706	0.2188749021671329
0.332476293841008	-0.14252919397520067	0.2188743772248775
0.3324762713335397	-0.1425291455996578	0.21887436586842027
0.3324766235788475	-0.14252919640792616	0.21887437801268106
0.33247661526956473	-0.14252933435450715	0.21887437752016153
0.33247734666654055	-0.14252923112790022	0.21887489494725637
0.33247688449787716	-0.14252941312175654	0.2188748384775086
0.3324761614100325	-0.14252937840180274	0.21887432154423783
0.3324770130311031	-0.14252920232764277	0.21887488763592583
0.3324769984673261	-0.14252907998653658	0.21887488676863665
0.3324761091195064	-0.14252961708952544	0.21887430349724493
0.33247596884565034	-0.14252943236158533	0.21887446845097874
0.3324779509181888	-0.1425292155861978	0.21887480844879711
0.3324773466665406	-0.14252923112790022	0.21887489494725632
0.3324774364595831	-0.14252963626783505	0.21887473393151236
0.33247629120155514	-0.14252915610608297	0.21887437142534666
0.3324774447681309	-0.14252949832069384	0.21887473442388428
0.3324767094728422	-0.14252957517844617	0.21887421047353345
0.33247614920301893	-0.1425294899787426	0.21887431452884815
0.33247630214995055	-0.14252905602881782	0.21887437771740503
0.3324771977526678	-0.1425287792136362	0.2188749613652268
0.3324767094728422	-0.14252957517844617	0.21887421047353345
0.3324768082997036	-0.1425287732934566	0.21887445174110012
0.3324770186937077	-0.14252982713687917	0.2188742037530442
0.3324762899434575	-0.14252916760603734	0.21887437070231586
0.3324767568492134	-0.14252879844035915	0.21887442487526004
0.33247793871143794	-0.1425293271664807	0.21887480143356
0.33247699569023237	-0.14252874325979983	0.2188743205251625
0.3324767094728422	-0.14252957517844617	0.21887421047353345
0.3324762854227077	-0.14252777758070706	0.21887421287018327
0.3324777931160914	-0.14252928195265763	0.21887474879375574
0.3324762899434575	-0.14252916760603734	0.2188743707023159
0.3324774325609235	-0.1425296099000905	0.21887472740838346
0.33247754875077545	-0.14253042292166535	0.21887464646895036
0.3324774203535361	-0.14252972147946108	0.21887472039277855
0.3324766498335743	-0.1425297019471105	0.2188741415070953
0.3324768256624492	-0.14253038819851013	0.21887412953362234
0.3324771293412496	-0.14252952621950887	0.21887430460299745
0.3324774325609235	-0.1425296099000905	0.21887472740838346
0.33247640653057764	-0.14252912864778478	0.21887393557243687
0.3324765687318337	-0.1425298975509387	0.21887415430027266
0.33247661137212764	-0.14252930798566482	0.21887437099746124
0.33247689419534227	-0.14252915206471573	0.21887428420207572
0.3324767094728422	-0.14252957517844617	0.21887421047353345
