0.3475181678619906	-0.14042812158309975	0.20442407826663672
0.3475181678619906	-0.14042812158309975	0.20442407826663672
0.34768445273956083	-0.14078583347722984	0.20460422511190438
0.347670518550592	-0.14106967357960803	0.20475362942158304
0.3476379457111398	-0.1415675940669084	0.20503222355221815
0.3476084310249402	-0.14192984572922002	0.20521284840293802
0.3476194340683761	-0.14229616385130717	0.20547689191767315
0.34766348140657327	-0.14278341182818427	0.20581412001916222
0.34765821546145786	-0.1431009734368332	0.2060215845392675
0.3477051799423415	-0.14344891792092407	0.20628930525335898
0.3477298874894272	-0.14381796039649059	0.2065429939939075
0.3477711122960483	-0.14427528684664725	0.20688747770888458
0.34777488023614694	-0.14466257280684486	0.2071785657820624
0.34783524287787293	-0.1450360658965656	0.20747027051308448
0.3478631132686008	-0.14538083062334928	0.20773395627077096
0.34789603995697393	-0.14557254063109187	0.20789641614521215
0.3478857919019663	-0.1460579105940758	0.20821803945275963
0.34791618838609484	-0.1465531521444547	0.20860664290016576
0.34795307306552004	-0.1468464069803177	0.20884176200985333
0.3479467321759758	-0.147159070755646	0.20907555110693873
0.34795187049303394	-0.14733903522435626	0.20919928139744975
0.34797265860635024	-0.14779802887488114	0.20952790219652326
0.3479776673045926	-0.14806904661798628	0.20974714856794818
0.3479942408467094	-0.14851768456006798	0.21005903667669812
0.3479973452144244	-0.1487750331288566	0.21022260498549694
0.3479601218472707	-0.14901621408039636	0.21035917261382436
0.34793662023589683	-0.14917216021904545	0.21045585113851262
0.347796326746482	-0.14944871402026227	0.21053261738241033
0.34769362722517005	-0.14979800609294203	0.21050888259767686
0.3476400306466197	-0.15001488396202228	0.2104904169903824
0.3475993127240031	-0.1502128484574386	0.21047575382046405
0.34757145733092776	-0.15037293908308022	0.2104650108349303
0.34755302934042454	-0.15050490664317262	0.21045853571451323
0.3475577953131967	-0.15054182343003475	0.21045927787657548
0.34769347725699606	-0.15029959531217207	0.2105062726138891
0.34773422231722473	-0.15022057268908764	0.21052123544071139
0.34779357980645187	-0.1502073934083657	0.21051525145614125
0.3479129817313139	-0.15043373712477678	0.2103513345355067
0.3478942964989957	-0.15060454846156376	0.2101326159808278
0.3478361465259271	-0.15084815431174226	0.20976743454240787
0.34796427205892816	-0.15109821656834815	0.20902193556877344
0.34808884607880025	-0.15128801507751927	0.20853427708908936
0.3482332651652279	-0.1515121109993373	0.20800547103390957
0.3482984902185401	-0.15173176693072032	0.20744318502369344
0.3483660054664788	-0.1519288929641668	0.20702632621867348
0.34856913932529426	-0.15234217485033036	0.20623046044125515
0.34879567356500135	-0.1526160680705471	0.20506130417928686
0.3490469746278783	-0.15268921552570097	0.20419878322015572
0.3491769033315288	-0.15272981879936248	0.20366167269767554
0.349638316724511	-0.15282721725614162	0.20238219280952158
0.3498803918364342	-0.15278526849478202	0.20154921738878484
0.3503973003728185	-0.15278055893017406	0.19996681957791668
0.3507392443102878	-0.15276968470801616	0.19893511533626052
0.35108610632385334	-0.15272855414016917	0.19773531460589158
0.3515431411653538	-0.1525332182859101	0.1964100321561656
0.35204939380095873	-0.15202323533169954	0.19488543458127777
0.35272025388073347	-0.15109050706259797	0.19272683680748853
0.3532168886729444	-0.1501462184215454	0.1910469415004703
0.35385514268665447	-0.14903467619696226	0.18926697416297694
0.35443868797713873	-0.14780143676713814	0.1875920704834743
0.35510120573917925	-0.14643773102766733	0.18584864848569332
0.3558031067580152	-0.14477426944139699	0.18394152386344612
0.3566279097162644	-0.14265946566423277	0.181734452915644
0.35775258973335683	-0.1397901676161113	0.17889632338970646
0.35821309031834037	-0.13863885790770952	0.17767889080258512
0.3589878119102393	-0.13650910314365355	0.17562656497487072
0.36012664488833357	-0.13322342170095397	0.17252417720520496
0.3607019545396177	-0.13158922628810943	0.17103047580224862
0.36203135213589877	-0.12761300287661925	0.1675099855288423
0.3633545687893019	-0.12355471992355709	0.16398448985719843
0.36397323635312034	-0.12163130498583126	0.16235733869975133
0.36521046957712183	-0.11775263949691737	0.1590964062498325
0.36619332596841403	-0.11455873099156132	0.1564568001252915
0.3671470729652278	-0.11139855545193499	0.1539099643584535
0.36816074295724777	-0.10803555887053133	0.15117553143363505
0.3688680629106437	-0.10574393001281292	0.14936053538649002
0.37073083649093674	-0.09932424736224961	0.1442542787910217
0.37162847400043975	-0.09621185132358213	0.1417864062002548
0.37257977940196485	-0.0929018369639933	0.13918665375893935
0.37364554688460083	-0.08915865848886138	0.1361861887897436
0.3746341630691366	-0.08540554340142097	0.13311698747139866
0.3751477726204317	-0.08341883176749092	0.13153879805987617
0.3768326859847422	-0.0774282941216357	0.12668664140206148
0.3777947608264261	-0.07410641440343861	0.12405208510178628
0.37878360106845854	-0.07059101205844469	0.12124962738193173
0.3797785691358242	-0.06656813282816638	0.11806104487523589
0.38064578607400296	-0.06316298471568983	0.11538335378611375
0.38145510958701834	-0.05994914378451198	0.1128353746391702
0.3828997475284174	-0.05432890657520374	0.10833248059810685
0.3837960146350836	-0.05063897799566576	0.10533968999893278
0.38466291531965485	-0.047099840682811075	0.10249050972075113
0.38548199801216176	-0.04381169499069269	0.09975802786972837
0.38625867434739314	-0.040719167942476445	0.09716438673063194
0.38708728922468455	-0.03738768548413153	0.09438243341189972
0.3878440690537504	-0.03420181444596217	0.09157911544193653
0.38860025070174536	-0.031024630375475967	0.08886870597632479
0.3895986138731361	-0.026802892138312565	0.08503408207106455
0.3903509240104843	-0.023826172050064057	0.082267136271791
0.3907023311283193	-0.022193411309056818	0.08074327871642817
0.3913900818120104	-0.019116417721306858	0.07772222833991593
0.39199574238027357	-0.01659574249112851	0.07520203311941881
0.39262058379184306	-0.014110566937980865	0.07265657810453358
0.39318980774212925	-0.011777222296876791	0.0700556973887827
0.3935175322306085	-0.009977088043279084	0.0679642006211969
0.3939882534761905	-0.007961511654984058	0.06559864185400782
0.3945397982455042	-0.005796475969653339	0.06285444379833927
0.39480182100581795	-0.004519005485361924	0.06114750741009761
0.395168335571571	-0.0029190144399463686	0.05880696760697185
0.39548482797754564	-0.0016595342053063872	0.0566829647169701
0.3957542419579588	-0.0006518452231161626	0.054673103521530264
0.3958676258604171	0.0001112102471013815	0.052809995032048196
0.3959754239613245	0.0005535095595492895	0.05127581469562098
0.3962719440796837	0.0007956684601756886	0.0494523817870855
0.3964279156293524	0.0007441095753212973	0.04799846065892183
0.39647301986507744	0.0007593031742539752	0.04610501105797643
0.3964714188903415	0.00070444831166315	0.04509474751288661
0.39646171825548376	0.0006599720376904011	0.043677230649985965
0.39641710673666475	0.0005836516698630861	0.041969634986970705
0.396368003993259	0.0005269681368170048	0.04070387534319991
0.39623280928369053	0.0004413019098617882	0.03883779433630635
0.39605489505153557	0.0003491136481599405	0.03746943670582714
0.39595873058240816	0.0003316835746251384	0.036731846862588735
0.39567424344303714	-0.00014377808624173316	0.03488978096652534
0.3955016659174074	-0.00039346830783536235	0.034045553647044646
0.3950385717657373	-0.0010077212451594514	0.03158334010225794
0.39476742763915185	-0.0011119485818741753	0.030346684901984222
0.39451613615109477	-0.0012952449865095	0.029128609401662453
0.39434005752072987	-0.0014392669412097575	0.028325924012690296
0.3940687896587055	-0.0015834893340952033	0.027204861420985715
0.39371994390027054	-0.001819878745020334	0.02571755197308273
0.3932700188859279	-0.0020433104481098613	0.02407412966616118
0.3930713813658355	-0.002125231844288075	0.023422978297699848
0.3929413009473711	-0.0024313135075589437	0.02242780614089429
0.3929157555556705	-0.00292595631783972	0.021133424111695664
0.3929503327205226	-0.003012078190650927	0.020477854326478084
0.3929891771532613	-0.003128756124763918	0.019646093186946767
0.39293919204002925	-0.0033776122833244077	0.018852268735203848
0.3929236251314573	-0.003707660495339146	0.018010267127618884
0.3927863964312216	-0.003907205741900663	0.0172775099081654
0.39278562535240874	-0.004272669288162154	0.01631656576630003
0.3927318384560142	-0.004513354951626372	0.015594110886195778
0.39270637946584913	-0.004745013531809519	0.014975279805831965
0.3926498451695941	-0.004988258714869256	0.014157512831026009
0.39262707494286897	-0.005139048131031457	0.013699421773713083
0.3925250576985047	-0.005343893891760668	0.012989987163742445
0.39250203653778515	-0.005574455363951139	0.01228851936567249
0.39251425397524886	-0.00563578865537985	0.012118591232884501
0.3924808898793029	-0.005855836282975022	0.011371148725650648
0.39246826737641893	-0.006011136971893302	0.010812789665326561
0.39244724652668783	-0.0061462762953713584	0.010366612961768051
0.392412389458152	-0.006177489996064919	0.010055902719002419
0.3923690277117267	-0.006095452510263624	0.009862675052492942
0.39239558234132743	-0.005996401984786473	0.009601610267442329
0.39241108393888796	-0.005942289407662463	0.009429947725205612
0.39239654766746473	-0.005895778013321459	0.009329530497931393
0.39240489637650217	-0.005817868595360168	0.00911187228582977
0.3924042785526074	-0.005787095162939251	0.009006714724776321
0.39238699392555	-0.005859946562967747	0.008809306422293883
0.39238025882458605	-0.005990904787217519	0.008678680877838296
0.39234453962679616	-0.006126218686811	0.008526018601878682
0.39233648828461476	-0.006281851364447019	0.00836020079509836
0.39228190997111045	-0.0063669563387169364	0.008226246049806485
0.3922250648160608	-0.006459536410805614	0.008089138163179854
0.39219881359731523	-0.006529928711132796	0.008001932032551007
0.39226876363017027	-0.006664283919611616	0.007921199919029176
0.39236282673196016	-0.006700031538293114	0.007776882515698025
0.39238019564189486	-0.006792813581874016	0.007675244833103778
0.3923626527275147	-0.006873465218170324	0.00762097447969623
0.39231176419017816	-0.007064816340130883	0.007476950581056407
0.3923403524200728	-0.007197010676704377	0.007403979273076899
0.3923654845284532	-0.007268092006121954	0.007362252401124425
0.392492348988127	-0.0073126001524715795	0.00729351607012968
0.39251832938942033	-0.007393447617004348	0.007203164550918351
0.39254779063280776	-0.007564074212657354	0.007136645399773656
0.3925684058881367	-0.0076641520659162105	0.0071007236794688455
0.3925641341396786	-0.00779577646155051	0.007021336894998398
0.39265126930460503	-0.007816740372202605	0.006946128239817273
0.3927581405878613	-0.007839857444466483	0.006918740814574442
0.39289617078082284	-0.007867600393335492	0.006881069022776853
0.3928563864930717	-0.00787993796038429	0.006853665562977063
0.3925890942919381	-0.007978305505367725	0.006730065362230531
0.3924171234272462	-0.008011133269669832	0.0066283942149266695
0.39221917567092246	-0.007970928277296882	0.006445552245269437
0.3920537792209351	-0.007919386388644437	0.006296467777182346
0.39189409290384003	-0.00787106571271666	0.006141554636155344
0.3917406535077287	-0.007822004959325099	0.005995440510572991
0.3915077031451955	-0.007775569026908999	0.005744658701681116
0.39141575157968955	-0.007751153513322437	0.005654009690386652
0.39122627495582923	-0.007689391813936422	0.005471431797040294
0.3911047844545327	-0.0076503206693267906	0.005342214908574339
0.3909957775107609	-0.0076157574269334755	0.005224708599424699
0.39086332389440703	-0.007576688679812496	0.005065481249969028
0.39075549252485864	-0.007537213840046422	0.004961097560748529
0.39060021976599574	-0.007470064602738677	0.004852366822046816
0.3904913798357661	-0.007444211530377817	0.0047455353828577684
0.3903636687219022	-0.007473552568385902	0.004669710762880308
0.3901060488016956	-0.007618831682316321	0.004460850097962821
0.3900156361624026	-0.007602797656448432	0.004343695743396159
0.38987022700974683	-0.007544187132796018	0.004245075411763555
0.38974935895272456	-0.0074880647873145495	0.0041909062109877215
0.3894678125073153	-0.00735525551679754	0.004052434537552718
0.3894040388637948	-0.007350564025670012	0.003922567870101035
0.3894052171361006	-0.007368415175275159	0.003859466230080544
0.38956398656608116	-0.007467041767861796	0.003847295630694747
0.38960206718193635	-0.007490587055125744	0.0038465668942193054
0.3896117010232297	-0.0074951032892217745	0.003846765925917317
0.3896031892608589	-0.007490371884806543	0.003841756274378272
0.3893518570435466	-0.007368610591219196	0.003716612352205828
0.38920993738518106	-0.007297252476248697	0.0036507392696031316
0.3889210636693642	-0.007154551991471594	0.0035191109376804808
0.38904407963141696	-0.007240919370084267	0.0034907117334995186
0.3891958040982636	-0.007335702935311453	0.003488593291937403
0.38931722774005084	-0.007411064685318339	0.0034868978157924224
0.38934286696508236	-0.007429124134286438	0.0034861543732868094
0.3893511095783512	-0.00743238235926745	0.0034868479202390668
0.3894129782548206	-0.00745602926787757	0.003507896061048621
0.3894624591040983	-0.00746369611020524	0.003520976802104503
0.389517240620797	-0.007459607039456764	0.003531678664050686
0.3894796299738215	-0.007429239653102174	0.0035097671641087236
0.3894867980493599	-0.007428861289309571	0.0035123538605433824
0.38948642074926804	-0.007429726599861394	0.003511495835613554
0.389485919438607	-0.007428846929902297	0.0035118763437214096
0.389486792892036	-0.007429767151221109	0.003512001110435037
0.3894860054550681	-0.007429075324330056	0.0035120138543537904
0.3894878805994338	-0.007428859475113805	0.003513230301982917
0.38948775074910136	-0.007429325110680909	0.003512947654884524
0.38948811128279004	-0.0074295390297950265	0.0035132703414717525
0.389489210910996	-0.0074298407236697145	0.0035140073695380525
0.38948923921779444	-0.007430385236986067	0.003513700573617662
0.3894913232530851	-0.00743099394338613	0.0035144900191927952
0.389492280649621	-0.007430574483396471	0.0035153197617765475
0.389494069408426	-0.007432526840788836	0.0035158936806267693
0.3894956439779006	-0.007433013589785778	0.003516578439380136
0.38948467146407606	-0.007426512592182868	0.003512251730742433
0.3894092541894283	-0.007390264156522594	0.0034818308304975787
0.38938876867732003	-0.007591874699521398	0.00392031895502154
0.3896636723742882	-0.007108805827461054	0.005534420979266597
0.38966546571149124	-0.0066168881000916585	0.007976142119979934
0.3898173311243497	-0.006514058700167344	0.010497009808769331
0.39003042370319485	-0.006442387693862642	0.013308679415054647
0.39019325160518886	-0.006317630043056258	0.016434569713506098
0.3903768853199533	-0.006200701459590494	0.02007905320167458
0.390505508505294	-0.006135087224306904	0.02273548332476516
0.3906696437271611	-0.005973383695686632	0.026803133562531944
0.3909930167148921	-0.005738881887110428	0.035423057597854746
0.39110099369269835	-0.005580314076831808	0.040088016997299414
0.3912154093895721	-0.00545139283565306	0.04499922142765095
0.39135752063189816	-0.005320127844873776	0.05035189797708428
0.3915185933254868	-0.005201824514179318	0.05588535964686142
0.3917154942033526	-0.004755585428446285	0.0643148304586727
0.3918683942242201	-0.004412727163483829	0.07027801312929616
0.3920186123489964	-0.0042159017092593815	0.0764112583037711
0.39206386685641553	-0.00417481497552262	0.08013347675551769
0.39217360099852644	-0.004270958268883726	0.0885087597188009
0.3922454831234062	-0.004356396818159289	0.09551714467573463
0.39232254660737204	-0.004212068531703958	0.10149180306151245
0.3924671981966	-0.0039672785805883876	0.11051065933425241
0.392562295811029	-0.0038662809666946546	0.11643006266704975
0.3926414467170274	-0.003719821497882733	0.12340719955070512
0.39279582984124567	-0.0035616342226795633	0.13261342699784012
0.3928589396226772	-0.0034832920321627575	0.13891855870243414
0.39292883407437806	-0.0034299848047273512	0.14458462580553633
0.3931280827553891	-0.003352099966913477	0.1512372059245506
0.39335366303749014	-0.003346289733854216	0.15778802103222145
0.3936089604830032	-0.003309505770361279	0.16308314711007865
0.39395440983805036	-0.0033705889485729362	0.16946849236447967
0.39440653475912246	-0.0033894766888488553	0.17726608308557465
0.39458830662023686	-0.0034024281826616903	0.1806672778276562
0.3949866964791073	-0.0034192570906859815	0.18691327044438028
0.3952402877061229	-0.0034366788980511737	0.19180021981152393
0.39546142805366846	-0.003399580927217913	0.19784024669744343
0.39544929339484985	-0.0033198649371834893	0.20139898400037362
0.39551191964190274	-0.0033247869107483063	0.20517834909766602
0.3954563445885716	-0.0032972627643081537	0.2087474121017216
0.39544121400257526	-0.003261117753263848	0.21175040370401843
0.39540206969625896	-0.003274251153878735	0.2142626913566541
0.3952845785289548	-0.0032159097082514743	0.21716984356963073
0.3950125858458329	-0.0033766736050669655	0.2196828075229658
0.3947627071559453	-0.0036404577233916102	0.2220949159347026
0.3943964930310002	-0.003964516840829088	0.22449456775759294
0.3940948432054732	-0.004326524772559084	0.22646981487758205
0.39352319893400994	-0.004911893908100651	0.22936718411565749
0.39319285413350036	-0.005234071216936295	0.23064781012598495
0.39244282410994896	-0.0059936751904853675	0.23326017244019429
0.39171868382641434	-0.006856958364619303	0.23535280065009503
0.3910823364295482	-0.007846116143229331	0.23684101709454128
0.38998324952430347	-0.009690223371923531	0.2388069020894658
0.3890128001087152	-0.011511907744138919	0.2400126285527225
0.38800493596554886	-0.01343037287930808	0.24096139685815932
0.3865490242956229	-0.016288266582544828	0.24206027967172852
0.38471296297840574	-0.020003073007647268	0.24274143980132346
0.38329390446132444	-0.0228805534267104	0.2432421436804293
0.382452499193593	-0.024763063232227614	0.24356643347634174
0.3809630887800311	-0.027857445036881853	0.24417910074731147
0.3781866442603529	-0.033797990517297136	0.24547266775946258
0.37711449013403764	-0.03603472665368519	0.2459691236521023
0.3755416685816845	-0.03910538333166862	0.24654348418938699
0.37321371535802417	-0.043610078922785	0.24724956010211568
0.3714176036426553	-0.04682565098763018	0.24767602032769348
0.3703479299478762	-0.04878020025393097	0.24777010439326752
0.36801226597859155	-0.05334962357602473	0.24778307051870097
0.3654316691061566	-0.05804930751567887	0.2476934244546848
0.3640599849835613	-0.06086784873453456	0.24734031069820084
0.362832036073374	-0.0636340770569037	0.2469529945328972
0.3619783320958477	-0.06566341651353734	0.2466101659442629
0.3602252535705443	-0.06979886783254803	0.2457766668206875
0.3593229993295521	-0.07237979767129259	0.2451369091503262
0.35863155103780403	-0.07535924122885031	0.2443704133490337
0.3581697257763333	-0.07759279642722557	0.24349657051350704
0.35778088950851666	-0.0798269379393577	0.24251935419280607
0.3577292607002669	-0.08257635321495126	0.24128424426740558
0.35782488852710576	-0.0837524367360832	0.2406786568406727
0.35847764893769524	-0.08686182116871162	0.23896646352875403
0.35915923301741726	-0.0888189039287489	0.2378086492620876
0.3603543892484419	-0.09156490043232958	0.23597091473683954
0.36114238415899647	-0.09362946240646174	0.23444975571691382
0.3618402633518294	-0.09596898902291175	0.2323707870714319
0.3621842246683477	-0.09751886464393138	0.2308311698924299
0.3628644312322254	-0.1010717524402016	0.2268602984115453
0.36305455972771605	-0.10293466765727617	0.22466044431134682
0.36306616452082796	-0.1042600519974229	0.22306584621797124
0.3630737868341751	-0.10552212055927206	0.22140019635991048
0.3629839392152916	-0.10731636644215505	0.21868954126367476
0.3628561782189882	-0.10853552345565257	0.21669047285519408
0.36254516989397423	-0.10973538002633292	0.21457374610841307
0.3621663438145254	-0.11033914368476948	0.21337766016888288
0.36194772800994174	-0.11060323149836361	0.2128159295808541
0.361480238244551	-0.11103140677548966	0.21186848040731163
0.36110330824569037	-0.11115506939481405	0.2115457918456316
0.36068763609335774	-0.11107833569367755	0.21158355010635438
0.36023114987031213	-0.11081675959371827	0.2119394490149899
0.3600501214695696	-0.11061056438907042	0.2121448760722899
0.35975899426070485	-0.1101756651103231	0.21262340845988423
0.35961001334925524	-0.10976291638666567	0.21295263513178836
0.35939262681991374	-0.10898658696570533	0.21344501947870984
0.35930396830122874	-0.1085730294464252	0.2136850179884338
0.3591599990178509	-0.10797841164999279	0.21406353407710363
0.3590386122241677	-0.10747300120478472	0.21438062142631137
0.35885767619310543	-0.10674219505216052	0.2148068905619942
0.358755761934781	-0.106270346606356	0.21507882005256934
0.3587203838675462	-0.10577366117257549	0.2154812211547345
0.35873102747743374	-0.10557432957860156	0.21573115989062264
0.3587841015636897	-0.10511696908749167	0.21626261948405903
0.3587890546868836	-0.10474181506935555	0.21663267561882088
0.35876850002732125	-0.10419006984200611	0.2172247077823289
0.3587667859970184	-0.10391972479344848	0.2174718741123299
0.35874333465631164	-0.10353459270292749	0.2177423316124048
0.3586952499207961	-0.10308550824805741	0.21814044164933466
0.35866625892300946	-0.10270173956180316	0.21846446111042
0.35868567439780263	-0.10222735270477083	0.21897775082127538
0.3585201045869493	-0.10163773677610329	0.21936085868641245
0.3583274752451444	-0.10109633722253261	0.21969007295156645
0.35819926006244096	-0.10072522819544417	0.21994681056301157
0.3580512971947327	-0.10007687620994525	0.22026081882952878
0.3581079411869058	-0.09951003578998797	0.2204988200905171
0.3580759335556314	-0.09892818123476162	0.2207634119167739
0.35796205872232967	-0.09845639254757811	0.22108977847626246
0.3578401527681163	-0.09777347403163279	0.22149800785893617
0.3577681366731111	-0.09738202439055317	0.22168601628054346
0.357723834207465	-0.09707022836973998	0.22176583860620502
0.3576050565476646	-0.09647972908885295	0.22196265106081364
0.35755702985825555	-0.09623144636696075	0.22206437066354084
0.35746778754561565	-0.09560054406700079	0.22220051312798414
0.3574083400650869	-0.09532494643308474	0.2222556199971015
0.35734175749120534	-0.09484706552976481	0.22238392583544667
0.3572303510060676	-0.09424350702290461	0.22259682729896338
0.3571442946900057	-0.09376796016039794	0.22290327489465772
0.35706344708052284	-0.09322887640434617	0.22307261752531726
0.35699697844744394	-0.09285771764714916	0.22316440894098544
0.3569163667647668	-0.09244884400454075	0.22325479381772798
0.35690834206761635	-0.09175538498084031	0.22348588634141614
0.3568128413436879	-0.09109033566109169	0.22369703356053366
0.35676618833104057	-0.09072455500153175	0.22380406717484025
0.3567822098888557	-0.08989732154553594	0.224113880131242
0.35676091640270435	-0.08967530503274128	0.22422601710030268
0.3566966163796856	-0.08933692183951701	0.22435568354110605
0.3565201730751001	-0.08852373939538578	0.22473164181863728
0.35650380646051943	-0.088029374870963	0.2249785568598932
0.35648724550881244	-0.08742251049069329	0.22522824211271178
0.3565039578905678	-0.08686566570275776	0.2255027926789891
0.35646950003585354	-0.0866406838653221	0.22560873080480146
0.35632395275215806	-0.08618055655131167	0.22594373653598349
0.35623571875297616	-0.08580276211174158	0.22617417252462438
0.3562058320115838	-0.08498726020543386	0.22657341621029425
0.35618564977226175	-0.08447005312984397	0.22679405222679574
0.3561844042604553	-0.08397664023683442	0.227046597222568
0.35612802144464434	-0.08349362041031926	0.22733214943109395
0.35598766110815555	-0.08263559253852203	0.22780540542837824
0.3559149829069745	-0.08142201994946098	0.22824797927591228
0.35579566664229123	-0.08053986477338106	0.2285504640844191
0.35571123922157566	-0.07957101512231902	0.2288123026409137
0.3556129230720713	-0.0788932671994355	0.22901939422171375
0.3555002827620455	-0.07785844066081242	0.22938992184769982
0.3552750654493065	-0.07631393077153857	0.22980862774014624
0.35519304948932573	-0.07562419527594304	0.22999637589900007
0.35493444073608366	-0.07385793195439337	0.23051404000070036
0.35470146194080787	-0.07210407087902422	0.23099398035523222
0.354489021235119	-0.07076346662662884	0.2313054636961433
0.3543933815042548	-0.06977763567381616	0.23154638659199409
0.35421957965467427	-0.06762086656052373	0.23214174582075603
0.35411600980911756	-0.06679692766618915	0.23237688931938497
0.3539908161232156	-0.06503221943625521	0.23287522742619352
0.35378630912680514	-0.06329301233240188	0.2333293532553339
0.3535051185198393	-0.0599148231289794	0.23421708833137628
0.353377462174711	-0.05821407076441322	0.23464892999143172
0.353201394905666	-0.05634539779213611	0.23512192068491963
0.35315522154021906	-0.05540735672833251	0.23536066495983346
0.3529618295305385	-0.05328545695555535	0.23589135477259415
0.35280740705697694	-0.051189391077728394	0.23647695790529574
0.3526335560713987	-0.048315080782523445	0.2372586771804813
0.3524030126098129	-0.04561279004075745	0.23793859173385062
0.35231944232581164	-0.044205998861806636	0.23826061609628174
0.35212697386312297	-0.04227239407262816	0.23876617802922578
0.351996183777179	-0.039897718488255976	0.23935342640362972
0.3518649783004048	-0.037826074370636134	0.23991118970884587
0.3517992439378794	-0.036627406832166656	0.24017980765029653
0.35160080800674254	-0.03349986499855566	0.2409672274471742
0.3513880529310006	-0.030578154522697035	0.24171297151290194
0.35125155030544697	-0.028792196123440403	0.24221310073678548
0.35115238886673045	-0.0276989617337645	0.24248534437416916
0.35104025048390164	-0.02572630965054888	0.24296060334060887
0.350847632523391	-0.022611516892012143	0.24371439914294746
0.3507039824919592	-0.020531163325810328	0.2442596729065562
0.35064823044331966	-0.019284128302201206	0.24454894908127883
0.35051633923326214	-0.01748097684702858	0.2450166834174222
0.3503726976661411	-0.01529395030074586	0.2455389965436894
0.3502162717736235	-0.01268173552189071	0.24616981060713672
0.3501172903025983	-0.011147245239603129	0.24651345394787047
0.3500154279975414	-0.009645489078388816	0.24697738312844422
0.3499797773800063	-0.00885056810042685	0.24711145892486253
0.34990302988879235	-0.00727141115751033	0.24745255052349968
0.3497191784556527	-0.004676077518047925	0.24810500888133052
0.3496841068035877	-0.003966627999866398	0.24820612570508116
0.34959499032970986	-0.002259256491849451	0.24867378520212924
0.3494753674740243	-0.0011338926603028238	0.24896355768595044
0.34947943262355535	-0.00016796135580253446	0.2491527616268869
0.34940317025940404	0.0012444697957680745	0.24940188316566606
0.34937634668703604	0.0017990920472740063	0.24956281038218137
0.349271639107723	0.002876338427912087	0.24984639562949043
0.3492431438614694	0.0035335407859489604	0.24999349331545367
0.3492699452810308	0.00383539454250402	0.24996465230543344
0.3494208329326029	0.004098174757827269	0.24972845226376994
0.3495529637890395	0.004091818897712471	0.24956442437574736
0.34956303142970546	0.00408856105581383	0.24953620584017042
0.34956539451909646	0.004083667631962676	0.24952948946130835
0.34956725097878155	0.00407952719182518	0.2495241923576105
0.34956901974527094	0.004075095413485538	0.24951700026387177
0.34957084122849363	0.004065477639939516	0.2495038571271466
0.3495715122598194	0.004062002360222375	0.24950084735421507
0.3495715352124258	0.004054309129075825	0.2494942232734182
0.34957149853077807	0.004048547115234072	0.24949139830970415
0.3495723559245143	0.0040453095525847665	0.24948961057800292
0.3495711695101875	0.004040834137039137	0.24948688197358593
0.3495712684608656	0.004039260620639293	0.2494867444433029
0.3495716786466984	0.004035752992461186	0.249486097859884
0.34957249670138063	0.004034073985506578	0.24948600038215424
0.34957199024670227	0.004034446883760909	0.2494863937591679
0.3495722952598113	0.004033054135717876	0.2494853422251318
0.3495726543586188	0.004031701924049044	0.2494858828637178
0.349572329908358	0.004031757242012282	0.24948582634681912
0.34957276180616526	0.004031863157597973	0.2494868538009771
0.34957336593713695	0.004031205842283933	0.24948678973077273
0.34957322865119606	0.004030746019535028	0.24948601773809204
0.34957429786138267	0.0040303328563084245	0.24948648258360523
0.3495738811634907	0.004030626241015425	0.24948708293005264
0.3495745044994976	0.004030685687689536	0.24948748841491813
0.34957457322932195	0.004030508974233113	0.24948686567103825
0.3495747904706319	0.004030120118474437	0.24948724003627581
0.3495754587648247	0.004029477552036018	0.24948672039576497
0.34957493102472237	0.004030249340924427	0.24948756137363515
0.34957525547409957	0.004030194021389308	0.24948761789406732
0.34957583374603957	0.00403003947829815	0.24948795369957405
0.34957551923196695	0.004030279375576082	0.24948719952178114
0.34957624240770846	0.004030113591428311	0.2494886551739888
0.34957577551628133	0.004030097356258713	0.24948831520564932
0.34957604297125683	0.0040309859509549545	0.24948826781360933
0.34957599985668536	0.004030496921430496	0.24948797902784275
0.34957629686038755	0.004030171048948525	0.2494883694538154
0.3495765996793763	0.004030119417357689	0.24948842220866219
0.3495389089089611	0.004047819829237118	0.2497170777101097
0.34955118683723657	0.004047353218454494	0.24964408615624428
0.34956078701120114	0.004046417855282994	0.24959206000388248
0.34956483105672437	0.004045743899642171	0.2495652747059087
0.3495669478369194	0.004043883596720352	0.24955553563239796
0.3495698512807074	0.004042061896085372	0.24954139508741902
0.34957498799810977	0.004037307118848185	0.24952430604873205
0.34958118611528277	0.00403102444753152	0.249505545637915
0.3495841355727753	0.004028352940554494	0.24949590608988445
0.349584631055023	0.004027431047489885	0.24949203027097278
0.3495843338745586	0.004026674610653938	0.24949068424345558
0.349585638288611	0.004025362362829035	0.2494906328371389
0.3495938567245436	0.00401783119622974	0.2494784960598299
0.34961771012475257	0.004000837951876904	0.249403974241421
0.3496306648288657	0.004103990575943586	0.24946989971358752
0.34967048287133307	0.004415143283824349	0.24965817691302913
0.34967240492451046	0.004466067628577944	0.24969195109074294
0.34967039282452517	0.004504384848067852	0.24972148390501095
0.3496664886292556	0.0045396954064315514	0.24975158247928797
0.34965519742212553	0.00455845015584995	0.24976459348998026
0.34964745696317856	0.004567517634151544	0.24978097834191565
0.3496417556566824	0.004570972362057182	0.2497915092775626
0.3496388086031398	0.00457342210371027	0.24979822010860295
0.3496286587724052	0.004581136636341035	0.2498191916357484
0.3496149953505246	0.0045920396197266095	0.24984767252452364
0.34961347789746167	0.0045920203278662225	0.2498463975695544
0.3495987836722584	0.004606440017385152	0.24984485810713664
0.3494593885715028	0.004723820179755436	0.2498000029809224
0.3494690587165228	0.004716308534361099	0.24980346507156626
0.3494832285349229	0.004705361484051998	0.24980541414063379
0.3495269860262703	0.004668411100370154	0.24981502089208274
0.34958144254395984	0.004628705721075252	0.24982525284459628
0.3496026550626465	0.0046094481026226625	0.2498292457494357
0.3496087202677944	0.004601792767821258	0.24983041926225258
0.3496142912472647	0.004594041900423437	0.24983056446589674
0.34961495815258165	0.004592121393868262	0.24983188287697805
0.34961594713290683	0.004588683903395771	0.2498309375480126
0.34961568216980254	0.004587549724843307	0.2498313311073073
0.34961621634763435	0.004584701926014803	0.24983101945727235
0.3496148131106925	0.004584364336185684	0.2498308286680425
0.3496144120954783	0.00458299998193086	0.24983098096741607
0.3496144017939815	0.004581343268781082	0.24983130640769055
0.34961384929006095	0.004581125669798111	0.24983025413826668
0.3496134234883517	0.004579940664003093	0.2498297251338974
0.34961269357313324	0.00457978055174145	0.24982976339344354
0.34961267297271964	0.004579374739144812	0.24982850829689815
0.3496127741762182	0.004579645668345053	0.24982755232010914
0.3496118583970862	0.004579421415339083	0.24982772807876813
0.34961213965735255	0.004579079147935691	0.24982760658222597
0.3496115543588012	0.004579505337039477	0.2498276965185069
0.3496113195272874	0.004579680612602069	0.24982668175811965
0.3496114937534327	0.004580190365092343	0.2498262110583313
0.34961137637922785	0.004579680606368194	0.24982635823493748
0.34961086083812004	0.004579658778897169	0.249825463237445
0.3496109596433513	0.0045800159618650665	0.24982522834124388
0.3496109596433513	0.0045800159618650665	0.24982522834124388
0.3496105696197803	0.004580404605747532	0.24982521135769487
0.3496106858807201	0.0045796655349880505	0.2498251360528257
0.34961058294189046	0.004580341271319524	0.24982529045972657
0.34961068545642565	0.004580748277611166	0.24982562360694288
0.3495877450220762	0.004580271144507139	0.24995581800013075
0.3495334685429376	0.004554432097061897	0.2501797893871618
0.34938317410651	0.003922409655806355	0.25025198872180787
0.3493570889471548	0.0029317692947921775	0.2503378960475231
0.34933501093031627	0.0025425783659068363	0.25040167423850895
0.3493200587142076	0.001361816317869538	0.25058879611930085
0.3492482188299496	0.000584693253668736	0.25074659269274724
0.3491903968557479	-0.0001586121087560205	0.25089763465472953
0.34905952289926845	-0.0019888659837590805	0.2512876293067333
0.3489773249649882	-0.002822393299306794	0.2514530929383808
0.348937522116011	-0.004531089220688803	0.2515808244966624
0.34895221003168386	-0.005359924215527265	0.2515398277614068
0.34900428443467796	-0.007282115700967248	0.25150637854113234
0.34901170186229336	-0.008289873117983057	0.25150285140594386
0.3490085268851592	-0.010304207582272226	0.251551422660063
0.3490027177064832	-0.012112324188404008	0.25157379004566033
0.34903004488748185	-0.013749315010064336	0.25157296728680856
0.34904625573490455	-0.015549438070643254	0.2515441453965291
0.3490616515372675	-0.01806194883495678	0.2515996967900265
0.3490391442875443	-0.019298345854212515	0.2516622372804651
0.3490658804393893	-0.021758841862277292	0.2516707425323511
0.3490930776054075	-0.024649363266323707	0.25164697797045654
0.3490596340058841	-0.02675397030504105	0.25176471769444375
0.3490798263312593	-0.028191523731465315	0.25177511150577236
0.3491122547539121	-0.030245859683197887	0.2517374566641447
0.34911123660920884	-0.03312769974390499	0.25182956425985925
0.3491299777494061	-0.03531649136742511	0.2518285039535453
0.34914345420322984	-0.037361608644757	0.2518347398491376
0.3491473379327853	-0.03958250946402324	0.25190186325187125
0.3491850517629006	-0.04289734675091959	0.2519098630253214
0.349161261507652	-0.04505382171357279	0.251958068899614
0.34918645131002957	-0.04727412623376866	0.2519842951335133
0.3491697233990674	-0.04905131413909898	0.2520393520405329
0.34919046965978157	-0.05051821787108003	0.25200133808872827
0.3491847239220053	-0.053946976058233745	0.2520665873186134
0.3492029803078178	-0.05643831856123431	0.25203303039908465
0.34920573934385984	-0.05824673848857674	0.25208120274323753
0.34922265852645523	-0.061113870322140676	0.25207683826761695
0.34919973012011407	-0.06415443524373406	0.25212262584178635
0.3492249583066766	-0.06629968470149193	0.25210297993304775
0.3492230621302419	-0.06834890224727196	0.2521173434215679
0.3492247825704586	-0.07056969068065867	0.2520640738974238
0.34917331864608675	-0.07207751672706404	0.2521507133299657
0.34921003121603694	-0.07418292786318591	0.2520867161357302
0.3491952133047885	-0.07604776569409134	0.25206095550638385
0.3491651323978047	-0.07825314581734631	0.2520771916275529
0.3491626970507501	-0.0819034828275408	0.25203170927950014
0.3491284959741112	-0.08308963075847219	0.2520097803443859
0.34911128348280085	-0.08586217431363204	0.2519695620835244
0.34912201855986613	-0.08751982900787407	0.2520125492431935
0.3491420130452452	-0.08927836555913747	0.25198430059567334
0.34911470011133666	-0.09120108944492704	0.25202615170600123
0.3491363466370987	-0.09282424765519066	0.2519186401646837
0.34906620100667113	-0.0948080210517996	0.2519165053143838
0.3490968512834424	-0.09632002527658427	0.25186761197322555
0.34911393341929453	-0.09715925472181984	0.25189609284927317
0.34909689949564987	-0.0991806715136173	0.2518790854853547
0.3491065433499487	-0.09998868709954255	0.25182800794708904
0.3490253842154681	-0.10177309705817429	0.2517615747453934
0.349073626538802	-0.10360221723370273	0.2516790360786044
0.34920188288637044	-0.10493770702433101	0.25133681244971406
0.349188565871563	-0.1061562957324786	0.2508774874295639
0.34907344692406667	-0.10718357454313236	0.2505910647312893
0.3490756743576635	-0.10790296457840963	0.2503225456593665
0.34914184631306566	-0.11020478528848478	0.24953411390321736
0.34910753669713634	-0.11080219235853479	0.24928789832058257
0.3491328222746852	-0.11242254854752122	0.24846618682586236
0.349140578290729	-0.1137450343248712	0.24780382348017355
0.3491721744343134	-0.11495582387744256	0.24711176026445988
0.34919294206557044	-0.11573388780728237	0.24660713813870405
0.3491832328693614	-0.11741065701237467	0.24551587583194523
0.34924286151096734	-0.11875976055088104	0.24460648533805665
0.3492734375927909	-0.12030255945587427	0.24351421919350796
0.3492365789895262	-0.12110104923875527	0.24285938202263338
0.34913580962015767	-0.12247833298452489	0.24172725257072109
0.3490453909437959	-0.12345851267842943	0.24089631106594211
0.34883600401083065	-0.124676907229031	0.24009273476502166
0.3487498466473232	-0.12518380329281698	0.23982598166652286
0.3484700491138961	-0.1260996851008226	0.23949583246045883
0.34828826872467356	-0.1264679076070952	0.23942900234621683
0.3478630850985229	-0.12710716110846393	0.23933285383530487
0.3475951729566397	-0.12723178456923417	0.23950446173907097
0.3470530861882339	-0.12735277767297665	0.23976227943371328
0.3460683755682869	-0.12712814611730788	0.24044373325861484
0.34523326901792534	-0.12684828240722223	0.24094582694591932
0.34377960485125525	-0.12606445233535524	0.2418852730254767
0.34253844936496286	-0.12538266924271346	0.24257995010746325
0.3416315616349051	-0.12485642981331142	0.24307892120438346
0.3391336636460724	-0.12349254361683114	0.24478033070349356
0.3380811417884514	-0.12294375519200969	0.2453736118255015
0.33655566512293894	-0.12214016726497356	0.24625872956171294
0.33450125484908616	-0.12119212854521061	0.24723667901216861
0.3325555287811297	-0.1203233151104727	0.24797631680897514
0.3301048874103528	-0.11932618127869717	0.248701144010884
0.32828527986830086	-0.1187664986645087	0.24902278092236363
0.32665095572557046	-0.11832983978980854	0.24917221765224773
0.32573745630161705	-0.11813838075016607	0.2491930856209164
0.32434974603019434	-0.1179170737669548	0.24911766850350106
0.32252902602754246	-0.11769389063740719	0.24887267100729027
0.32100971786961446	-0.1177809793174703	0.24836773358164266
0.32005944726964286	-0.11793660586495665	0.2479050593507416
0.31929283266396613	-0.1181819146300741	0.24735308568356948
0.3190175968453027	-0.11836044015205154	0.24703690054991656
0.31863662430324663	-0.11876999574910167	0.24635846195439542
0.31836662768115354	-0.12025329818340712	0.24480901174868352
0.3186094289308875	-0.12094761427969837	0.24405972737491866
0.31893512985265027	-0.12142086257748445	0.2435265551606543
0.3195650445343381	-0.12234163394232575	0.2422733380256188
0.3198324454555455	-0.1227696722662532	0.24170677845993832
0.3206988678066153	-0.12384310831739967	0.24037678741907093
0.3210933988940914	-0.1242451809266446	0.23993168446228685
0.32148371264757775	-0.12474182947169635	0.23926753202219952
0.32198569239695485	-0.1254779829283478	0.23830423492443237
0.3223023085218514	-0.12591150125194034	0.23764565591693915
0.3224415170948041	-0.12612767474160708	0.23731718444371938
0.3226938760557682	-0.12647399348788144	0.23665366227619133
0.3228025416869814	-0.12667785397582915	0.23609745815021493
0.32296087722590583	-0.1268849670646478	0.23576367350922392
0.3232678917465109	-0.12714049494578678	0.23546721780451718
0.32345976741376486	-0.12730726290706085	0.23528287270247034
0.3238304744087831	-0.12775203969597768	0.23477873246232644
0.32400058450752606	-0.12789753930140846	0.23458659374341523
0.3244943272610903	-0.12840444848782465	0.23396355937449054
0.32468534131986804	-0.12856877441543713	0.23377392329160177
0.3249820425498731	-0.12892626530273474	0.23335598267043278
0.3252104389311861	-0.12912242766185908	0.23307556426152898
0.325368081508193	-0.12926853772197555	0.23288963601873666
0.325597032502414	-0.12954171956505023	0.23250564469070148
0.3259630063235208	-0.12987093134449346	0.23211924048002489
0.32624434061233326	-0.13030265481960568	0.23166489677167496
0.326445231906878	-0.13061965442234388	0.23134418427619238
0.32662600538910735	-0.13093092982387206	0.2310230168950616
0.3267757644112439	-0.1312160901652925	0.23072013071345154
0.3268939163327782	-0.13139569227265685	0.23054454569462518
0.3272341994572847	-0.13195266240473436	0.22998112161303863
0.32743405151633687	-0.13226954325325443	0.22965965153281348
0.32755954241150104	-0.13248469479558342	0.22943672299218223
0.32775907893818984	-0.13286612740186415	0.2290346585216438
0.327940768452285	-0.13306061753324683	0.22878139460676816
0.32812152730037997	-0.13317130388697113	0.22852684774551252
0.32824376131503513	-0.1332469960987948	0.22835419162359175
0.32854391809306743	-0.1334227863153129	0.22798023507108256
0.3287609523600421	-0.13381672628101993	0.2275469621417139
0.3288575923638664	-0.13399351712723778	0.22736840099941263
0.3290586147647066	-0.13429337731289054	0.2270097345528599
0.32925944934982365	-0.13441156121576114	0.2267321517957736
0.3294480309707815	-0.13456477540412232	0.22647535058828275
0.3296105666736341	-0.13469504202775234	0.22623337803436783
0.3297031133833828	-0.13487147060425916	0.22602047881473536
0.3300065107216598	-0.13535978744530797	0.22555933161525188
0.3301251382404751	-0.1355589963571698	0.22529448584181053
0.33026342965134237	-0.13570517805510712	0.22505481988393358
0.33045096723101214	-0.1358884855880172	0.22479971950616415
0.3305976437295929	-0.13613997478722356	0.22453819009102965
0.33070570727740345	-0.13637856677525856	0.22427694327088876
0.33089507451966044	-0.13675233600192382	0.22394459217163
0.33105119451585474	-0.13700878028764113	0.22371059113477623
0.3311401447493247	-0.13709787050762087	0.22355991361777594
0.3313116734943152	-0.13733119669773003	0.22322425148997335
0.331393089686803	-0.13748339117972058	0.2230782562097952
0.33147920132618364	-0.1377551601162979	0.22275302791476123
0.3314038436626337	-0.13791086037347783	0.2225318049353997
0.33135743976674215	-0.1379726195747834	0.22244131888666457
0.331222251933102	-0.13814395295038365	0.22217723805384562
0.3311452005475353	-0.13826783526690234	0.2219949717918607
0.33111207508355256	-0.13834271254279798	0.22189057557901057
0.3309842145424307	-0.13854494616466506	0.2215870030994486
0.3309267755767769	-0.13867222872458274	0.22140833688487188
0.33088290093992234	-0.1387853479657029	0.22125823277731177
0.3308424527917889	-0.13889159980551127	0.2211154578550288
0.330777356943392	-0.1389558032099346	0.22095887234290612
0.3306919624133606	-0.13901922070019962	0.22077732965829167
0.3306258051184247	-0.1391235323242285	0.22061090164315078
0.3305600003740106	-0.139247886126448	0.22044005245773968
0.3304789502976545	-0.13939293037942768	0.22023485024630346
0.3304584356061083	-0.13945665975787602	0.2201527937510249
0.33042530482503146	-0.13956235944627696	0.2200205423748767
0.33032404380657304	-0.1397499656093182	0.21975657443953767
0.330439563109043	-0.1398234179088634	0.21972279914714762
0.3305242001978144	-0.13986197406977335	0.2197190736321339
0.3305902559325365	-0.13992063482228828	0.21969580696992952
0.3308522720183253	-0.14016897577232007	0.2195970615798086
0.33119318901657	-0.1405547948886016	0.21946481487094016
0.33141595255453954	-0.1408290415147371	0.21937558692612302
0.33162797752985335	-0.1410510015801278	0.21929444773322387
0.3317537351084958	-0.1411736420694752	0.21924587849478028
0.33191751161913546	-0.1413311388407136	0.2191841039342345
0.33212839332604266	-0.1415635902997589	0.2191027118968387
0.3323417930113431	-0.14184190266337512	0.21901495408020238
0.3323950538802815	-0.14197524280765292	0.21898826080205824
0.33239397706061824	-0.14198585871598984	0.2189881146655218
0.33239345174132107	-0.1419862993011735	0.21898855861516114
0.3323925029052944	-0.1419837233608283	0.21898993989675047
0.3323925733414746	-0.14198356568457618	0.21899103651135304
0.3323894650264217	-0.1419801240601642	0.21899246082698376
0.33238944292845185	-0.14197863635118008	0.21899358989570303
0.3323870826118349	-0.1419750814686372	0.21899558708355335
0.332385694526416	-0.1419717609590015	0.21899691619895892
0.33238369436429366	-0.14196899038251895	0.21899775713183545
0.3323822783860553	-0.14196468614996666	0.2190002826231482
0.3323798291154784	-0.1419616186628607	0.21900167576678675
0.3323788727169138	-0.14195979346902515	0.21900263241882467
0.33237713072276553	-0.14195715018622018	0.21900324194472473
0.3323760699285397	-0.14195535885723395	0.219003844018544
0.33237728674824524	-0.14195469570053243	0.21900523583859013
0.33237745303211713	-0.14195504610989673	0.21900518267451904
0.3323769656014795	-0.1419550237584366	0.21900483429611825
0.3323770322902312	-0.14195463991690221	0.21900534273314454
0.33237719789009584	-0.14195452275266346	0.2190056908422656
0.3323774656037463	-0.1419549268346892	0.21900519004634084
0.3323774656037463	-0.14195492683468924	0.21900519004634098
0.3323781453491471	-0.14195450540897436	0.2190056157194899
0.3323775197199022	-0.14195466226833325	0.21900569111165016
0.33237741920928715	-0.14195523796911208	0.21900593788821882
0.33237733995079227	-0.1419557410876851	0.2190054220814426
0.33237816178163504	-0.14195578367805411	0.21900577810235894
0.33237813089206075	-0.1419564561522299	0.21900523254792845
0.33237842789137334	-0.14195509081280655	0.2190058794341459
0.3323777284679795	-0.1419554967616814	0.21900593078720434
0.33237812490356716	-0.14195613355890174	0.219005756478706
0.33237813747583517	-0.14195601428136811	0.21900576385052106
0.3323781183190278	-0.14195657542922122	0.21900522517567186
0.33237861832195625	-0.14195647850467202	0.21900558092873224
0.3323785931756076	-0.1419567170610077	0.2190055661840538
0.33237856277064043	-0.1419565250953157	0.21900561004422417
0.3323782713472234	-0.14195657754205793	0.2190055659142933
0.3323785931756076	-0.1419567170610077	0.2190055661840538
0.33237810574578824	-0.1419566947061833	0.21900521780329626
0.3323782712432933	-0.14195669453390652	0.21900556815294403
0.33237858814623883	-0.14195676477226082	0.2190055632350609
0.3323791892001531	-0.1419573450548774	0.2190053345818497
0.3323793865508825	-0.14195685356975762	0.21900541482502045
0.33237777888814146	-0.1419566028977997	0.21900521458523764
0.3323787804663843	-0.1419563209984676	0.21900564052958973
0.3323787804663843	-0.1419563209984676	0.21900564052958973
0.33237898065877675	-0.14195605866283934	0.21900568104651885
0.33237888235582114	-0.14195699025242653	0.2190050566125205
0.3323793815214192	-0.14195690128149918	0.21900541187597247
0.3323794358267508	-0.14195845236305737	0.21900508115653208
0.3323793697858765	-0.14195701260887797	0.21900540499478643
0.3323793697858765	-0.14195701260887797	0.21900540499478643
0.33237869003370607	-0.14195743402542466	0.21900497931832769
0.33237917746389406	-0.14195745638187368	0.21900532770025
0.3323792169204689	-0.14195736533787445	0.21900534355779705
0.3323793697858765	-0.14195701260887797	0.21900540499478643
0.33237875615878737	-0.14195655160358456	0.21900562627671194
0.33237962825265877	-0.1419578915955267	0.21900515621024036
0.33237912814462456	-0.14195810551277577	0.21900480269403266
0.3323796155751663	-0.14195812787034062	0.21900515107688542
0.3323798205754819	-0.14195744782284234	0.2190052335044724
0.3323791282466787	-0.14195798851736374	0.2190048004537513
0.3323789232446507	-0.14195866856328426	0.219004718026932
0.33237940480649314	-0.14195874658578309	0.21900506296835598
0.3323794232511219	-0.1419585716425621	0.21900507378303455
0.332379615677143	-0.14195801087503127	0.21900514883654712
0.33237940480649314	-0.14195874658578309	0.21900506296835598
0.332379603101421	-0.14195813015450678	0.21900514146273478
0.33237932057040187	-0.14195754474508676	0.2190048777480827
0.33237979542577933	-0.14195768638264214	0.219005218757853
0.332379603101421	-0.14195813015450678	0.21900514146273478
0.332379700495361	-0.14195763375091203	0.21900515880866384
0.3323791414942788	-0.14195818162082313	0.21900480446522327
0.3323794051525915	-0.14195874330315622	0.2190050631712845
0.33237926666492246	-0.1419580586476647	0.21900511950737045
0.3323791156709947	-0.1419581077956481	0.219004793079962
0.3323793021271207	-0.14195771968716164	0.21900486693380095
0.3323793021271207	-0.14195771968716164	0.21900486693380095
0.33237910980227164	-0.1419581634588375	0.21900478963881959
0.3323797895573966	-0.14195774204657866	0.21900521531690664
0.3323793021271207	-0.14195771968716164	0.21900486693380095
0.3323789232446507	-0.14195866856328426	0.219004718026932
0.33238066107802317	-0.14195858346587328	0.21900488376763072
0.33237959723268007	-0.14195818581825206	0.21900513802158153
0.3323791282466787	-0.14195798851736374	0.2190048004537513
0.33237930799548554	-0.14195766402378096	0.2190048703747366
0.3323798080007338	-0.14195756710275675	0.21900522613122225
0.33237979542577933	-0.14195768638264214	0.219005218757853
0.33237930799548554	-0.14195766402378096	0.2190048703747366
0.3323791156709947	-0.14195810779564813	0.219004793079962
0.33237979542577933	-0.14195768638264214	0.219005218757853
0.33237912814462456	-0.14195810551277577	0.21900480269403266
0.3323796233214227	-0.14195643902218757	0.21900549895048566
0.3323797895573966	-0.14195774204657866	0.21900521531690664
0.3323791156709947	-0.1419581077956481	0.219004793079962
0.33237953630363815	-0.14195863099378173	0.21900463526220218
0.3323789598885361	-0.1419582557064899	0.21900523789991272
0.33237879384402247	-0.14195796827344004	0.21900479281112553
0.3323781881023825	-0.1419573556962482	0.21900512094428617
0.33237979542577933	-0.14195768638264214	0.219005218757853
0.3323791282466787	-0.14195798851736374	0.2190048004537513
0.33237932057040187	-0.14195754474508676	0.2190048777480827
0.3323801402401787	-0.1419578358705577	0.2190052190472876
0.33237930799548554	-0.14195766402378096	0.2190048703747366
0.3323793021271207	-0.14195771968716164	0.21900486693380095
0.33237930799548554	-0.14195766402378096	0.2190048703747366
