0.350000000000026	0.15000000000001068	0.20000000000001306
0.350000000000026	0.15000000000001068	0.20000000000001306
0.3500000000000255	0.1500000000000108	0.20000000000001245
0.35000000000002535	0.1500000000000115	0.20000000000001178
0.3500000000000253	0.15000000000001174	0.20000000000001136
0.35000000000002457	0.1500000000000119	0.20000000000001047
0.3500000000000246	0.15000000000001268	0.20000000000001006
0.3500000000000247	0.1500000000000129	0.20000000000000978
0.3500000000000243	0.15000000000001296	0.20000000000000895
0.3500000000000233	0.15000000000001346	0.20000000000000812
0.35000000000002335	0.15000000000001396	0.2000000000000078
0.35000000000002357	0.15000000000001412	0.20000000000000723
0.35000000000002307	0.15000000000001457	0.2000000000000066
0.35000000000002257	0.15000000000001468	0.20000000000000612
0.3500000000000227	0.15000000000001545	0.20000000000000512
0.3500000000000227	0.15000000000001568	0.20000000000000487
0.35000000000002174	0.15000000000001595	0.20000000000000417
0.35000000000002174	0.15000000000001645	0.20000000000000367
0.3500000000000218	0.150000000000017	0.20000000000000298
0.3500000000000209	0.15000000000001723	0.20000000000000223
0.35000000000002085	0.1500000000000175	0.20000000000000157
0.35000000000002074	0.15000000000001817	0.20000000000000087
0.35000000000002024	0.15000000000001829	0.2000000000000004
0.35000000000002035	0.15000000000001867	0.19999999999999993
0.3500000000000195	0.15000000000001923	0.1999999999999989
0.3500000000000198	0.15000000000001973	0.1999999999999983
0.3500000000000194	0.15000000000001978	0.19999999999999785
0.3500000000000187	0.15000000000001984	0.1999999999999974
0.35000000000001885	0.15000000000002078	0.19999999999999638
0.3500000000000182	0.150000000000021	0.19999999999999582
0.350000000000018	0.15000000000002123	0.19999999999999554
0.3500000000000182	0.15000000000002162	0.1999999999999949
0.3500000000000174	0.15000000000002178	0.19999999999999435
0.3500000000000175	0.15000000000002228	0.19999999999999382
0.35000000000001696	0.15000000000002267	0.19999999999999313
0.3500000000000159	0.15000000000002273	0.19999999999999235
0.35000000000001624	0.15000000000002311	0.19999999999999185
0.35000000000001574	0.15000000000002356	0.19999999999999132
0.35000000000001497	0.15000000000002361	0.19999999999999066
0.350000000000015	0.15000000000002423	0.19999999999998994
0.3500000000000149	0.1500000000000246	0.19999999999998935
0.35000000000001436	0.15000000000002484	0.1999999999999889
0.35000000000001485	0.15000000000002534	0.19999999999998852
0.3500000000000146	0.15000000000002556	0.19999999999998821
0.3500000000000145	0.15000000000002572	0.19999999999998816
0.3500000000000144	0.15000000000002572	0.1999999999999882
0.3500000000000145	0.15000000000002578	0.19999999999998808
0.3500000000000145	0.15000000000002578	0.19999999999998808
0.3500000000000145	0.15000000000002578	0.19999999999998808
0.3500000000000145	0.15000000000002578	0.19999999999998808
0.3500000000000145	0.15000000000002578	0.19999999999998808
0.3500000000000145	0.15000000000002578	0.19999999999998808
0.3500000000000146	0.15000000000002567	0.19999999999998808
0.3500000000000147	0.15000000000002495	0.1999999999999883
0.35000000000001463	0.1500000000000249	0.19999999999998827
0.3500000000000147	0.15000000000002495	0.1999999999999883
0.3500000000000147	0.15000000000002495	0.1999999999999883
0.3500000000000147	0.15000000000002495	0.1999999999999883
0.3500000000000147	0.15000000000002495	0.1999999999999883
0.3500000000000147	0.15000000000002495	0.1999999999999883
0.3500000000000147	0.15000000000002495	0.1999999999999883
0.3500000000000147	0.15000000000002495	0.1999999999999883
0.3500000000000147	0.15000000000002495	0.1999999999999883
0.3500000000000147	0.15000000000002495	0.1999999999999883
0.3500000000000147	0.15000000000002495	0.1999999999999883
0.3500000000000147	0.15000000000002495	0.1999999999999883
0.3500000000000147	0.15000000000002495	0.1999999999999883
0.35000000000001474	0.15000000000002506	0.19999999999998821
0.3500000000000147	0.15000000000002495	0.1999999999999883
0.3500000000000147	0.15000000000002495	0.1999999999999883
0.3500000000000147	0.15000000000002495	0.1999999999999883
0.3500000000000147	0.15000000000002495	0.1999999999999883
0.3500000000000147	0.15000000000002495	0.1999999999999883
0.3500000000000147	0.15000000000002495	0.1999999999999883
0.3500000000000147	0.15000000000002495	0.1999999999999883
0.3500000000000147	0.15000000000002495	0.1999999999999883
0.3500000000000147	0.15000000000002495	0.1999999999999883
0.3500000000000147	0.15000000000002495	0.1999999999999883
0.35000000000001474	0.15000000000002506	0.19999999999998821
0.3500000000000147	0.15000000000002495	0.1999999999999883
0.3500000000000147	0.15000000000002495	0.1999999999999883
0.3500000000000147	0.15000000000002495	0.1999999999999883
0.3500000000000147	0.15000000000002495	0.1999999999999883
0.3500000000000147	0.15000000000002495	0.1999999999999883
0.3500000000000147	0.15000000000002495	0.1999999999999883
0.3500000000000147	0.15000000000002495	0.1999999999999883
0.3500000000000147	0.15000000000002495	0.1999999999999883
0.3500000000000147	0.15000000000002495	0.1999999999999883
0.3500000000000147	0.15000000000002495	0.1999999999999883
0.3500000000000147	0.15000000000002495	0.1999999999999883
0.3500000000000147	0.15000000000002495	0.1999999999999883
0.3500000000000147	0.15000000000002495	0.1999999999999883
0.3500000000000147	0.15000000000002495	0.1999999999999883
0.3500000000000147	0.15000000000002495	0.1999999999999883
0.3500000000000147	0.15000000000002495	0.1999999999999883
0.3500000000000147	0.15000000000002495	0.1999999999999883
0.3500000000000147	0.15000000000002495	0.1999999999999883
0.3500000000000147	0.15000000000002495	0.1999999999999883
0.3500000000000147	0.15000000000002495	0.1999999999999883
0.3500000000000147	0.15000000000002495	0.1999999999999883
0.3500000000000147	0.15000000000002495	0.1999999999999883
0.3500000000000147	0.15000000000002495	0.1999999999999883
0.3500000000000147	0.15000000000002495	0.1999999999999883
0.3500000000000147	0.15000000000002495	0.1999999999999883
0.3500000000000147	0.15000000000002495	0.1999999999999883
0.3500000000000147	0.15000000000002495	0.1999999999999883
0.3500000000000147	0.15000000000002495	0.1999999999999883
0.3500000000000147	0.15000000000002495	0.1999999999999883
0.3500000000000147	0.15000000000002495	0.1999999999999883
0.3500000000000147	0.15000000000002495	0.1999999999999883
0.3500000000000147	0.15000000000002495	0.1999999999999883
0.3500000000000147	0.15000000000002495	0.1999999999999883
0.3500000000000147	0.15000000000002495	0.1999999999999883
0.3500000000000147	0.15000000000002495	0.1999999999999883
0.3500000000000147	0.15000000000002495	0.1999999999999883
0.3500000000000147	0.15000000000002495	0.1999999999999883
0.3500000000000147	0.15000000000002495	0.1999999999999883
0.3500000000000147	0.15000000000002495	0.1999999999999883
0.3500000000000147	0.15000000000002495	0.1999999999999883
0.3500000000000147	0.15000000000002495	0.1999999999999883
0.3500000000000147	0.15000000000002495	0.1999999999999883
0.3500000000000147	0.15000000000002495	0.1999999999999883
0.3500000000000147	0.15000000000002495	0.1999999999999883
0.3500000000000147	0.15000000000002495	0.1999999999999883
0.3500000000000147	0.15000000000002495	0.1999999999999883
0.3500000000000147	0.15000000000002495	0.1999999999999883
0.3500000000000147	0.15000000000002495	0.1999999999999883
0.3500000000000147	0.15000000000002495	0.1999999999999883
0.3500000000000147	0.15000000000002495	0.1999999999999883
0.3500000000000147	0.15000000000002495	0.1999999999999883
0.3500000000000147	0.15000000000002495	0.1999999999999883
0.3500000000000147	0.15000000000002495	0.1999999999999883
0.3500000000000147	0.15000000000002495	0.1999999999999883
0.3500000000000147	0.15000000000002495	0.1999999999999883
0.3500000000000147	0.15000000000002495	0.1999999999999883
0.3500000000000147	0.15000000000002495	0.1999999999999883
0.3500000000000147	0.15000000000002495	0.1999999999999883
0.3500000000000147	0.15000000000002495	0.1999999999999883
0.3500000000000147	0.15000000000002495	0.1999999999999883
0.3500000000000147	0.15000000000002495	0.1999999999999883
0.3500000000000147	0.15000000000002495	0.1999999999999883
0.3500000000000147	0.15000000000002495	0.1999999999999883
0.3500000000000147	0.15000000000002495	0.1999999999999883
0.3500000000000147	0.15000000000002495	0.1999999999999883
0.3500000000000147	0.15000000000002495	0.1999999999999883
0.3500000000000147	0.15000000000002495	0.1999999999999883
0.3500000000000147	0.15000000000002495	0.1999999999999883
0.3500000000000147	0.15000000000002495	0.1999999999999883
0.3500000000000147	0.15000000000002495	0.1999999999999883
0.3500000000000147	0.15000000000002495	0.1999999999999883
0.3500000000000147	0.15000000000002495	0.1999999999999883
0.3500000000000147	0.15000000000002495	0.1999999999999883
0.3500000000000147	0.15000000000002495	0.1999999999999883
0.3500000000000147	0.15000000000002495	0.1999999999999883
0.3500000000000147	0.15000000000002495	0.1999999999999883
0.3500000000000147	0.15000000000002495	0.1999999999999883
0.3500000000000147	0.15000000000002495	0.1999999999999883
0.3500000000000147	0.15000000000002495	0.1999999999999883
0.3500000000000147	0.15000000000002495	0.1999999999999883
0.3500000000000147	0.15000000000002495	0.1999999999999883
0.3500000000000147	0.15000000000002495	0.1999999999999883
0.3500000000000147	0.15000000000002495	0.1999999999999883
0.3500000000000147	0.15000000000002495	0.1999999999999883
0.3500000000000147	0.15000000000002495	0.1999999999999883
0.3500000000000147	0.15000000000002495	0.1999999999999883
0.3500000000000147	0.15000000000002495	0.1999999999999883
0.3500000000000147	0.15000000000002495	0.1999999999999883
0.3500000000000147	0.15000000000002495	0.1999999999999883
0.3500000000000147	0.15000000000002495	0.1999999999999883
0.3500000000000147	0.15000000000002495	0.1999999999999883
0.3500000000000147	0.15000000000002495	0.1999999999999883
0.3500000000000147	0.15000000000002495	0.1999999999999883
0.3500000000000147	0.15000000000002495	0.1999999999999883
0.3500000000000147	0.1500000000000244	0.19999999999998835
0.350000000000015	0.15000000000002384	0.1999999999999883
0.35000000000001513	0.15000000000002323	0.1999999999999885
0.3500000000000151	0.15000000000002273	0.19999999999998852
0.3500000000000153	0.1500000000000225	0.1999999999999884
0.35000000000001547	0.15000000000002195	0.19999999999998846
0.3500000000000152	0.15000000000002162	0.19999999999998866
0.35000000000001547	0.15000000000002112	0.1999999999999887
0.3500000000000157	0.1500000000000204	0.19999999999998883
0.3500000000000155	0.15000000000002017	0.19999999999998866
0.3500000000000157	0.15000000000001978	0.19999999999998863
0.350000000000016	0.1500000000000189	0.19999999999998877
0.35000000000001624	0.15000000000001823	0.1999999999999889
0.35000000000001613	0.15000000000001817	0.1999999999999888
0.35000000000001613	0.15000000000001823	0.1999999999999887
0.35000000000001613	0.15000000000001823	0.1999999999999887
0.35000000000001613	0.15000000000001823	0.1999999999999887
0.3500000000000148	0.15000000000001662	0.19999999999998944
0.3500000000000147	0.1500000000000159	0.1999999999999896
0.3500000000000146	0.1500000000000159	0.19999999999998969
0.350000000000013	0.1500000000000143	0.19999999999999024
0.35000000000001164	0.1500000000000125	0.199999999999991
0.3500000000000106	0.15000000000001118	0.19999999999999152
0.3500000000000096	0.1500000000000099	0.1999999999999923
0.35000000000000847	0.15000000000000852	0.19999999999999263
0.3500000000000074	0.1500000000000074	0.19999999999999327
0.35000000000000586	0.15000000000000685	0.19999999999999363
0.3500000000000049	0.15000000000000568	0.19999999999999418
0.3500000000000035	0.15000000000000396	0.1999999999999947
0.35000000000000264	0.15000000000000369	0.19999999999999524
0.35000000000000064	0.1500000000000017	0.19999999999999618
0.34999999999999964	0.15000000000000052	0.19999999999999662
0.34999999999999815	0.14999999999999997	0.19999999999999699
0.34999999999999726	0.1499999999999988	0.19999999999999757
0.3499999999999958	0.14999999999999714	0.19999999999999823
0.3499999999999948	0.14999999999999686	0.19999999999999857
0.34999999999999476	0.1499999999999972	0.19999999999999846
0.3499999999999947	0.14999999999999686	0.1999999999999987
0.3499999999999947	0.14999999999999686	0.1999999999999987
0.3499999999999947	0.14999999999999686	0.1999999999999987
0.3499999999999947	0.14999999999999686	0.1999999999999987
0.3499999999999947	0.14999999999999686	0.1999999999999987
0.3499999999999947	0.14999999999999686	0.1999999999999987
0.3499999999999947	0.14999999999999686	0.1999999999999987
0.3499999999999947	0.14999999999999686	0.1999999999999987
0.3499999999999947	0.14999999999999686	0.1999999999999987
0.3499999999999947	0.14999999999999686	0.1999999999999987
0.3499999999999947	0.14999999999999686	0.1999999999999987
0.3499999999999947	0.14999999999999686	0.1999999999999987
0.3499999999999947	0.14999999999999686	0.1999999999999987
0.3499999999999947	0.14999999999999686	0.1999999999999987
0.3499999999999947	0.14999999999999686	0.1999999999999987
0.3499999999999947	0.14999999999999686	0.1999999999999987
0.3499999999999947	0.14999999999999686	0.1999999999999987
0.3499999999999947	0.14999999999999686	0.1999999999999987
0.3499999999999947	0.14999999999999686	0.1999999999999987
0.3499999999999947	0.14999999999999686	0.1999999999999987
0.3499999999999947	0.14999999999999686	0.1999999999999987
0.3499999999999947	0.14999999999999686	0.1999999999999987
0.3499999999999947	0.14999999999999686	0.1999999999999987
0.3500000030406751	0.15000000333426972	0.1999951007204187
0.3500000201868845	0.15000002427520975	0.1999641300436592
0.3500000398099886	0.15000005289981116	0.19992126976971977
0.3500000608001666	0.15000008956668398	0.19986559631299686
0.35000008531195304	0.1500001324872215	0.19979971245785405
0.3500001136426665	0.15000018615058752	0.19971614500472795
0.35000012693377125	0.15000021719070206	0.19966689636652218
0.35000015747832774	0.15000032776913252	0.199486267071518
0.350000167640603	0.15000036572246256	0.19942294545894523
0.35000018532105603	0.15000045517883892	0.1992698414044013
0.35000018704394215	0.15000052209879083	0.1991500594662161
0.35000020388039005	0.15000061822751765	0.19897696118124802
0.3500002049461126	0.15000068226123164	0.19885539015382334
0.3500002284627862	0.15000075220273706	0.19872730811927086
0.35000024415453707	0.15000081863362247	0.19859927878128197
0.3500002479668001	0.150000856817956	0.19852184872389728
0.3500002610081019	0.15000096695685217	0.198289606953712
0.3500002543949636	0.1500010142617571	0.19817565855525215
0.35000025507557475	0.15000104763134647	0.19809550958335964
0.35000027336243883	0.15000110427880226	0.1979637927843913
0.35000028586282567	0.15000114540034615	0.19785950792338924
0.35000030702350543	0.1500011806598041	0.19777310431527734
0.35000032449517193	0.1500012164884153	0.19766496892492708
0.3500003399631584	0.15000123676229227	0.1975983496126842
0.35000035435706695	0.15000125005692205	0.19754531562474395
0.35000037187017274	0.15000125904795664	0.1974940548367654
0.3500003762329729	0.1500012575332193	0.1974788331256022
0.35000037393710925	0.15000124449271396	0.19747259290838615
0.35000034590405893	0.15000120977008152	0.19750260196911099
0.3500003054064675	0.1500011718211069	0.1975499414114768
0.3500002437255068	0.1500011282371243	0.19761264627503375
0.35000019854136594	0.15000109617655422	0.19765919976306207
0.3500000366279761	0.15000099577358417	0.19781021448865174
0.3499998060236561	0.15000087733955014	0.19799512585200693
0.34999956167312496	0.15000077087303437	0.1981629083518166
0.3499994072204671	0.15000070939453608	0.19825957842091094
0.34999892643163233	0.150000492842922	0.19858275475808157
0.34999830265912396	0.15000025282752566	0.19893030585385854
0.3499977568092231	0.1500000538866923	0.19920812339364027
0.34999712256390464	0.1499998133850231	0.19953440053482668
0.34999588919894004	0.1499980488068256	0.20009122040155003
0.3499944987184543	0.14991158135845611	0.20047022613514487
0.3499925178984241	0.14967949198053654	0.20091605176759936
0.34999120621747637	0.1494179211410247	0.20128957552108828
0.3499903655941784	0.14877530043094023	0.20203563800983407
0.34999288497402764	0.14781608701834298	0.2029300925109048
0.34999765692519125	0.14707329134125546	0.20355101605123682
0.35000167222794043	0.1464810427214681	0.20401736259300415
0.3500275986711072	0.1446186481134053	0.20540335713808144
0.3500364147207479	0.14389480525493653	0.20590337703236086
0.350060492309681	0.14279867681563907	0.20665541076082264
0.35009748661912626	0.1413346556985478	0.20763756993332783
0.35016576122257376	0.1393009987909748	0.20899388068332037
0.3502585341686024	0.13673978657766506	0.2106322263164677
0.35031973759132834	0.13519568343770555	0.211595974938718
0.3503980404250904	0.13329156827416505	0.21276130336366803
0.3504343691601629	0.13218548459531942	0.21340848660087947
0.35050825480196457	0.1304014593011545	0.21445325581786823
0.35071024981320775	0.12669304726153136	0.21665064489697106
0.350806497762563	0.1247756518166492	0.2177493078189099
0.35093311269960387	0.1226349566941299	0.2189812792191605
0.3510850220118846	0.12046488683223326	0.22024088260659924
0.35119736139769303	0.11853448987259284	0.22131735914202302
0.35141104242643834	0.11526940651530528	0.22313159196758542
0.3515743657556689	0.11300472069609431	0.22437966916615998
0.3516621113367748	0.1115791160258023	0.2251450197738708
0.351864164006956	0.1086141750773769	0.22672911461876322
0.3520561228192295	0.10565568229079127	0.2282745391680726
0.35221580599325975	0.10341747193984267	0.22944437640036436
0.35233259439732406	0.1011825220970368	0.23056159406085544
0.35243279202449834	0.09983930543081244	0.23125093254435247
0.35260895426716243	0.09675210053952794	0.2327844372928007
0.35278303353708695	0.09368940600648155	0.23428830264449516
0.3528864983830407	0.09187940088469322	0.23517071312686616
0.3530464783303958	0.08924891913307827	0.23644933816919117
0.3531369867125772	0.08708821397207524	0.23746294464436585
0.35325204782649516	0.08497187791391754	0.2384680831969652
0.3534032389625316	0.0818000532304536	0.23994905684407652
0.3534520381649803	0.0806370901159965	0.2404860368749825
0.3535649333727058	0.07783018640693502	0.2417711911228265
0.3536042736948043	0.07653367594275097	0.24235524197196245
0.3536790882419761	0.07390915562311427	0.24353460542858135
0.35373203203606285	0.0712110601152365	0.24472585083317164
0.35377486693060073	0.06947856226977563	0.24549498406155923
0.3538122671819347	0.06778676137520452	0.24624743542814248
0.3538449280294983	0.06616781388696201	0.2469581931716919
0.35387609371442125	0.06385479136808765	0.2479579405192387
0.35389189843637425	0.06285361544396346	0.24839161023851722
0.3539012096769454	0.060886311054717354	0.2492253491170863
0.35391015483747135	0.05987400987138207	0.24965446035716754
0.3539076908926849	0.057654821166006245	0.2505847174811746
0.35389928831594863	0.0565573876565922	0.2510351294165487
0.35388894347252814	0.05553310165832799	0.2514594768228759
0.3538628045938912	0.05425683410429134	0.2519719959204186
0.35383985089266545	0.053415037933917595	0.2523049574879267
0.35381406444227137	0.05266703568290927	0.2525965036801354
0.3537862619843257	0.05212426679629374	0.2527965601139368
0.3537525360325309	0.05163081180976049	0.2529705369090317
0.3537203752105165	0.05129372557168284	0.2530800145880381
0.35367212108533047	0.05107197898066833	0.2531254027009669
0.35365151483061946	0.051055357944589305	0.2531120228232177
0.35360781453549156	0.05104328331474352	0.25307355136550125
0.35355888598473434	0.051029559625850665	0.25303097575286093
0.35353890141810673	0.05102394661637834	0.25301353664898385
0.3534964400020258	0.051011946213831136	0.2529765941754744
0.3534656351296588	0.051003169313199606	0.2529499316855318
0.35341993374406017	0.050990084086196166	0.25291048004887495
0.3534034170359381	0.05098537219433434	0.25289613770956565
0.35335989531274936	0.05097286234454733	0.252858648750862
0.3533276031074884	0.050963564656528806	0.2528308465636996
0.3532969204037423	0.05095472709485975	0.2528044137597552
0.35326523098963525	0.05094558603311174	0.2527771616595736
0.35322210524517667	0.05093313969227485	0.25274005494538765
0.35319111731801556	0.05092418733245825	0.25271342764379034
0.3531604557104173	0.05091532010531623	0.2526871257951165
0.3531313575486319	0.050906901406856594	0.2526621825204296
0.35308829885281884	0.05089443938931025	0.25262528668916606
0.35305788546097117	0.050885636741520426	0.25259920745520914
0.3530284762801036	0.05087712206574581	0.25257400505632366
0.3530042030372758	0.05087009232956492	0.25255322316784884
0.3529836941838609	0.05086415289559536	0.25253565047411897
0.352943127371924	0.05085240136078141	0.2525009254696897
0.35291716974746984	0.05084488061733604	0.2524787131944283
0.35287889738884987	0.05083379089020411	0.2524459592847991
0.3528509687898635	0.05082569649516881	0.25242208929399146
0.35282471220230427	0.05081808594506139	0.2523996579501986
0.3528042834626289	0.050812164487777436	0.25238218616091246
0.35277063915624673	0.05080241129648276	0.25235345466535586
0.35273523984453536	0.050792148552281105	0.25232325218143015
0.3527122559181162	0.050785484845608506	0.25230364721567045
0.3526861917900773	0.050777927622552246	0.25228140599362175
0.35266255209611386	0.05077107334900337	0.2522612493541573
0.3526262277410013	0.050760540501811696	0.2522302734755669
0.35260014953890245	0.05075297865631535	0.2522080472238975
0.35257520284620136	0.05074574484346005	0.2521867900744098
0.3525555913971846	0.050740057501611466	0.2521700718781271
0.35252901650061647	0.05073235096967678	0.25214742627416303
0.3524974195392368	0.050723188313414755	0.2521205133631029
0.3524737146153173	0.05071631342912587	0.25210031614785355
0.35246079725436896	0.050712566875702095	0.252089308305309
0.3524352293516733	0.050705152423355895	0.252067538208128
0.3523990534891025	0.05069466051079237	0.25203672837396135
0.35237617259441273	0.0506880239839632	0.25201724032954764
0.35235525900930015	0.0506819590683215	0.2519994389125735
0.3523326230648632	0.05067539393291619	0.25198016750147095
0.35231020573442745	0.050668892247835065	0.251961084443634
0.3522783333843198	0.05065964957578149	0.25193396458807615
0.3522578721326403	0.05065371528695391	0.25191655122509893
0.3522379842588343	0.0506479476004779	0.2518996290355998
0.352226307358646	0.050644561008885855	0.2518896929524179
0.3521970206928549	0.05060774896853103	0.25186475844843054
0.3521669532402048	0.0504614919409339	0.25183914894344483
0.352152189762092	0.050361334285906764	0.25182659395800744
0.3521168994011118	0.05002955548402828	0.25179666134589784
0.3520887654926421	0.04970055618803877	0.25177292511106825
0.35204619239154167	0.04913531593158317	0.2517373607593729
0.3520144446828292	0.048652491971426584	0.25171089540972735
0.3519945605887121	0.0483339975533779	0.25169437072240064
0.35195929432036094	0.047742196146130525	0.25166557751358193
0.351914940440193	0.046951023201325756	0.25162952999262417
0.35186033283283474	0.04591240282775573	0.2515855907429398
0.3518204364391282	0.04512091142695206	0.251553814914776
0.3517827185086178	0.04434483511353789	0.2515238871807064
0.35174232278997863	0.04348811072917243	0.2514918058948058
0.35168099118449425	0.04215903556300417	0.25144435762644657
0.35163840047548645	0.04120367128492168	0.25141112058295584
0.35159670196140985	0.04025685909518305	0.25137964107887334
0.35155061188036457	0.039192602633169024	0.25134489774718766
0.3514840454697446	0.03763557158792509	0.2512960981429131
0.3514343960364482	0.036440147107391754	0.2512588123708994
0.35139460053309374	0.03546518300765632	0.25122822038044296
0.3513440817916791	0.03422204275588912	0.2511907830780461
0.3512935168424334	0.032951277619461664	0.2511520836202946
0.3512452512420575	0.031724707026631147	0.2511151332838865
0.3511951734036486	0.03045567642419718	0.25107916770740824
0.3511520785790306	0.029342383946759823	0.25104685278419026
0.3510822228548692	0.027518916354521708	0.2509946265121556
0.351034568727225	0.026275281962924654	0.2509606853255796
0.3509874077080019	0.02502543965704966	0.25092589471077953
0.3509185794920694	0.02318498831058352	0.25087535116383725
0.3508698423556046	0.02187565298493095	0.2508401786241604
0.3508228922600266	0.020602119770547392	0.2508059054914308
0.350789292825132	0.019677379473060988	0.2507802861100295
0.3507341269599494	0.018160455027008596	0.2507395513222903
0.350689249780368	0.016923040849326457	0.2507069094857507
0.35062639673461826	0.0151674080280267	0.25065992759036937
0.3505870948420923	0.014064232629523846	0.25063076283745345
0.3505407615104704	0.012765920036108616	0.25059748038886065
0.3504979752931704	0.0115443824604851	0.25056469288334615
0.35044038439217684	0.00989822115219384	0.25052146950189336
0.3504032817766754	0.008828664172071246	0.25049320029219696
0.3503802546166608	0.008160796672388657	0.25047542392264444
0.3503464413216819	0.007176761796455225	0.2504492551161229
0.350293381272746	0.0056334039477933945	0.2504094136165088
0.35024317164639485	0.0041540687687424555	0.2503703825773078
0.35020850011685234	0.003130740101324761	0.2503438980477829
0.35019385730096886	0.0026927554113183177	0.25033208257738293
0.3501633488215035	0.0017735936662125334	0.25030694835750766
0.3501227245609158	0.0005431827026202013	0.2502733183878849
0.35009570958590047	-0.00027423057566446085	0.2502517338996803
0.35006350340380443	-0.0012650905309629507	0.25022425587772307
0.35004208084880845	-0.0019267917822700792	0.2502060476023039
0.35002327892748153	-0.0025102898050499284	0.2501900849945041
0.3500124973105718	-0.0028492216605393167	0.25018036401216664
0.34998405090796997	-0.0037501197772312617	0.2501545212704297
0.34997214080651856	-0.004133331185459291	0.25014315134801923
0.3499658840460984	-0.004336274148426036	0.25013704296007944
0.349954732225557	-0.0047017803245939654	0.2501259370055642
0.349944335020079	-0.005053742124662711	0.2501146213726959
0.34994070589172005	-0.005185572983899586	0.2501098171134779
0.34994035791424355	-0.005211406031258567	0.25010802442973407
0.34994089466232253	-0.00520949692439214	0.2501069319686621
0.34994144452979664	-0.005207481553078361	0.25010581128050247
0.3499421830237976	-0.005204796539235404	0.2501043485943589
0.3499425689144211	-0.005203391248572817	0.2501035801242223
0.34994326560983935	-0.0052008503829097524	0.25010218589269095
0.34994384625575936	-0.005198756979223132	0.25010107021626415
0.34994435402759233	-0.005196917457338732	0.2501000779900492
0.34994461695829066	-0.005195963155276859	0.2500995609299203
0.349945377440883	-0.005193208281547471	0.2500980756533573
0.34994610725567915	-0.005190572821286973	0.25009666629792215
0.34994661592760146	-0.005188728817458285	0.2500956709449094
0.34994688937272206	-0.005187736232425258	0.25009513354639645
0.3499473711915514	-0.00518600191970324	0.2500942139245469
0.3499480343218735	-0.005183613507365806	0.25009294580570623
0.34994854679926196	-0.005181768986878235	0.2500919683146733
0.3499491352280407	-0.005179652583306535	0.25009084889265676
0.34994959719617685	-0.005177990488109449	0.25008996922040694
0.3499498566336053	-0.005177058883972144	0.25008947856997576
0.34995052582112535	-0.005174659258783368	0.25008821922190594
0.34995119332104035	-0.005172269565872453	0.2500869703068501
0.34995146437323565	-0.005171301912312673	0.2500864681338416
0.3499520971894177	-0.005169036657121526	0.25008528487200776
0.3499523633179174	-0.0051680860860100625	0.2500847910276637
0.34995313447215093	-0.005165332928650471	0.25008336248064744
0.34995356166906055	-0.00516380522764566	0.2500825667009447
0.3499538198445913	-0.005162881460504434	0.25008208491902717
0.349954404955373	-0.0051608009154841955	0.2500810162045167
0.34995485703966267	-0.0051591902039646725	0.25008018492280093
0.34995537599232224	-0.005157341078034103	0.2500792304570113
0.34995588371102665	-0.0051594856818738405	0.2500783001331771
0.34995642921631587	-0.0051785699480673825	0.2500773055051154
0.3499571358534601	-0.005216589532606161	0.2500760277007588
0.34995816412246583	-0.005290697665500374	0.25007418068047926
0.3499597342062981	-0.005424583203937197	0.2500713598353129
0.3499605052582719	-0.005494516860019935	0.25006998062265984
0.3499624015617554	-0.005674334278758339	0.25006660817181375
0.3499639660017554	-0.00583007302341286	0.2500638160168849
0.3499656988172033	-0.006007851787867266	0.2500607188802759
0.3499672189647962	-0.006167448257625538	0.2500580210234665
0.34996982575399055	-0.006447880675898701	0.250053351525066
0.3499712503993237	-0.006603552019672346	0.25005079263568153
0.34997349013147955	-0.006852620876036983	0.25004683719072973
0.3499752898267475	-0.0070550873028266264	0.2500436369335864
0.3499773463159606	-0.0072891426074077476	0.2500399963806301
0.3499800703028177	-0.007601731312827695	0.2500351470615904
0.34998122117736175	-0.007734461898166775	0.25003308828025717
0.34998389525876794	-0.008045457484044324	0.250028330489553
0.3499859486875927	-0.008285839807517278	0.250024676275961
0.34998771198997347	-0.008492485292113647	0.2500215147795052
0.349989272778334	-0.008676768535864868	0.2500187435062966
0.34999176711128327	-0.008972003289818883	0.2500143037790118
0.3499933526773659	-0.009159566553180551	0.25001145558830257
0.34999468056311617	-0.009317335729303225	0.25000908869692756
0.3499958663238766	-0.009458398799669851	0.250006980224069
0.3499965543818697	-0.009540392352171814	0.2500057631551701
0.34999808269911475	-0.009722295123396382	0.2500030458792476
0.3499993678998755	-0.009875175019987317	0.25000076218372785
0.3500000196870969	-0.009952557432630613	0.2499995982992905
0.3500004503350441	-0.010003837056395307	0.24999882150517885
0.3500006642622427	-0.010029552072913464	0.2499984312496183
0.3500006930384393	-0.010033447536566473	0.2499983726219662
0.3500006846824794	-0.010033119705523355	0.24999837773077413
0.350000674222076	-0.010032694197201306	0.24999838675835728
0.3500006696784312	-0.010032509619068194	0.24999839058768666
0.3500006591807263	-0.010032066956610033	0.24999840284495925
0.350000653215895	-0.01003180976552799	0.2499984109846714
0.3500006421597521	-0.010031350188284091	0.24999842233662822
0.35000063491726324	-0.010031036049719763	0.2499984325422609
0.35000062873066895	-0.01003077389820646	0.24999843992226672
0.3500006218304621	-0.010030477301130145	0.24999844903817878
0.35000061543433536	-0.01003019625131292	0.2499984587812551
0.35000060914686115	-0.01002991789742487	0.2499984687912506
0.3500005998287572	-0.010029510402552302	0.24999848254384072
0.3500005931365012	-0.010029214508984599	0.24999849310017938
0.35000058758452746	-0.010028968246857187	0.24999850201984453
0.35000058210208707	-0.010028724086321592	0.24999851103301976
0.35000057626253556	-0.010028459460466252	0.24999852159288685
0.3500005674286812	-0.010028061038369049	0.24999853716207832
0.35000056198230134	-0.010027813575097064	0.2499985471407012
0.3500005558942016	-0.010027535140297542	0.24999855867298953
0.3500005527711496	-0.010027391513406106	0.2499985647546654
0.35000054525760804	-0.010027051230770148	0.24999857828311758
0.35000053777005724	-0.010026714642814086	0.249998591238393
0.35000053357104266	-0.010026521638106953	0.24999859939062083
0.3500005278796592	-0.010026256328676333	0.24999861121102568
0.3500005233439223	-0.010026045783435425	0.24999862044400117
0.35000051572055396	-0.01002569161791518	0.24999863601918987
0.3500005085078975	-0.01002535287442581	0.24999865150921996
0.3500005036636711	-0.010025128850140216	0.24999866119055056
0.35000049856568904	-0.010024887570520766	0.24999867251677999
0.35000049143619727	-0.01001074470749734	0.24999869445563305
0.3500004609693728	-0.009924537378403472	0.24999879043937834
0.3500003037322397	-0.00961214658918609	0.24999923436520863
0.35000010679145316	-0.009280909245505412	0.24999978401316983
0.3499997694616922	-0.008886438238877373	0.2500006387060349
0.34999928186130314	-0.008324006032391737	0.2500018985294047
0.34999858304468223	-0.00775052444881176	0.2500035932802265
0.3499977679969465	-0.007091863155082076	0.25000559635895403
0.34999623426140897	-0.006091895193588562	0.2500092807767467
0.3499943252925408	-0.004872400854114015	0.250013936410334
0.34999318300660087	-0.004021082093631265	0.2500168175569835
0.34999093598388364	-0.0027934707441665124	0.25002231400303143
0.34999004463396705	-0.0021589378066819015	0.2500245830140051
0.34998738323358725	-0.0005435156255784585	0.2500312902592805
0.34998332205809485	0.001421680308021006	0.25004141440303357
0.3499811137669221	0.002792097351635034	0.2500471195462357
0.34997970469569506	0.003596397237609253	0.2500507571859174
0.3499766468418103	0.005195926717601537	0.25005864922857846
0.34997290478220927	0.006652702589470774	0.25006815155576445
0.3499664223961016	0.009593493122044924	0.2500850510900543
0.3499632874337629	0.010753991795380294	0.250093219275303
0.34995827707665705	0.012384123393784544	0.25010627387016493
0.34995222914363766	0.014848480427275948	0.25012244013245455
0.34994806876016593	0.016675268920029504	0.25013372513254195
0.3499439402771264	0.018626701922842062	0.25014509860600237
0.3499380353266033	0.020794528876194804	0.2501613483950692
0.34993185855902015	0.02300348712301699	0.250178517106344
0.34992598454263557	0.025524974364532896	0.2501951555148246
0.3499237097228357	0.02676034987537064	0.2502017307029417
0.3499192290443737	0.028720054548251148	0.2502146999933629
0.3499095297464221	0.031798174086235295	0.2502427660368509
0.3499030677505546	0.03428432328915283	0.25026186736447437
0.34989530197620927	0.03732687841030126	0.25028517618583446
0.3498930562463314	0.03905952365201386	0.2502921059925821
0.349887515123523	0.04162280064915343	0.2503092222375233
0.3498842286025622	0.042865121183007435	0.2503194040471984
0.3498750992020524	0.04686653834577832	0.25034807591213426
0.34987176120008856	0.04835354888925665	0.25035874688704274
0.34986648068146453	0.050578767371362174	0.2503757760634089
0.3498612240329295	0.05271185488080775	0.2503928759700735
0.34985414411063137	0.05571993040905805	0.25041620758163385
0.3498504420942753	0.05775523092545794	0.2504285983331764
0.3498436864155237	0.061142103409423734	0.250451550084541
0.3498384596410261	0.06345691127773385	0.2504695422287728
0.34983563714321614	0.06508834316239263	0.250479335695954
0.34983053213526616	0.06785785615721014	0.25049733519886636
0.3498276073086327	0.06918866384947077	0.2505077291914569
0.3498215334640144	0.07313511223227255	0.2505296297585641
0.3498179789209869	0.07527045732060746	0.2505427054522193
0.3498157121890705	0.07665123233477687	0.2505511154086705
0.34981296231074316	0.07865549433507098	0.25056141965797546
0.3498077305420639	0.08177360177962163	0.250581400643895
0.3498027669531578	0.08489512837839495	0.25060073375111047
0.34980145375363314	0.08616419332274743	0.25060594720311147
0.3497995924992548	0.08869571577868605	0.2506134820990447
0.34979843709871056	0.08985851742128075	0.25061826060763737
0.34979537135789984	0.09246528907333325	0.2506311091931547
0.34979328767962065	0.0951349826705127	0.2506402977073885
0.34979177616809715	0.09681458032258426	0.2506471704175644
0.3497901126021849	0.09845499196957126	0.25065488289328564
0.3497886210227565	0.10011822767692292	0.25066212068504323
0.3498638155854789	0.10257905718661543	0.2506231855439183
0.3501667039951546	0.1042705306784641	0.25043439362010467
0.35067896756810635	0.1059861888629997	0.2501191895674088
0.3514087642839982	0.10774078453675139	0.24966001963070056
0.35233411892445077	0.10953433090595326	0.2490889514733016
0.35395932555229187	0.112160037878639	0.2480818987931078
0.3552481747006765	0.11395175801403694	0.24729589731660015
0.3564161646791034	0.1154370313206836	0.24657561462015476
0.3581504090333105	0.1174486736821901	0.24550539325034254
0.36120222263854923	0.12065875600816135	0.24361582669624082
0.3632993784921375	0.12269175699855293	0.24234113258840792
0.3656161587785246	0.12480262595320758	0.24085613098900843
0.36786992076295255	0.1267556295980674	0.23948584127344485
0.37023369176023213	0.12872801646013726	0.23801293519053263
0.3739962604071661	0.1317161901039367	0.23567605003159547
0.3771128253264763	0.13408546795485587	0.2336601114091137
0.3799833207933506	0.13619223948805653	0.23180825157177534
0.3827133526493525	0.1381495884237945	0.2301238701257899
0.3857606142445123	0.14027312335974823	0.22814325169613195
0.3904470570648591	0.14345218542658972	0.2250966811090509
0.39398843675905953	0.1457802773910929	0.22275160712709113
0.39658445997180286	0.14745922875385475	0.22098768314069783
0.3995186925471317	0.14932835880712575	0.2190361384953693
0.40265577220961135	0.15129631275883448	0.21695794343002842
0.4074665538226766	0.15423949903188494	0.21365397271093706
0.4128852512052643	0.15748523073421544	0.20992248125942667
0.4166914581344877	0.15971330074300782	0.2072425081344743
0.4202725700416504	0.16178243360761368	0.20471745690850254
0.42215142030752745	0.1628603243008761	0.20339994032875475
0.4257615413078849	0.16491602079722095	0.2008678407844694
0.43152381582279375	0.1681143437527558	0.19669968368141538
0.4356525048407898	0.17036087264785638	0.19370526823302014
0.43987094412942407	0.17261790771601598	0.19059133996886204
0.44358550363691396	0.17458318994071093	0.18781007819091433
0.44724937951735455	0.17647570284948055	0.18497949112544423
0.4505653094619762	0.1781759420552826	0.18238330417876764
0.45529481372155356	0.1805612405906566	0.17857850921287155
0.45705459544493465	0.18143748971032886	0.17716682265610656
0.46024500513299604	0.1830114290939583	0.17459023821282227
0.4645993889668322	0.18510652331358857	0.1709050514591856
0.46959255808528355	0.18747525202114873	0.16650368621966752
0.4724718138114806	0.1888165150649745	0.1639146746898087
0.47412325444371106	0.18958025013824864	0.1623790139257575
0.4772053818081514	0.19098609400727568	0.15943689188236637
0.4808750751595066	0.1926379232677765	0.15581656281564227
0.48457911797295783	0.19428176254905932	0.15195875585669127
0.48705398006424705	0.19536964405532287	0.14924528869268266
0.488253243661118	0.19589542201065396	0.14787415024195089
0.49056878761576167	0.19689508673216144	0.14517024881591928
0.4926403443159063	0.1977833501621708	0.14260342146555455
0.4954345149308454	0.1989699788929546	0.13887172381950297
0.4978662556089974	0.20000587361400185	0.1351822269654958
0.4993253540914255	0.20061695767071924	0.13274830792786996
0.5005812147601687	0.2011365971802555	0.13046373101120673
0.5012319741463948	0.20140619290886924	0.12913330568051412
0.5029195114836773	0.20210977315614215	0.12487698710042244
0.5036544987700541	0.2024101887062434	0.12244912428895705
0.5040682109514837	0.20257507685854265	0.12040651698530086
0.5043006094794951	0.20266259982772755	0.1184285122857871
0.5043474437950219	0.20266643723656408	0.1162583659469093
0.5042721628244435	0.20261394792649284	0.11368910603866111
0.5042344806265793	0.20258847922770423	0.11228962483388205
0.5041768874835609	0.2025480717463764	0.11026292216849448
0.5040928299071563	0.20248820902701659	0.10731186765583817
0.5040398502433574	0.20245129179878718	0.10531430597891284
0.5039605149479961	0.20239603762771574	0.10226071500091372
0.5039049069199577	0.20235679402860945	0.10014740556029528
0.5038511688576652	0.20231880873213193	0.09808756429650028
0.5038126893287687	0.20229181017546022	0.09658172506655605
0.5037462996660155	0.20224709056544155	0.09373637591642303
0.5036635769230323	0.20218823463634494	0.09057718810685361
0.5036145531894013	0.20215509859501501	0.0884650994268274
0.5035828157811065	0.20213355904996677	0.08711582042055394
0.5035008069906514	0.20207717937509767	0.08373243722665585
0.503439992860856	0.20203492066939982	0.08130956043464266
0.5033637213843524	0.2019831327785223	0.07811067894152651
0.5033304570767883	0.20195983051195038	0.07684757552779958
0.5032619735574979	0.20191439463695376	0.07384875999731166
0.5032051402520915	0.20187595664404828	0.07152822200965225
0.5031503701819539	0.20183897379626708	0.06931198163167329
0.5030713175776115	0.20178579234962096	0.06614672066773197
0.5030414009179781	0.20176553440044176	0.06499975798621266
0.5029693219120429	0.20171834914147224	0.06196560446469168
0.5028960282171562	0.20167033396836676	0.05898986869725842
0.5028518370731616	0.2016427983407892	0.05691796914140479
0.5028231110449186	0.20162439062324466	0.055716855094298356
0.5027587355660297	0.201583974982804	0.05288429566131225
0.5027085670842454	0.20155219387711593	0.05080547673693603
0.5026570220500458	0.20152050030046592	0.048492100334850685
0.50258974498709	0.2014790292124155	0.04560167510690605
0.5025459144494587	0.20145226033882685	0.04370857966019698
0.5024999327998959	0.2014237308521511	0.04192295838048038
0.5024246922770423	0.2013773534624564	0.03900526333059473
0.5023811480230167	0.20135137868414454	0.037143996354298436
0.5023329154579307	0.20132261555049835	0.03516284356706345
0.5022925842728013	0.2012986677548051	0.03353133184964047
0.502236551166412	0.20126598862871042	0.031148202877515074
0.5022107513875376	0.20125096248011992	0.03009118679149314
0.5021535531470492	0.20121779150985403	0.02779855149904298
0.5021169512534376	0.2011968518735482	0.026279820886726035
0.5020940901003758	0.2011838512436931	0.025338066877064913
0.5020420935081445	0.20115462047495775	0.023132513175553815
0.5019982349602377	0.20113044153877646	0.021175432064445554
0.5019640404975455	0.20111133051171093	0.019882161847924795
0.5019294563988926	0.20109228605674928	0.018482228306600568
0.5019024173902604	0.2010775538996265	0.017367116902190283
0.5018586533408439	0.20105377525902463	0.015656977004407435
0.5018275061286779	0.201036953141497	0.01449553699424494
0.5018069843437342	0.20102599289998951	0.013675190986790653
0.501782939750079	0.20101319214462876	0.0127897505505149
0.5017623115986296	0.2010022622540551	0.012014387960427364
0.5017275738012164	0.20098399199910505	0.010836698799362776
0.5017066229243362	0.20097303064860356	0.010185615823295802
0.5016878155791727	0.20096323916373227	0.00963407301123076
0.5016742537088723	0.2009562664065414	0.00927468196313569
0.5016564591518625	0.20094710106585056	0.008832641112574535
0.501630429426891	0.2009337255812581	0.008293404241657198
0.5016130744500905	0.20092492111494004	0.008007597791739263
0.5015899297631259	0.20091338608021575	0.00775161031842303
0.5015756060433949	0.20090626934308792	0.007679576512100328
0.5015504684634365	0.20089413636078907	0.007638237020450689
0.5015357882488434	0.20088650267192149	0.0076138108379555924
0.501521846751627	0.2008792836874111	0.007590636948631546
0.5015021584308129	0.20086961462637276	0.007558259332438699
0.5014865642444273	0.20086152201162027	0.00753233428960387
0.5014717222123599	0.20085396439109482	0.007507758481757221
0.501457718237967	0.20084668872060585	0.007484477263309697
0.501450458765629	0.2008429191692136	0.007472410887752967
0.5014268338020682	0.2008302403853222	0.007432871589768741
0.5014103498346069	0.20082147785120502	0.007405342846560081
0.5013975933559806	0.2008146627690054	0.007384017652279917
0.5013838421049435	0.200807251624343	0.0073609874435972
0.5013713074863404	0.20080055368301336	0.00734003512846737
0.5013572161506169	0.2007929879264686	0.007316457595312409
0.5013389678786376	0.2007829844731419	0.0072857858365223405
0.5013313159158368	0.20077876230225927	0.0072729060297866965
0.501314488229108	0.20076951788020464	0.007244610804345519
0.5013032495580733	0.20076328060779863	0.007225670365245018
0.5012857107654696	0.20075362704657168	0.007196169286146914
0.5012736201621754	0.20074696915689222	0.007175831042282255
0.5012622477228933	0.20074058712338982	0.007156617876752147
0.5012502885545835	0.2007338905571744	0.007136424267676633
0.5012361803101141	0.20072604961023038	0.007112644133064339
0.501227638692194	0.20072124432530097	0.00709820616811363
0.5012166843155738	0.20071506087350455	0.0070796755662704824
0.5012038288691779	0.20070783957949928	0.007057954515489573
0.501183781198024	0.20069651604631872	0.007024038067316218
0.5011728180456936	0.20069031321713976	0.0070054838126384356
0.5011623364246289	0.20068438559174678	0.0069877468126738895
0.5011538150524643	0.2006795788359516	0.0069733360480220274
0.5011365875458611	0.2006697474011685	0.006944120747440885
0.501126454192919	0.20066397067621566	0.00692694091123619
0.5011158950622293	0.20065801046701653	0.006909082489120644
0.5011050643658449	0.20065180598162646	0.0068906989407658825
0.5010952541637734	0.20064615594572816	0.0068740257121629456
0.5010845567397559	0.20064008367416308	0.006855909760743295
0.5010709644096498	0.20063229095554458	0.006832835118453506
0.5010605622202458	0.2006263172805962	0.0068151691094277544
0.5010498236596315	0.20062015436219405	0.006796934992301162
0.5010400548650719	0.20061453048147831	0.006780334736712357
0.501024991203205	0.2006058096991974	0.00675470108473436
0.5010154361724453	0.2006003125801098	0.0067384673340809
0.5010092719563045	0.20059674762255725	0.006727980678727763
0.5010007115087365	0.20059178868857352	0.006713411498782351
0.5009839724675744	0.20058208813446488	0.006684920358913382
0.5009754406032446	0.2005771503938435	0.006670403652579371
0.5009655862098372	0.200571438034085	0.0066536298534641825
0.5009566403249429	0.20056622491026543	0.006638381804789539
0.5009473992860926	0.2005608329915074	0.006622625574117524
0.500940500768098	0.20055682451057266	0.006610876161937229
0.5009261713215293	0.20054844513926212	0.0065864300717558555
0.5009172222346883	0.20054321654543117	0.006571166445247301
0.5009090692165663	0.20053846716370316	0.006557271542015963
0.5009010126478292	0.2005337566621721	0.006543527690688777
0.5008884795750428	0.20052642325549225	0.0065221430370026034
0.5008833242029292	0.2005234072325584	0.006513347078147047
0.5008726899696645	0.2005171671200231	0.00649518857393
0.500864590095456	0.2005124306459083	0.006481370596056246
0.5008531332215133	0.2005057097396291	0.006461808977589134
0.5008450005351215	0.20050091158450556	0.00649164176325695
0.5008380077904155	0.20049671477888076	0.0067275282990992835
0.5008309732103521	0.20049242284691643	0.00726901502751176
0.5008231407749705	0.20048776455378664	0.008110112849548712
0.5008110773404219	0.2004808447567239	0.009651714923690324
0.5008038222637731	0.20047708109274315	0.01050629537029829
0.500794397261968	0.20047187734775757	0.011895947541999963
0.5007797078538604	0.20046444934696117	0.013681858149973913
0.5007523619636182	0.20045050575880297	0.017204827584916982
0.5007401522362562	0.2004445012888082	0.01857512535001621
0.5007138873919952	0.20043198648187566	0.02105931108783976
0.5006828100786023	0.200416113808083	0.024983087088707556
0.5006696932286704	0.20040929440525768	0.026698541251369945
0.500640737573731	0.20039496703855447	0.029518059400071517
0.5005818072180961	0.20036536719510045	0.03530571118569775
0.5005440807816329	0.20034605025924812	0.038973779654599416
0.5005273447705225	0.20033722935499526	0.04078688643085632
0.5004732294205367	0.20030911681172092	0.04561970947006011
0.500425530462917	0.2002842186390848	0.04952080318298929
0.5003534243959713	0.2002460152978921	0.055070685727126756
0.5003127007945044	0.2002234202705142	0.05906107686996748
0.5002676487897563	0.20019817100366494	0.06295937304679144
0.5002069631644452	0.20016427376621831	0.06745499265471683
0.5001330554160562	0.2001218713181938	0.07316943775439799
0.5000969642246917	0.20010079249678975	0.07577966638673356
0.5000160943921407	0.2000523456057322	0.0820117914182748
0.49998282396530896	0.2000306636998483	0.08622480433657781
0.4999407698255047	0.20000290681668859	0.0908499533413748
0.49986242571948525	0.19995206934944304	0.09685989467242873
0.49981342279687646	0.1999190145972331	0.101334028003498
0.4997900798278388	0.19990260967987333	0.10367277084243215
0.49967969391632217	0.19982490760184163	0.11243159951454351
0.4996156961905492	0.19977841990241668	0.11727288823886939
0.4995741274295805	0.19974661986602982	0.12112561907728037
0.4995296660490756	0.1997111855564862	0.12590422330967493
0.49950139783266606	0.19968704692033512	0.12969070711421743
0.49943230066582506	0.19962836572753417	0.13641727371750162
0.49940633087747677	0.1996056583296148	0.13899493511532418
0.4993736644792898	0.1995749296872789	0.1433448941350639
0.4993309830523349	0.19953334197837913	0.14884507192901653
0.49931060558003815	0.1995132008533666	0.15110984597637933
0.49926843122609765	0.1994682357240553	0.15718056331556002
0.49922655314818165	0.1994220929338456	0.1622765172814714
0.4992042086013412	0.19939538711197746	0.16572889896170492
0.4991885144436213	0.19937423714132874	0.16906554080627
0.4991524979074812	0.1993279120277201	0.17386770912209787
0.4991360571634256	0.19930363458669875	0.17702064492695754
0.49912088558762147	0.1992797619370481	0.18002475161144088
0.49910540756086486	0.19925438808415014	0.1828906252929952
0.49908875434607947	0.19922304769930377	0.18677549458285306
0.4990837491978306	0.19920872259752836	0.1892070805080579
0.49908141771306186	0.19919886567526213	0.1910401509190947
0.49907989960448296	0.1991871665238315	0.19335133589568398
0.4990821728217334	0.19918135539675147	0.19528599182563516
0.4990851388153567	0.19917695275048075	0.19684255338690101
0.4990888550424878	0.19917283923174056	0.19829896227774585
0.4990955387363176	0.19917154382875835	0.1997304817615285
0.49910204369258726	0.19917375625761924	0.20051833182943696
0.4991086353359123	0.19917784239046893	0.2010148900116932
