0.349999994960031	0.14999999688855992	0.20000000468132828
0.349999994960031	0.14999999688855992	0.20000000468132828
0.34999999505860274	0.1499999969494072	0.2000000045899244
0.3499999952045592	0.14999999703950484	0.2000000044545788
0.3499999952659204	0.14999999707738254	0.20000000439767818
0.34999999540990623	0.14999999716626428	0.200000004264158
0.34999999547455035	0.1499999972061683	0.20000000420421152
0.3499999956250862	0.14999999729909302	0.20000000406461466
0.349999995745051	0.14999999737314668	0.2000000039533662
0.34999999591694697	0.14999999747925707	0.2000000037939563
0.34999999602149573	0.14999999754379478	0.20000000369700094
0.3499999961326913	0.14999999761243538	0.2000000035938803
0.34999999624770856	0.149999997688395	0.20000000348399083
0.3499999964248069	0.14999999779275752	0.20000000332297335
0.3499999965390993	0.1499999978633098	0.2000000032169772
0.3499999966592252	0.14999999793746305	0.20000000310556945
0.3499999967587763	0.14999999799891567	0.2000000030132431
0.34999999693758393	0.14999999810929304	0.2000000028474098
0.34999999705871215	0.14999999818406556	0.20000000273506902
0.34999999717962105	0.14999999825870242	0.20000000262293013
0.3499999973105456	0.14999999833952182	0.20000000250150016
0.34999999743596244	0.14999999841694156	0.20000000238517757
0.34999999755025063	0.14999999848749124	0.2000000022791749
0.349999997730447	0.14999999859872637	0.20000000211203955
0.3499999978424729	0.14999999866787933	0.2000000020081316
0.3499999979133177	0.14999999871161207	0.2000000019424197
0.3499999980728316	0.14999999881008025	0.2000000017944603
0.3499999981761275	0.1499999988738447	0.20000000169864576
0.3499999983453299	0.14999999897829397	0.20000000154169403
0.34999999845407986	0.1499999990454255	0.2000000014408158
0.34999999855607833	0.14999999910838996	0.20000000134619833
0.3499999986559554	0.1499999991700443	0.20000000125354722
0.34999999880577626	0.1499999992625296	0.20000000111456145
0.34999999886577027	0.1499999992995642	0.20000000105890497
0.34999999900729756	0.14999999938693065	0.20000000092760584
0.3499999990993882	0.14999999944377912	0.2000000008421686
0.34999999919204594	0.14999999950097775	0.20000000075620186
0.34999999928487785	0.14999999951649773	0.20000000068490967
0.34999999938595494	0.1499999996206805	0.20000000057628317
0.3499999994655233	0.14999999966979904	0.200000000502451
0.34999999953461586	0.14999999971245093	0.20000000043833605
0.3499999996029902	0.14999999975465989	0.20000000037488408
0.3499999996701306	0.14999999979610723	0.20000000031257287
0.34999999974824214	0.14999999984432805	0.2000000002400708
0.34999999980137997	0.1499999998771318	0.20000000019074451
0.3499999998271653	0.14999999989304968	0.20000000016680664
0.3499999998916068	0.14999999993283225	0.20000000010697394
0.34999999994320574	0.14999999996468677	0.20000000005905125
0.34999999997285025	0.1499999999829883	0.2000000000315097
0.34999999999549125	0.14999999999696645	0.2000000000104642
0.3500000000232393	0.1500000000140989	0.19999999998465118
0.3500000000341842	0.15000000002085745	0.19999999997444903
0.35000000003932763	0.15000000002403469	0.1999999999696256
0.3500000000395757	0.15000000002419084	0.19999999996933882
0.35000000003908543	0.15000000002389136	0.19999999996971835
0.35000000003874143	0.15000000002368086	0.1999999999699847
0.350000000038401	0.15000000002347258	0.19999999997024837
0.3500000000378791	0.150000000023153	0.19999999997065254
0.3500000000376811	0.15000000002303204	0.19999999997080545
0.3500000000371999	0.15000000002273728	0.1999999999711784
0.35000000003697573	0.15000000002259994	0.19999999997135195
0.3500000000365029	0.1500000000223105	0.19999999997171813
0.3500000000359932	0.15000000002199865	0.1999999999721127
0.35000000003566145	0.1500000000217961	0.19999999997236959
0.3500000000353468	0.15000000002160346	0.19999999997261317
0.35000000003500636	0.15000000002139563	0.19999999997287635
0.3500000000346842	0.1500000000211985	0.199999999973126
0.3500000000342544	0.15000000002093616	0.19999999997345858
0.35000000003393905	0.15000000002074387	0.19999999997370277
0.3500000000336133	0.15000000002054475	0.19999999997395515
0.35000000003314363	0.15000000002025782	0.1999999999743185
0.3500000000328383	0.15000000002007147	0.19999999997455511
0.35000000003253534	0.1500000000198864	0.1999999999747893
0.3500000000322481	0.15000000001971098	0.19999999997501172
0.3500000000319383	0.1500000000195208	0.19999999997525159
0.35000000003152987	0.150000000019271	0.199999999975568
0.35000000003125226	0.15000000001910135	0.1999999999757831
0.35000000003096465	0.15000000001892577	0.19999999997600554
0.3500000000306669	0.15000000001874336	0.19999999997623602
0.350000000030397	0.15000000001857816	0.19999999997644502
0.35000000003001974	0.1500000000183473	0.19999999997673715
0.3500000000298629	0.15000000001825153	0.19999999997685863
0.3500000000293394	0.1500000000179315	0.19999999997726362
0.35000000002908105	0.15000000001777347	0.19999999997746376
0.35000000002880144	0.15000000001760228	0.1999999999776799
0.3500000000285476	0.150000000017447	0.19999999997787637
0.35000000002816034	0.15000000001721037	0.19999999997817636
0.350000000028025	0.15000000001712815	0.19999999997828077
0.35000000002777826	0.15000000001697733	0.19999999997847187
0.3500000000274342	0.15000000001676683	0.1999999999787383
0.3500000000271716	0.15000000001660674	0.19999999997894158
0.35000000002691034	0.1500000000164472	0.19999999997914386
0.35000000002654535	0.1500000000162242	0.19999999997942677
0.3500000000263857	0.1500000000161269	0.19999999997955067
0.3500000000260584	0.15000000001592728	0.19999999997980406
0.35000000002581816	0.15000000001578045	0.1999999999799898
0.3500000000255909	0.15000000001564134	0.19999999998016588
0.35000000002523285	0.15000000001542235	0.1999999999804427
0.3500000000250015	0.15000000001528074	0.1999999999806224
0.35000000002485127	0.15000000001518848	0.19999999998073892
0.3500000000244547	0.15000000001494612	0.19999999998104603
0.3500000000242292	0.15000000001480857	0.19999999998122073
0.35000000002400605	0.15000000001467256	0.19999999998139317
0.35000000002378534	0.15000000001453784	0.1999999999815643
0.35000000002355713	0.1500000000143984	0.19999999998174137
0.3500000000232466	0.150000000014209	0.19999999998198165
0.35000000002304177	0.15000000001408353	0.19999999998213983
0.35000000002283876	0.15000000001395974	0.19999999998229706
0.3500000000226374	0.1500000000138365	0.19999999998245305
0.35000000002232035	0.15000000001364244	0.19999999998269824
0.35000000002212384	0.15000000001352276	0.1999999999828505
0.350000000021911	0.15000000001339275	0.19999999998301507
0.35000000002171755	0.15000000001327435	0.19999999998316473
0.35000000002161324	0.15000000001321062	0.1999999999832454
0.3500000000212335	0.15000000001297886	0.19999999998353946
0.35000000002104703	0.15000000001286506	0.19999999998368392
0.3500000000209288	0.1500000000127929	0.19999999998377588
0.3500000000206362	0.15000000001261388	0.19999999998400286
0.35000000002116605	0.15000000001287372	0.1999999999841433
0.3500000000201849	0.15000000001233776	0.1999999999843521
0.3500000000199906	0.15000000001221925	0.19999999998450207
0.3500000000198065	0.15000000001210617	0.1999999999846452
0.3500000000196163	0.15000000001199004	0.19999999998479237
0.3500000000194434	0.15000000001188485	0.19999999998492624
0.3500000000185631	0.15000000001335967	0.19999999998441575
0.3500000000189945	0.15000000001161096	0.19999999998527318
0.35000000001883447	0.15000000001151298	0.19999999998539705
0.3500000000186683	0.15000000001141106	0.1999999999855257
0.350000000018496	0.15000000001130576	0.19999999998565898
0.3500000000182524	0.15000000001115676	0.1999999999858476
0.35000000001808373	0.1500000000110538	0.19999999998597778
0.3500000000179319	0.1500000000109611	0.19999999998609544
0.35000000001783116	0.15000000001089936	0.19999999998617363
0.35000000001751186	0.15000000001070418	0.1999999999864212
0.35000000001733655	0.15000000001059693	0.19999999998655735
0.35000000001725307	0.15000000001054598	0.1999999999866217
0.35000000001708115	0.15000000001044073	0.19999999998675516
0.3500000000169442	0.15000000001035718	0.19999999998686113
0.35000000001666004	0.15000000001018376	0.19999999998708085
0.3500000000164929	0.15000000001008196	0.19999999998721013
0.3500000000163481	0.15000000000999353	0.19999999998732268
0.3500000000162108	0.15000000000990987	0.1999999999874294
0.3500000000159904	0.15000000000977531	0.1999999999875997
0.35000000001583004	0.1500000000096774	0.19999999998772364
0.3500000000156841	0.15000000000958835	0.19999999998783652
0.35000000001560244	0.15000000000953811	0.19999999998790005
0.3500000000154032	0.15000000000941655	0.19999999998805423
0.3500000000152673	0.15000000000933345	0.19999999998815932
0.3500000000150482	0.15000000000920016	0.19999999998832918
0.35000000001489745	0.15000000000910807	0.1999999999884458
0.3500000000148077	0.15000000000905306	0.1999999999885152
0.3500000000146303	0.15000000000894465	0.19999999998865248
0.35000000001448905	0.15000000000885838	0.19999999998876167
0.3500000000143779	0.15000000000879132	0.19999999998884713
0.3500000000141543	0.15000000000865377	0.19999999998902052
0.35000000001402415	0.1500000000085745	0.19999999998912138
0.35000000001389514	0.15000000000849567	0.19999999998922136
0.35000000001381765	0.1500000000084481	0.19999999998928164
0.3500000000135855	0.15000000000843605	0.1999999999893848
0.350000000013499	0.15000000000825303	0.19999999998952878
0.35000000001333187	0.150000000008151	0.19999999998965817
0.3500000000132575	0.15000000000810548	0.19999999998971585
0.3500000000130985	0.15000000000800895	0.19999999998983872
0.35000000001293124	0.1500000000079068	0.19999999998996812
0.3500000000128072	0.1500000000078311	0.19999999999006446
0.35000000001273507	0.1500000000077878	0.1999999999901203
0.35000000001260273	0.1500000000077064	0.19999999999022286
0.35000000001250187	0.15000000000764457	0.199999999990301
0.3500000000123075	0.1500000000075261	0.19999999999045182
0.35000000001216	0.15000000000743635	0.19999999999056597
0.3500000000120483	0.15000000000736824	0.1999999999906527
0.35000000001194737	0.15000000000730607	0.1999999999907314
0.3500000000118367	0.15000000000723795	0.19999999999081783
0.35000000001165243	0.15000000000712527	0.19999999999096077
0.35000000001152554	0.15000000000704805	0.19999999999105914
0.35000000001144654	0.15000000000699942	0.19999999999112028
0.3500000000111757	0.15000000000683433	0.19999999999133028
0.3500000000110215	0.1500000000067402	0.1999999999914496
0.3500000000108307	0.15000000000662383	0.1999999999915969
0.3500000000106691	0.15000000000652491	0.1999999999917222
0.35000000001055104	0.1500000000064527	0.19999999999181356
0.3500000000102817	0.15000000000628788	0.19999999999202175
0.3500000000099915	0.15000000000611052	0.19999999999224685
0.35000000000985954	0.15000000000602992	0.19999999999234908
0.3500000000096706	0.15000000000591462	0.19999999999249546
0.35000000000945936	0.15000000000578534	0.19999999999265944
0.35000000000915693	0.15000000000559982	0.19999999999289408
0.35000000000885584	0.1500000000054154	0.19999999999312737
0.3500000000085967	0.15000000000525704	0.19999999999332785
0.3500000000084759	0.15000000000518315	0.19999999999342172
0.35000000000823206	0.15000000000503433	0.19999999999361076
0.3500000000078907	0.15000000000482516	0.19999999999387508
0.3500000000075443	0.15000000000461305	0.19999999999414303
0.35000000000729065	0.1500000000044578	0.1999999999943397
0.35000000000714204	0.15000000000436686	0.19999999999445475
0.3500000000068212	0.15000000000417052	0.19999999999470408
0.3500000000065638	0.15000000000401326	0.19999999999490384
0.3500000000061972	0.15000000000378905	0.19999999999518797
0.35000000000605713	0.15000000000370345	0.19999999999529672
0.35000000000570053	0.1500000000034853	0.1999999999955724
0.35000000000543163	0.1500000000033211	0.19999999999578055
0.35000000000521847	0.15000000000319036	0.1999999999959466
0.35000000000478426	0.15000000000343156	0.19999999999605736
0.350000000004647	0.15000000000284108	0.19999999999638973
0.35000000000441694	0.15000000000270008	0.1999999999965682
0.3500000000041887	0.15000000000256053	0.1999999999967449
0.3500000000040546	0.15000000000247898	0.19999999999684862
0.3500000000036013	0.15000000000220215	0.1999999999972002
0.3500000000033746	0.15000000000206332	0.1999999999973757
0.35000000000322923	0.15000000000197455	0.19999999999748846
0.350000000002944	0.1500000000017998	0.19999999999771007
0.35000000000273035	0.15000000000166952	0.19999999999787552
0.3500000000024046	0.150000000001471	0.19999999999812784
0.35000000000229003	0.15000000000140112	0.1999999999982163
0.35000000000200926	0.15000000000122943	0.19999999999843382
0.35000000000182185	0.15000000000111474	0.19999999999857893
0.3500000000016247	0.1500000000009944	0.19999999999873178
0.35000000000136783	0.15000000000083724	0.19999999999893142
0.35000000000128123	0.15000000000078423	0.19999999999899826
0.35000000000106235	0.15000000000065067	0.19999999999916782
0.3500000000009849	0.15000000000060332	0.1999999999992279
0.3500000000007436	0.15000000000045616	0.1999999999994149
0.35000000000063225	0.1500000000003882	0.19999999999950124
0.3500000000004772	0.1500000000002934	0.19999999999962145
0.3500000000003715	0.15000000000022884	0.1999999999997036
0.3500000000002699	0.1500000000001669	0.1999999999997825
0.35000000000018144	0.1500000000001126	0.19999999999985094
0.3500000000000722	0.15000000000004576	0.1999999999999359
0.35000000000001497	0.15000000000001057	0.19999999999998047
0.3499999999999709	0.14999999999998348	0.2000000000000149
0.3499999999999486	0.1499999999999696	0.20000000000003226
0.34999999999990483	0.149999999999942	0.20000000000006662
0.3499999999998967	0.14999999999993685	0.20000000000007317
0.34999999999989423	0.1499999999999353	0.2000000000000752
0.3499999999998889	0.14999999999993224	0.20000000000007948
0.34999999999988457	0.1499999999999299	0.2000000000000828
0.3499999999998825	0.1499999999999294	0.2000000000000845
0.3499999999998816	0.14999999999992925	0.20000000000008508
0.34999999999987963	0.14999999999992875	0.20000000000008616
0.3499999999998794	0.1499999999999283	0.20000000000008686
0.34999999999987974	0.14999999999992886	0.20000000000008675
0.34999999999988096	0.14999999999993008	0.20000000000008608
0.34999999999988274	0.1499999999999314	0.20000000000008503
0.3499999999998848	0.14999999999993258	0.2000000000000837
0.3499999999998877	0.14999999999993457	0.20000000000008158
0.34999999999988984	0.14999999999993574	0.20000000000008022
0.34999999999989245	0.14999999999993696	0.2000000000000786
0.3499999999999057	0.14999999999994407	0.2000000000000754
0.3499999999999027	0.1499999999999423	0.2000000000000723
0.3499999999999053	0.1499999999999439	0.2000000000000706
0.34999999999991044	0.14999999999994756	0.20000000000006635
0.34999999999991704	0.14999999999995223	0.20000000000006118
0.34999999999991965	0.14999999999995356	0.20000000000005966
0.34999999999992437	0.14999999999995617	0.20000000000005635
0.34999999999993125	0.14999999999996017	0.20000000000005153
0.3499999999999359	0.14999999999996272	0.20000000000004847
0.3499999999999418	0.14999999999996616	0.20000000000004456
0.3499999999999496	0.1499999999999712	0.2000000000000391
0.34999999999995285	0.14999999999997338	0.20000000000003715
0.34999999999995957	0.14999999999997726	0.2000000000000322
0.3499999999999641	0.14999999999997993	0.20000000000002885
0.3499999999999667	0.1499999999999812	0.20000000000002677
0.3499999999999724	0.1499999999999851	0.20000000000002238
0.3499999999999757	0.14999999999998703	0.20000000000001983
0.3499999999999794	0.14999999999998898	0.20000000000001705
0.34999999999997	0.1499999999999747	0.20000000000002105
0.34999999999998765	0.14999999999999397	0.20000000000001097
0.34999999999998993	0.14999999999999558	0.200000000000009
0.34999999999999293	0.14999999999999747	0.20000000000000662
0.3499999999999948	0.14999999999999852	0.20000000000000517
0.3499999999999977	0.15000000000000074	0.2000000000000028
0.3499999999999988	0.15000000000000124	0.20000000000000237
0.34999999999999964	0.15000000000000158	0.20000000000000212
0.35000000000000003	0.1500000000000017	0.20000000000000145
0.349999438548539	0.14992572173890006	0.2000364541064132
0.34999838043649767	0.14973679079618823	0.20013029544207953
0.3499968427315247	0.14922074618226505	0.2003906924276673
0.34999733113789755	0.1487255243797302	0.20064468446021638
0.3500014645016133	0.14774337508936825	0.20115586430215687
0.3500098230418737	0.14692337791547638	0.2015954370525744
0.350021406079183	0.1459849854435123	0.2020979868417516
0.35003404303820185	0.14506577309827123	0.20259392356580735
0.35005281146279865	0.14379272887563993	0.20327718497218245
0.35009680482989336	0.14199032334320666	0.20428123979636953
0.3501254657930945	0.14071166217507786	0.20498051878651383
0.3501684897257972	0.1390758601832341	0.2058863995002797
0.3502347650210459	0.13700006121346653	0.20704853936268353
0.3502893712859424	0.1353120114846304	0.20798788893835074
0.35033980242083373	0.13347836672163366	0.20898994417534578
0.35038597938003585	0.13253336947843464	0.20953135979994758
0.35055640874767235	0.1290276658928861	0.21153338919751047
0.3506603559008116	0.12707308365421377	0.21265108656881482
0.3507658110747355	0.12507223459854794	0.21379199505945742
0.3508311666290601	0.12374158930681038	0.21453810888188157
0.3509975466954168	0.12075992170111484	0.2162253364746456
0.35114907070018647	0.11789481113976334	0.21782683776993278
0.3512891717422177	0.1156466915433254	0.21909237060227224
0.3513857287797447	0.11403975367231882	0.21999629598014486
0.35154888420625624	0.11127745889843864	0.22153876796634686
0.35172653920606667	0.10790578446456246	0.22339103747076494
0.35189475370442064	0.10579948133675225	0.2245924321180657
0.3520282165460679	0.10337735848754225	0.22591783643623042
0.35220482789123186	0.09997835305100909	0.22775483159534088
0.3522829269717224	0.0987255916681865	0.2284390112629793
0.35249310314258536	0.09566671068457204	0.23012717313709052
0.35262145273264106	0.09356931383271229	0.23126746728119757
0.3527543722346028	0.0914901772082062	0.23239563983825764
0.3529233783669146	0.08838855068740044	0.2340580818117333
0.3529894436032109	0.08718174368905517	0.23470192295554743
0.3531246008822209	0.08423280753071714	0.23625543253924283
0.35317963126078966	0.0831442606675467	0.23683410987103934
0.3533224246652358	0.08020024840497682	0.23838935693488644
0.3534205035353237	0.07765684103048405	0.23972105767532234
0.3535099239202195	0.07553432658080804	0.24083046858901658
0.35357056551214033	0.07369876595678036	0.24178212900542767
0.35363064842615477	0.07182137565588752	0.2427594666407007
0.3536817760073835	0.06913678158220497	0.24413221892664555
0.35371664752739157	0.06754288260890813	0.24495224452319284
0.35375125150546	0.0659430917851642	0.2457714346516443
0.3537709077381641	0.06431892167011243	0.24659752579890154
0.3537986414242775	0.062122628352468415	0.2477136204585082
0.35380908628435387	0.061302494054667214	0.2481288786104062
0.3538074346604628	0.059276310133845975	0.24914142962647812
0.3538071653546058	0.058119777520330304	0.24971697181213504
0.3538071549464678	0.05744594174262556	0.25005015767113803
0.35378600294484785	0.05538025955081936	0.25106099970035184
0.3537686582268771	0.05448657440763023	0.25148873304410635
0.35375796619748984	0.05395617200252471	0.25174600751671583
0.3537271827667613	0.05295348051510783	0.25221668927343766
0.35368975786114704	0.052124658934026305	0.2525961565921912
0.35365997868045485	0.051672952657307356	0.2527935413291948
0.3536301216317695	0.05133823279533088	0.2529320394180541
0.3535831447711663	0.05109442110288474	0.25300723251615864
0.35354871229467716	0.05106122060518979	0.2529890784024959
0.3535189254501903	0.05105261425535955	0.2529634988154572
0.35350060282467977	0.05104738233179472	0.2529475763161574
0.3534544731366608	0.051034108080987975	0.25290758720539613
0.3534075835175958	0.051020342407574124	0.25286746137779714
0.35337621145372994	0.05101108176625467	0.2528406734990969
0.3533477951536048	0.05100269088949312	0.25281637568407267
0.35331694074014003	0.05099355243650279	0.2527900290983913
0.3532850610405351	0.050984082473566575	0.2527628652213194
0.35325479270327054	0.05097507555012275	0.2527370948440313
0.35322094491413686	0.05096497786177988	0.25270835052211377
0.3531810115848275	0.050953060901315114	0.2526744141876244
0.3531643936520374	0.050948101030391366	0.2526602793583953
0.3531214226336227	0.05093525304481293	0.25262383695969126
0.35308272883217384	0.050923679062417584	0.2525910199908675
0.35305431980438684	0.0509151783598268	0.2525669289131981
0.3530383831518174	0.050910408038701546	0.2525534225206202
0.3529874730293095	0.05089516222558359	0.2525103077661196
0.35296113834008286	0.05088727420484539	0.25248800871182103
0.3529421415951274	0.05088158247000511	0.25247193533349976
0.35291038062593094	0.050872064107302675	0.2524450827304914
0.35286969115789013	0.050859868673530415	0.2524106778698564
0.35283523179494414	0.05084953966939622	0.25238153204813074
0.3528080418958247	0.050841387110356115	0.2523585850546792
0.35278103117999127	0.05083328872308436	0.2523357533225079
0.35274301532752916	0.050821888981631744	0.2523036633907063
0.3527169753686932	0.05081407962585115	0.2522817033221591
0.3526909116763137	0.05080626279028132	0.25225972302339394
0.3526768526363212	0.050802046105093826	0.25224784968915503
0.3526426564482501	0.050791789508959836	0.25221901478998987
0.35261833066254555	0.05078449294864963	0.25219850071961614
0.3525838140914519	0.05077413915877847	0.2521693973218024
0.3525641904985714	0.05076825300818817	0.252152868484956
0.35253851561386185	0.05076055060939767	0.25213121993492654
0.35251258640567296	0.05075277174379832	0.25210936263220496
0.352491948119096	0.05074657995126193	0.25209196714724086
0.3524581889085316	0.05073645333815928	0.2520635487172019
0.3524355508586102	0.05072966153909757	0.2520444790085108
0.3524140934871073	0.05072322390001442	0.2520264067916291
0.35238224694439446	0.05071366892237532	0.2519995850284919
0.35236791853149546	0.050709370064236495	0.2519875209510669
0.3523442216414722	0.0507022602725299	0.2519675690934891
0.35232639127368176	0.05069691103809397	0.2519525627710359
0.3522966326764625	0.05068798245364338	0.2519275138035594
0.3522663645057681	0.0506789015340421	0.2519020430704496
0.35224822219479796	0.05067345874662173	0.2518867796565859
0.3522265959199432	0.05066696962763427	0.251868578961447
0.3522105195341446	0.05066214598391865	0.2518550513088934
0.3521866351155183	0.05065497993991615	0.2518349575469666
0.3521578328460038	0.05064633950326004	0.2518107346409324
0.3521435282963544	0.05062602866622108	0.2517986933427149
0.35211512374792014	0.05051741135589703	0.25177477104463897
0.35209269851682445	0.05036701509933887	0.2517559049256147
0.35205464723414237	0.049987402441008175	0.2517240427095534
0.35202694223994246	0.049644875287952486	0.25170096374371315
0.3520004353355891	0.04928013595811574	0.2516790528437012
0.35196881447942896	0.048806082046647756	0.2516531292195635
0.35192122088633015	0.048010954429789435	0.2516142169528903
0.3518873980469703	0.047408245433910576	0.2515872780933432
0.35186318560973856	0.04695524368809843	0.25156780185448036
0.3518240866902764	0.04619471262181747	0.25153675509703494
0.35176193153378854	0.04492417631454963	0.251488298468653
0.35174007416027775	0.04445681579334744	0.2514708917894431
0.35170398270383724	0.043671864753867765	0.25144270172171956
0.35166184017470425	0.042743096369497094	0.25141077634715164
0.35158956303438227	0.04108138238043953	0.2513549244178017
0.35156555218687013	0.040519964437019454	0.25133676871940447
0.3515244264437032	0.03954515805137439	0.25130575645704545
0.3514689190417749	0.038215286293661097	0.2512654959223392
0.3514107978576605	0.036789146286246396	0.2512226827141316
0.35134580318750575	0.03516985324472456	0.2511756281364313
0.35130222936990163	0.03406033038852853	0.25114330578566
0.35127430513204966	0.03334450758604331	0.2511228209780378
0.35123233807525023	0.032258614349545175	0.251091852406372
0.3511471026999863	0.030029786907771486	0.2510301495804578
0.3511174054720191	0.02924020743333476	0.2510082395791807
0.35105021220705707	0.027456844935868988	0.2509611327114625
0.35100551717556316	0.026257120013331484	0.25092966497215696
0.35095938591084785	0.02499729874374211	0.2508956625133969
0.3509090064700199	0.02362406271896618	0.25086014077795815
0.3508591958947068	0.022248473289929363	0.2508241699756954
0.3507981634530789	0.020545007194835693	0.25077956687627645
0.3507507715641056	0.01922947228124776	0.2507471022273
0.35070648980738117	0.01797669670528025	0.25071481580715704
0.35066472819387035	0.01678694945392155	0.2506841220126079
0.35061582469104813	0.015392904544339212	0.25064906011760846
0.35055902312152937	0.013755151238182592	0.2506073355283637
0.3505199485865922	0.012612464438706547	0.25057740955877383
0.3504968671494643	0.011943328908215242	0.25056079936054965
0.35042117322476446	0.009741732441842302	0.25050709801904
0.35040066144304804	0.009138533559010106	0.25049214862784297
0.35034999328721295	0.007647273998955942	0.25045579447139965
0.3503294522234479	0.00703828393303034	0.25044083671662365
0.3502909123303517	0.005892830979206967	0.25041292128437
0.35023327011041866	0.004150307975825593	0.250368629584632
0.3502005788948199	0.0031547923153643492	0.2503432550434124
0.35017088109398165	0.002242436196028416	0.25031960802424813
0.35015310416140544	0.001699907723538327	0.25030618312897085
0.3501004170814051	8.87587330109102e-05	0.2502671770595813
0.350076151345184	-0.000661155104499947	0.2502486489694713
0.3500607487844717	-0.0011424257799566712	0.2502363659230673
0.3500311089915744	-0.0020811838127008514	0.25021147598882454
0.350012926768543	-0.0026639807367285356	0.2501955752523921
0.3499939636844778	-0.003273355304430306	0.25017930971568425
0.3499737976709341	-0.0039333444552335645	0.25016056025660743
0.3499623859424884	-0.0043101076594504045	0.25014995191261463
0.34995624164258776	-0.004515132468594904	0.25014402083377235
0.34994064025074667	-0.00504625315341127	0.25012803777281933
0.3499358032953584	-0.005218535126984045	0.2501223316670768
0.3499323939764929	-0.00534636288315983	0.25011773383254604
0.34993157904016176	-0.005396582445212281	0.2501146785089935
0.349932193505488	-0.005392979132837858	0.2501134980220052
0.3499325395758883	-0.005390921560181464	0.250112856543682
0.3499333840864176	-0.005385901077489971	0.25011129288808553
0.3499340112510586	-0.0053821808141901045	0.2501101422677784
0.34993460847836255	-0.005378659095499769	0.2501090728831516
0.3499355058703626	-0.005373351811658253	0.25010744734264273
0.34993606435433366	-0.0053700569904261	0.250106446009671
0.3499366177326204	-0.005366787691014049	0.25010544845075
0.3499369674392358	-0.00536472175239279	0.2501048182947141
0.34993778534677483	-0.005359905656800515	0.25010336382723497
0.3499385939728158	-0.005355160976677861	0.2501019464082269
0.34993890961033547	-0.0053533078658135475	0.2501013919397745
0.34993965499231616	-0.005348917692656843	0.2501000661295466
0.34994020332361797	-0.005345706060106273	0.25009911224176784
0.34994100170827547	-0.005341023621820026	0.25009771628626987
0.34994133139514844	-0.005339088564216485	0.2500971382244165
0.3499420719290919	-0.005334745183910153	0.25009584365424553
0.34994259824591506	-0.005331652451976712	0.25009491702384823
0.34994312060013755	-0.005328598343273053	0.25009401527516295
0.3499439510862889	-0.005323740932632784	0.25009257983281147
0.34994428447260717	-0.0053217930088175075	0.2500920059919002
0.3499449232239909	-0.005318050550589634	0.25009089490920444
0.3499454248670011	-0.005315116053735844	0.2500900277070272
0.34994572824169695	-0.005313349979978968	0.2500895130240814
0.34994664962730915	-0.005307977643560599	0.250087940415085
0.3499470518634022	-0.005305630815507875	0.2500872522864658
0.3499475557211304	-0.005302689811613762	0.25008638896594204
0.34994809635652646	-0.005299541446076375	0.2500854708545494
0.34994861108804337	-0.0052965449487391986	0.250084597937832
0.3499493378929406	-0.0052986269077294895	0.2500833600274949
0.3499499823694392	-0.005317897308931549	0.250082268775085
0.34995059579888904	-0.005348392823132583	0.25008124134072107
0.34995148831737527	-0.005401019628916606	0.2500797534132301
0.3499539086151749	-0.005573193915085414	0.25007571788679406
0.34995473010812256	-0.005635855461449138	0.2500743580674273
0.34995638000904	-0.005767743294993785	0.2500716220264557
0.349958791207399	-0.005969822096770841	0.25006762104425995
0.34995998401178674	-0.006072570075815756	0.25006565566092653
0.3499623197101047	-0.006278361295420906	0.25006179238588305
0.3499654026291069	-0.006558195885965637	0.25005668333915354
0.34996752810424026	-0.006755050508387442	0.2500531977560839
0.3499695939933679	-0.006948475696097425	0.25004976754312846
0.3499719624422355	-0.007172726977739671	0.2500458504461326
0.34997415416003574	-0.007383005631430337	0.25004225222896537
0.34997652919947575	-0.007612907842295583	0.25003835417823855
0.34997947080321634	-0.007899577850362452	0.2500335101478063
0.34998151990868465	-0.008100438594184148	0.2500301181400001
0.3499836208455167	-0.008307148409875162	0.2500266340357311
0.34998653307230454	-0.008595405187812696	0.2500218141279389
0.3499884655604885	-0.00878753672603734	0.25001861283451277
0.3499904597795242	-0.008986089637153319	0.25001529366963315
0.34999218963919987	-0.009159351966006021	0.2500124419435567
0.3499938443040848	-0.009324972276226154	0.25000968635306264
0.3499952551896858	-0.009466380712783759	0.250007337009733
0.34999670421737994	-0.00961198476840193	0.2500049378166343
0.3499980743278834	-0.009749887458085124	0.2500026862511555
0.3499991899433256	-0.009862156456911728	0.2500008309243677
0.3499998523767406	-0.009928990841074722	0.2499997185604464
0.3500003198228756	-0.00997619830034148	0.24999893590198113
0.3500005801010045	-0.01000268171467196	0.2499984984428034
0.3500006148196818	-0.010006921074972266	0.2499984351373512
0.350000611289888	-0.010006887025438824	0.24999843844940492
0.3500006013110658	-0.010006791215502117	0.24999844716123829
0.3500005978786291	-0.010006757795985685	0.24999845061473303
0.3500005861497781	-0.010006640800440739	0.2499984652919141
0.350000580149281	-0.010006582651114801	0.2499984709049433
0.35000057356381103	-0.010006517963234193	0.2499984779651168
0.35000056965963006	-0.010006478183237619	0.24999848366882893
0.3500005617577607	-0.01000639898540294	0.24999849377750288
0.35000055336164076	-0.010006313289666793	0.2499985061333218
0.3500005478413966	-0.0100062567932334	0.24999851440619225
0.350000544110793	-0.010006218558243699	0.2499985200493887
0.3500005383954245	-0.01000616028110586	0.24999852836986336
0.3500005281433802	-0.010006053311123517	0.24999854586619402
0.35000052314782865	-0.01000600160594671	0.24999855394095197
0.35000051799931786	-0.01000594797217351	0.24999856262760572
0.3500005130210393	-0.010005895060545375	0.2499985721373248
0.35000050745370115	-0.010005835559738205	0.24999858311493373
0.35000049990156684	-0.01000575727025553	0.24999859544457043
0.3500004953310296	-0.010005708375161501	0.24999860450388767
0.3500004923161046	-0.010005676023658192	0.24999861058312742
0.3500004852050935	-0.010005600297684616	0.24999862431160552
0.35000047972082254	-0.010005541435288465	0.24999863538177036
0.3500004752690162	-0.010005492427989968	0.2499986456531946
0.3500004684753451	-0.010005419250873573	0.24999865963737716
0.3500004636713551	-0.010005366814373293	0.24999867024746844
0.3500004591802061	-0.010005317187896282	0.24999868079850215
0.35000045621664794	-0.010005284921907151	0.2499986872574294
0.350000448067854	-0.010005195706662653	0.24999870553189849
0.3500004435202163	-0.010005145500522658	0.2499987161647207
0.35000044106585965	-0.010005118472404442	0.2499987218228716
0.35000042635586764	-0.009961355579510014	0.24999876899186085
0.35000036222287156	-0.009793352138265696	0.24999896932789628
0.3500001792471906	-0.009435477150464153	0.24999950495945641
0.3499999220621704	-0.009058064067937507	0.25000019901059134
0.34999943746811063	-0.00862603705824018	0.2500013571568843
0.34999874522253216	-0.007847117816755525	0.2500031548833172
0.349997762667579	-0.007210660229775387	0.25000547271824247
0.34999649024543794	-0.006348935659422891	0.2500085360326715
0.34999471361940393	-0.005055150870870842	0.2500129428230251
0.349993197875476	-0.004135581003613761	0.2500166507448162
0.3499915980995976	-0.0031315930546804566	0.2500206209432895
0.3499899512648826	-0.001959368889105015	0.2500248193706658
0.3499867671137209	-0.0003419538698014729	0.250032709303042
0.3499847208972499	0.0008955850466373233	0.25003790515878727
0.3499827390157401	0.002187165816060113	0.25004304584958137
0.3499770742680103	0.004344791765808084	0.2500571731569372
0.34997431818305136	0.0057201113503024675	0.25006427134275006
0.3499708615076618	0.007281032320312256	0.25007318385684313
0.3499677519093971	0.008607944863359099	0.25008124405883103
0.3499612048824357	0.011304416414012017	0.25009834624589167
0.3499579427041813	0.012971955923878495	0.25010711834084515
0.3499538854639829	0.014674343159860478	0.25011799430018317
0.3499499426781348	0.016752555896202156	0.25012879095727514
0.3499429552820692	0.01920525401824945	0.2501477885237459
0.34993815730147027	0.021228071953899294	0.2501610928208132
0.3499322701867571	0.023282716309069265	0.25017747708918936
0.34992786489042244	0.025195715478053868	0.2501899703055027
0.3499201548247047	0.02803611858363443	0.25021195943784497
0.3499162989600302	0.03002080655129731	0.2502232446069383
0.3499109884001057	0.032029732072047276	0.2502387980249569
0.3499081263422663	0.033229302939333724	0.2502472423900988
0.34989926801668936	0.03725310721452431	0.250273872567699
0.3498933601936442	0.03924074891958142	0.2502917362402259
0.34988766596056514	0.04133442852725046	0.2503091577896312
0.3498789738143018	0.04460022136187926	0.25033616706487777
0.34987348059589074	0.04662647052645906	0.2503534619373706
0.34986810607754326	0.04885746621680105	0.2503706014256683
0.3498623540881964	0.051189430460552646	0.25038916834617897
0.34985481133042085	0.05440191171032842	0.2504138592500921
0.3498504971408628	0.05673639872729917	0.25042821022393136
0.3498468890319503	0.05887216570191646	0.25044037119578194
0.3498409614619013	0.06120294889896004	0.25046051818586657
0.3498370650256598	0.0633303068864723	0.2504739086224073
0.3498307392124035	0.06650400435114052	0.2504959937365927
0.3498279359940923	0.06774858038822658	0.2505058838743719
0.34982030613104154	0.07088886487892541	0.2505330943560442
0.34981654941823104	0.07333015574189904	0.25054672747324197
0.3498147256994349	0.07444888131070883	0.25055342582512286
0.34980870326703734	0.07831562453677036	0.2505758588732196
0.34980642111959315	0.07949603691927697	0.25058449857972864
0.34980120250889696	0.0823675921568041	0.250604513474162
0.3497994968132069	0.08377573793227365	0.25061114187829275
0.34979546065117145	0.08739582461458813	0.25062727877557067
0.34979318277637883	0.08924874319977806	0.2506365814491176
0.34979163657665135	0.09113910837285281	0.2506430532300985
0.3497892812713623	0.09315461720286224	0.2506531539061053
0.34978747997504317	0.09496233216074564	0.2506610913023193
0.3497852730184083	0.09673279751788373	0.25067097377122205
0.3497844553269677	0.09777986994767211	0.25067481836830796
0.3497833070708681	0.10016994351880594	0.2506808049810322
0.3498571899109164	0.10250243024095247	0.2506403437500318
0.35014438104489387	0.10410214473536104	0.25046104527998037
0.35068373624989313	0.10596115503597521	0.25012628991839236
0.3511031154512333	0.10702562382712773	0.2498638976351953
0.3528354854543242	0.11037624866472136	0.24877669583390333
0.3539511328112145	0.11213429611599977	0.24808016485042955
0.3546521246138979	0.11311100467673023	0.2476341987618556
0.35617098110269607	0.1150867574625115	0.2466792146780114
0.35838359543371456	0.11768021226565482	0.24530882412399288
0.36097696077526525	0.12041010973884557	0.2436995586364764
0.36212634830021384	0.12153346606139477	0.24299361622361149
0.3641619649632569	0.12345490804075866	0.24175136769080635
0.36735175061395164	0.12627307765018764	0.23975487602029547
0.3713545093565619	0.12960279749402576	0.23723906534378203
0.37387466910962763	0.131604052619949	0.23564736951274853
0.3763912556578389	0.1335286765081513	0.2341170677812683
0.37922798667918733	0.13562178416909038	0.23226583775691498
0.38232143511516753	0.13785336718924307	0.2302796808104763
0.3857626801621488	0.14026595753230192	0.22805316441350462
0.3898610515426877	0.14304338523594806	0.2253131928788007
0.3930987938949632	0.14517756319184755	0.22318130907301292
0.3981544167603309	0.14844555575299634	0.21989719841990543
0.4013983328092672	0.15048947418657171	0.21771701098842594
0.40454327160984904	0.15244165214666872	0.2156077582850087
0.40696564934730023	0.15392279503989287	0.2139713480493014
0.41307981768152086	0.15757869647360057	0.2097188896930433
0.4165056055775234	0.15959438585592733	0.2073647553086796
0.4183569938293415	0.16066123246274183	0.2060269679230875
0.4233590957841491	0.16352290356826965	0.20248202564255366
0.4285535001413734	0.16642925186551905	0.19876704983801646
0.43230602665841694	0.16848963747796247	0.19601178222457097
0.43604231237923075	0.17051756591181716	0.19323811663873697
0.44109403329035546	0.17321236151813352	0.18942967611856565
0.4434464403749434	0.17445016903927063	0.18762882678146822
0.446639670689076	0.17611789479952955	0.1851580091501305
0.45119238175108256	0.17844397309391768	0.18164479857930588
0.45633781346996505	0.18102476033123582	0.1774723762907756
0.4582435612940902	0.18196346961385257	0.1759479146267365
0.46295539016880516	0.18426046338739654	0.1720478880008185
0.4658715814401763	0.18565440794814825	0.1695566809298076
0.47011781341980063	0.18766450250640238	0.16587212345283214
0.4724141400543963	0.18873582219861246	0.16379063286007456
0.4750974299421339	0.18997484565982847	0.16133531471882145
0.47866859867343364	0.19159649050061084	0.15796000155124423
0.48261095156507566	0.19337058835273585	0.1540073733123571
0.48500380646574837	0.1944368076563907	0.15144994222318453
0.48668507468262295	0.19518039058525766	0.1496080441146106
0.4890926929589001	0.19623102680813737	0.14687928262646022
0.4906917730696794	0.19692542440939426	0.14495547441645795
0.4945653432119549	0.19859031077181388	0.1399439607799296
0.49551273753057823	0.19899456763007461	0.1386280718229303
0.4979178888587971	0.2000158733222991	0.1349587453950008
0.49881454858325447	0.20039660890134176	0.13346871048562303
0.5005847091861372	0.20113725120903986	0.13023815951264833
0.5018604503438765	0.2016723324474035	0.127428713497863
0.5030247744028059	0.20215321603384956	0.12434271469113511
0.5036199237090403	0.20239687003600015	0.12224333832627698
0.5038848802146458	0.2025049382181568	0.12094728628415741
0.5042741254144008	0.20265056771770934	0.11787987557875118
0.5043132648149813	0.20265126979975806	0.11597045312260623
0.5042288234129457	0.20259132683695108	0.11314294147256654
0.5041724058460567	0.20255199904699234	0.11112893519304173
0.5041138849859577	0.20251104848298462	0.10900380369724788
0.5040582408556509	0.20247204667934882	0.10694339085521543
0.5039717941235716	0.2024089513147082	0.1039430313299704
0.5039183862432266	0.20237118478690141	0.10191796969161965
0.5038628814265905	0.2023336156174072	0.09959320308156683
0.5038076992107736	0.20229480289114438	0.09743394530497934
0.5037562204062511	0.20225898998832148	0.09535678639477096
0.5037172294955571	0.202231392228589	0.09383742423332991
0.5036217780517257	0.20216607992142033	0.08982016126474046
0.5035929050255538	0.20214583994935853	0.08866723882050281
0.5035199548533823	0.20209598906798687	0.08558459230205001
0.5034710752971495	0.20206368123801938	0.0833639606491639
0.5034149595641976	0.20202519783264278	0.08103959191005511
0.503334130532941	0.20196953428848197	0.07774532212475077
0.5032986211224153	0.2019463922036649	0.07610145239591365
0.5032550276409478	0.2019170247089549	0.07426347149068752
0.5032021102320131	0.2018819568401653	0.0719486424971515
0.5031299246730372	0.20183397309376605	0.06887057867888025
0.5030628586343262	0.2017903553868594	0.06587304999196891
0.5030089314770914	0.20175478314122186	0.06362155206980491
0.502980323488162	0.20173615821939744	0.06239106010384532
0.5029041369893352	0.20168652952754762	0.05919466461983208
0.5028604557048744	0.20165878285451017	0.05724268053823939
0.5027807321214204	0.2016071957123881	0.05401591128873573
0.5027533725922969	0.20159023938564186	0.05274492552453097
0.5026970169216778	0.20155589012125857	0.05005240695581864
0.5026448679006306	0.2015230155776649	0.04791977315429691
0.5025998365780905	0.20149543072848297	0.04591032071813156
0.5025317262353695	0.20145311894791845	0.04315534443680946
0.502495854801554	0.20143173344109078	0.04147456645662967
0.5024473878907098	0.20140272527672642	0.039324961478754694
0.502408637788919	0.2013796313723042	0.03762051525177679
0.5023556739121454	0.20134778977893897	0.03547029734816387
0.5023022213768876	0.20131676806541926	0.03300613804028096
0.502262119225635	0.2012933862721426	0.03128117496940985
0.5022386023773077	0.20127960679328666	0.030324368095621945
0.5021966457527639	0.20125553758353776	0.028462263139748423
0.5021325183008006	0.2012189225857462	0.02571552723615428
0.5021121776469761	0.20120737990716786	0.024854524469658856
0.5020767561051444	0.20118722821895513	0.023429371859036208
0.5020294743411827	0.2011607170908703	0.02145403631915327
0.5019820387201432	0.20113426514650462	0.019527581993623477
0.501951400866556	0.20111738057975087	0.01826285464294447
0.5019321716752435	0.20110677038496488	0.01751771174456579
0.5018961861230055	0.2010871720270278	0.016017596200778195
0.5018707420891394	0.20107338764069838	0.014983425362656122
0.5018319396698308	0.20105242351322522	0.01351174471922817
0.5018050702452096	0.20103800754858925	0.012558717793165364
0.5017805432037702	0.20102490646614274	0.011716253404927768
0.5017585186040563	0.20101321552908685	0.011009791958415727
0.5017374709432003	0.20100206543952331	0.010345753684179504
0.5017249220783692	0.20099547672256862	0.009977881366595276
0.5016840384121911	0.20097417525670014	0.008908372459611569
0.5016657611541918	0.20096455113693495	0.008502324327997524
0.501649422027901	0.20095604780422344	0.008194061219536697
0.5016227118715344	0.20094233606579365	0.00782443024366375
0.5016063548173728	0.2009341034637031	0.007697445377826739
0.5015920090850021	0.20092707210296634	0.007662116798006546
0.5015799174259629	0.20092118611775744	0.007642599443238862
0.501553713563231	0.20090785758240293	0.0076000199610760655
0.5015459779333896	0.20090384179224047	0.007587401696665053
0.5015318559371282	0.20089656063661915	0.00756440017993143
0.5015116643724498	0.20088592721852255	0.007531375366960691
0.5014911045025735	0.20087508635507295	0.007497745127093336
0.5014763017051578	0.2008672982079598	0.007473545992564279
0.5014624746201056	0.20085967105252434	0.007450715090343285
0.5014492288219772	0.20085256787715822	0.007428977952293803
0.501428953696608	0.20084172810987133	0.007395729840978749
0.5014159804373365	0.20083478185030534	0.0073744508436995315
0.5014078128100402	0.20083036250596964	0.007361024460733889
0.501393862904096	0.20082288503623597	0.007338140741677046
0.501380742326669	0.2008156696536883	0.007316497799968291
0.5013615176585582	0.200805151348321	0.007284823930326867
0.5013421280971435	0.20079435015141361	0.007252751604839125
0.5013295379977849	0.20078732250307407	0.007231917790660014
0.5013175680710314	0.20078068224948975	0.007212138763355247
0.501309475699117	0.2007761782331286	0.007198757392735067
0.5012877685698967	0.2007638682560221	0.007162709538324152
0.5012757434059182	0.20075704601015681	0.007142738774912449
0.5012647442752767	0.20075094768931773	0.007124569381270041
0.5012529379122305	0.2007442299825144	0.007104949460515542
0.5012360799725063	0.20073475967645893	0.007077019336268753
0.5012250380560775	0.20072846239550446	0.007058660793699101
0.5012180641434273	0.2007244800142376	0.0070470624780188396
0.5012056872835184	0.20071743165482914	0.007026492292227071
0.5011891897094662	0.20070795192122554	0.006999015310477252
0.5011746951463064	0.20069960660310932	0.006974863444503154
0.5011642114546179	0.20069358279617117	0.006957403684265118
0.5011533925994761	0.20068731696812686	0.006939351245746905
0.5011426416592829	0.20068111897517416	0.006921432518960935
0.5011314833549471	0.2006747010326882	0.006902845624977172
0.5011209986380133	0.2006686100381097	0.0068853382180741884
0.5011069699362727	0.20066046743942612	0.006861918551925528
0.501097084025562	0.20065475985766307	0.006845436839604591
0.5010868681844194	0.20064883288582652	0.006828384652227681
0.50107631925749	0.20064269788470923	0.006810766152841152
0.5010615988182626	0.20063408472146638	0.006786143359699404
0.501055179274946	0.20063031651668245	0.0067753968499329464
0.5010407124092511	0.20062187110859836	0.006751212679183716
0.5010352359660887	0.200618669788582	0.0067420547082872595
0.5010173506613617	0.20060818552458654	0.006712125143679637
0.5010078902405807	0.20060265201093375	0.006696302941479659
0.5009981195090496	0.20059692770446147	0.006679955080421851
0.5009924807443242	0.2005936088489833	0.00667050945831027
0.5009824839563222	0.20058772739139102	0.006653765483439489
0.5009659451462987	0.20057796852056559	0.0066260431747146575
0.5009608614133713	0.20057498187279188	0.006617531569350854
0.5009480950686225	0.20056746504115935	0.006596144796824854
0.5009397123319222	0.20056250331940656	0.006582082404395895
0.5009340253365432	0.20055914521372592	0.006572548247493981
0.5009180975951747	0.2005497366988046	0.006545843261640871
0.5009097811587373	0.20054481550821457	0.006531893188460758
0.5009042834513017	0.20054155915547928	0.006522668955343092
0.5008930021435862	0.20053488882441617	0.006503749721589902
0.5008808226655509	0.2005276649700924	0.0064833072748659015
0.5008758475824515	0.20052471756768975	0.006474959546889925
0.5008638719690621	0.20051762506622528	0.006454867366771144
0.5008557303811533	0.20051274862925178	0.0065260301086333405
0.500848685166143	0.20050847119708048	0.006804719644641688
0.5008449089484873	0.20050616949147676	0.007071087103179607
0.5008295480156468	0.20049724195823143	0.008603666222990414
0.5008211573482126	0.20049240748582448	0.009730573430527356
0.5008097676950698	0.2004864084787067	0.011125447635894015
0.5007993791532827	0.20048074129512772	0.012621329278300897
0.5007751547702463	0.2004686920317506	0.015388860812484695
0.500760683287066	0.20046107609148955	0.017439340173567908
0.5007410810542674	0.2004509742007528	0.020001054978652122
0.5007183312240281	0.20043978570746857	0.022410184354779983
0.5006935922631353	0.2004274280269921	0.02508126277651135
0.5006511210729833	0.20040631044774204	0.029367506049765513
0.5006229589385164	0.2003919965136946	0.03234388897740331
0.5005915680457087	0.2003756245930743	0.035880074892257086
0.500567687247636	0.20036373284973874	0.037777588866761413
0.5005194955919559	0.2003387686656709	0.042342588316515606
0.5004642198875431	0.20031047240639005	0.046604141177156555
0.5004124411840504	0.2002823844408016	0.051893033160920865
0.5003900975387522	0.2002700717415049	0.0540959631379927
0.5003192764207673	0.20023182296486897	0.05945521705788748
0.5002484833766571	0.20019222236276973	0.06525656671395158
0.5002144554014827	0.20017297932593836	0.06788599570833553
0.5001544897010308	0.20013690922010302	0.07418243332344449
0.5001201553533738	0.20011548126594136	0.07812865908694666
0.5000724131863797	0.20008699279441344	0.08135205582675165
0.5000129866379414	0.20004982565377438	0.08689082533398002
0.4999313724517537	0.19999768491264147	0.09327384136296185
0.49987685301941936	0.19996198908856833	0.0977424231238661
0.49983178206745504	0.19993067214572458	0.10242018827863497
0.49978285899412395	0.19989641752186404	0.10690274113803955
0.4996936871930627	0.19983296239557674	0.11370524579881852
0.4996602956328154	0.19980713745275697	0.11776695624648265
0.49962655544084045	0.19978186065446296	0.12027390737969562
0.4995606128861326	0.1997298827961505	0.12677406433873073
0.4995395317366345	0.19971223603303112	0.12923458632866164
0.4994645516906813	0.19964756892436608	0.1374437472772868
0.4994284338974839	0.19961505305715316	0.14146289783521454
0.4994021357462617	0.199589619291964	0.14523124134792098
0.4993595218963281	0.19954685351300355	0.151195877296804
0.4993304714615333	0.19951671099651697	0.1549495410798798
0.4993014141527098	0.19948521175086475	0.15893910280967372
0.49927616379371514	0.19945678951601836	0.16233037693561825
0.49923468219195233	0.19940864750751897	0.16745171854535276
0.4992136344476121	0.19938172448087327	0.17076330062923056
0.49918972917507665	0.19934971299212234	0.17448739622941956
0.4991758414246667	0.19932859042353596	0.17748042842367195
0.49916457156849403	0.19930931911865246	0.18044826495623772
0.49915422617154076	0.19929050077832805	0.1831372623758684
0.49914228415553763	0.19926468575367695	0.1871696179730957
0.49914037856192484	0.199257934620581	0.18854248921359062
0.49913277974403636	0.19923646900674336	0.19165434570081957
0.4991315953024938	0.1992270273782613	0.19355338406907754
0.4991315463350912	0.19921841955770409	0.19533853187497255
0.4991349590486526	0.19921082511076094	0.19758077958297254
0.4991369115215664	0.1992085557212802	0.1983583851509766
0.49914452575275475	0.19920956774691823	0.19975969896126045
0.4991497561657045	0.19921060362875492	0.2004843691285551
