0.350498638430209	-0.1499986455184283	0.20149929138161593
0.350498638430209	-0.1499986455184283	0.20149929138161593
0.3505805370061138	-0.14999835614432455	0.20174595601245116
0.3507143615599923	-0.1499979229074806	0.20214870410685484
0.350819861676151	-0.14999754482395733	0.20246640048195033
0.35093358820929277	-0.1499970669456679	0.20280927296997994
0.3510578246912399	-0.149996606271309	0.20318341053764216
0.3511240953928952	-0.14999636098660418	0.20338295732999329
0.3513598815841226	-0.14999537504169963	0.20409347993678462
0.3514356337363801	-0.14999508277111612	0.2043215768512957
0.3516050251571714	-0.14999437381057545	0.2048318669383733
0.35173176755084273	-0.1499937717042748	0.20521398425150583
0.35191851198813584	-0.14999293358419458	0.20577665313038643
0.35198676259353284	-0.14999262083006848	0.2059822948196177
0.3521578488830873	-0.14999180801444856	0.20649784598965376
0.3522780614779802	-0.1499912934194556	0.2068597731791921
0.3524555973628578	-0.14999047409072735	0.20739445046305802
0.3525763228334882	-0.14998992495359664	0.20775793999298572
0.35268402494021656	-0.14998946114202943	0.2080820563743224
0.3528412430227823	-0.14998872104276603	0.20855533873228296
0.3529193983816735	-0.14998833413786716	0.20879064377965764
0.35305632112496727	-0.14998779938022255	0.20920229618661346
0.35311323339415873	-0.14998753117740715	0.20937352783462954
0.35323039841257814	-0.1499869776106696	0.20972598625086142
0.3533708991301241	-0.1499865257170619	0.2101478697645809
0.3534530200283247	-0.1499862345293032	0.2103944761593433
0.3534964173369019	-0.14998606220560795	0.2105248170388719
0.3535689909029841	-0.14998583781848313	0.21074258663866033
0.35361216437821147	-0.14998575348194348	0.2108719913504465
0.3536989132292398	-0.1499855997145627	0.21113187166244593
0.35372358204357635	-0.1499856183713496	0.2112056153956824
0.35374320364077344	-0.14998564738520304	0.21126419423985918
0.3537531951938777	-0.1499857234657631	0.21129387227163046
0.35374419215712555	-0.14998592293665336	0.2112664744742517
0.35373329168111073	-0.14998603923424814	0.2112336533354234
0.35370447728950416	-0.14998626788157848	0.2111471209403841
0.3536472704062221	-0.14998659953609295	0.21097561405440077
0.35357964863642594	-0.149986896527658	0.21077304548104572
0.35350795474416097	-0.14998717500048703	0.21055848976035946
0.35335805210438287	-0.1499876506965197	0.2101102908568342
0.35324790777832876	-0.14998793245900183	0.20978153263582516
0.35312420698868274	-0.14998819176001216	0.2094125596196859
0.3529780225192487	-0.14998842325256367	0.20897686220345632
0.35274231017024993	-0.14998868734223536	0.20827423083214933
0.3525546491155638	-0.14998874219752495	0.2077161645484179
0.35242401632213766	-0.14998868074009541	0.20732857222368706
0.3521293750076497	-0.14998867721515713	0.20645131904044606
0.3517621559727248	-0.1499882188917594	0.20536136675859115
0.35161640170381836	-0.14998794688111788	0.20492925605212262
0.35119506207524126	-0.14998726747641195	0.2036780846602229
0.35086212022639646	-0.14998607055348429	0.20269420666871368
0.3505167090845266	-0.14998502472681846	0.201671159872087
0.35014869788499464	-0.14998383967115214	0.20058103889857895
0.34962178042792785	-0.14998754369479822	0.19903295827882922
0.34919904892474213	-0.1500616375914604	0.19783742763561085
0.34843905102301803	-0.1503082293580233	0.19577107856072146
0.34789008832883095	-0.1505440203721573	0.19431974586034337
0.34729737448456555	-0.15084162810494645	0.19278719857143206
0.3466872387316445	-0.1511893401450305	0.19123833638084442
0.346046736375911	-0.15158182444974294	0.18963212100875698
0.3449927127956467	-0.1522831345475189	0.18702598268068293
0.34426707485689206	-0.15280921256340574	0.1852459486519619
0.34379166779041187	-0.15316389504455702	0.18408708115415892
0.3426965473072088	-0.1540087178840644	0.18144045742629977
0.3422233746880572	-0.154382402881226	0.18030474593994614
0.34062865362675104	-0.1556964011814081	0.17649159584407373
0.3396716346870694	-0.15650513176728953	0.1742294744981538
0.33877545973247225	-0.15729222455433944	0.17209699088756206
0.3374320063742006	-0.15849385791530873	0.16891348067440448
0.3364910485860937	-0.15935790418431728	0.16667436815543335
0.33582996551562366	-0.15995880286461112	0.16512440763497305
0.33454326872447004	-0.161162832825685	0.16207449358209208
0.3330451146591599	-0.16258464401817435	0.15852460194712198
0.33202962148638054	-0.16355895421336036	0.15611659559290592
0.33100483894702604	-0.16455303578459834	0.15367825358469955
0.3299766450281586	-0.16557411593723137	0.15120141531478087
0.32889156809699366	-0.16665247196716437	0.14859118575004837
0.32769636383223216	-0.1678348716464298	0.14572915616434834
0.3262632608979619	-0.16928163466012716	0.14225051643216235
0.32559478594727254	-0.16996296734471955	0.14061624640160042
0.32358173670393914	-0.17202325614688163	0.13567113149995547
0.32238366896321546	-0.1732583272154008	0.13270181917753093
0.32127753836167083	-0.1743949835385863	0.12995652572512395
0.3202275930180709	-0.1754837666265945	0.12732159542673283
0.3187099254932238	-0.17709132480039397	0.12342737271417697
0.3178443534082857	-0.1780020018967444	0.12120354305163833
0.3164476708182996	-0.1794717369286412	0.11758524342867621
0.3158111604449825	-0.18015257494714437	0.11590276270651406
0.31472005144909426	-0.18130759355334986	0.11301553330077996
0.31297002042466376	-0.1831804242837004	0.10828253597465282
0.3119147156694267	-0.18431690134633077	0.10536689198050087
0.3110171488360119	-0.18527403941586046	0.10287295696221649
0.3101140297397569	-0.18625899667120113	0.10027850557017964
0.3087606827143026	-0.18774132828299042	0.09630286898891982
0.3078302084864567	-0.18875501020805824	0.09352133592413098
0.30698350017116893	-0.18969632859624813	0.09088685519671319
0.3061198656499154	-0.1906445601975627	0.08816020934143937
0.3056616359655144	-0.19114439426149435	0.08669444808895393
0.3042896705828392	-0.1926493970923051	0.0821399262823938
0.30355118771511924	-0.193475291920013	0.0795316568879339
0.3029578461305127	-0.1941313100693215	0.07738445295731528
0.30252507478780927	-0.19460524345257713	0.07578981913494232
0.30145974437150735	-0.19579797956452255	0.07154116880561706
0.3009221647468024	-0.19640585441914796	0.06922200175915355
0.3004581626676896	-0.19691923368998593	0.0671387446353845
0.2999686224313682	-0.19746787928442944	0.06472349340454098
0.2995175376941654	-0.19795813605577833	0.06235817375719499
0.29905075252106417	-0.19848652088286156	0.05943988732941763
0.29877867683370146	-0.1987937747091299	0.05742859885823043
0.29855225897290066	-0.19904635131263665	0.055465425405986035
0.29844294134779364	-0.19916867853641412	0.05430364999685272
0.29825233440190585	-0.19937957482677288	0.05110211934047615
0.29821052929159814	-0.19941599436460805	0.04931307948129765
0.29821005202130785	-0.19941005164799774	0.047697201898941055
0.29820872336094195	-0.19940229032097428	0.04608614690370261
0.29820671582582525	-0.1993929403596304	0.0441885907210845
0.29820362498462455	-0.19938383730197512	0.042516705961057
0.29820816574767706	-0.1993775131216587	0.04006469243244054
0.2982106068386706	-0.19937431610750622	0.0387744180600183
0.29820715641478035	-0.1993646693481933	0.036913701957864864
0.29820954439110137	-0.19935749594881425	0.03452930912913571
0.2982084785777386	-0.19935120315945448	0.03302463529838717
0.29820840140944127	-0.19934557996966662	0.03148601266791973
0.2982066521198477	-0.19934109353673163	0.03058013309627633
0.2982106141502755	-0.19933591341387774	0.02830542827856719
0.2982064395940261	-0.19932568427737507	0.026185199275645943
0.29821077274905844	-0.19932322645905687	0.024568200094218673
0.2982129718308025	-0.19931986270800184	0.023097840476641485
0.2982155470348103	-0.19931642885438616	0.021509555530499325
0.2982178366215483	-0.1993126973837291	0.019872897704634074
0.2982213202983828	-0.1993107425916178	0.018514787424546264
0.29822164629243914	-0.19930435626581894	0.016403416251581815
0.29822548035653895	-0.19930246828641635	0.014958179324769116
0.2982293137157098	-0.19929883322682113	0.01291393690589071
0.2982317572993499	-0.199296451489816	0.011572559199966581
0.2982333643965518	-0.19929327091460597	0.010128756589965371
0.29823594907116124	-0.1992926990240826	0.009358370902377788
0.29824480130419384	-0.19929317168890248	0.007553885020633477
0.2982553636614146	-0.19929456118700556	0.005677054495802747
0.2982561982490863	-0.19929292602011578	0.004889636427397315
0.29826515656852814	-0.19929367735733072	0.0031334400116954098
0.29827269991990585	-0.19929365929663267	0.0013935379004688664
0.2982753297001441	-0.19929312885440698	0.0005814721586890892
0.29828360324356884	-0.19929412168417848	-0.0009541152952600718
0.298290205236134	-0.19929525714702406	-0.002050923472655841
0.2982965279646415	-0.19929629512041047	-0.0031247244273959196
0.29830430034129596	-0.19929812548915488	-0.004216446464178902
0.2983135966382865	-0.19930068976194792	-0.005370361910608301
0.29832198300004176	-0.19930221087965677	-0.006760724099892423
0.298328619813195	-0.19930364998947026	-0.007758232058049097
0.29833984384278595	-0.1993067271452716	-0.009170827570075646
0.29834674983004666	-0.19930852545675454	-0.010091917124335825
0.2983560104208204	-0.19931158267183635	-0.011012039680511121
0.298361879055253	-0.19931357851236392	-0.011568288187107034
0.29837361372576526	-0.19931760025746104	-0.012677166873753254
0.2983829756859816	-0.19932082586556044	-0.01356099693037327
0.29839368936087746	-0.19932491557383897	-0.014332033259542798
0.2984022443358162	-0.1993281619270289	-0.014979616954152508
0.29841229049507834	-0.19933207018487903	-0.015682006811796323
0.29842558114396706	-0.19933740058127125	-0.01650100544089861
0.2984329164913864	-0.19934041616742554	-0.016883566040467757
0.2984478869092437	-0.1993466611071033	-0.017677366224362945
0.2984644276360426	-0.19935372169165005	-0.018399668048581286
0.2984753849671046	-0.1993585004249704	-0.01884356180819452
0.29848184404718714	-0.19936132369559828	-0.01907639960177998
0.29849787663136496	-0.1993684147485763	-0.019592185156575403
0.29851637416689153	-0.19937659320986922	-0.020056024910587666
0.29852710497375473	-0.19938165691228965	-0.02031100573826916
0.2985390103057263	-0.19938715298478177	-0.0205240927358471
0.29855077114736084	-0.19939252182156675	-0.02068250855611159
0.298568815337694	-0.1994009865668036	-0.020855847277910733
0.2985810659237703	-0.19940680770495317	-0.020917289946006945
0.29859309858456734	-0.19941234318629225	-0.020923035979267368
0.2986003635950299	-0.19941570075101012	-0.02092381260063253
0.2986262448216051	-0.19942792937523018	-0.020923989042264335
0.2986410311152068	-0.19943466822833078	-0.020922212473243385
0.29865027228381014	-0.19943888523072617	-0.02092060313227717
0.2986764084911544	-0.19945086131849638	-0.02091464991791242
0.2986933882493911	-0.199458426053867	-0.020909624761209666
0.2987221083083062	-0.199471381841818	-0.020899807941978654
0.2987422633977253	-0.1994800887756436	-0.020891779102275243
0.29875623672682977	-0.1994862117700234	-0.02088593033924646
0.29877629925864746	-0.19949501285779847	-0.02087708491248713
0.29880727677577346	-0.19950848843115077	-0.020862367555265604
0.29883535906337294	-0.19952056321827666	-0.02084819308395408
0.2988555593453047	-0.19952934168825887	-0.02083756145958987
0.2988917797689991	-0.19954493552563746	-0.020817661959129985
0.2989188829743731	-0.19955653387600486	-0.020802179638401364
0.29895575358127113	-0.19957241159430272	-0.02078040093401684
0.2989804672029229	-0.19958297724485696	-0.020765397198359736
0.29900794279748116	-0.19959469618716325	-0.02074836038848893
0.2990368998261421	-0.1996070943261728	-0.02073006344948819
0.29906390100222396	-0.199618570818051	-0.020712638120803706
0.29910237703371195	-0.19963489142316926	-0.02068733677885598
0.2991329459535033	-0.19964789857412807	-0.020666872110560786
0.2991741421023468	-0.1996652845576149	-0.020638787694970295
0.29920207784595443	-0.19967713913155127	-0.020619450672663575
0.29921864171031465	-0.1996841275528049	-0.020607886487609584
0.2992726596929942	-0.19970698192393432	-0.020569607926956
0.29928888422003563	-0.19971386631174548	-0.02055797998245007
0.2993169673179747	-0.1997257506595556	-0.020537681675834585
0.29934878938661347	-0.19973919680462615	-0.020514479806708785
0.299386803186678	-0.19975519523583934	-0.020486472140526235
0.2994145023840517	-0.19976684082858603	-0.02046587148520823
0.2994532000132369	-0.19978313672015147	-0.020436853108295683
0.29947174903215434	-0.19979092203037457	-0.02042283528293931
0.29951089237658174	-0.19980734828643698	-0.02039305062872193
0.2995493761883348	-0.1998235016021347	-0.020363521338996105
0.2995753359647187	-0.1998343623532095	-0.02034345159698181
0.2995916388602506	-0.19984117391609574	-0.020330794674091268
0.2996395606178839	-0.19986125768743307	-0.02029333355426377
0.29966396105925297	-0.19987148407033878	-0.020274120764980252
0.2996888391698634	-0.19988189600446044	-0.02025442903462682
0.2997120349642484	-0.1998915881636954	-0.020235989243922392
0.29974476927376253	-0.19990528252408335	-0.02020983115707009
0.29976826769945997	-0.19991508268917124	-0.02019095076282318
0.2997890868026161	-0.19992375601877455	-0.020174159418531845
0.2998101280084617	-0.19993252537158362	-0.020157125952418975
0.2998310324741378	-0.19994121548464633	-0.020140134319802716
0.29985025506948815	-0.19994921537788424	-0.020124450866490173
0.29987475688658616	-0.1999594297662206	-0.02010436712222141
0.29989987043396577	-0.1999698669844076	-0.020083690157167045
0.29990971871101935	-0.19997396413228685	-0.020075551132114233
0.299923861091341	-0.1999798476479655	-0.020063828724135313
0.2999435335828301	-0.19998800074516138	-0.02004746643848271
0.29995586914589273	-0.19999310128650039	-0.020037168880046807
0.2999666080306183	-0.19999751727026704	-0.020028178268045704
0.29997889271223893	-0.20000258668642923	-0.020017848318699905
0.2999869122984028	-0.20000588501376004	-0.020011077329830096
0.299992823438249	-0.20000829435831324	-0.02000607311117314
0.2999969858269987	-0.20000997572863616	-0.020002537572321122
0.3000002853048381	-0.20001128979688998	-0.019999723701375538
0.30000202079208504	-0.20001191142180125	-0.019998226134988417
0.30000223215030014	-0.2000164219948592	-0.019947932020775327
0.3000024842379439	-0.20008389178615038	-0.019183622265069644
0.30000068268949753	-0.2001822898497363	-0.018047024581803073
0.29999570085611815	-0.20032377088529635	-0.016372986043078575
0.2999804852384494	-0.20057033759336995	-0.013350024510438596
0.2999640347067375	-0.20077712378967988	-0.010735037261278446
0.29994397143592194	-0.20103121502740884	-0.007445217219409828
0.2998992340160009	-0.20141106466458736	-0.0022885220254785232
0.2998689490479765	-0.20170219151815	0.0017520992415682168
0.2998232967066022	-0.20201250341642535	0.006274649152535006
0.29979859676848375	-0.2021798840288564	0.008763241485665874
0.2996795704703938	-0.20278513470138643	0.01837411249936416
0.29963843905423426	-0.20297113391666177	0.02150153122444859
0.2994953320152719	-0.20342136116227244	0.029763959563752496
0.29940070113209566	-0.20372245661118704	0.03554246500813829
0.29930497735316597	-0.20405237444465507	0.0420992353139199
0.29913693811872566	-0.20445223429834275	0.05112115617448476
0.2989977265698275	-0.204684276705406	0.057187636764440775
0.2988659205385582	-0.2049221900141327	0.06368764294794849
0.2987415140635508	-0.20517364390107012	0.07091643862729252
0.29853364654125575	-0.20543508837532426	0.08036143000119983
0.29842248410593436	-0.20551793107610578	0.0843441561940319
0.29820594008878315	-0.20571338818780838	0.09423228227445118
0.298025181189545	-0.20581675422406082	0.10197735726650586
0.29782596488959806	-0.20588053519973132	0.1103230568705515
0.29771931711039606	-0.20590508748979425	0.11586428132603882
0.2974949315764302	-0.20586422448698938	0.12532083830386115
0.2972062681271475	-0.20570091956553804	0.13521506087706553
0.2970400409857259	-0.2055421962619634	0.14167600499417193
0.2968478070313026	-0.20531408290812475	0.1485888818712579
0.296607811196583	-0.2049087378964089	0.1578015502356545
0.2965018221469416	-0.2045991267219664	0.16344461840768504
0.2964201160746937	-0.20437423859736042	0.16685630715295957
0.2962305534031226	-0.20379972530575868	0.17422855580297125
0.2960606187941621	-0.20293634552759127	0.18285905395372695
0.29598776648183933	-0.20255988777142714	0.18593690335677418
0.2958823033376429	-0.20176586146753972	0.19144856573907573
0.2957972034390132	-0.2010167596918493	0.1958079009050076
0.2956914675897878	-0.1998165219328384	0.20161028472450712
0.2956591990609162	-0.19891367126044962	0.20499482422867152
0.2956227371628875	-0.19736723957829544	0.20965701589936386
0.2956105270011648	-0.19626572805109993	0.2122993253221196
0.29565500697640346	-0.19534792105472973	0.2142388624660665
0.2958790158347095	-0.1932368958832148	0.2180563387418213
0.2962358547172903	-0.1908796479401969	0.22166337744669926
0.296471006384202	-0.18957500932432395	0.22344425229902914
0.2970089406476935	-0.1870190184990208	0.22652986173429682
0.29724955650071755	-0.18597382666954843	0.22767798905179656
0.297948547012919	-0.1831504893644391	0.23052278374366983
0.2988455903253107	-0.17985848342362698	0.23338900439285065
0.2995072171871038	-0.17756929393878604	0.2351884417955745
0.29991540000487765	-0.1762030493868882	0.23620081758012912
0.3009682450446634	-0.17286662025670352	0.23856973802213585
0.30216678921200324	-0.16918531012766302	0.24082509912137887
0.3026507717145048	-0.16775608487957022	0.24165109908346724
0.30398308690897957	-0.16385601757078194	0.24370713697168667
0.3049629280452559	-0.16105345327851345	0.24501679778603822
0.3064394267263373	-0.15696438601921203	0.2467924754355673
0.30756805125329273	-0.153951235803557	0.24802718930509005
0.3083687203160507	-0.15176781955128188	0.2488031583673911
0.3092852107860685	-0.14931439693949083	0.24964656443331312
0.31129690668386856	-0.14391574605067495	0.2512475450502437
0.31246746439990025	-0.14086407300533263	0.252065126972114
0.3136444323751951	-0.1377819916028498	0.2528034817647598
0.31477380551470213	-0.1348077654929471	0.25342990899062
0.3165239841179143	-0.13032844645555736	0.2542722956497394
0.31768706428895155	-0.12733613629071544	0.25476571639016543
0.31891955131031674	-0.12419324352631612	0.25521201240381963
0.32009850290597874	-0.1211896260743173	0.25559064207766213
0.32100549542529266	-0.11887263469015581	0.25584758298602484
0.32317650667058634	-0.11329754768278187	0.256335027178953
0.32432767426785647	-0.11032011311227977	0.256515632297363
0.32546703948975114	-0.10738489545720774	0.2566707369516429
0.3267048359957959	-0.10419314837271686	0.25678962395195104
0.3278016496358818	-0.10137855543365402	0.25686032627897293
0.32955644187705263	-0.09684689542124113	0.2568820651703785
0.3306920375106942	-0.09389909095047787	0.25683999247055767
0.33181960076653944	-0.090983572664652	0.2567814272671039
0.33249390306348786	-0.08922721383803402	0.25672281343571457
0.3344652609534021	-0.08412021181833983	0.2565036595031186
0.3355130345867941	-0.08141323882751335	0.2563580605935773
0.33626958185411215	-0.07946537253714737	0.2562350627059945
0.33752064422259714	-0.07624042172357666	0.2559901564341016
0.338481700961326	-0.07375109572552528	0.2557808136546048
0.33947822786466003	-0.07118067287670142	0.2555401871029407
0.34037706371312654	-0.0688410158059299	0.25529731068849904
0.341197895195353	-0.06672120476917355	0.25506485425220327
0.3423312742552385	-0.06379681880603806	0.2547214915496744
0.3430981184857167	-0.06181502833914977	0.2544704289691745
0.3441626054980299	-0.05911284915734101	0.2540952362045549
0.34457683464468936	-0.0580657564253874	0.25394317402729294
0.34536361917623737	-0.05608086958174717	0.2536430317768067
0.3459115337681284	-0.054691307184391205	0.2534241178316805
0.3466356428041253	-0.05289090235859324	0.2531200751436128
0.34707416032281224	-0.05180789010222815	0.2529270146780712
0.3474741657281568	-0.05083458823859367	0.25274451951385
0.3477781892300128	-0.05009483183910167	0.2526006707371339
0.3480706900380592	-0.049401725888627554	0.25245623021256697
0.34826794334677175	-0.04894569873519565	0.25235347116138285
0.3484294252602278	-0.048601958443910034	0.2522600961979574
0.3484912518989464	-0.048520235872680686	0.25220974834794485
0.3485041098190825	-0.04853332975279377	0.2521907337267206
0.3485168834743082	-0.048546278771625914	0.25217190092957387
0.3485336837996526	-0.04856318688710255	0.25214714012347555
0.3485473014934185	-0.04857682609860507	0.25212707514755806
0.34856072966452084	-0.048590201329646907	0.2521072907093559
0.3485792212176448	-0.04860854947083802	0.25208006932253046
0.348591773221375	-0.048620965745431025	0.25206160311224524
0.34860362066517464	-0.048632657951100625	0.2520441785723354
0.3486165021252962	-0.04864535841995042	0.2520252392586969
0.3486308608237878	-0.04865949378479721	0.25200413751758066
0.3486489259394437	-0.04867725397091559	0.251977601531013
0.3486559523159645	-0.04868415538363201	0.25196728508064836
0.3486736481018313	-0.048701529767569265	0.25194130380800994
0.34868529629178985	-0.04871295760248125	0.2519242100346085
0.34870312835166134	-0.04873044845723966	0.25189803929008736
0.34871557470538517	-0.0487426525715144	0.2518797749545486
0.3487243248700584	-0.04875123120467588	0.25186693460887666
0.3487395954527628	-0.04876619655703175	0.2518445347631081
0.34875068340002635	-0.048777061373363836	0.25182827094406934
0.3487661315563326	-0.04879219536968922	0.2518056164193414
0.3487789582569068	-0.04880476094821719	0.2517868046537143
0.3487892217775306	-0.0488148145922664	0.2517717532895207
0.34879553162937454	-0.0488209950012828	0.2517625005991725
0.3488104153623612	-0.04883557017605368	0.2517406826651758
0.348827509090122	-0.04885231092164312	0.25171562030396566
0.3488382915654552	-0.04886286939071173	0.25169981444794604
0.34884802656384534	-0.04887240036989339	0.2516855485834385
0.3488540146731544	-0.04887826299375288	0.2516767734198922
0.34887046140585865	-0.04889436609281601	0.25165266911140405
0.34888352213640594	-0.04890715263509275	0.25163353076257494
0.34889289132110457	-0.04891632517208201	0.25161980172931986
0.3489079164814916	-0.048931035750118826	0.25159778292429086
0.3489140531151563	-0.04893704420234342	0.2515887892194085
0.34892662080696235	-0.04894934755969914	0.25157037521487746
0.348932639240951	-0.048955239468287656	0.251561557030203
0.3489504866043165	-0.04897271107381053	0.25153540894512927
0.34895594253642004	-0.04897805175015553	0.25152741659166944
0.34896967403237017	-0.04899149338356466	0.2515073011472314
0.348979147875461	-0.04900076750371708	0.25149342236289807
0.34899261984255336	-0.04901395487030118	0.2514736882907169
0.3489994392576709	-0.04902063064107735	0.2514636981645941
0.34900864470810994	-0.049029641929454984	0.25145021341007745
0.349022074393753	-0.04904278746849898	0.25143054321713065
0.349026768918847	-0.04904738257776693	0.25142366755058543
0.3490430530438659	-0.04906332262896014	0.25139981613836404
0.3490514677016461	-0.049071559247757204	0.25138749197275045
0.34905980344010346	-0.04907971842491733	0.2513752840124615
0.3490684486276021	-0.04908818068884742	0.25136262258032854
0.34908034788586123	-0.04909982817441698	0.2513451956376648
0.3490866474884919	-0.04910234407347329	0.2513359697146137
0.3490984701905998	-0.04903611354462954	0.25131865775044543
0.3491087649857757	-0.04889975669055911	0.251303598474088
0.3491194208771467	-0.048689860140606625	0.2512880351228698
0.3491311212283973	-0.04840979630848376	0.2512710133768091
0.34914834771571873	-0.04790467821672219	0.25124600554635607
0.3491555272405788	-0.047664759792689484	0.25123558720744643
0.3491732008101968	-0.0470240929345981	0.2512100914518258
0.3491865138033133	-0.04649751937356715	0.25119093378125246
0.3492074514020476	-0.0456019813906791	0.25116089562413585
0.3492164363292307	-0.045198541548022955	0.2511480063249227
0.34922990719760516	-0.04456719044503328	0.25112899646309506
0.34925089668226955	-0.04354227985570029	0.2510990005951419
0.34926724676725296	-0.04269980801214478	0.2510760401338256
0.3492891761125025	-0.04153623200600122	0.2510450048681284
0.3492984799281232	-0.04102841686006169	0.251031898714344
0.3493229444344054	-0.0396395697626699	0.25099788943170703
0.3493388875547604	-0.03870798032971022	0.2509758706906462
0.34936237727482367	-0.03732582429074806	0.25094278123303065
0.3493803513774843	-0.036225396728494244	0.2509179638720274
0.3493993849458843	-0.03504741682069436	0.2508915335570625
0.34941438525087576	-0.03408385010311411	0.25087114408483
0.34944044221191695	-0.032404761883512115	0.25083527070775247
0.3494513757823422	-0.031698532583441894	0.25082004856948303
0.3494824947816718	-0.02962123886024305	0.250777472269441
0.3495018841447081	-0.028292495056009434	0.2507512390439081
0.34951218519466043	-0.027606856028763435	0.2507367849421408
0.34953696717822863	-0.025908903225948146	0.2507026329969285
0.34955150354493997	-0.024894022593530643	0.2506827595873643
0.3495699794295626	-0.02360690137878306	0.2506572579660845
0.349595339446196	-0.021830164513787123	0.25062207974443335
0.3496116885256874	-0.02064478306883856	0.25059990024859813
0.3496282316844377	-0.01946316321986606	0.25057701575586766
0.34965280278081373	-0.017643879766177914	0.2505438394983876
0.3496686484988975	-0.016476433532808157	0.25052219361961714
0.3496837896070745	-0.01537188900952667	0.250501204587974
0.3497017003218992	-0.014071406591012706	0.2504761570539926
0.3497180256710678	-0.012835903177688776	0.2504540311702188
0.3497343261379663	-0.011622097842525644	0.2504314939365655
0.3497499321925647	-0.010481934347955066	0.2504094631469094
0.34976636474746464	-0.009265336301429936	0.250386431530465
0.3497847654375651	-0.007887614828624587	0.2503607756947978
0.349798550882431	-0.006876073282257852	0.2503411458230773
0.3498138773255506	-0.005760597925663899	0.2503191065766292
0.3498335449256162	-0.004299613949055606	0.25029118305115544
0.34984156960093415	-0.0037238810792713656	0.2502794347954943
0.349857574542415	-0.0025300868225053147	0.25025666321753726
0.3498682875773674	-0.0017311385657374084	0.2502413828078574
0.349886365448616	-0.00039110440050889317	0.2502153970999744
0.3498923860993516	5.7631996482607195e-05	0.2502067672124089
0.34990618406057467	0.0010624382299809915	0.25018657304500985
0.3499153266410118	0.0017138068910632492	0.25017292563325866
0.3499237461897786	0.0023195771017505	0.25016044967407314
0.3499351677555553	0.0031458782765729915	0.2501436025599315
0.34993879284546625	0.003406230982219663	0.25013822285724113
0.3499469555228102	0.003973522276712313	0.2501257514540879
0.3499518972256492	0.004317993334423467	0.25011824683934547
0.34995758876609473	0.004700028922069041	0.2501093244836159
0.3499596196297393	0.004831743161845106	0.25010606543244085
0.34996267576058115	0.005018185361966673	0.2501009626691322
0.3499636890179505	0.005069882156355912	0.2500991000081386
0.34996414993272756	0.005074193083248649	0.2500979205887701
0.34996456284804534	0.005073335201449883	0.2500967793210346
0.3499649010097231	0.005072631365204097	0.25009584582934163
0.34996520808886733	0.005071993102512648	0.2500950001232613
0.34996540237724144	0.005071588502097338	0.2500944631919707
0.3499660059708277	0.005070332839578265	0.2500927980506772
0.3499661685721435	0.005069995334716568	0.25009235123468804
0.34996658536229547	0.00506912983837364	0.25009120499185294
0.3499668649030158	0.005068549345084869	0.25009043617257576
0.3499672078899171	0.005067837155490626	0.2500894929725359
0.3499676771092234	0.005066863017302317	0.25008820300746437
0.3499679475810498	0.005066301986485319	0.2500874605853285
0.3499682159676372	0.005065745142181513	0.2500867235595462
0.34996850748114083	0.00506514027771017	0.2500859229388511
0.3499687964580407	0.005064540662856901	0.2500851292557397
0.3499691938578133	0.0050637166596781275	0.25008403916776434
0.3499693538598675	0.005063384958302955	0.25008360041975086
0.34996976847931865	0.005062525509009805	0.2500824637224218
0.34997004598930653	0.005061950197618362	0.25008170275856406
0.349970439169022	0.005061135755653992	0.2500806261912429
0.3499707107260995	0.005060572861789306	0.2500798817497029
0.3499709792830306	0.0050600166778215355	0.2500791466906357
0.34997116483026813	0.005059632316628135	0.2500786386266227
0.34997153237336054	0.005058871055060241	0.2500776324785242
0.3499718841593707	0.005058142416283454	0.25007666944895246
0.34997215320231717	0.005057585432811082	0.2500759335804048
0.3499722868557701	0.005057308704307442	0.25007556794490793
0.3499727245763567	0.0050564026334428275	0.2500743710162754
0.34997291295340116	0.0050560125688368235	0.25007385561528045
0.3499732696204634	0.005055274024744441	0.2500728797653406
0.34997359861267097	0.005070265823009332	0.2500719783984632
0.3499739994083745	0.0051061521877159705	0.25007087886247226
0.34997428983577444	0.005139653208912118	0.2500700805430357
0.3499755122755708	0.005307030213134181	0.250066713470139
0.34997625557750184	0.0054212341500081	0.25006466173151576
0.3499767525149703	0.005501758251227881	0.2500632878861896
0.3499779544475205	0.005703282844461491	0.25005996127884156
0.3499788800994762	0.0058648730848716996	0.25005739569025415
0.34998041065672647	0.006139987350623918	0.25005314680526763
0.34998141012595996	0.006324185273254637	0.25005036913243683
0.34998250659892055	0.0065330026430216875	0.25004731615589393
0.3499835446777907	0.006732436942043465	0.2500444246171811
0.3499850459274866	0.007023654213524619	0.250040241142295
0.3499861559202315	0.007242295777400765	0.25003714524053566
0.34998728478962965	0.007464489961248988	0.25003399837820806
0.349988350890542	0.007677358489557501	0.250031023742234
0.34998993157847	0.007994662872532643	0.2500266137877214
0.34999054098594873	0.008118250495820739	0.2500249128677886
0.3499921078343116	0.008433743293742982	0.2500205451128179
0.3499927319628096	0.008560120231067989	0.2500188055373298
0.3499940977596115	0.008836396026207519	0.25001500193938025
0.3499950248610437	0.009024505444789666	0.25001242180600636
0.3499962175283319	0.00926691551992842	0.25000910586494496
0.3499970311406141	0.00943237357834606	0.25000684670724316
0.34999767406116555	0.009562315499550098	0.25000506456995863
0.34999804048155275	0.009635867667376438	0.2500040501025012
0.3499990237926359	0.009833379547645668	0.25000133401074376
0.34999927965816213	0.009884504953499448	0.25000062985489024
0.3499997115805913	0.009970620533171687	0.2499994467217361
0.3499999263372062	0.010013309744892646	0.249998864820216
0.3499999955535103	0.010026766038243554	0.24999868689482835
0.3499999956312373	0.010026453858124201	0.24999870288817083
0.34999999556471056	0.010026294736710406	0.24999871053142594
0.34999999541480414	0.010025968512394096	0.24999872616894575
0.3499999953205902	0.010025718991681448	0.2499987382136597
0.3499999951998648	0.010025349366329317	0.249998756134263
0.3499999951470976	0.010025126436425336	0.2499987670167071
0.34999999507192825	0.01002490484248475	0.2499987777575547
0.3499999950280745	0.010024715456802336	0.2499987870086031
0.3499999949576416	0.010024468008433735	0.24999879905183037
0.34999999491569234	0.010024252719197088	0.24999880959607365
0.3499999948458033	0.010023952080688153	0.2499988242816644
0.3499999947871125	0.010023731090805149	0.24999883505108939
0.34999999474912863	0.010023512641505528	0.24999884576335688
0.34999999469186144	0.010023182078476925	0.24999886197168056
0.349999994672755	0.010022970820951313	0.2499988723867124
0.3499999946493845	0.010022759472885848	0.24999888279032237
0.34999999462699055	0.010022631406180413	0.24999888906629053
0.3499999945926385	0.01002234188566059	0.24999890330572716
0.3499999945621633	0.010022047148813176	0.24999891781294087
0.3499999945476191	0.010021861711026633	0.24999892695352266
0.3499999945308908	0.010021660261119752	0.2499989368784917
0.3499999945329115	0.010021461517521021	0.24999894672838543
0.3499999945213116	0.010021195611275319	0.24999895985744205
0.34999999451423547	0.010021084901534402	0.24999896531539917
0.3499999945092892	0.010020890795271617	0.2499989749072932
0.3499999945020846	0.010020549035482523	0.24999899179561605
0.3499999944996303	0.01002039250174945	0.2499989995314763
0.3499999944993043	0.010020188434973001	0.24999900962356184
0.3499999944994242	0.010020002411400108	0.2499990188226776
0.3499999945035507	0.0100198183120567	0.24999902793733475
0.34999999147488914	0.010003070901492883	0.24999904932619613
0.3499999455662095	0.009853837415884262	0.24999921541149264
0.3499997356753455	0.009468473949084025	0.2499998246209629
0.34999958331704006	0.00925151082330905	0.25000024049173275
0.3499990448305964	0.008580769731025756	0.2500016736479537
0.3499985228526476	0.00799504093117169	0.25000303840556015
0.3499981016011849	0.007543210675562559	0.2500041331561364
0.34999625333041706	0.006163753187991686	0.25000871879671416
0.34999467091483566	0.005260600553248632	0.25001255210508555
0.34999264494926585	0.0042746332190552044	0.25001741292747126
0.349989788071499	0.0026887672528358025	0.2500243612503319
0.3499878398954832	0.0017524337194613077	0.2500290630088443
0.3499859836896547	0.0008799433675475282	0.25003354929500676
0.3499812815311677	-0.0017289980955328826	0.25004508112673524
0.3499778045243463	-0.003188546226844821	0.2500535183453284
0.34997549447942716	-0.0041108022612527245	0.2500591262439812
0.34997125484632935	-0.005684199315098656	0.25006942090643003
0.34996686450635056	-0.007836280918260455	0.2500802539740094
0.3499599774379645	-0.010462662635427541	0.2500971979627472
0.3499560673103893	-0.012268438648987315	0.2501069181255483
0.34995334021422553	-0.013635130368341283	0.25011375111704226
0.34994650043854364	-0.0159458136836748	0.25013078694457636
0.3499376437693234	-0.018810699921400956	0.2501529616176179
0.34993246350762985	-0.020847326412800418	0.2501660872383861
0.34992676648568044	-0.022800827648479807	0.25018056648237463
0.34992308657634313	-0.02387987378641178	0.2501899446420849
0.34991480143681547	-0.026900963130960284	0.25021122848805044
0.3499069222423189	-0.029793942602671167	0.2502316508173632
0.34990223693376077	-0.031017688991256023	0.2502438508998235
0.34989293466817567	-0.034069345166343204	0.2502682201272546
0.3498841342539838	-0.037258564720179396	0.2502914877020447
0.349878985724697	-0.03959981742793346	0.25030519523810363
0.34987195171605273	-0.04205456348208124	0.2503241116401922
0.34986512195554875	-0.04432351261347538	0.25034256971069313
0.34986068181344576	-0.046202928710860555	0.2503546062629788
0.34985478590701946	-0.04877777054259687	0.25037070877774104
0.34984722889781933	-0.05214107121046686	0.2503915033655527
0.34984336521870285	-0.05332965749268494	0.2504022628948852
0.34983603335668506	-0.05648573191307697	0.25042266247673006
0.34982743190063825	-0.05929506433107558	0.25044695013588136
0.3498215547660424	-0.06148447804386707	0.2504635907028576
0.3498155936623176	-0.0641930677893955	0.25048053217291677
0.349812295448969	-0.06553811981550721	0.25048999254229165
0.3498059052717063	-0.06848437380861565	0.2505083356185196
0.349801705717783	-0.07073204017617384	0.2505204216819348
0.3497971700760105	-0.07267823712430398	0.2505336694382855
0.34979243572919744	-0.07558277960475486	0.2505473637425818
0.3497890431662283	-0.07745505598001405	0.2505573106454523
0.34978369740376825	-0.0803381121960411	0.2505731341346954
0.34977966429238244	-0.08238402287164771	0.2505851773231225
0.3497770281206498	-0.08420777897775537	0.25059300511262594
0.3497742007226495	-0.0859106065840698	0.2506015275566059
0.3497713130248147	-0.08857322652487833	0.250610121460775
0.34976943054218423	-0.09023050394538414	0.25061580319755905
0.34976851812022564	-0.09182806065612549	0.25061845200230554
0.3497669409992536	-0.09344979455117843	0.25062332152724603
0.34976552642194547	-0.0956510988617252	0.2506277167751514
0.34976433941300716	-0.09711199127386226	0.2506315512338435
0.34976347353292914	-0.0986195453963309	0.2506344454244892
0.34976305189547674	-0.09987088461987752	0.2506359597159666
0.34976347681169934	-0.10115619515337197	0.2506294222484544
0.3497633357961585	-0.10285865632948228	0.25054324696109853
0.34976437932327253	-0.10402173624259971	0.25038673318988103
0.34976570773442284	-0.10528810271736648	0.250154582812519
0.34976735278404003	-0.10644501091168572	0.24988626056077612
0.34977095105567874	-0.1083006255367543	0.2493557599818237
0.34977430707426826	-0.10953682935497734	0.24891695139570205
0.34977892528986915	-0.11078875743102627	0.24841648394244556
0.34978390431305184	-0.11203523098480768	0.2478462824283542
0.3497897688759831	-0.11317781228093589	0.2472834854762726
0.34979767915073406	-0.11446378789519988	0.246587260326043
0.3498075734844753	-0.11609716942020253	0.24560726309347208
0.3498159237814359	-0.11718078039819792	0.244928628407175
0.34982644228188275	-0.11846265258063511	0.24408150432562586
0.34983764627031994	-0.11953535568962138	0.24333886375796623
0.3498567342819257	-0.1212497031336814	0.24207556317738868
0.3498701170514771	-0.12244999355028834	0.2411396305045952
0.3498842433803872	-0.12352447295942766	0.2402471741468143
0.34989907949772237	-0.12454279154605725	0.2393792828645686
0.3499288189058782	-0.12615156300303854	0.2379984100099658
0.34994011828522675	-0.12687345610396195	0.23735279384826014
0.34996861823696185	-0.1282929137417153	0.23603852513911927
0.35000053581384116	-0.1297803357267791	0.23465772661132073
0.35002925199143214	-0.13080430635009116	0.2336366149874698
0.35005371407072605	-0.13180567804915788	0.23264143193234138
0.3500784819429216	-0.13279022122578488	0.2316387474077251
0.35012474741605343	-0.1342158915045476	0.23011615777911198
0.3501561397617833	-0.13523210024316962	0.2290021950970606
0.3501891111395671	-0.13585075156699156	0.22831154537042322
0.3502342146473544	-0.1366603704112168	0.22738944343516176
0.35033747132545123	-0.13838613745586198	0.22535617778772837
0.3503635339924562	-0.13884146646770584	0.22479731089822946
0.35045449806032075	-0.1400110436259716	0.223394839718981
0.3505175480773275	-0.14088649734718517	0.22230795045329235
0.3505866452744218	-0.1416684160324766	0.22132295680071173
0.35066474275460346	-0.1425784700863716	0.22018816979976158
0.35078280875829637	-0.14358756351196755	0.21889114448739344
0.3508428669759237	-0.14432543221278343	0.21790383229673776
0.35095909040387474	-0.14534155764632595	0.2165382180791681
0.3510541857095977	-0.14603380429733254	0.21558689636099168
0.3511402722522692	-0.1466546354572501	0.2146926883573701
0.351188744311729	-0.1469843344243767	0.2142161306479215
0.3513308959515772	-0.14792760222608076	0.2128473587574809
0.3514181774810919	-0.14864517866166704	0.21175190517963574
0.3514868121518899	-0.14915490008679372	0.2109611140962705
0.3515483707869766	-0.14964204113785085	0.21021597587610324
0.3516273612695698	-0.15031652330979817	0.20913265176175747
0.35168340862662795	-0.1507527145061221	0.20842451902310194
0.35170669267527216	-0.1509990024122908	0.20800601416647693
0.3517684287672744	-0.1515369518814913	0.2070749182313153
0.35180085666047384	-0.15187105746842455	0.206469921286417
0.35183438372109244	-0.152296934984748	0.2056704158823219
0.3518405768436151	-0.1525311966973043	0.20518932090599012
0.3518430909364127	-0.1526931624883865	0.2048474603663519
0.35184634740353044	-0.15292738377658244	0.20434276406012533
0.351837266266747	-0.15307085832842157	0.2039896267802684
0.35182378535528425	-0.15322404240275989	0.20358524222845392
0.351816604673348	-0.15326872806186503	0.2034501645928564
0.35180468569131174	-0.1533206092332144	0.20327018408334802
0.35178134112724857	-0.1533377699709713	0.20310347507980042
0.3517592238952421	-0.15330411887125933	0.20304624249567105
0.3517424823416393	-0.15327148385872807	0.20301723722649673
0.3517272344249533	-0.15324197089642816	0.20299081094042798
0.35171207576463104	-0.15321292071590248	0.20296461047894201
0.35169701759493116	-0.15318410249815262	0.20293854478623685
0.3516739902298706	-0.15314030720358274	0.20289873449920567
0.3516605857863065	-0.15311492734613524	0.20287557589559135
0.3516439768241824	-0.15308354764471527	0.20284688300577922
0.3516216305911503	-0.15304141399975435	0.20280828811497187
0.3516079811103514	-0.1530157204544122	0.20278471570653878
0.3515944347155383	-0.15299024352203278	0.20276132402603136
0.35157152356875054	-0.15294720162173908	0.2027217584853679
0.3515620735565877	-0.1529294602544362	0.20270543948955166
0.35154334051494307	-0.1528943054489238	0.20267308959967406
0.3515291598481925	-0.1528677044547807	0.20264859796493234
0.35150777678780376	-0.15282760657722977	0.2026116712172057
0.35149510817554935	-0.1528038555031918	0.20258979120407092
0.35148074639085763	-0.15277693453205138	0.20256498763422795
0.35146653054490845	-0.1527502899698479	0.20254043462143795
0.3514594686013546	-0.15273705513747676	0.20252823775596662
0.3514332977958556	-0.15268801191339426	0.20248303482222707
0.35142010735538237	-0.15266329503856235	0.2024602505460772
0.35140591721342357	-0.15263670515068561	0.20243573772932216
0.3513935381641078	-0.15261351002054024	0.2024143536146345
0.35138015834253583	-0.15258844003687055	0.20239123996583414
0.351366443629099	-0.15256274231065015	0.20236754631844855
0.3513548743174703	-0.15254106526145056	0.20234755943041532
0.3513364886686992	-0.15250661579299873	0.20231579439473243
0.35132473434885403	-0.15248459085912097	0.20229548478565243
0.3513125353311833	-0.1524617336938462	0.20227440786974848
0.35129888334230425	-0.1524361536974389	0.2022508195269272
0.3512833416703337	-0.1524070307714261	0.20222396238823406
0.35127205927491667	-0.1523858890716706	0.20220446519650606
0.3512603493397559	-0.15236394698628603	0.20218423013495462
0.35124726247235144	-0.15233942352474217	0.20216161342743033
0.3512327975154465	-0.15231231849793508	0.20213661623721427
0.3512214413672908	-0.15229103870771998	0.20211699099509775
0.3512063293981266	-0.15226271959013066	0.20209087249948474
0.35119521813622084	-0.15224189765011498	0.20207166850745845
0.35118420630254044	-0.15222126208572262	0.20205263639129062
0.35117425309958383	-0.15220260961338766	0.20203543258251513
0.3511587849728049	-0.15217362144500013	0.20200869515886782
0.35114813189360206	-0.15215365641265333	0.2019902796634318
0.35113850079178466	-0.15213560610336396	0.20197362967491217
0.3511236399340234	-0.15210775486769712	0.2019479396150049
0.35111719022792426	-0.15209566725707863	0.20193678998081116
0.3511029097389778	-0.15206890309908622	0.20191210193919165
0.35109319883115886	-0.15205070281418248	0.201895313103801
0.351082736820321	-0.1520310945123433	0.20187722504602656
0.3510693114882187	-0.1520059315307753	0.2018540120792801
0.3510594659976816	-0.15198747832518333	0.2018369891392263
0.3510543602767446	-0.15197790879438683	0.2018281613894665
0.35103665346657786	-0.15194472017377136	0.20179754363960367
0.3510308986157865	-0.15193393342372014	0.20178759219977593
0.35101772960410577	-0.15190924948016316	0.20176481935120677
0.3510083745924831	-0.15189171410730007	0.20174864104926948
0.35099950138171493	-0.15187508176056508	0.20173329583670488
0.35098673467201386	-0.15185115092985624	0.2017112164832471
0.3509776784648776	-0.15183417482477174	0.20169555273728368
0.3509686856555718	-0.15181731766439138	0.20167999922939106
0.3509601493164557	-0.15180131616337067	0.20166523541500578
0.3509471042539263	-0.15177686265039286	0.20164267286247814
0.35094216765565267	-0.1517676086333259	0.20163413412967915
0.3509338654037883	-0.15175204539448156	0.2016197739025723
0.35092527859550265	-0.15173594840783622	0.2016049203657355
0.3509101619703413	-0.15170761013903838	0.20157877071064328
0.3509021450524178	-0.15169258114584272	0.20156490239447764
0.3508942101018901	-0.1516777055685759	0.2015511749717953
0.35088634496079346	-0.1516629607237101	0.20153756796182115
0.350878192407925	-0.15164767694662235	0.2015234635151206
0.35086627835403755	-0.1516253411294567	0.20150285071283716
0.35086142088504735	-0.15161623451015682	0.20149444638658434
0.35085073293260094	-0.15159619706317778	0.20147595500731263
0.3508418983620591	-0.1515796339478857	0.20146066848332783
0.3508314726321616	-0.1515600875340644	0.20144262866607923
0.3508261382990018	-0.1515500865141759	0.20143339848716696
0.35081657889662415	-0.1515321639351681	0.2014168561672372
0.35080518399811605	-0.15151079979688498	0.20139713703440015
0.3507981143583935	-0.1514975448682887	0.20138490200919457
0.3507901337553636	-0.15148258185262248	0.20137109093393962
0.35078254659394237	-0.15146835637879608	0.20135796040406886
0.350775654638173	-0.1514554342576227	0.20134603273071994
0.35076790162245125	-0.15144089755552825	0.20133261428492163
0.35075871124273217	-0.1514236656572785	0.20131670720746034
0.35075173430704587	-0.1514105838218487	0.2013046310936965
0.3507421449483331	-0.15139260349140105	0.20128803229606446
0.3507353072293683	-0.15137978240207273	0.20127619687337064
0.35072883336036315	-0.15136764346608722	0.20126499067242626
0.3507224241094963	-0.15135562561329136	0.2012538957672105
0.35071290186969384	-0.15133777044623103	0.20123741201242426
0.3507066298064761	-0.15132600959413273	0.20122655401081838
0.3507001369332602	-0.1513138346168163	0.201215313276301
0.35069620746343344	-0.1513064662813109	0.20120851049386976
0.3506848288646093	-0.15128512953461637	0.2011888109091084
0.3506788090542261	-0.1512738413117946	0.20117838823585132
0.350674738723989	-0.15126620868224622	0.20117134061655412
0.3506663738074812	-0.15125052263639632	0.20115685769630018
0.35065997272323357	-0.15123851910872188	0.2011457744631731
0.35065389543540443	-0.15122712267989302	0.20113525160771684
0.350648415635358	-0.15121684672142516	0.20112576243453903
0.35064012848951803	-0.15120130602591608	0.20111141224248935
0.35063194251540786	-0.15118595486355962	0.20109723687729533
0.3506263833260311	-0.1511755296655985	0.20108760968854544
0.35062287299741435	-0.1511689466868662	0.2010815304587588
0.3506154083425913	-0.1511549479359574	0.20106860301792057
0.3506070597964698	-0.15113929144916438	0.20105414422467394
0.35060172280333746	-0.15112928263162106	0.2010449006960893
0.35059762973600334	-0.15112160657443025	0.20103781149635475
0.3505933233482297	-0.15111353039395453	0.20103035276227377
0.3505843198941928	-0.15109664510639276	0.20101475854335435
0.35057941723366653	-0.1510874505581612	0.20100626632379154
0.35057431926813803	-0.15107788962086233	0.20099743576055606
0.3505667460486892	-0.15106368628774047	0.20098431751132018
0.35055905996017267	-0.15104927121244205	0.20097100291851644
0.35055436293598846	-0.15104046196446397	0.2009628660790155
0.3505494784235107	-0.1510313009722462	0.2009544044078858
0.35054465252792544	-0.1510222499803306	0.200946043668837
0.3505372697495453	-0.15100840335691634	0.200933253012184
0.35053254162204883	-0.15099953549707634	0.20092506139817815
0.35052786182517465	-0.15099075828040642	0.20091695315375058
0.3505232262422838	-0.15098206395640695	0.2009089212450553
0.35051840718292815	-0.15097302530979684	0.20090057163757227
0.3505115794461061	-0.15096021914845043	0.20088874116165595
0.3505072804760117	-0.15095215588860283	0.20088129210141267
0.3505028144377271	-0.150943779206897	0.20087355339800686
0.3504961938810815	-0.15093136136262697	0.2008620809051561
0.35049182899660547	-0.15092317430333185	0.2008545169397532
0.35048710530143967	-0.15091431412270773	0.20084633111797454
0.35048282480909626	-0.15090628528292482	0.20083891292257675
0.35047665918636367	-0.15089472038670065	0.20082822758981872
0.3504722710862716	-0.15088648948539435	0.20082062268651618
0.3504681201241503	-0.15087870341594983	0.20081342839122418
0.35046306812569616	-0.1508692271118065	0.20080467238843283
0.35045769891608697	-0.15085915568016972	0.2007953664042357
0.35045331349238495	-0.1508509296447399	0.20078776506889373
0.3504504060191933	-0.1508454758026067	0.20078272554201249
0.35044339817099973	-0.15083233037609994	0.20077057843994628
0.35043930680279006	-0.15082465556720898	0.20076348660907595
0.35043543885141876	-0.1508173999012487	0.2007567816569902
0.3504326469759197	-0.15081216275243065	0.2007519419480262
0.3504272554142088	-0.15080204896772165	0.2007425953046466
0.3504218382280504	-0.15079188699751095	0.20073320397532235
0.35041796851725315	-0.1507846279285996	0.20072649498518
0.3504152940243488	-0.15077961087059172	0.20072185814127708
0.3504089924559202	-0.15076778955405673	0.20071093298383597
0.35040653355620877	-0.15076317680861284	0.2007066697739563
0.3504014991085793	-0.1507537324348645	0.200697940884327
0.35039781001890596	-0.15074681188472083	0.20069154432024006
0.3503926919694219	-0.15073721054038097	0.20068266992755462
0.35038895526906816	-0.15073020049454577	0.2006761905685857
0.3503855372005994	-0.15072378823027455	0.20067026341639835
0.3503821423786299	-0.1507174194740043	0.20066437656555133
0.3503789311309562	-0.1507113950818117	0.2006588078917579
0.3503751460650947	-0.15070429416756598	0.2006522439396526
0.35037199641056516	-0.15069838527264473	0.20064678175580586
0.3503672422326844	-0.1506894661016681	0.20063853684876545
0.3503622609224803	-0.15068012075660792	0.20062989767344488
0.3503592167878273	-0.15067440965501194	0.20062461804364917
0.3503560638658791	-0.15066849449816727	0.200619149458487
0.3503542108380481	-0.1506650180122901	0.20061593546770473
0.35034982162621864	-0.1506567832295363	0.20060832256992378
0.35034549776614443	-0.15064867108034885	0.20060082258460732
0.3503423184284443	-0.15064270611279607	0.2005953077838063
0.35033930294459736	-0.15063704851072102	0.20059007710503898
0.3503345626590016	-0.1506281548125168	0.20058185428359876
0.3503329530265003	-0.15062513481135564	0.2005790620302507
0.3503300200448184	-0.15061963189081345	0.20057397408667643
0.3503259333874841	-0.1506119643832236	0.2005668845832952
0.3503224092462609	-0.15060535217897286	0.20056077084029583
0.3503186812381656	-0.15059835753744027	0.20055430299221133
0.35031448471016113	-0.15059048371253853	0.20054702216591053
0.3503117149805233	-0.15058528688424588	0.20054221668928576
0.3503088503749953	-0.15057991204781274	0.20053724640648984
0.35030699502767554	-0.15057643084458933	0.2005340272110766
0.35030188964588876	-0.1505668514827297	0.20052516867764303
0.35029908468730475	-0.1505615884525744	0.2005203014577002
0.35029728873301974	-0.15055821861810265	0.20051718504180405
0.3502936081667679	-0.15055131252649007	0.20051079826064055
