0.34999794466773504	-0.1499989209811881	0.2014582568077401
0.34999794466773504	-0.1499989209811881	0.2014582568077401
0.3499971045305194	-0.14999856688003071	0.20188045128016507
0.3499965520954066	-0.14999831272977954	0.20218781495005825
0.34999581958340487	-0.149998013105217	0.2025184106788609
0.34999516753415777	-0.1499977216894886	0.20285085734160013
0.34999465883003955	-0.14999749314315103	0.2031045260891553
0.34999362798458283	-0.14999705049803058	0.20356637218558293
0.3499927349819168	-0.14999666311532112	0.20395888530611536
0.34999180960042836	-0.14999619932722708	0.20446703844763875
0.3499910920008647	-0.14999585567104734	0.20481342811823347
0.3499901721233086	-0.14999543806021737	0.20519583542028375
0.3499894693146465	-0.14999506798227857	0.20558027172552773
0.3499887650317929	-0.1499946815073951	0.20598012099166596
0.3499876101936079	-0.14999409817034032	0.2064963878043629
0.34998698134448414	-0.14999372753444445	0.2068737237060136
0.3499861988555942	-0.1499932981932814	0.20724634842558304
0.3499854628660004	-0.14999287713245824	0.20761242258933826
0.34998477094939046	-0.14999247155044196	0.2079540646974319
0.34998420987821355	-0.14999210942385494	0.20828575685291584
0.34998334313893414	-0.14999154870357767	0.20875102871085507
0.34998298917901327	-0.14999126077256775	0.20906496880183567
0.349982532566717	-0.1499909149581114	0.20936680496053955
0.3499819886934157	-0.14999047457438425	0.20974767618758264
0.34998156728913726	-0.1499901292418192	0.2099994452416367
0.3499812612221089	-0.1499898388585444	0.21024085497511408
0.3499810725517656	-0.1499896167092562	0.21045750023849158
0.3499808873465729	-0.1499893503684125	0.21071237883666286
0.3499807880182908	-0.149989122900538	0.21094081550445815
0.3499808047184239	-0.14998908746542153	0.21100330388197566
0.349980889195306	-0.14998901456748162	0.2111431917816179
0.3499809998231667	-0.14998902592256502	0.2111995849611386
0.3499811397399654	-0.14998909461537635	0.21121507071236634
0.34998138896402164	-0.14998926425373044	0.2111865282224048
0.34998155934583186	-0.149989432062494	0.21112573260569115
0.3499817195071484	-0.14998962817285938	0.21103829627936094
0.3499818890478189	-0.14998988960507215	0.21089219950453936
0.3499820579184462	-0.14999039845414197	0.2105923447083364
0.34998210791372003	-0.14999063177347383	0.21043860798289374
0.3499821433774436	-0.14999119917054005	0.21001858857846792
0.34998204404699174	-0.14999146544525055	0.20982784477921704
0.34998149710587184	-0.1499923503988066	0.2091423035299051
0.34998103855989166	-0.14999293520730123	0.20861791811154745
0.34998061760723326	-0.14999328366664866	0.20829383134620733
0.34997948053898825	-0.1499940207146377	0.20756359074186884
0.3499789433539698	-0.14999458313489167	0.20689363663450652
0.34997749034787673	-0.14999515057724283	0.20620065811265775
0.3499749236174698	-0.14999580456880357	0.20532507576825487
0.34997186366371924	-0.14999649383354946	0.2042505123387746
0.34996953421950117	-0.1499969311312293	0.20342696344032243
0.34996624076806704	-0.14999734828817052	0.2024640378799175
0.349962661948783	-0.14999770166827564	0.2014377831970175
0.34995753380040906	-0.149998103226529	0.19992993895040787
0.35001658142078873	-0.15006198311963953	0.1988007140410403
0.3502423178865657	-0.150295538898998	0.1975981182256081
0.3507240970719565	-0.15078858545152168	0.19613485864520522
0.35170578945610037	-0.1517904573457724	0.19410233532428267
0.3526447582255049	-0.15275227415081988	0.19248665689814884
0.3537043201618418	-0.15383420584818447	0.19091980704324932
0.3549650777492881	-0.15512990400531845	0.1892078670525678
0.3572384923304256	-0.15746603303233214	0.18639739843844128
0.3582046222246087	-0.15846714334761702	0.18526291804297612
0.36069687666833056	-0.16105168900583272	0.18249141625758966
0.3616571316392164	-0.16205216967239489	0.1814573120385799
0.36547055099437087	-0.16599708567594956	0.17760215924488643
0.3679151479707833	-0.1685289449573441	0.17524431668518148
0.36942127483100334	-0.17009797103939223	0.1738114781771733
0.3725110337985822	-0.17330486539150042	0.17096247133041337
0.3740542339619128	-0.17491257807595456	0.16956002209515897
0.3790790983787412	-0.18008729444150673	0.16514655870599107
0.38053203507557737	-0.18159396062002298	0.16388505678343618
0.38441440921256864	-0.18559050272834565	0.16057739938213794
0.3872657011455673	-0.18852377295645978	0.15818209697686275
0.390950418237954	-0.192332789015154	0.1550971065783402
0.3937931404167335	-0.19525598250247073	0.152748853239573
0.39795081261784465	-0.19951737916633855	0.14934829989352366
0.4013305923927944	-0.2029842655370837	0.14659569953278806
0.40605622397913627	-0.20782575459995606	0.14276581730564203
0.4092543887619634	-0.2110856469140181	0.14019149953552623
0.41245555018598856	-0.21437257343605426	0.13759762981039686
0.4158210542995406	-0.21782897964506986	0.1348688417982128
0.4178859235367221	-0.21994354375602426	0.13319688664215756
0.4239219866136972	-0.22614000708555804	0.12828356842105781
0.4271553010502113	-0.22946194438527873	0.1256363411572538
0.4305399389152664	-0.23292158015937292	0.1228661352409493
0.4352175310921758	-0.2377082631687008	0.11900501786371198
0.4371012211939864	-0.23964105906504823	0.11743547477995475
0.44143473408871536	-0.24405632578250192	0.11382158471198783
0.4435774856713318	-0.24624162550363432	0.11201656872982324
0.4482131117426611	-0.25099494877246514	0.10805035942609437
0.45235616271348916	-0.25521470650777733	0.10446838418112364
0.4554560307727843	-0.258386715418003	0.10173014402438535
0.4583619365530266	-0.26136015627569964	0.0991251308251146
0.461475406932247	-0.2645221413429686	0.09631270651743334
0.4654812389929504	-0.26860214272316385	0.0925913236234232
0.46802496011982275	-0.2711958208348174	0.09017131489359309
0.4707251474960033	-0.2739454420133123	0.08754744411730381
0.4745450044255929	-0.2778398534094613	0.08371628049691765
0.47605175832925317	-0.2793662311869885	0.08216609993713048
0.47923432762287016	-0.2826079978588821	0.07876285124137511
0.48080144981447376	-0.2841943663028908	0.07703972037409634
0.4838369569903805	-0.2872654644394622	0.0735469447091362
0.4862091433809689	-0.28967065815797627	0.07064281921597337
0.4880666724808108	-0.2915389903477871	0.06822525595025364
0.4898484473766085	-0.2933307431403304	0.06575758992169917
0.4918757416806523	-0.2953641712066353	0.06268717056816353
0.4931409070620964	-0.29663451968300025	0.06053840269128541
0.49415974803319596	-0.29764849228716667	0.058635302611510565
0.4951595279296719	-0.29864875730013435	0.05650034400184378
0.4960420689272521	-0.29952041599103796	0.05419408393663766
0.4967101983056419	-0.3001664132228804	0.05174973533473953
0.49699019240277115	-0.30042422197798907	0.04995899453509023
0.49707739833485187	-0.3004844370058719	0.04824415565061574
0.49708058602409166	-0.30046945530861724	0.04714099538648453
0.49709735669532634	-0.300445607014554	0.04473350051400404
0.497110130468167	-0.3004245963866158	0.04269992701907377
0.49711852119016037	-0.3004069676286085	0.041107125963100344
0.497126958834048	-0.3003863231031999	0.0393041223729973
0.4971369617029487	-0.30035874436012283	0.03693885857136031
0.49714097298744275	-0.30034814299870355	0.03601258070289959
0.49715255407976966	-0.3003240479443042	0.033747199907837144
0.497156999117876	-0.3003152781535897	0.032903051770993175
0.4971727165658846	-0.3002936227519396	0.03053161331142268
0.49718587068559156	-0.30027447114449174	0.02846017557205488
0.49719671801639104	-0.30026175636481833	0.026956303516089353
0.49720681850826676	-0.30024769607164176	0.02539557186857172
0.49721215685675774	-0.30024053839292886	0.024586896868635022
0.49722768056688643	-0.30021060391962406	0.021583573449029114
0.4972373408548137	-0.3001971442222635	0.020073788337224674
0.49724627994037895	-0.30018245715228287	0.01851380278843634
0.49725446229976006	-0.3001661577000784	0.016879073170725345
0.4972690078243319	-0.30015074686039983	0.014948958851204064
0.49727492835715703	-0.3001363203750508	0.013573361924187066
0.49728686127424016	-0.3001259906800513	0.012162941115934134
0.4972957913294246	-0.30011438774312377	0.010828592638737644
0.4973033135407437	-0.3001018916700541	0.00951025187446014
0.4973175946954021	-0.300085047625512	0.0075151176832981
0.49732714787144144	-0.30007542286883704	0.006308007811507588
0.4973358181692266	-0.30006214973562256	0.004889342381302009
0.4973528750565927	-0.30004921414527114	0.0030698352024375875
0.4973661084428875	-0.3000406811340143	0.0017778986081799508
0.49737187218795376	-0.30003433972863314	0.0010336067283001071
0.49738364774049676	-0.300028015867283	-6.774064167269778e-06
0.49739969582628046	-0.3000153981687774	-0.0016875958100357469
0.4974135850725302	-0.3000022744569193	-0.0032703220037638148
0.497426294410726	-0.2999950298710207	-0.00436697681866971
0.49743821937321814	-0.2999880945103726	-0.005392630247113173
0.4974561402888434	-0.29997726708421996	-0.006931190201279913
0.4974679763464266	-0.2999699838172039	-0.007934333924502157
0.49747526248918383	-0.2999663437430739	-0.008487168728842753
0.49749092820614205	-0.2999566527617375	-0.009770314782094558
0.497501788566696	-0.2999530506857806	-0.01044376088703336
0.49752000248375483	-0.2999449424398806	-0.011671069018209801
0.4975400046653955	-0.2999389839649773	-0.012790242216452252
0.49755396738468977	-0.29993475806492165	-0.01354959257738636
0.4975742193072316	-0.2999289730004192	-0.014591215834781901
0.4975889823906484	-0.2999242259308032	-0.015349584878334044
0.49760373561458815	-0.2999209881014193	-0.015995963529299606
0.49761766341041536	-0.2999173355309957	-0.01661473032439109
0.4976345269851924	-0.2999145903981209	-0.017242565297256762
0.4976585426392771	-0.29991135921268325	-0.018050054802403848
0.49767572823052314	-0.2999094222000002	-0.0185663144747647
0.49769201803542046	-0.2999079052470735	-0.01901212368909666
0.49770867924708995	-0.2999062454573236	-0.019443673936175077
0.4977339514759272	-0.2999050995366582	-0.019970735392188244
0.4977504368228106	-0.2999044709046921	-0.020275415633904947
0.4977682849462721	-0.29990400124553207	-0.02056868362769998
0.4977856178173897	-0.29990382736251797	-0.020805762673337835
0.4978123723864842	-0.299904190792265	-0.021078686471921793
0.4978220200824752	-0.29990439136236113	-0.021159313906459087
0.4978408014380089	-0.2999049889494365	-0.021276347955406394
0.49786657256055333	-0.2999061535744667	-0.0213533795365769
0.49789425133010906	-0.2999077443266391	-0.021359778875165047
0.49791410832130983	-0.2999088976996517	-0.02135607772305048
0.49792655352919396	-0.29990957441213456	-0.021353191087609802
0.4979693594184571	-0.29991198634730526	-0.02134115805963005
0.4979871605822523	-0.2999129407515414	-0.021335088208713993
0.49802161418806146	-0.29991469181612485	-0.021321919352526197
0.4980402546266682	-0.2999156395260347	-0.021314263575287706
0.49809465772775047	-0.29991824409662704	-0.021289868042723925
0.49812674007323743	-0.29991978484189896	-0.021274535633992286
0.4981569531844836	-0.2999212544652518	-0.02125955410288538
0.49819126564897537	-0.2999228653117407	-0.021241876449223485
0.49824402024326364	-0.2999252966122349	-0.02121358306026533
0.49827908622435463	-0.29992691771130936	-0.021194235350772972
0.4983168525874745	-0.2999286600683793	-0.02117281734387555
0.49835555246867547	-0.2999304244902483	-0.02115036800877157
0.4983931077315023	-0.29993216983235144	-0.021128247579479176
0.4984385997982982	-0.2999342315630284	-0.02110087435911223
0.49849380977289753	-0.29993671695963714	-0.021067024264535772
0.4985336456826306	-0.2999384968645217	-0.0210422042555784
0.49857754310962477	-0.299940478638392	-0.02101454196013247
0.49861091585192	-0.29994195803378215	-0.020993227200784115
0.49867081063416674	-0.29994462158533824	-0.020954530796931492
0.4987086589507208	-0.29994625839386707	-0.02092973660723596
0.4987486192627556	-0.2999480224576486	-0.020903356458078448
0.498798264880717	-0.29995021810137695	-0.020870317991930454
0.4988758119124269	-0.29995362184017127	-0.02081808900347043
0.49892108256567735	-0.29995560478631567	-0.020787258227320582
0.4989537585077179	-0.2999570278772303	-0.020764848485074983
0.4990055313989773	-0.29995927976577286	-0.020729131807982026
0.4990685532514243	-0.2999620278661445	-0.020685303742993377
0.4991121625046767	-0.29996391049692894	-0.020654721282468536
0.4991573910585353	-0.29996587497783134	-0.020622851537815345
0.4992003413410083	-0.2999677349560131	-0.02059243814880196
0.4992409636683644	-0.2999694835226985	-0.020563514011508077
0.4992702819861215	-0.2999707517313404	-0.020542563243943657
0.4993460287796042	-0.29997403294082464	-0.02048812863372601
0.4993866538134052	-0.29997579169869626	-0.020458764686848208
0.49941105588698687	-0.2999768466944659	-0.020441074666334602
0.4994809483297656	-0.29997985703149865	-0.02039014580441051
0.49952434993344513	-0.2999817289355422	-0.020358346959829743
0.4995493192362533	-0.29998280617148065	-0.0203399929977795
0.4995824772412982	-0.2999842352152817	-0.020315561295818296
0.499631113246316	-0.299986322557257	-0.020279575932622473
0.49964886836295686	-0.2999870851277957	-0.02026640453150852
0.4997097715706793	-0.299989700261558	-0.02022105616056219
0.499727245249368	-0.29999044770461114	-0.020207996326163546
0.4997711442666125	-0.29999232575630363	-0.02017510466898126
0.49980049405017835	-0.29999358653296393	-0.020153041971248675
0.49982580192157966	-0.299994669834478	-0.020133963803330823
0.4998635036027286	-0.2999962845770702	-0.02010546535760721
0.49988556827226144	-0.29999723135482137	-0.020088742589396524
0.4999062137553019	-0.29999811771588375	-0.020073062180956502
0.49992484273045446	-0.2999989128123652	-0.020058876494556677
0.4999433499265724	-0.2999997025969833	-0.020044752652594422
0.4999658128287134	-0.300000653870773	-0.020027564410246446
0.4999780199593473	-0.30000116837393764	-0.020018198469499926
0.49998902367220555	-0.30000163587253453	-0.02000973686202534
0.49999931991393404	-0.3000020716997836	-0.020001803311889055
0.5000053634088757	-0.3000023233613197	-0.019997133996935534
0.500011236580392	-0.3000025623259008	-0.01999257883204808
0.5000121987419054	-0.3000025927935977	-0.01999181974441322
0.5000362292325498	-0.3000412871770346	-0.019731205121908624
0.5000881158369178	-0.3001263451539543	-0.019154047140784558
0.5002525411881981	-0.300399692897292	-0.017266279093854697
0.5003961457314566	-0.30064288540547174	-0.015535415868729252
0.5005842010869126	-0.3009695549045096	-0.01313964112017002
0.5007137665737736	-0.30119165866318137	-0.011495556611885172
0.5009325666811825	-0.30157408034352623	-0.008577941638498898
0.5013063747676454	-0.3022280130169162	-0.0034456300159772524
0.5015961571718853	-0.3027443197477281	0.0007834187921737512
0.5019990627832177	-0.30347448306961466	0.007040806754267437
0.5022841916667923	-0.30399672736263594	0.011706566518872696
0.5025730199823218	-0.30453039280965644	0.01665644969206409
0.5030098787766288	-0.3053527386221173	0.024731218413721223
0.503297455078992	-0.30589772086227973	0.0303760204132138
0.503617407242995	-0.3064775589943577	0.03648298467576522
0.503923497372112	-0.3070408218572243	0.04278190079673527
0.5041953141586781	-0.30755417534468754	0.048966913014107105
0.5046121803690056	-0.30832563303733557	0.058811676683859615
0.5048379102055028	-0.3087582433096274	0.06504595352703596
0.5050538459449344	-0.30918874759581993	0.07196369749827758
0.5052720290526691	-0.3096095935987162	0.07929351274088725
0.5054790966803814	-0.31002027179921954	0.0876099433031467
0.5056713939516359	-0.31040907680317614	0.09721790238559758
0.5057963551211465	-0.31064235684338426	0.10405636944689794
0.5058847682234267	-0.3108191207525596	0.11118536911783033
0.5059032068260769	-0.31089681208620923	0.11797143260581444
0.5058893699481778	-0.310910332550137	0.12500378076503615
0.505788999407119	-0.31079515588282164	0.13494906227406556
0.5056745806599945	-0.31063485156884846	0.14116169740066392
0.5055685652319095	-0.3104796567701064	0.14524065536639197
0.5052683762522153	-0.3100049404980137	0.15460992699902515
0.504977494429021	-0.3095469010462815	0.16094472930156545
0.5044996686365917	-0.3087838166273012	0.1688899222955508
0.5042559301356477	-0.3083910116182791	0.17220642634672476
0.5035474284891571	-0.307242770542237	0.18029049324480742
0.5029747960580561	-0.30631410824607197	0.18533918932186647
0.5023379967310051	-0.3052803616745289	0.1901402465168373
0.5012657387133992	-0.3035397696592784	0.19657636037640847
0.5003973585898078	-0.30213475871840445	0.2008320734725001
0.49901455097019054	-0.29987670300975006	0.20598743354085458
0.4980196456323771	-0.29825434877503515	0.2090060205816773
0.49681199524704545	-0.29628511902394516	0.21195883029523116
0.4947809789802269	-0.29295421475500993	0.2160431006235889
0.49333061400707173	-0.29057061955443436	0.21856463643971596
0.49242215440539777	-0.2890837946058416	0.2200133831750288
0.48993003253669826	-0.2849866155968259	0.22352395292754038
0.48797033656621375	-0.28177021717354445	0.22595469379415414
0.48506717750391165	-0.2769910118267731	0.2291019823367901
0.48311208811002665	-0.27377520533773403	0.231016366641576
0.48088049516108644	-0.27010365506672745	0.23302399105721494
0.47740646019840155	-0.26437152171958594	0.23581759948510683
0.4760281611555126	-0.2620896095255401	0.23682156637859147
0.47253294801794	-0.2563148549843722	0.23921894129442492
0.4699213275832262	-0.25197941307691096	0.24080016332229826
0.46606641462051923	-0.24558434860174494	0.24297345827061706
0.46342074531102573	-0.24120070613382405	0.24436598128486375
0.4607351716282335	-0.23675214900260755	0.24571464749342598
0.45799388399852914	-0.2322046899449134	0.2469806402246927
0.4537858240728887	-0.2251906807593752	0.248672573641686
0.4521042428621416	-0.22238402904641769	0.2492937812581296
0.44791713185296056	-0.21540647612444064	0.25078439949228637
0.44499654853690523	-0.2105211947894482	0.2516822841610493
0.44057773952154344	-0.2031401366017052	0.25300576020064014
0.43760739222760536	-0.1981700814633261	0.2537993321902147
0.4347479786885541	-0.19338190870497746	0.25446586641700575
0.4317454663177561	-0.18835551613233054	0.25512677176041465
0.427243456057377	-0.18079283002987287	0.25608992116723506
0.42546809581732326	-0.17780991480530584	0.25643345976034887
0.42205063704114576	-0.17206339669654552	0.257017067910684
0.41648685640107486	-0.16267662756024479	0.25795867551046975
0.41350942225630943	-0.1576503821779934	0.25833952200218835
0.41068459881324926	-0.1528787748457699	0.2586774171581018
0.4089444847223678	-0.14992863506326692	0.2588529129974583
0.40495523647427684	-0.1431878658986529	0.2591664684512083
0.3999775405389887	-0.134782239028243	0.25949921952250177
0.3970196622225759	-0.12977693668291895	0.25965784763641786
0.39409332718132645	-0.12487031303707312	0.2597367381608612
0.3911010638209702	-0.11980159538045558	0.2598283736418071
0.3879268952502125	-0.11439079059502462	0.25989026723629627
0.3842331701211811	-0.1081345348845927	0.25984606094266033
0.3816810704954994	-0.10381517579059106	0.25982557382786653
0.37810373450652784	-0.09775123977469373	0.25975617294691594
0.3756900293307527	-0.09365569879205833	0.25964340669341746
0.3733656594107823	-0.08970907093817092	0.25953573967433574
0.37111573385717483	-0.08589753661577003	0.2594294996738915
0.3697273649609283	-0.08354060274256382	0.2593438306030716
0.3665001673597032	-0.07808803620959172	0.25908273373276064
0.36365255312202044	-0.07326028964745808	0.2588279429331731
0.3618166977851463	-0.07017083606327991	0.25862813555685527
0.36000859159277654	-0.06711904679706272	0.25840387942019155
0.35896918661024096	-0.06537174035994121	0.25826429383372973
0.3560270504893232	-0.06041113232305871	0.25785243166334104
0.3546019643952741	-0.058007099494839606	0.2576194522411596
0.35362121002234914	-0.056357970714334446	0.25744628999243296
0.3526738886977445	-0.054767538139524716	0.2572694206961115
0.35130303710604327	-0.05246565364662635	0.2569884636855263
0.3502028967274115	-0.05062210267011695	0.25672802841622966
0.34962905747709644	-0.04965815492017377	0.2565778746358278
0.34920551351620044	-0.04894796342678577	0.25644729056612625
0.3489259373224842	-0.04847883267755855	0.2563366203307099
0.34881950384638133	-0.048298950028891854	0.2562191852759332
0.34882539142542446	-0.04830810785912275	0.25618620768190037
0.3488380763822801	-0.04832770638552382	0.2561158744268116
0.3488502517002971	-0.04834623415459431	0.2560489250874558
0.3488643682628944	-0.04836732262749642	0.25597258879085033
0.3488749828739977	-0.048383012925228105	0.2559155803288986
0.34888432048111223	-0.048396772406954544	0.25586550227421034
0.34889404382823697	-0.04841101095803897	0.2558136270119687
0.34889974272093693	-0.048419394348674746	0.25578304281452635
0.3489141011991027	-0.04844042568633687	0.25570625682108206
0.34892401895495007	-0.048454878245682606	0.25565344411142726
0.34893683061040764	-0.048473549446183414	0.2555851799111505
0.34895159701211265	-0.04849494007158152	0.25550691845929946
0.34896160831253265	-0.04850941770891763	0.2554539277527882
0.3489707079766671	-0.048522578588868645	0.2554057497853759
0.3489801433870391	-0.04853622843454662	0.255355776416032
0.3489898949243324	-0.04855031041629222	0.25530420779446505
0.34899955695118756	-0.048564256406587916	0.2552531313367472
0.34901231338342853	-0.04858268304607992	0.255185648571569
0.3490174468615109	-0.048590088407167956	0.25515852328527416
0.34903316005677576	-0.048612733338159866	0.2550755651461246
0.3490427193594943	-0.048626509341664556	0.2550250981534213
0.3490507504701526	-0.048638079921119945	0.254982709532807
0.3490594723079262	-0.04865064379148949	0.25493668197492314
0.34906736183230047	-0.048662000519251916	0.2548950724250373
0.3490810893854261	-0.04868174040492672	0.25482273672151634
0.3490887892240054	-0.04869280808449285	0.25478217790097746
0.34909716827750903	-0.04870486563488065	0.25473800302616567
0.34910510274809675	-0.04871627434592017	0.25469619960538625
0.3491168690033578	-0.04873318462366215	0.25463423347581043
0.34912216504243637	-0.048740794002413365	0.2546063488103696
0.34913232434336544	-0.0487553948611822	0.25455284871982775
0.34913684016099605	-0.048761883922714064	0.25452907143462355
0.34914853104156973	-0.0487786756312024	0.2544675381163934
0.3491587093840412	-0.04879328921852473	0.2544139835113729
0.3491637565003771	-0.0488005366360552	0.25438742547723814
0.34917343667980494	-0.04881443937851747	0.2543364828070274
0.34918463231003527	-0.04883051117032232	0.25427758718842974
0.3491918064450735	-0.04884081342927195	0.254239838886793
0.34919631970762033	-0.048847286468837084	0.25421611331470595
0.3492100751473407	-0.04886703240296507	0.25414375908875875
0.3492154565057988	-0.048874759484456784	0.2541154482356338
0.3492254770752152	-0.04888914330424372	0.2540627444447039
0.34923259575374666	-0.048899359059197914	0.254025311131671
0.3492399574383466	-0.048909923956887355	0.25398659978414334
0.3492469406231068	-0.04891994333321352	0.25394988555527387
0.349256854024792	-0.048934167610628396	0.2538977653144381
0.34926160648487126	-0.048940984505574034	0.2538727850907854
0.3492713226997244	-0.048954923179780854	0.2538217105646443
0.34927569842357004	-0.04896120064706362	0.25379870911286084
0.34928439270909695	-0.048970020145125234	0.25375301689094076
0.3492943730991561	-0.04888814395349898	0.2537005429776039
0.34930175473280617	-0.04876284354666917	0.2536616690638678
0.3493108649934372	-0.04852709157511399	0.2536136759507709
0.3493193500186578	-0.048254567866884215	0.25356886595619593
0.3493245269491357	-0.04806970802380557	0.25354147313746556
0.34934282073774253	-0.04730711552408447	0.25344451564535775
0.34935341778487783	-0.0467952828188198	0.2533879417378381
0.34936024868632976	-0.04644327837109628	0.25335119431741626
0.34937142423652623	-0.04583687031206983	0.25329090556775175
0.3493862227436656	-0.04497817096799457	0.25321155072584434
0.349398692395433	-0.044209408849837276	0.2531439431131498
0.3494157870126287	-0.04310289951577566	0.25305136763481145
0.34942745753486604	-0.0423153808670058	0.2529880165413468
0.34943430022749344	-0.041830766102480224	0.252950270098381
0.3494511953664082	-0.04062552342241969	0.2528580628376169
0.3494688671315657	-0.03930586861590278	0.25276087580430706
0.3494827090527794	-0.0382321216831243	0.25268407157228717
0.3494956866286549	-0.03721000439179355	0.25261226049941754
0.34950860837097386	-0.03619937208352218	0.2525418718540264
0.3495217727201011	-0.03514393131665729	0.2524697140817456
0.34954155760010497	-0.033516163451315265	0.25236076036906896
0.34954861342777105	-0.032923653287501894	0.2523217089208842
0.34956644281352134	-0.03136571814209595	0.25222134326825585
0.34957946807960233	-0.030190885285206623	0.2521471492807746
0.34959804141078715	-0.02852847550826486	0.2520426779691549
0.349611403037358	-0.027320552884424962	0.2519675463826441
0.3496237226034516	-0.02620528674705007	0.25189863792341405
0.3496367232395441	-0.02503188225210988	0.25182634862500974
0.34965517560385095	-0.02331740490474217	0.2517224853776453
0.3496639022630118	-0.022511442889229835	0.25167377012472936
0.34967724568093195	-0.021274798192412084	0.251599387536094
0.3497018511152118	-0.0189708664509476	0.2514620435116517
0.34971430894276756	-0.017798382078791794	0.25139266332324367
0.3497265635291905	-0.016632909099327006	0.2513241864834367
0.34973799700645913	-0.01547367504291182	0.25125801391154495
0.3497565223192187	-0.013709681275159188	0.25115514342726797
0.3497628450706912	-0.01309446246858155	0.25111968949501473
0.34977625557751413	-0.011775824223159773	0.25104416106428984
0.34979150578714346	-0.010287637813252218	0.2509589623476308
0.3498067587659505	-0.008785864240679633	0.2508735422924567
0.3498174736932588	-0.00775167458870589	0.2508144170134293
0.3498275048449184	-0.006787413141738904	0.25075930783489525
0.3498429882854669	-0.005275425177185836	0.2506736797079435
0.3498535346614873	-0.004250472270779862	0.2506156721517
0.34985964426435534	-0.0036735835060839467	0.25058268335816225
0.3498725072367836	-0.002440919141769568	0.25051277694877416
0.34988531950255436	-0.001204892219453621	0.2504430740645661
0.3498936741141645	-0.0003955786687421109	0.25039763966161654
0.34990100973070465	0.0003041767821288094	0.25035816430614966
0.3499083579220153	0.000995248946013813	0.25031900968253096
0.34991618969679167	0.0017194569093242767	0.2502777572096082
0.3499261338760736	0.0026084922421600737	0.25022646683044725
0.3499321735166718	0.0031636321275504004	0.2501949462845517
0.34993727369922634	0.0036198383021854436	0.25016877936003956
0.3499419877150852	0.004032363524909446	0.250144942940558
0.3499461661982697	0.004392742957463294	0.2501240335060789
0.34995075215879384	0.00476904531497295	0.25010177202389916
0.3499532718853449	0.004968523497820385	0.25008983684895003
0.349955055629035	0.005095368447822837	0.25008190125203184
0.3499559522952012	0.005140995450705746	0.2500785592700694
0.34995659310566624	0.005141517073190646	0.2500773150157562
0.34995699091821797	0.005140213928293932	0.2500765994285995
0.34995736799625937	0.005138979396015306	0.2500759220251705
0.3499577421511979	0.005137753987517882	0.250075249270162
0.34995832987398484	0.0051358316691383216	0.2500741957747719
0.3499586952387993	0.005134636832951192	0.2500735410924333
0.34995907436147133	0.005133396283653155	0.2500728608188471
0.3499593193960393	0.005132595231853679	0.2500724220887611
0.3499598049422635	0.0051310084956656815	0.2500715534628566
0.3499600619405708	0.00513016819563418	0.250071093129
0.34996058696677035	0.005128451697376177	0.25007015290874357
0.34996101115902967	0.005127065522800886	0.2500693940989414
0.34996150789331865	0.005125442742522204	0.25006850608402686
0.349961830969271	0.005124386899862068	0.2500679280297934
0.34996225736655884	0.005122993781244353	0.2500671655979052
0.34996248372247607	0.005122254444764149	0.2500667611193038
0.3499629767207894	0.005120644570580243	0.2500658806523172
0.3499631835016311	0.005119969752238926	0.250065511876432
0.3499638130912352	0.005117914005968963	0.250064387663738
0.3499640013889438	0.005117299187195903	0.25006405145052923
0.3499644461197287	0.005115847455428299	0.2500632578313221
0.3499646450842355	0.005115198083742292	0.25006290291137234
0.3499651094397445	0.005113682429541952	0.2500620744378359
0.3499654578528689	0.0051125455262488045	0.2500614532055666
0.34996574736113967	0.005111600882167958	0.2500609370584933
0.3499661709705498	0.005110218417997678	0.2500601815119587
0.3499666082969014	0.005108791620082723	0.25005940202163995
0.3499668960162537	0.005107852710760877	0.2500588889322167
0.3499672128853496	0.005106819072037319	0.2500583243338759
0.34996737043965637	0.005106305037779188	0.25005804349839234
0.3499678450099227	0.005115222577707093	0.2500571941495767
0.34996858712475254	0.005168584614955354	0.2500558553298129
0.3499692567623419	0.005236325257698918	0.25005464324816634
0.3499700234321562	0.005322820316992091	0.2500532538991047
0.34997083123284656	0.005422583884158713	0.2500517869913219
0.34997223655656695	0.005606788691505979	0.25004923519003663
0.34997287542409156	0.005693801131133089	0.2500480756466712
0.3499744392188418	0.005914494099386505	0.25004523898145536
0.3499751646088936	0.006019611877718531	0.2500439221328372
0.3499775970692878	0.006382865027567727	0.25003951752376447
0.34997884531290513	0.006573975868681928	0.25003725669370575
0.3499802227730209	0.006788960588876389	0.2500347692900613
0.3499809412191303	0.006900144327167276	0.2500334603260195
0.3499827922551817	0.0071913830769031045	0.2500300995593968
0.3499848224095547	0.007515555627706227	0.2500264185945023
0.34998564919735753	0.007649690513789456	0.2500249243748949
0.3499874313574976	0.007935385028298728	0.25002167867655256
0.34998824818697033	0.008067389351813295	0.25002019295769906
0.34999065535865054	0.00846378950740223	0.2500158371161939
0.3499917773429123	0.00864858501056659	0.25001380245696764
0.3499929569279806	0.008843779047394335	0.25001166538825126
0.34999403626756864	0.00902250733662309	0.2500097091658939
0.34999509117697797	0.009197772057248449	0.250007798639835
0.349996472935693	0.009426483111885584	0.2500052916353779
0.34999729741232194	0.009562964059380591	0.2500037961118217
0.34999805596615213	0.009688145724960046	0.2500024190948817
0.3499985680860304	0.00977203433557465	0.250001486879167
0.3499992632903452	0.00988633914774105	0.25000022675955547
0.34999975019530427	0.00996590960497487	0.2499993460537241
0.3499999599858573	0.010000074720715166	0.24999897120853526
0.3500000371531876	0.010012547932447602	0.2499988395581838
0.35000003697395515	0.010012461134401615	0.24999885067031474
0.3500000363011134	0.010012290946716282	0.24999886607563884
0.3500000358617317	0.010012181361202174	0.24999887596013193
0.35000003563421794	0.0100121180476163	0.24999888175897977
0.35000003504219673	0.01001196306161492	0.24999889582139354
0.35000003456593964	0.010011837417406966	0.24999890722538454
0.3500000340440305	0.010011692027552352	0.2499989205156543
0.35000003366142773	0.010011588903018079	0.24999892989424502
0.3500000332757942	0.010011482152027532	0.24999893963582492
0.3500000327515488	0.010011335265157392	0.24999895305743564
0.35000003240719335	0.010011235500506852	0.24999896221159496
0.35000003207145675	0.010011136670188409	0.24999897129691218
0.3500000317315415	0.010011034373931527	0.2499989807255585
0.3500000312083726	0.010010880194727428	0.2499989948946775
0.350000031029009	0.010010827771066155	0.24999899970636064
0.3500000305658529	0.010010689370425374	0.24999901244372452
0.35000003036561517	0.010010629357873016	0.24999901796804652
0.3500000299100252	0.010010491143496045	0.24999903070858018
0.35000002945501074	0.010010351171356749	0.2499990436307169
0.35000002929474955	0.010010301412080744	0.24999904822902627
0.3500000290066077	0.010010210884495538	0.24999905660581762
0.3500000284716362	0.010010044061266377	0.2499990720258236
0.3500000281661378	0.010009947739544334	0.24999908093920323
0.35000002798922825	0.010009891953020336	0.24999908610111998
0.35000002758635773	0.010009765489741515	0.24999909779492246
0.35000002727418	0.010009668198119936	0.24999910678219545
0.3500000269957724	0.010009578830968799	0.24999911506508368
0.3500000266273154	0.010009460351734306	0.24999912604678798
0.35000002645070766	0.010009403528260574	0.24999913131340729
0.3500000262042455	0.010009324481292034	0.24999913863638673
0.3499999912897357	0.00988501339109013	0.24999927086330687
0.3499998250774486	0.009536363555041241	0.24999977025796488
0.34999958726100805	0.009186645904293203	0.2500004228563434
0.349999200998021	0.00869446099215447	0.25000145286789655
0.34999869421077323	0.008139741125156918	0.2500027717144805
0.3499982640033533	0.007714317031535092	0.25000387457694373
0.3499965248408013	0.006317488608363328	0.25000822177546267
0.3499954453207276	0.005507263691620093	0.25001090492339617
0.34999418785691633	0.004847132836098625	0.25001393683678974
0.3499926013203142	0.0038150952049389036	0.250017835784876
0.3499885025444498	0.0017244280939425899	0.2500277543465822
0.3499869234482257	0.0009641405359626792	0.2500315773713261
0.3499835365837173	-0.0005733382653343028	0.25003977197977656
0.34997900973333307	-0.0023985677251982945	0.2500507012322721
0.3499756508291987	-0.003884346574421091	0.2500588758512835
0.34997125948964664	-0.006090358831088674	0.25006968730444656
0.349967550240018	-0.007689304182595627	0.25007880234641894
0.34996429834895704	-0.009315368312161496	0.2500868688106384
0.3499602345404963	-0.0109867901639326	0.25009691742466267
0.34995751795772195	-0.012150649882527745	0.25010366805988193
0.3499505204936349	-0.014793119751195252	0.2501210699483478
0.34994407311133	-0.01737387605789402	0.2501372523205097
0.3499389018436063	-0.019248801440322774	0.25015027796532907
0.34993355180467756	-0.02098291423765279	0.25016379621932255
0.34992539520783195	-0.024091147803700322	0.25018458557994483
0.3499202731112718	-0.02599172780182661	0.25019774132880523
0.34991471251563405	-0.028105620027011793	0.25021209236467623
0.34991027433059774	-0.03024729973997646	0.2502236348661492
0.3499028686271211	-0.033454018248998005	0.25024303015174176
0.34989646454868106	-0.035651366225498235	0.25025990354135863
0.3498916328358992	-0.03777105826791981	0.25027270415810704
0.349884430318437	-0.04010064426818534	0.2502919342120953
0.3498779643231551	-0.042245185582329994	0.2503093104523686
0.3498697510915146	-0.04479121939880966	0.25033153836851146
0.34986292782452466	-0.04793477679294457	0.25035004334117794
0.3498598826621534	-0.049212934137748646	0.25035838311905206
0.3498522078436462	-0.05255366793944315	0.2503795084619844
0.349844198677562	-0.055690470324685395	0.2504017865282429
0.34984169666455184	-0.05715356211720417	0.25040869858109754
0.3498336260896071	-0.06007496711023909	0.25043148838870444
0.34982929891289105	-0.06219906978916541	0.2504436555198056
0.34982086899789044	-0.06536283708602132	0.2504677629570655
0.34981603797240757	-0.06754069607706671	0.2504816087983899
0.3498110769325185	-0.06960372506177732	0.25049594117588525
0.34980716725917466	-0.07191233132248674	0.25050714788580597
0.349803306017719	-0.07400816457501029	0.2505183275557211
0.34979739420217293	-0.07696887956044089	0.2505356122488446
0.3497939667127247	-0.07896941176952714	0.25054566760321884
0.3497916111058516	-0.08017642126075573	0.25055264963684004
0.34978756453094534	-0.08262616026957838	0.2505646179395135
0.34978331313787386	-0.08476755855087038	0.2505774112457123
0.3497791071373385	-0.08731825887471846	0.2505900921301033
0.34977599075448135	-0.08916759467860473	0.25059959731191606
0.34977408117616154	-0.09094477799592073	0.2506053513609114
0.34977235204426305	-0.09259611052416415	0.2506106228525219
0.34977152990970867	-0.09417139576316137	0.2506130259828816
0.3497708985343455	-0.09587671945724767	0.2506148836023818
0.34976974426606644	-0.09732475667676747	0.2506185868192807
0.349769209753827	-0.09873874004853377	0.2506203388766146
0.3497686279601378	-0.10064791214613956	0.2506224462940911
0.34976848969803864	-0.1018201228470705	0.2506064871872406
0.34976900339641137	-0.10303953091833402	0.2505119733377757
0.34976961679852325	-0.10430832279650722	0.25035083826827226
0.3497717642874756	-0.10602589276158807	0.24999715730045177
0.34977399333914894	-0.10730488430765987	0.2496622035507049
0.34977685543685577	-0.10856231858442782	0.24926746370160732
0.3497804440050675	-0.10976547771431681	0.2488346326950185
0.349784437144097	-0.11091428553038125	0.24836967303459373
0.3497892883917911	-0.11216136728278413	0.24779064257450112
0.3497926739927651	-0.11298920443951503	0.247375372375262
0.3498029668185649	-0.114732798296892	0.2464229709091876
0.34981301909063717	-0.11623025103556418	0.24554480062909304
0.3498215259378643	-0.11750444742577436	0.24472343266451127
0.3498316324301216	-0.11863007345706982	0.24397441175378617
0.3498377813722098	-0.11928969324918158	0.24351593609096694
0.34986149474807066	-0.12166096552990242	0.24176172210234323
0.34987449678112104	-0.12269783028567986	0.2409368756109605
0.3498896080484078	-0.12387673855405971	0.23996584585626035
0.34990370272312915	-0.12494097957824542	0.23904616867206488
0.34991397435793836	-0.12567688852345915	0.23841590822905648
0.3499483362493952	-0.1272648437608504	0.2370089770161939
0.34997720540155575	-0.12882645815652277	0.23556092456334318
0.3500042031591686	-0.12988264811034927	0.23453195610929709
0.35002069497575933	-0.13051056464637445	0.23389532090267914
0.3500597179865372	-0.13224441051879	0.23211650873410394
0.35008139477984757	-0.1329645373360827	0.2313763754046966
0.35013065220027934	-0.13431697764592598	0.22996504919268934
0.35016399264566783	-0.13524805709932175	0.228949457639981
0.3502014096987845	-0.13621436275142834	0.22789738079445848
0.3502704642272748	-0.13758047710619048	0.22632327205737154
0.3503268474918066	-0.13847116004727533	0.22526691709429736
0.3503860939513646	-0.13934980965238003	0.2242187412244601
0.35047089641246054	-0.14028157447808365	0.22309601756377942
0.3505373915422623	-0.14103900320536183	0.2221471311517495
0.3506374912858757	-0.14227265499881503	0.22054363206514374
0.350715252365931	-0.14305378220602605	0.21958146028142528
0.3507970974623097	-0.14376181805622146	0.2186939064832102
0.3508749637159943	-0.14449949027180176	0.217716789270212
0.3509576860979125	-0.14528850050929132	0.21664294260391118
0.35109096946991797	-0.14622484898753468	0.21537034844989128
0.35117293894635493	-0.1468449553464291	0.21449136591506093
0.35121575573442615	-0.14714700471554187	0.2140607631028425
0.35132808200310495	-0.14798729951646789	0.2128326220809953
0.351442657638198	-0.14882605515749486	0.21159405288209537
0.35150696780152624	-0.14937026917787788	0.21074869296542126
0.35154902770204494	-0.14985683572295666	0.20996420670237603
0.3516296110469675	-0.15033527133895863	0.20922536541692238
0.3516577293185583	-0.15058499575350426	0.2088192000899874
0.35171493576361473	-0.15119618699731852	0.20775758925861523
0.3517441372290725	-0.15154574026461792	0.20713952757625786
0.3517776428563797	-0.15198912413627885	0.20632800528122308
0.35180438873897757	-0.15239488517592537	0.2055536114654502
0.35181378506349686	-0.1526276606785833	0.20508208153561752
0.35182080203296157	-0.15283098386204627	0.2046579078734561
0.35182237619599044	-0.15300428295562185	0.20427623117798896
0.35181537317589656	-0.15315251025881074	0.20391633397656284
0.35179846638282314	-0.15330223849696983	0.20350007476407797
0.3517849830046213	-0.15336556829347958	0.20328532129933397
0.35176990327724295	-0.1533831851247855	0.20316159862272234
0.35175493512791534	-0.15337464599755807	0.20309280432005336
0.35173119407094444	-0.15332843246485953	0.20304873875134333
0.35171605207506035	-0.1532983857305248	0.2030220130299873
0.3517044210921318	-0.1532754122451081	0.20300153330627238
0.35168606761553556	-0.15323940279052717	0.2029692468893129
0.3516685632844044	-0.15320529418508666	0.20293847710226492
0.3516485735153258	-0.15316649272007665	0.2029033534333835
0.35163403963381074	-0.1531383378071145	0.2028778170952668
0.3516190124503406	-0.15310930828234698	0.20285141888315408
0.3516034609148613	-0.1530793034342834	0.2028241022418198
0.35158742605654775	-0.1530484071767234	0.202795938071277
0.35156838515700384	-0.1530117563386244	0.20276249799761104
0.3515545700387189	-0.15298518625698737	0.20273823484818235
0.35153373505261265	-0.1529451408803048	0.20270164065118557
0.3515193873827787	-0.15291757741288986	0.20267643976691732
0.3515108688950424	-0.15290121653838484	0.20266147735906606
0.3514981652678309	-0.15287682260586755	0.20263916510109098
0.35147317212473117	-0.1528288437607545	0.20259526790971283
0.35145835494755995	-0.15280040423048868	0.20256923924096315
0.35144436294014864	-0.15277355196254028	0.20254466031797982
0.35143222207891	-0.15275025459285546	0.2025233333474862
0.3514190395705946	-0.1527249600472823	0.20250017616337052
0.3514003379411862	-0.1526890774095665	0.20246732239823023
0.3513930374670834	-0.15267507059990165	0.20245449711411187
0.35137523798697884	-0.15264092034184262	0.20242322556967562
0.35136202416820883	-0.1526155695444491	0.20240001083758816
0.3513538258738077	-0.15259984142920352	0.20238560759263868
0.35133116627806493	-0.15255636783719584	0.2023457932935903
0.351319460591344	-0.15253390906968262	0.20232522372688116
0.3513062712126653	-0.15250860429092267	0.20230204729106682
0.35129477990252767	-0.15248655682938989	0.2022818535207797
0.35127723089446566	-0.15245288594068057	0.20225101240105386
0.35126648840037156	-0.1524322755320613	0.20223213433849302
0.3512553379616056	-0.15241088186821528	0.20221253828319932
0.3512488035236581	-0.15239834407656183	0.20220105356296314
0.351227901304598	-0.15235823904237517	0.20216431691109413
0.3512171043179022	-0.15233752193377498	0.2021453389658566
0.3512102904113593	-0.152324447041424	0.20213336128381265
0.35119386632976257	-0.15229293274381667	0.20210449218567378
0.3511881276685326	-0.15228192113367245	0.2020944045244013
0.3511678017953785	-0.1522429178074916	0.20205867271696093
0.35115706130363256	-0.15222230793796032	0.2020397915031659
0.35114640571202366	-0.1522018612387513	0.20202105993427835
0.35113631636999076	-0.15218250042525983	0.20200332249118771
0.35112090938583485	-0.15215293450296452	0.20197623468067707
0.3511110420227247	-0.15213399911061565	0.20195888637463247
0.35110082500813194	-0.15211439229342583	0.2019409224141003
0.3510933406957324	-0.15210002925673227	0.2019277624176717
0.3510797948997142	-0.15207403421554205	0.20190394533110206
0.3510646940500841	-0.15204505466412238	0.20187739346488137
0.3510557515908987	-0.15202789274955858	0.20186166831599214
0.35104981854325173	-0.15201650656981475	0.20185123572018254
0.3510364067128825	-0.15199076684683804	0.2018276503700016
0.351027281172406	-0.1519732531319053	0.20181160237026743
0.35101253768032764	-0.151944956671077	0.20178567286180002
0.351003641349677	-0.15192788194862938	0.20177002572750524
0.35099400004855946	-0.15190937769169616	0.20175306925622655
0.35098485234858423	-0.15189182049396938	0.20173698015491634
0.3509754133926153	-0.15187370376770792	0.20172037737836976
0.3509660472715665	-0.15185572693774269	0.2017039031916872
0.35095754151425496	-0.15183940123262069	0.20168894182372188
0.3509475945072241	-0.15182030889455933	0.2016714443756509
0.3509396291144288	-0.15180501999671608	0.20165743265767144
0.350928348539844	-0.1517833678554728	0.20163758955248307
0.35091575384002954	-0.15175919265818222	0.20161543262001708
0.35090805971399974	-0.15174442380447262	0.2016018964804486
0.35090259973368104	-0.15173394334139112	0.20159229080745344
0.35089037636990633	-0.1517104799589432	0.20157078425225602
0.3508825513218194	-0.15169545923591504	0.20155701611886181
0.35087371963917025	-0.15167850623624252	0.20154147746976994
0.3508660332088787	-0.1516637513708448	0.20152795283915773
0.3508546158262003	-0.15164183441902807	0.2015078634230632
0.35084947625980106	-0.1516319683390237	0.20149881984197685
0.35083962654965256	-0.15161306033450433	0.201481487856841
0.35083055253070017	-0.1515956412103877	0.20146552054705988
0.35082390369614586	-0.15158287746748667	0.20145382002588327
0.350816640922645	-0.1515689350682865	0.2014410392320228
0.35080588952278197	-0.1515482952178	0.20142211767739335
0.35079720527076697	-0.151531623524091	0.20140683329478276
0.3507879875160949	-0.15151392743569436	0.20139060919696525
0.3507804405448642	-0.15149943874071514	0.20137732539310949
0.350773875631311	-0.15148683532371543	0.20136577069204845
0.35076276520120586	-0.1514655051120148	0.20134621430266492
0.3507557521624319	-0.15145204106783938	0.20133386957904495
0.35075181527005805	-0.15144448274020827	0.20132693956950187
0.35074251905207054	-0.1514266350558201	0.20131057491412005
0.35073628832551396	-0.151414672652254	0.2012996062364666
0.35072599901054846	-0.15139491791817566	0.20128149295018294
0.35071931526192374	-0.1513820854730094	0.2012697265253469
0.35071213365479736	-0.15136829706871757	0.20125708279251303
0.3507078582077937	-0.15136008831715286	0.2012495554252274
0.3506990962860182	-0.15134326549175575	0.20123412901085846
0.3506901796839061	-0.15132614553400137	0.20121842920064315
0.3506841179831281	-0.15131450691144271	0.2012077557199683
0.35068055145587146	-0.1513076590108407	0.2012014759665969
0.3506721242437858	-0.1512914782543705	0.20118663731455852
0.35066327412790355	-0.15127448532953297	0.2011710532287513
0.3506592901043876	-0.15126683562614496	0.20116403760502535
0.35065086920938693	-0.1512506665720017	0.20114920857421287
0.3506461852234438	-0.15124167274927347	0.20114095975946666
0.3506382551832861	-0.1512264459359688	0.20112699433551284
0.35063257694878963	-0.15121554283820615	0.20111699409238448
0.35062399478192746	-0.15119906354050067	0.20110187932670104
0.3506209958509093	-0.15119330502464612	0.2010965974570644
0.3506155319322244	-0.15118281318703441	0.2010869740434984
0.3506071928771203	-0.15116680033142293	0.2010722864119881
0.3506015958121306	-0.1511560526374479	0.20106242782040765
0.35059581692126157	-0.15114495565432612	0.20105224894914211
0.3505901106637122	-0.1511339981758682	0.20104219724017247
0.35058515215424396	-0.15112447642464333	0.20103346279210352
0.3505754126578377	-0.15110577357322402	0.2010163062372255
0.3505718912390969	-0.15109901129287256	0.20101010291466972
0.3505668590915277	-0.15108934790164075	0.20100123794739014
0.35056119134704566	-0.15107846384914836	0.20099125309644267
0.3505542482922702	-0.15106513068430594	0.20097902097987042
0.35054870997977056	-0.151054495023204	0.20096926345008637
0.35054388307027534	-0.1510452254657057	0.2009607590413616
0.35053736714898237	-0.15103271222505454	0.20094927853299513
0.3505324334864358	-0.1510232375636712	0.20094058534147693
0.350529446291855	-0.15101750083748078	0.20093532191791436
0.35052211061155575	-0.15100341305326037	0.20092239597660747
0.35051683971406844	-0.15099329045083326	0.20091310810183838
0.35051290692669534	-0.15098573758077982	0.20090617800330826
0.35050819189026305	-0.15097668240063072	0.20089786914073957
0.35049969418309523	-0.1509603624843705	0.2008828938855125
0.35049689422200686	-0.1509549850980585	0.20087795942513362
0.35049173546025675	-0.15094507752030945	0.20086886778956067
0.3504856504910345	-0.15093339099293568	0.20085814360282522
0.35048273055018625	-0.15092778301903303	0.2008529974184322
0.3504750945039043	-0.1509131174052767	0.20083953869028617
0.35047237852319757	-0.15090790107295138	0.20083475167200074
0.35046635099207907	-0.15089632455579416	0.20082412743679873
0.35046224946849436	-0.15088844705786542	0.2008168978606303
0.35045617045465227	-0.15087677149392892	0.20080618219918708
0.3504543386834313	-0.1508732532590648	0.20080295333090353
0.3504483651363939	-0.15086178012473256	0.20079242306376577
0.35044441684513855	-0.15085419666281752	0.2007854629612758
0.3504417480760738	-0.15084907077414372	0.20078075825087877
0.3504353408983394	-0.15083676447244088	0.20076946283152064
0.3504319294216942	-0.15083021198261592	0.20076344843342364
0.35042813448315074	-0.1508229229425428	0.2007567578070517
0.3504224950524131	-0.15081209096302223	0.2007468151812034
0.35041729131285626	-0.1508020957280451	0.20073764043110826
0.35041325866281875	-0.1507943498525401	0.20073053018822698
0.3504092887175644	-0.15078672432917545	0.2007235304073254
0.3504058492825334	-0.15078011780078499	0.20071746581100752
0.35040130929861835	-0.15077139726597005	0.20070946043530996
0.35039745664310773	-0.15076399690058379	0.20070266687456872
0.3503936492120989	-0.1507566834286811	0.20069595272356427
0.35039002558682697	-0.1507497228885632	0.2006895627217256
0.3503846357822087	-0.1507393696626967	0.20068005786699727
0.35038089000029554	-0.15073217441216852	0.20067345191324262
0.3503793632393083	-0.15072924164244483	0.20067075933124115
0.3503740632072277	-0.15071906065477003	0.200661412102852
0.3503715167470446	-0.15071416905731883	0.20065692097736734
0.35036735772185035	-0.1507061797446807	0.20064958568488908
0.3503626628175818	-0.1506971609651791	0.20064130497082308
0.35035947705447573	-0.150691041219988	0.20063568573562204
0.3503548635145964	-0.15068217863794398	0.20062754798773208
0.3503528940115361	-0.15067839518158965	0.2006240739860801
0.3503497891210078	-0.15067243062949337	0.20061859709611932
0.350346431269343	-0.15066598007579013	0.20061267388263987
0.35034186575791504	-0.1506572094842465	0.20060462014530464
0.35033722902736186	-0.15064830202908974	0.20059644041026273
0.35033439704062	-0.15064286156283008	0.20059144430197512
0.35033145551124156	-0.15063721062040547	0.20058625482738104
0.35032959609141123	-0.15063363848048	0.2005829743764727
0.35032525027971595	-0.150625289631234	0.20057530722872474
0.35032083086563204	-0.1506167992868524	0.20056750998069459
0.3503191583398368	-0.15061358610908765	0.200564559018321
0.35031508228068553	-0.15060575535968102	0.2005573670866092
0.3503123067528843	-0.15060042306501797	0.2005524697726761
0.35030798325298124	-0.15059211678992068	0.20054484084895247
0.3503052321913818	-0.15058683142088042	0.20053998640142257
0.3503025488194961	-0.1505816761045919	0.20053525121180812
0.35030000809187317	-0.15057679479688796	0.2005307676583765
0.35029585480611236	-0.15056881535876887	0.2005234382182623
0.35029392472568527	-0.15056510715427623	0.20052003212678846
0.3502906367557998	-0.15055879007907896	0.2005142295006327
