0.3499989056387862	-0.15128219041167384	0.20128176443838983
0.3499989056387862	-0.15128219041167384	0.20128176443838983
0.34999849144155143	-0.15167205827998442	0.20167166046339013
0.3499981402174535	-0.15196564444333704	0.20196534192962684
0.3499978974615555	-0.15216542815617912	0.2021652023752318
0.34999724602016313	-0.15274837058832696	0.20274831222537187
0.34999697266172797	-0.15295515979820684	0.20295524044774235
0.3499963090605525	-0.15346037179441477	0.20346081228153254
0.3499960704260036	-0.1536646003210038	0.20366514628364216
0.3499954097460803	-0.15421038989067204	0.20421128917668413
0.3499948228137487	-0.15463636514503265	0.2046377006654347
0.34999415190512323	-0.15511765405406866	0.20511953958421741
0.3499936598326199	-0.15550153106774003	0.2055038033712945
0.34999300883633194	-0.15593581530042436	0.2059387492649494
0.3499924732415823	-0.15630197084381725	0.20630546729467936
0.34999188125300595	-0.15683925560701234	0.20684323888626044
0.3499916031423601	-0.15713615920708804	0.20714033225845863
0.34999135420056693	-0.15745444705533534	0.20745873611891522
0.34999089182415455	-0.1579214522568697	0.20792618465910306
0.3499904437095988	-0.15829971046533176	0.20830502703414494
0.3499900838381368	-0.15862169956302552	0.20862750451710116
0.34998963601375394	-0.1590795635625587	0.20908598416623855
0.34998950165635995	-0.15927646117263	0.20928302671204707
0.3499891505002747	-0.15968927669403432	0.20969642111883055
0.34998890507612257	-0.15995924144148277	0.20996688340141081
0.34998869966647206	-0.16032123166323672	0.21032924338430117
0.3499886649523029	-0.16046631922844118	0.21047437003347017
0.34998859282002076	-0.16075541096420615	0.2107636601564484
0.3499885888883509	-0.1608688459342237	0.2108771320492519
0.3499886127099313	-0.1610053937207551	0.2110136754421787
0.3499887253070391	-0.16121210350753082	0.21122027660054396
0.3499888067559009	-0.16127208446459407	0.21128016738508182
0.3499888983990808	-0.16130449974103106	0.21131249445795086
0.34998896193705786	-0.16130862644446817	0.2113165709954199
0.34998906920971146	-0.16127316100979228	0.21128104656308805
0.3499891687010531	-0.16114792302991893	0.21115579476766128
0.3499892009425223	-0.16103010052362282	0.2110380237904385
0.34998918700403453	-0.1608796408218909	0.21088768394499163
0.3499891634545393	-0.16065334857734576	0.21066165043904705
0.3499890219597199	-0.16039427293568537	0.210402960247684
0.34998876050054917	-0.1599023264243215	0.20991186203396622
0.34998855310745175	-0.15955450913209726	0.2095647148792942
0.34998808213601373	-0.15910000983332034	0.20911132255051687
0.34998768255102936	-0.1588349812187392	0.2088470793821405
0.3499865133220153	-0.15802855602650023	0.20804312599865155
0.3499854932182	-0.15743280974941526	0.2074494755074418
0.3499839774266185	-0.15646624437813045	0.2064862852330988
0.349982670954786	-0.15576004259733253	0.20578288441790155
0.34998175019428013	-0.15531243085916852	0.20533719854433785
0.3499796439397077	-0.15416198449743698	0.2041914574692579
0.34997593061362786	-0.1528219397739623	0.20285879579216212
0.34997381372767267	-0.15184647880965962	0.20188797532438904
0.3499724252748483	-0.15123989026834217	0.2012844090076247
0.3499677351676379	-0.14966030887381132	0.19971583645424257
0.3500180623203737	-0.1485018826010427	0.19860110402466147
0.3501355712569281	-0.14705337034566546	0.19725005069195253
0.3503054564079925	-0.14560291368470835	0.1959336833591912
0.3506752363751657	-0.14309633288305762	0.19371502383251776
0.35089164402294915	-0.14190942692027592	0.19268943483968032
0.35139881319679583	-0.13939241926739088	0.190544293818808
0.35184004839414434	-0.13735793399604146	0.18883363589418684
0.3523663713336691	-0.1351080385208802	0.18696272885617937
0.3529704496500656	-0.13265655273482818	0.18494223745201877
0.3538522807373073	-0.12925419743941907	0.18216562392371358
0.3544629572610346	-0.12699698088282674	0.1803339078322852
0.35554326014326915	-0.12317589529298799	0.1772440294054622
0.35624874789851446	-0.12073963836267539	0.17528530062891878
0.356699693476605	-0.11920588427956007	0.17405396595928013
0.3579466711504358	-0.11507552046665424	0.17073797453150322
0.35918643617974866	-0.11107271113591134	0.16752470911542727
0.3601078573895153	-0.10812473744439204	0.1651722415035829
0.36098109942221585	-0.1053918389820327	0.16297720174240787
0.3615770814603835	-0.10354472807950348	0.16149237503997066
0.36291803971885994	-0.0994014195332585	0.15817147428909872
0.3640738647173061	-0.09587217367469957	0.15533573613520518
0.36502970765074744	-0.09299383073310834	0.15300871267554766
0.36599540619135	-0.09009711320710799	0.15066339310761329
0.36740841044980044	-0.08592409295862936	0.14725454603642169
0.3691165295573725	-0.08087257887589998	0.14312394422158797
0.37023249915596024	-0.07764798337900765	0.14044460217431687
0.3713986336360739	-0.07427737214413586	0.1376345733790218
0.3729992024797717	-0.06962801613576174	0.13374538629386645
0.3737304733196333	-0.06752694632336724	0.13196871765642326
0.3752856977111196	-0.06305446193104154	0.12816112385809336
0.3761037911081302	-0.06068320138152865	0.12613363324107335
0.3780727928231364	-0.055034717423013566	0.12122872472943452
0.3786431826414772	-0.05339717125946859	0.11979138162291197
0.3797772359803415	-0.050154102297983796	0.11691527463446749
0.3813705491167093	-0.04565008112896381	0.1128478129753756
0.38210330821899235	-0.04355430132099873	0.11093643865618352
0.38355632418469476	-0.039460305894816125	0.10712595456403479
0.3849634870064509	-0.03546483497071902	0.10333412678398707
0.38598562468922254	-0.03253815759186514	0.1005064823903506
0.38690484731278	-0.0299343676664134	0.09793171927003491
0.38829654994058116	-0.026072270448994586	0.0939938233171918
0.38915448852441725	-0.023653702942764657	0.0914685786430291
0.3896912890753073	-0.022168616282700324	0.08987630718198425
0.3908723284392424	-0.01887615585539952	0.0862710895278685
0.3913271577379192	-0.017566184598442516	0.08481727310176251
0.392772216492853	-0.013583264067608056	0.08011004960454166
0.3934268791642353	-0.011770020904005543	0.0778550689884881
0.394135583518944	-0.00981461774511204	0.07531854540566707
0.3945026239976086	-0.008821066956806747	0.07396725074750571
0.39559658075474896	-0.005876125167884841	0.06969876980955603
0.3959254666198573	-0.004965430798958795	0.06830225963154535
0.39664480899964993	-0.003011843986874027	0.0650048060694789
0.39706560252405465	-0.00184949669748595	0.0628329098273786
0.3972843810037243	-0.0012446114863489538	0.06162652266039176
0.39762279815476576	-0.00032080746617733913	0.059547443806568845
0.39803552394124797	0.0007838614000173633	0.05648696645355944
0.3982308538291056	0.0013019615702488802	0.05458785089266993
0.3984014859338127	0.0017581106379440242	0.05195319103332313
0.39843217475892523	0.0018462687970412922	0.05102629235051809
0.39843716891603853	0.0018605000548964495	0.04871520965926912
0.3984239426754649	0.0018350211073736994	0.04622510062261964
0.3984151902914783	0.001817848889096793	0.044541215697106284
0.3984086762764217	0.0017999566001887096	0.04279338862876936
0.39840000383237145	0.0017807196163738132	0.04090882877968399
0.3983908233444496	0.001765303050727321	0.0393925009800829
0.3983849899162407	0.0017477187055944948	0.03767133704788145
0.39837595797048836	0.0017230063649767008	0.035249765823886836
0.3983697911958541	0.0017071128625519155	0.033694249859774206
0.39836731479314114	0.0016906192789288427	0.03208194303071593
0.398365746761318	0.0016820382994256616	0.031244842704218956
0.3983561243385524	0.0016518051722304444	0.028294384904772374
0.39834885302990114	0.0016346810312672239	0.026627335389041884
0.39834493874678434	0.001620730670813128	0.025271816913679634
0.39833900268736994	0.0016026999755610477	0.02352508296965261
0.3983343427389544	0.0015868663279290235	0.021996520110722007
0.3983286433132852	0.001571116427409383	0.020482690069612897
0.3983196257274658	0.0015486832621759011	0.018338304315675902
0.3983186761909753	0.0015326489520392367	0.016806564599841478
0.39831772394999954	0.0015246539072061999	0.01604767330016804
0.3983145976908937	0.0015034763040040616	0.014047809299294334
0.3983080440272207	0.001481738668868901	0.012020051050419922
0.39830856495775474	0.0014669100851183586	0.010637015542653339
0.39830735367379116	0.0014514807628245724	0.009213925854600624
0.3983096732270546	0.001442668420827145	0.008398531268918763
0.39830917292706103	0.0014217821567961003	0.006499146708649317
0.3983078756201356	0.001414191557648839	0.005818451932062596
0.39830881908339105	0.001400520706962241	0.004591715000652752
0.3983138490784376	0.0013742331423338	0.002262102138493871
0.39831642051082417	0.0013609351799280384	0.0011023532727413854
0.3983174590512603	0.0013458284511897872	-0.00018932586283837427
0.3983185389691387	0.001330840089886945	-0.0014492682610074414
0.39832203546156847	0.0013167215515517278	-0.002626206882312465
0.3983275810918178	0.0012981345392308191	-0.004147635177413123
0.39833001772266907	0.001290649440499017	-0.0047500209809356875
0.3983347874519019	0.00127284701364834	-0.006150921522638353
0.39834003318097416	0.001257573621014571	-0.0073266951858612095
0.39834436779623794	0.001244066821353959	-0.008336936365250402
0.3983464241067708	0.0012367589698770026	-0.008870508347593842
0.39835569578921476	0.0012164462381629854	-0.010326260973637369
0.398362776066964	0.0012051994946475492	-0.011110981917737184
0.3983739071928114	0.0011876761400530927	-0.012291053601038604
0.39838032699927417	0.0011753865781442135	-0.01307436699557507
0.39838939389252115	0.0011640944778778112	-0.013785088826063774
0.3983989731589049	0.0011455467453636153	-0.014865063497241648
0.3984085222161091	0.0011339524451117328	-0.015516030634801559
0.3984166513599935	0.0011221443531286152	-0.01614120242720979
0.3984262861003565	0.0011106906809910805	-0.016722515497728074
0.39843120070318083	0.0011047062413920977	-0.017012539647324354
0.39844353387286363	0.0010886266524656601	-0.01773508389526779
0.3984591593975819	0.0010715649408375022	-0.018428470128685648
0.39846997210379165	0.0010599265974848143	-0.01885244757830634
0.39847985308505623	0.001051187476580548	-0.019144373509379253
0.39849729361708924	0.0010341254433498953	-0.019636749974705714
0.3985080989284452	0.0010237427894067425	-0.01989063596221652
0.3985140738855618	0.0010181111345088506	-0.020012862662653785
0.39852991730502735	0.0010037250109013601	-0.020267016919122305
0.39853786045773143	0.0009969307949794087	-0.020358955336467477
0.3985612862420884	0.000976816428571739	-0.020521655925142268
0.39857528921557267	0.0009657848035621169	-0.020549544710523282
0.3985887398412854	0.0009546193391438279	-0.020573811729619418
0.39860332645761576	0.0009428885464828479	-0.020595936722188346
0.3986184470103207	0.0009310977194703224	-0.02061492190616504
0.3986445774724523	0.0009110702065495552	-0.020641122573901993
0.3986645972490886	0.0008957692175598914	-0.02065711644335827
0.3986842229041807	0.0008812095236534062	-0.020669510393086343
0.3986949406455686	0.0008735190447643898	-0.02067506280764797
0.39872372828093033	0.0008527463586179979	-0.020687103178972654
0.39875828057684237	0.0008276081435345944	-0.020697369470848714
0.3987718655418062	0.0008177484658406647	-0.02070029426997655
0.39880723897524184	0.0007922489760862211	-0.020705093047591216
0.3988267016215008	0.0007785010618423932	-0.020706032858765988
0.39885553952703334	0.0007582059251848433	-0.020705703133136355
0.3988848917881427	0.000737570072025337	-0.020703761424220646
0.39892317235279273	0.0007107332822179208	-0.02069848209155356
0.3989497976051685	0.0006919441284164579	-0.020693502238786687
0.3989788854966949	0.0006715373811023856	-0.02068677841760519
0.39900107700604154	0.0006561840517547574	-0.020680708983421114
0.39904091714486145	0.0006283560388392201	-0.02066852681424791
0.39906989418695266	0.000608136391704775	-0.02065856188845011
0.39908771165481194	0.0005957644831111192	-0.02065190011635082
0.39913001168757245	0.0005664556671492321	-0.020634862543201404
0.39916882530418285	0.000539634893382171	-0.020617691905628566
0.39919871875756463	0.000519018226915427	-0.02060360926938959
0.39921565260357117	0.00050732482277073	-0.020595317298984117
0.3992613691185338	0.0004759905037178408	-0.020571640260056145
0.39930574818239584	0.0004455983479113995	-0.02054727020381708
0.39933438060789306	0.0004259781887109987	-0.020530879053006656
0.39935125956644535	0.0004143827664206817	-0.020520976385466738
0.3993913117968457	0.000387037013798483	-0.020496685412643212
0.39943484576760324	0.0003572315807622989	-0.0204693250872115
0.3994538890686375	0.0003441788580214461	-0.020457054361208704
0.39947780815507417	0.00032788106703605935	-0.020441254605096326
0.3995181549569154	0.0003003328042780612	-0.020413988079652612
0.3995469954058722	0.00028069679597066133	-0.020393993262756094
0.39958428320468087	0.0002552770784334385	-0.02036756089474967
0.3996090570101708	0.00023840959237032833	-0.020349633354329322
0.3996241601819008	0.0002281274519110449	-0.020338537357457387
0.3996706124807187	0.00019658626641692878	-0.020303769048513554
0.3996958680461621	0.00017943000190455416	-0.02028447442400788
0.3997119439220964	0.00016853589065475572	-0.020272021856848343
0.3997328585875492	0.00015440364589554278	-0.020255624418306806
0.39977516972271737	0.00012576155008338363	-0.020221936033533672
0.399796065628927	0.00011169359060529682	-0.020204938313261367
0.39981083670900924	0.00010174164690233967	-0.02019282101432135
0.3998278898404398	9.024972704964329e-05	-0.020178725125327313
0.39986500197895064	6.523003630636015e-05	-0.0201475836927007
0.3998829326932182	5.3152944847686956e-05	-0.020132288252681596
0.39989196764674917	4.705959091154399e-05	-0.02012453361927563
0.3999138472002907	3.232001174292842e-05	-0.020105557370661553
0.39992951665316095	2.176370703509123e-05	-0.020091814467216917
0.39994844950621644	9.039440207650462e-06	-0.020075012473459997
0.3999610303179015	6.125643865623198e-07	-0.020063698761931037
0.399971449056735	-6.365865345123178e-06	-0.020054239356953996
0.39998045038557417	-1.2338605232434241e-05	-0.02004596623193966
0.39999243616195035	-2.0311791714591743e-05	-0.020034823460611084
0.3999956828899293	-2.243022323346333e-05	-0.020031746883600765
0.4000025688520106	-2.6909904274799445e-05	-0.020025128959265226
0.4000047293398513	-2.828417191132193e-05	-0.020022991266051837
0.40000804894471237	-3.0257098150063277e-05	-0.020019461361720448
0.4000102352809595	-3.0032197222654156e-05	-0.01994687369231629
0.4000264184508394	-2.9874129954463036e-05	-0.019404385467090668
0.4000561905596741	-3.019928047097442e-05	-0.01836010367364338
0.4001195847619195	-3.3107491759623575e-05	-0.015923252649938047
0.400169212876371	-3.7439510530604125e-05	-0.013791514731734622
0.40022743915558134	-4.2397133449181834e-05	-0.011216142476347779
0.40032564718612074	-5.4099398356780015e-05	-0.006389543221102301
0.400395323111536	-6.6320760772412e-05	-0.0024292236867822226
0.4004519350140536	-8.220103546165147e-05	0.00149657236545081
0.40049700020544465	-0.00010403655301742532	0.0057085271132338855
0.4005731659624639	-0.00014079033870882662	0.013136338966971084
0.4006062946114898	-0.00015348684423947823	0.016092794165971758
0.4006865159203069	-0.00019030859516751264	0.02426238355050553
0.40072038776008834	-0.00022531692704901018	0.030310285750363597
0.4007720512067303	-0.00025805325314894045	0.0371955700819247
0.400774891404886	-0.00032114609883777956	0.046018265616661946
0.40078429929424425	-0.00036514603032437865	0.05287820503986368
0.40078668926936944	-0.00038964469492956677	0.05666373681206294
0.40078681086495394	-0.00044714071775843467	0.06553650247877835
0.4007870828354172	-0.0004889401081683148	0.07249753644893575
0.4007852839136068	-0.0005427574090321602	0.08200221183579015
0.4007400798144679	-0.0005862913774076356	0.08664123356685366
0.40059839683313675	-0.0006978779895491366	0.0965487335708039
0.4005526579136973	-0.0007370361612069748	0.10090148409232164
0.40039449207736943	-0.0008569127908001212	0.11423446636856377
0.40030569249638565	-0.0009160420143615872	0.12130460113499708
0.4002059998742998	-0.0009739684717006009	0.128301627170398
0.400101963938262	-0.0010266065134400398	0.13549950361549878
0.4000328164758235	-0.001056477369289363	0.14052052896677603
0.39980418147533353	-0.0011445883794728856	0.15175930876747185
0.39963748189876985	-0.0012006715362859605	0.15816455868518647
0.39948338082994483	-0.00124954575880927	0.16333027575163095
0.3992888489242725	-0.0012918708243413318	0.16985517454555613
0.3990020420731875	-0.0013469804232818933	0.17783471739229986
0.3987655801705591	-0.0013868195044717396	0.183265151678645
0.398539815402764	-0.0014062911208155143	0.1881390945336602
0.39817950915684663	-0.0014310910139720412	0.19458751275418798
0.3978550101817619	-0.0014448444771161528	0.19948833767316498
0.3975598578257969	-0.0014537790366468267	0.20311353714750957
0.39722255469680706	-0.0014518125687037614	0.20666476303351047
0.39688406929137937	-0.0014504483926480738	0.20960010498000825
0.3962654811193787	-0.0015118081781492765	0.21385534382513996
0.3957888352835351	-0.001626332636448749	0.21658776382779663
0.3953149380168531	-0.001783053138255039	0.21898568764806206
0.3947768723503887	-0.0019938989719395644	0.22141511115187287
0.39390785748154006	-0.002421629379272358	0.22486156601498333
0.39325832035991654	-0.0027952175445427885	0.22713897855505222
0.39258202725425656	-0.003233869016082941	0.22929642361101157
0.3918446072271527	-0.003749911408766071	0.23145981844284108
0.3907768899389524	-0.004559344708211427	0.23430053891497693
0.38995197666027986	-0.00524590328128878	0.23629472206516214
0.38916789724867035	-0.005931044605328492	0.23807838805336887
0.38836508113904356	-0.006673651578814083	0.23976710420491848
0.3875393831430949	-0.007461185634706921	0.2413448406460492
0.3863419327303547	-0.008679113312110923	0.2435222319028875
0.38555174831082245	-0.009557411950610079	0.2449378772731489
0.3850522470681139	-0.010143088210025422	0.2458217657288248
0.38390964352989465	-0.011406989784348162	0.24745721988488922
0.38267139529747923	-0.012905668493392683	0.24920382991172704
0.3817908589035579	-0.013978656660448355	0.2503111516214075
0.38102978032374335	-0.014953061678016535	0.2512273985905181
0.38048180089608985	-0.015637931873147146	0.2518207620344637
0.3796240295028159	-0.016813435077590325	0.2527924157229471
0.378015912802261	-0.019009632065209794	0.25435160902011267
0.37716058676965003	-0.02025469408582138	0.2551250942571768
0.3762875273948153	-0.021583394148523657	0.2558756535417467
0.37500569929944805	-0.023464930348752397	0.2567811199804171
0.37417878188903475	-0.024704347124096596	0.25730231812175075
0.37335635506966575	-0.02595723139654267	0.25778199338713426
0.37255162410570797	-0.027306268894309968	0.25825784345563896
0.37160723890651	-0.028626675299183738	0.25859411341263816
0.3705048300917453	-0.030401065515130374	0.2590042379723415
0.36999376390429356	-0.0311878711228626	0.25914232923324454
0.3688711156378758	-0.03290958839618373	0.25937900154529214
0.3680710546187201	-0.03412570575606268	0.25950183455435283
0.3668955569259796	-0.03594962339787296	0.25963310033259934
0.36644120642626854	-0.0366614242699418	0.2596626203748694
0.3656460104083066	-0.03781795058407565	0.2596623775200741
0.36452088232158225	-0.03938337558126036	0.25959100868055146
0.36358544806703375	-0.04067506542875622	0.25949501088999716
0.36257314427076237	-0.0420774449131537	0.2593521246818576
0.36175478836486696	-0.043129342414632246	0.25919159755507837
0.36094989068606853	-0.044205918450551454	0.2590159070208022
0.3601631033643834	-0.045236621842260086	0.2588167816842598
0.3592549270558409	-0.04636025204041437	0.2585476928029625
0.35829343580965517	-0.04757342163905433	0.25824108859108147
0.35759227411322336	-0.04845960729150291	0.25799702474472375
0.3569668410137227	-0.049223667441834276	0.25775930160317084
0.356080992922553	-0.050277234732808304	0.2573938049846678
0.35570366905732526	-0.05072655072594802	0.25722880169603757
0.35519967767765326	-0.051312872761910225	0.256996809609193
0.3546583986386509	-0.05194449887527021	0.25673673003337427
0.3540058032522567	-0.05269323842336192	0.25640240588950614
0.35340068792981477	-0.05336935460796159	0.2560693276532276
0.353048394483647	-0.053739641966813315	0.2558594363151617
0.35288545497700186	-0.053904947717376014	0.2557581562402265
0.3524978909176745	-0.05429088512263901	0.25550436419307115
0.3522887679998397	-0.05448276903939757	0.25535465693192283
0.3520818871937463	-0.05463877541242233	0.25518435383330007
0.35200845903603006	-0.05465440296836997	0.2551001491699689
0.35199463741747844	-0.05462819282769797	0.2550677318225282
0.35197546927528756	-0.05458793360484039	0.2550207121112307
0.3519484764377392	-0.05452992418014306	0.2549537433300645
0.3519375322169275	-0.05450649873184869	0.2549266248796191
0.35190280496952997	-0.054431579545019274	0.25484018109038686
0.3518843964144709	-0.05439107721642529	0.25479393746829204
0.3518749816840826	-0.05437009535189276	0.25477016619417864
0.3518483685280749	-0.05431112521834584	0.254703046914427
0.351829281055211	-0.054268273468098524	0.254654716228461
0.351812820020789	-0.05423092271876963	0.25461290775419143
0.3517940420699526	-0.05418880927853116	0.2545653197772758
0.3517689444429175	-0.05413219389817962	0.2545016199480695
0.35175229791927326	-0.05409433499052317	0.2544593018064848
0.35174226177390744	-0.05407145738244244	0.2544337772407815
0.351720977395813	-0.054022853333160606	0.25437963005920905
0.3517042473511474	-0.053984401485191694	0.2543370331237226
0.35168262781352244	-0.053935182491636355	0.25428204391981574
0.3516737184320899	-0.053914741925977325	0.2542593645429055
0.3516520604441178	-0.05386488327521942	0.2542042132861333
0.3516378958658426	-0.05383245921058581	0.25416816444945545
0.35162137266198673	-0.05379427712018696	0.2541260770786385
0.35160103803699977	-0.053747405490804354	0.25407429545222165
0.3515906513764305	-0.05372343888707952	0.254047844724532
0.3515725876165325	-0.05368182742898707	0.2540018525392515
0.3515503367850369	-0.05363047142229939	0.25394519347278066
0.35154219594707437	-0.05361159762207034	0.2539244564574623
0.3515229557534573	-0.05356697787156038	0.25387544711184373
0.351508852460604	-0.053534231066840784	0.2538395206762606
0.3514893255878549	-0.05348907356385256	0.2537898012968848
0.35147618554224586	-0.05345845517058183	0.25375632042040197
0.3514624709311553	-0.05342664727717007	0.25372139466955523
0.35144888782000727	-0.053395128539421646	0.2536868038017634
0.3514302253463534	-0.05335176754230521	0.25363927427574157
0.35141582001174715	-0.05331827348182598	0.2536025864967342
0.35140382653741087	-0.05329038640224283	0.2535720429069931
0.3513830198483054	-0.053241884404025094	0.2535190414150054
0.35137076066619866	-0.05321334273233454	0.25348782062628517
0.35135805162643213	-0.05318375870507257	0.25345545643145895
0.35134606971910226	-0.05315577849734267	0.2534249320022446
0.35133309127724854	-0.05312549950833846	0.2533918749252259
0.3513144136804276	-0.05308188255696038	0.2533442976895143
0.3513033176777634	-0.053055982132104815	0.2533160365873266
0.35129180910246766	-0.0530290967444194	0.253286722024775
0.3512793453163992	-0.05300000115210764	0.2532549798536692
0.35126701667282456	-0.05297119999611831	0.2532235793055114
0.3512548303071472	-0.0529427012746619	0.25319253681641707
0.35123773350636256	-0.052902744339865734	0.25314899342392094
0.35123125951202777	-0.05288761008759628	0.25313250492314
0.3512150142585889	-0.052849593353504185	0.2530911230944259
0.3512038154580237	-0.05282338461111928	0.2530625972773863
0.35118750555777994	-0.05275907236809434	0.25302105795942065
0.3511758924696086	-0.05265995476698547	0.2529915413405645
0.35116853050077895	-0.05256050985605128	0.2529728347916595
0.3511498121442686	-0.05224214871644654	0.25292570452385305
0.35112710808109815	-0.051720863798557906	0.2528687751290927
0.3511114452474887	-0.051315855327010676	0.25283001019222845
0.3510986748266194	-0.05094475071768119	0.25279824169772813
0.3510791451363757	-0.05035212147634564	0.2527503998168359
0.3510486574023722	-0.049356860676739625	0.2526764371927801
0.35102700120406954	-0.04860735190456984	0.25262449809394677
0.35100819780155695	-0.04791749390179441	0.2525789578678904
0.35098688790712945	-0.04711572185341524	0.25252811049570734
0.3509649600213821	-0.046270780821111454	0.25247632027869304
0.35093350472541485	-0.045023109902586025	0.25240260617701404
0.3509099491532052	-0.0440773300689289	0.2523490668920992
0.3508850514765414	-0.04304369211858659	0.25229165588951485
0.3508500943631576	-0.0415473002764714	0.25221064848050107
0.35082498832160924	-0.040465912626466774	0.2521539771179953
0.35080932530905307	-0.03979817924544564	0.2521198992569851
0.3507709523345961	-0.03811913646895042	0.2520353197319135
0.3507337559319779	-0.0364335214491618	0.2519510316162178
0.3507066016891051	-0.035172805047562525	0.2518886407770369
0.3506904560366144	-0.03442563002959066	0.2518524786461716
0.35065414504375425	-0.03275167248265291	0.25177314912326465
0.35062687841099316	-0.03148937956579785	0.25171449676623364
0.35058919574806635	-0.02968316462149205	0.25162966595047176
0.3505628607471831	-0.02841905665169632	0.25157136091264226
0.35053560813400475	-0.027120658128580846	0.2515127569254871
0.3505107666366186	-0.025928043312619872	0.25145938424779835
0.35049049821146866	-0.024960752630451763	0.25141681622116796
0.3504408577836916	-0.022530073007765564	0.25130900808984363
0.3504256981984113	-0.021772012674667038	0.2512752387352304
0.35038903091737844	-0.019956697239426294	0.2511960325633352
0.3503627441810433	-0.018605293126582864	0.2511357941769623
0.3503359869962192	-0.01726227838860729	0.25107786406665134
0.35030224486853434	-0.015557384501787203	0.2510046913855627
0.35028739314766155	-0.014782919671543979	0.25097074720860235
0.3502532528044219	-0.013005469562926988	0.25089364510755946
0.3502378301440413	-0.012209391598344346	0.25085969950104464
0.35020678599329264	-0.01059348676910156	0.2507907603569919
0.3501795383795116	-0.009172685946900475	0.2507307123570215
0.35015316217275366	-0.00779056875244892	0.25067251301809296
0.35013263331137173	-0.006693385926687764	0.25062583305911573
0.3501118178554201	-0.005579593704560029	0.25057868544828876
0.3500937761859177	-0.004596360164153282	0.2505366247830595
0.3500753244695099	-0.0035680577085030057	0.2504920219119272
0.3500526889798517	-0.0022970442402051733	0.25043685020366535
0.35004138449562455	-0.0016703522958088773	0.25041015305264774
0.35001830973359843	-0.00037332767292617974	0.25035453001444025
0.35000544353710666	0.00037212506438862036	0.25032194888320924
0.34998830816786786	0.0013629158357105903	0.25027897830569473
0.3499803060789649	0.0018273027973703532	0.25025889828991177
0.34996580825918305	0.0026879827663915806	0.250221145005144
0.3499566876217003	0.0032378560277996765	0.2501968828227516
0.34994931014879554	0.003689291290686833	0.2501768314852211
0.34994409955952505	0.004012490881509387	0.2501624118731935
0.3499360532421013	0.004530020371004348	0.25013885181310097
0.3499301223561694	0.004933046145760803	0.25012000173915905
0.3499283746345168	0.005066522145778532	0.25011340551728056
0.3499271398005172	0.005174882107220516	0.2501077582694371
0.3499272195325235	0.005218504304405	0.2501045382748458
0.34992788734984026	0.00521653876867291	0.25010357251645554
0.34992889268531896	0.005213513619859736	0.2501021233364751
0.34992948926575534	0.00521171870343444	0.2501012637199489
0.3499301368972013	0.005209770470063754	0.2501003308501158
0.3499308070410251	0.005207754446486454	0.25009936546166645
0.34993168247038675	0.0052051214991610945	0.25009810506425784
0.34993239036460233	0.005202992697986394	0.25009708616803034
0.3499330198750457	0.005201099875268997	0.25009618037803344
0.3499336354503411	0.005199248952750077	0.2500952946325964
0.3499341931966753	0.0051975717866499654	0.25009449195119254
0.349934876733378	0.0051955166938665726	0.25009350860135876
0.34993563080458373	0.005193249701887184	0.2500924239580128
0.34993624834831155	0.0051913932476472385	0.2500915357870521
0.34993678325911926	0.0051897854530953275	0.2500907667305874
0.3499376466589997	0.005187190146116308	0.2500895252079408
0.34993826460403243	0.005185332643823357	0.2500886366173735
0.3499385861477223	0.005184366216802502	0.2500881743643395
0.3499393693418062	0.005182012623635809	0.2500870488227205
0.34993992574099253	0.00518034072778302	0.2500862493674434
0.3499405014800952	0.005178610638593498	0.2500854220324762
0.34994128571953437	0.005176253779033038	0.2500842948328946
0.3499417782841038	0.005174773754497111	0.25008358713993606
0.3499420808446085	0.005173864713006834	0.2500831525080689
0.349942819647779	0.005171644907572312	0.2500820911225792
0.3499435725847729	0.005169382560015742	0.25008100934283317
0.34994409006102445	0.005167827971704939	0.25008026613036194
0.34994460419795687	0.005166283238555794	0.25007952752940465
0.34994515789648983	0.005164619646267035	0.25007873209263387
0.3499454865935228	0.0051636322133198215	0.2500782600280262
0.34994641613699096	0.00516268246590422	0.2500769239229942
0.34994719916213257	0.0051924787066646855	0.25007578650489276
0.34994772221457005	0.00521845898184721	0.2500750245580442
0.34994928944349585	0.005311767341812837	0.2500727409886598
0.34995065594360314	0.005405886207331109	0.2500707488209607
0.3499527644137174	0.0055648116554413846	0.2500676703069551
0.34995442050352593	0.005696461609516326	0.2500652587701148
0.34995548737638726	0.005783922384649157	0.25006370718396975
0.34995807953449654	0.006002828076233216	0.25005993729155396
0.3499601460602388	0.006182342938005472	0.25005693142730867
0.3499631216944561	0.006447040618815306	0.25005259617319664
0.349965521436412	0.006664455390192572	0.2500491013740061
0.3499676414093841	0.0068597733224786545	0.2500460214966504
0.34996988113851923	0.007068153144608444	0.250042769314264
0.3499710596731349	0.007178876715058832	0.25004105947024097
0.3499752627911289	0.007579232521339019	0.2500349836227648
0.3499776120904044	0.0078043511763939005	0.2500315774140627
0.3499799238383938	0.008027536457664283	0.25002822709821015
0.3499821013462353	0.008238263789712819	0.2500250649642805
0.3499840440385878	0.008426657056249079	0.25002223917394795
0.3499870661516412	0.00872179025179079	0.25001785078017935
0.34998834104095644	0.008846482760762775	0.2500159963006294
0.34999068317385573	0.009076478389818204	0.2500125919525545
0.34999182392952044	0.009188720886165735	0.250010933036202
0.34999436744226914	0.009437787700323469	0.2500072141616312
0.3499956211922179	0.009560850715734773	0.25000538140019973
0.34999678415751506	0.009675466638088825	0.2500036851881229
0.3499983244301009	0.009827735476134289	0.2500014435863893
0.3499991953219759	0.00991340285589519	0.25000017103943956
0.3500000256644817	0.009995072035093894	0.24999896050305417
0.3500003326800925	0.01002525761414487	0.24999851615776733
0.3500004147034749	0.01003335251826673	0.24999840381143631
0.3500004091075929	0.010032921477615128	0.24999842540581238
0.3500004065244816	0.010032723080465586	0.2499984349497614
0.3500004011173783	0.010032304553365443	0.2499984551230037
0.3500003973006802	0.010032007327540282	0.24999846946192775
0.3500003938312928	0.010031737739945076	0.24999848241868977
0.3500003884981793	0.010031319905367916	0.24999850258105244
0.35000038464682665	0.01003101877681832	0.24999851706247034
0.3500003821181789	0.010030820056853254	0.24999852664643052
0.35000037756187685	0.010030462501184015	0.24999854385408685
0.35000037245130555	0.010030060719183428	0.2499985631950904
0.35000037061951655	0.010029916180259238	0.24999857016795607
0.35000036713299976	0.010029641000742787	0.24999858343978212
0.35000036232748855	0.010029261897241681	0.24999860170498528
0.35000035773844684	0.0100288993626413	0.2499986191800877
0.35000035539537255	0.010028714052066665	0.24999862811669987
0.35000035090302173	0.010028358450482888	0.24999864527093899
0.35000034777302214	0.010028109640506003	0.24999865730900864
0.35000034269588004	0.010027707231864386	0.24999867672604995
0.3500003408501559	0.010027561050893821	0.24999868377324308
0.3500003364144112	0.01002720891958686	0.24999870077574277
0.3500003343576989	0.010027045496489098	0.24999870867014573
0.3500003299998329	0.010026699532581937	0.24999872536675988
0.35000032568618655	0.010026356989141963	0.24999874189602364
0.3500003238389593	0.010026210025089827	0.249998748996417
0.3500003193520017	0.010025853527294765	0.249998766198297
0.350000316495801	0.01002562607419126	0.24999877718967187
0.35000031378790886	0.010025410532594564	0.24999878759962654
0.3500003095809516	0.010025075515816967	0.24999880378121125
0.3500003068164984	0.010024855047107581	0.24999881443893932
0.3500003025141871	0.010015790467175295	0.2499988317027852
0.35000025366256987	0.009863820284553224	0.24999900048904494
0.3500001435669886	0.00963016879018673	0.24999933044120848
0.3500000284980002	0.009432911164428237	0.24999965661425327
0.34999959639758066	0.008865338228025918	0.25000081421046505
0.34999881627227575	0.008063034820756904	0.2500028216763128
0.34999789389919317	0.007448442437022862	0.25000507424458907
0.34999677261660533	0.006696496116516834	0.25000781849403375
0.34999594251451016	0.00614099892763488	0.2500098548301961
0.3499932337003835	0.00438129865646146	0.2500164965246131
0.349991507500009	0.003295488910545666	0.2500207302579197
0.3499890896147103	0.002201303294460291	0.25002654034352223
0.34998702651693847	0.001009272879354886	0.25003158678449267
0.3499832607456619	-0.0008361664565513099	0.2500407428934745
0.3499812923537644	-0.001691031685217323	0.25004550812500026
0.3499781773553774	-0.003214879509264787	0.25005312393548246
0.34997110044237273	-0.0059851994020272	0.250070325690537
0.34996751103873686	-0.007714011169721022	0.25007917749517306
0.3499638150419519	-0.009346128599712275	0.2500882978789275
0.34995831803344885	-0.011256475567670857	0.25010182248846824
0.34995334865184	-0.013068714526140432	0.25011412627632745
0.3499468642061728	-0.015661248165041677	0.2501303113772779
0.3499424336413208	-0.017695235266119394	0.2501414781572744
0.3499365276175518	-0.019589531679816433	0.25015634037365575
0.34993000996104373	-0.021513631854135337	0.2501728023173297
0.34992050856981294	-0.024348542392840053	0.25019697466362545
0.34991471741587554	-0.02628414243940151	0.25021182166485656
0.34990688109164914	-0.028781874499325802	0.25023206235961143
0.3499002207542839	-0.030943670837952533	0.2502493828015769
0.3498965824721768	-0.03236648724443582	0.25025889845018756
0.3498861263370708	-0.03629536028604434	0.2502864667716036
0.34988025511021276	-0.03833038478559432	0.25030207693968026
0.3498742745442686	-0.04067050612122354	0.250318077337324
0.3498674032444546	-0.042826427382559554	0.25033658441978757
0.3498581148993476	-0.04597557055229194	0.25036181601241336
0.3498521090896652	-0.048343872596028056	0.250378212652029
0.3498458849038692	-0.05051811623632378	0.25039535645530686
0.34984032175548246	-0.05288359069293182	0.25041072208205944
0.3498348659960483	-0.05514745924610283	0.2504258724981434
0.3498268158527601	-0.058383659889999814	0.2504484719032122
0.34981996211337624	-0.06062878261048012	0.25046792312350785
0.34981304810464486	-0.06295566935666196	0.2504876340038902
0.349808971235158	-0.06487601503525627	0.2504992467373073
0.34980179066357364	-0.06808255122998273	0.2505199069029179
0.3497972147186673	-0.0702601560117367	0.2505331111445217
0.3497951442120871	-0.07146373908733088	0.25053907747395876
0.3497898100774471	-0.07438826631686253	0.25055456540818344
0.3497855659294504	-0.07636617222591453	0.25056707706824644
0.34978192507515554	-0.07873172423050663	0.2505776909903197
0.3497766763714595	-0.08132213944965001	0.2505933761738832
0.3497735880632049	-0.08316828504450223	0.25060258316765616
0.349771166885937	-0.08440341366989353	0.2506099061894896
0.3497671556619086	-0.08716123730785062	0.2506219928111119
0.3497638288477233	-0.08950076297033062	0.25063213396255996
0.3497624029959142	-0.09111959589907746	0.2506364395879375
0.34976119460940236	-0.09212593353697406	0.2506401926550033
0.3497587949427833	-0.09420765895044962	0.2506477370147483
0.3497577002381993	-0.09590447105453113	0.25065119513176043
0.34975669629581363	-0.0979609361604767	0.2506544986909659
0.34975613508374614	-0.09924448347672395	0.25065646106402895
0.3497560524448437	-0.10045584436136866	0.25065692536521145
0.3497558930839727	-0.10115080834232602	0.2506562839115534
0.3497560257922535	-0.1028004149233694	0.25056495708339466
0.34975767118601275	-0.10465162894604936	0.25029625458369226
0.34975856515694487	-0.10544249362924933	0.25013976514543956
0.34976151831780017	-0.10707034689157198	0.24971783430752162
0.349763011870915	-0.10775265578023731	0.24951477533924696
0.3497698495456028	-0.11005439595366283	0.24869150130393858
0.34977405243110304	-0.11114956475267791	0.2482287244253316
0.34977708952695524	-0.11182306240653482	0.24791544203331548
0.3497853412412392	-0.11348219842135933	0.24707765877048332
0.349792035661343	-0.11462596052151995	0.2464546490982516
0.34980521199567804	-0.11643473836614356	0.24538272618515575
0.3498136233142541	-0.11751418221410904	0.24469581982718785
0.3498243222822729	-0.1186424633768383	0.24394157093040003
0.34983352931139094	-0.11946259496610491	0.2433772553545258
0.3498490222572199	-0.12087663711132261	0.24234097353159412
0.3498657086978086	-0.12214115409869035	0.24138383930955581
0.3498838852675336	-0.12361943800070112	0.2401751386863376
0.34989877665364755	-0.12479833589368787	0.23918070274352338
0.3499079602373095	-0.12543344654449	0.2386349930848148
0.3499471110118862	-0.12745818820406246	0.23683816621754825
0.3499667131643467	-0.12821362527456265	0.23614117231695958
0.34999145428306694	-0.12923488400435107	0.23516406879145235
0.35003278161094054	-0.13071625846221419	0.23373928459570117
0.3500669397959305	-0.13186030218509198	0.23261902766396259
0.35011599914799935	-0.13327951917774244	0.23116686817097565
0.3501341680396248	-0.1338454655384284	0.2305703251182282
0.35020260329517267	-0.13530838257628997	0.2290326316308309
0.3502483368255713	-0.13636912817793329	0.2279038163802068
0.35032333915745106	-0.13774629672957006	0.22635222246282233
0.3503425618780521	-0.13837764323910673	0.2256109557806662
0.35041686573741476	-0.1395233397623995	0.22423720960706076
0.350477930840524	-0.1403431506638751	0.22324108394921538
0.35057677736879567	-0.1415620096930576	0.22170518335294315
0.3506161750047891	-0.1420086813397095	0.22111260212819603
0.35072413647837225	-0.1431111960938221	0.21972271237855417
0.3507692631290872	-0.14354135907952392	0.2191579811602916
0.3508955111013416	-0.1449312745438638	0.2172639336889851
0.351027302657112	-0.14568159503764389	0.21630561878569332
0.3510953458039869	-0.14610075402928163	0.21574752142488712
0.3512335125906823	-0.14700827034496616	0.2144691309931461
0.3513541703199401	-0.14783776628791861	0.21325708129650595
0.35143304822625165	-0.14841389690666107	0.21240606862969613
0.3515191891495693	-0.14899834957844765	0.21155384122485296
0.35157740789616476	-0.14953121084820675	0.21071146831420812
0.35162038250190636	-0.1499934372977505	0.2099700756982027
0.35172134417489037	-0.1506841336745975	0.20886875675129862
0.35176237422537376	-0.15108424741193532	0.20819488198287248
0.3517906078793067	-0.15145578370815027	0.20752941579867418
0.3518361288942227	-0.15182446074950895	0.20688438211326393
0.3518574516761283	-0.15203589676873314	0.2064988488411642
0.3518824109381194	-0.15242769274987072	0.20573970978069855
0.3518873350916518	-0.15268438846571464	0.20520706681480017
0.3518921652426595	-0.15296821712206632	0.2045982475616515
0.35189106731267117	-0.153097196397752	0.20430244103318174
0.3518828443429347	-0.15324965607899516	0.2039211863497512
0.3518699453066934	-0.1533530732919455	0.2036246507987719
0.3518484759433393	-0.15341153528982637	0.20338051461933399
0.3518308934341696	-0.15341605874378647	0.20327160967554192
0.35181471781559737	-0.15339216427632058	0.2032280700879383
0.3517981537215404	-0.15336003714970478	0.20319851798868396
0.35177459175781917	-0.15331470762406374	0.20315660059289647
0.3517597126353774	-0.15328633382152834	0.20313017581647397
0.35174773596518144	-0.15326352301326146	0.20310887770469804
0.35172540981391326	-0.1532212983851664	0.20306923433893626
0.351710886452277	-0.15319391201055704	0.20304345356036071
0.35170196205832105	-0.15317711961685704	0.20302761482835607
0.35167279758172076	-0.1531223836730659	0.2029758672635359
0.3516567347556734	-0.15309229453486367	0.20294737043828762
0.35164147232756304	-0.15306373136815576	0.2029202959387785
0.3516335597875236	-0.1530489315277448	0.20290626000629267
0.35161724499229036	-0.15301843586726943	0.2028773149556981
0.35159656952238766	-0.15297981249035508	0.20284063623017565
0.35157679029352173	-0.15294288288239427	0.2028055469011439
0.35156162257097306	-0.1529145735691882	0.20277864031805598
0.35154852759090877	-0.152890136430322	0.20275540419328636
0.3515318256953117	-0.152858974767685	0.20272576977128398
0.35151405137247554	-0.15282581915558402	0.2026942350966854
0.35150556282257384	-0.1528099854667997	0.20267917272305075
0.35148748367735466	-0.1527762678263226	0.20264709640851586
0.35147145584996026	-0.15274637466755286	0.20261865280287375
0.3514602605361968	-0.15272549658345486	0.20259878650840557
0.35144739765862976	-0.15270150969090301	0.20257596102528458
0.35142203145118084	-0.15265420643854327	0.20253094407705835
0.35140895195430866	-0.15262981581779084	0.20250773080807305
0.35140046144484105	-0.1526139842710013	0.2024926638569817
0.3513831122488714	-0.15258163256245216	0.2024618723911033
0.35137590653527273	-0.15256819543009775	0.20244908274866924
0.35135779436881487	-0.15253441925719619	0.20241693293762653
0.3513371959541007	-0.15249600814687037	0.20238037129959344
0.3513254114314296	-0.15247403266106968	0.20235945340346212
0.3513132124297103	-0.15245128347420484	0.20233779826746154
0.3513016343574618	-0.1524296926441746	0.2023172458968674
0.35128863170521646	-0.15240544352310814	0.20229416159606098
0.3512726627643136	-0.15237566309973305	0.20226581200043028
0.35126097125293365	-0.1523538581269691	0.20224505322395145
0.3512539148638236	-0.15234069733603578	0.20223252344039486
0.3512368881932398	-0.15230894277469614	0.20220229282504615
0.3512250082995505	-0.1522867865362698	0.20218119946699062
0.35121375330990445	-0.15226579462258272	0.2021612133908394
0.351198264610839	-0.15223690594133638	0.20213370843941794
0.3511867618933727	-0.15221545189133429	0.20211328221590297
0.3511810685395478	-0.15220483243558053	0.20210317075451031
0.35116927470955356	-0.15218283452627257	0.20208222565599213
0.35115358550919057	-0.152153571318778	0.20205436349327438
0.3511427701944768	-0.15213339861172115	0.20203515643416575
0.3511281735052637	-0.15210617181133113	0.20200923151303005
0.35111690743768514	-0.1520851570180765	0.2019892208461183
0.3511110893494568	-0.1520743044290353	0.20197888684522308
0.3510960065103399	-0.15204616997787995	0.20195209671064765
0.35108200058322053	-0.15202004379129908	0.20192721818112902
0.3510724755379693	-0.1520022758401614	0.20191029840395766
0.35106260514047866	-0.15198386349034015	0.20189276478500312
0.351052840864386	-0.1519656486134205	0.20187541829187505
0.3510465138807278	-0.15195384589075644	0.20186417840718893
0.3510331460522341	-0.15192890842420403	0.20184042960594312
0.35101872997915634	-0.15190201488415117	0.2018148169397669
0.35100936500962454	-0.15188454408834923	0.20179817793425692
0.3510008786716018	-0.15186871240055755	0.20178310021239926
0.3509952722935016	-0.1518582531934275	0.20177313849931883
0.35098334245000995	-0.15183599700876216	0.2017519415068238
0.350969626198586	-0.15181040752169955	0.20172756835634295
0.35096070425952003	-0.15179376236891973	0.20171171459135942
0.35095149334932707	-0.15177657781777754	0.20169534630029093
0.35094311664093353	-0.151760949547057	0.20168046057786762
0.35093368900083	-0.1517433603715289	0.2016637067420508
0.35092211978499993	-0.1517217754568	0.2016431469101133
0.3509176796740852	-0.15171349137383822	0.201635256125525
0.3509059490350355	-0.15169160483739325	0.20161440810211323
0.3508936636087854	-0.1516686828108803	0.20159257257026103
0.3508893685523751	-0.15166066905772518	0.20158493848707615
0.3508811883325699	-0.15164540624325246	0.20157039883070588
0.3508702838763216	-0.15162506027552436	0.20155101637702558
0.3508629765732765	-0.15161142586258408	0.20153802726222897
0.3508516050498725	-0.15159020797735184	0.20151781370491822
0.3508441212922786	-0.1515762440246075	0.2015045098532231
0.35083904920404707	-0.1515667799458028	0.20149549333952071
0.3508293336477281	-0.15154865140191925	0.2014782216432976
0.3508203722927303	-0.1515319299625839	0.20146229092061285
0.3508128338213793	-0.15151786342491513	0.20144888849887893
0.3508027754957507	-0.15149909472530648	0.20143100585444706
0.3507960221620235	-0.15148649295828442	0.20141899920548273
0.3507874478377158	-0.15147049311350635	0.20140375361589938
0.35078083754168726	-0.1514581580615289	0.20139200006295643
0.35077085301718997	-0.1514395263479763	0.20137424708694102
0.35076314093332517	-0.1514251349886781	0.20136053419246297
0.3507564198523377	-0.15141259281813618	0.20134858301824052
0.3507458568418446	-0.15139288107128224	0.2013297993589551
0.3507395830291914	-0.1513811732955661	0.20131864286259415
0.3507330796216273	-0.1513690370302444	0.20130707734332962
0.3507266358533356	-0.1513570119787498	0.2012956175118332
0.3507162008958019	-0.15133753850175596	0.20127705945847993
0.35070989782776024	-0.151325775744393	0.2012658494044653
0.35070336135874214	-0.1513135772844476	0.20125422416616046
0.3506971597769812	-0.15130200367401958	0.20124319444754607
0.3506904728780091	-0.15128952434982806	0.20123130071480275
0.35068468410077347	-0.15127872111048624	0.2012210038496827
0.3506748490033952	-0.15126036613892163	0.20120350981076207
0.35066864598130576	-0.15124878953979032	0.20119247569763016
0.35066516376424645	-0.15124229068662665	0.20118628135523123
0.3506537653224078	-0.15122101753959932	0.20116600489754421
0.3506477408477391	-0.15120977375676564	0.2011552879465769
0.3506441061667183	-0.15120299016573635	0.20114882190614505
0.35063665296637997	-0.15118907986594193	0.20113556211515674
0.35063257604527265	-0.151181470824866	0.20112830885278798
0.350621740944601	-0.15116124827330418	0.20110903169520936
0.35061602061425484	-0.1511505717683252	0.20109885409432388
0.35061280630334235	-0.15114457246188906	0.20109313521782454
0.3506066702410182	-0.15113311980854766	0.20108221780596902
0.35059680784634417	-0.15111471199932008	0.2010646696187959
0.3505936299514803	-0.15110878049897175	0.20105901508376206
0.35058841216786435	-0.1510990416740744	0.20104973022721193
0.3505827646846558	-0.1510885006833212	0.20103968070104783
0.3505734768675508	-0.1510711649030459	0.20102315261325113
0.350569336965719	-0.15106343759385954	0.20101578548556515
0.350562056102581	-0.15104984748831612	0.20100282838585665
0.35055868545694396	-0.15104355605585396	0.20099682951852033
0.3505533260850858	-0.1510335524542573	0.20098729126567733
0.350546687664695	-0.15102116121682319	0.20097547661215528
0.3505397037072844	-0.1510081249705002	0.2009630463279375
0.35053624297539987	-0.1510016651035362	0.2009568866992883
0.3505300237630487	-0.15099005609643595	0.20094581716391177
0.35052536245926014	-0.15098135515664513	0.20093752009169233
0.3505203232778728	-0.15097194878512538	0.20092855020050665
0.35051553315723305	-0.15096300719668693	0.2009200235905118
0.35050895512217556	-0.15095072818981675	0.2009083137423173
0.35050590245625796	-0.1509450298550099	0.20090287937847712
0.350498631576387	-0.15093145719093165	0.2008899358548997
0.35049304807605347	-0.1509210342794961	0.20087999585992314
0.3504887057217471	-0.1509129282069458	0.20087226518017368
0.35048441375853767	-0.15090491627453873	0.20086462374212083
0.3504776459336755	-0.15089228229615548	0.2008525743127968
0.35047343415727233	-0.15088441974593897	0.20084507558612458
0.35047077910445623	-0.15087946332348057	0.20084034825346872
0.35046476099324936	-0.15086822865377864	0.20082963283732896
0.35045864421770295	-0.15085680978042532	0.2008187411718499
0.35045625642190037	-0.15085235218031956	0.20081448931323426
0.3504502514103345	-0.15084114179844615	0.20080379614220478
0.3504462915952375	-0.15083374940296257	0.20079674467531755
0.3504402383750682	-0.15082244881606377	0.20078596508728838
0.3504361933528653	-0.15081489724837077	0.20077876141928555
0.3504321802731873	-0.1508074052103796	0.2007716145761463
0.3504299311440918	-0.15080320630717076	0.20076760899587368
0.3504227366297247	-0.15078977460435045	0.20075479587622078
0.350420188677392	-0.15078501770888886	0.20075025792858506
0.35041514465350837	-0.1507756006492882	0.20074127435693118
0.35041132667332436	-0.15076847261043563	0.20073447405173517
0.35040574617129366	-0.15075805391155084	0.20072453419173725
0.3504020109131702	-0.15075108016171085	0.20071788090282738
0.35039847467616914	-0.15074447798887658	0.20071158187479068
0.3503963937722169	-0.15074059285105262	0.20070787525233538
0.35039118192250945	-0.15073086225892046	0.20069859096187237
0.3503859643063073	-0.1507211207334146	0.2006892962255178
0.35038201640523403	-0.15071374971647322	0.20068226325001748
0.3503786619948672	-0.1507074868496351	0.2006762872036793
0.3503753333619752	-0.1507012720352809	0.20067035701635022
0.3503720264822608	-0.15069509772274364	0.20066446559156864
0.3503668807288655	-0.15068549001500603	0.20065529770249566
0.3503646237604632	-0.15068127592872127	0.20065127656344492
0.3503612683741485	-0.15067501094732888	0.20064529822167998
0.35035794583926144	-0.15066880728372406	0.2006393782343731
0.35035479922902624	-0.15066293208830384	0.2006337715218552
0.35035012597707066	-0.15065420630601328	0.20062544445417552
0.35034565704004944	-0.1506458619772219	0.2006174811105097
0.3503426147066649	-0.15064018130799495	0.2006120597807483
0.35033946372405406	-0.15063429774057685	0.200606444694499
0.35033620575614427	-0.15062821436066348	0.20060063883256368
0.35033177225182566	-0.15061993587131767	0.20059273795613647
0.35032871757643846	-0.15061423197205764	0.20058729409742193
0.35032700323886695	-0.15061103082538763	0.2005842388549296
0.35032347914985307	-0.15060445040522852	0.20057795806323725
0.3503196038146201	-0.15059721401770737	0.20057105113234852
0.35031641939519986	-0.15059126773043302	0.20056537544066821
0.3503135062935102	-0.15058582809492915	0.20056018310134083
0.3503104944781222	-0.15058020400277167	0.20055481484835996
0.35030775926608765	-0.15057509639336342	0.20054993949363556
0.3503038353450823	-0.1505677690931047	0.20054294495521957
