0.34999870930069404	-0.15151174085916497	0.20151126724530946
0.34999870930069404	-0.15151174085916497	0.20151126724530946
0.3499982504657768	-0.15191834680289218	0.20191795652749092
0.3499979277772437	-0.15225268549607157	0.2022522959632424
0.34999770161233934	-0.15244531742696532	0.20244499886732478
0.34999704698657463	-0.15290541691996065	0.20290547231859213
0.3499968465147113	-0.15311555243066033	0.20311562472774292
0.3499959839888052	-0.15379839682584	0.20379892686859333
0.3499956403593904	-0.154004874316093	0.2040057021542167
0.34999493000923	-0.1545744597221131	0.20457572675080327
0.3499944694023518	-0.1549205897814049	0.20492220293915026
0.3499941328877225	-0.15528700618336222	0.2052887193522731
0.34999335650248864	-0.1558715157751166	0.20587390663211125
0.3499930289038156	-0.15623797457682442	0.2062404978547301
0.3499926497511196	-0.15660254890856784	0.20660534368213948
0.3499922362301252	-0.15698008267691382	0.20698323050064518
0.3499917823062714	-0.15733485736640684	0.20733851066116968
0.3499913019735033	-0.15782665911837668	0.20783073665790067
0.349990945696196	-0.1581798420016287	0.208184296345788
0.3499906272701162	-0.15852283030440217	0.20852762174852543
0.34999046075238727	-0.15887723061760303	0.20888200033538512
0.3499902046777006	-0.15920571438085607	0.20921077833559293
0.3499899980881549	-0.15951772715876522	0.2095230172128141
0.3499898092701155	-0.15991246294931422	0.20991791198028154
0.34998972131768413	-0.16015449739594365	0.21016001253878835
0.34998966154134276	-0.16030069960194554	0.210306302645713
0.3499896178030281	-0.1606772438391199	0.21068281474250972
0.34998960743105484	-0.16085212960782275	0.2108577558311908
0.3499896229152713	-0.16100114541395047	0.21100680083147513
0.34998966474623616	-0.1611223507378559	0.21112799597916415
0.34998973320242904	-0.16121979820720303	0.21122540287115749
0.3499898101935707	-0.1612761749653348	0.21128172459675038
0.34998991899360943	-0.16129969316851295	0.21130517374351265
0.34998996935330134	-0.16129105743336924	0.2112965120508501
0.3499900729797042	-0.16121507046373756	0.21122050152095956
0.34999011254984513	-0.16111665906268047	0.21112212392323443
0.3499901171960093	-0.1608944881085386	0.21090013725568318
0.3499900900029564	-0.16068140332177266	0.2106873092706802
0.34999000022439714	-0.1604709693130396	0.2104771780790701
0.34998984088651536	-0.1601686034005618	0.21017531661122066
0.3499895175013443	-0.1596810133814634	0.20968867342925954
0.3499892499311312	-0.159410274207656	0.2094185649982035
0.3499887696068763	-0.15901529430990324	0.2090246203647847
0.34998807495101764	-0.1583362335284194	0.20834733514035875
0.3499870830150249	-0.15767427268389356	0.20768751556549786
0.34998575973943713	-0.15688084092431426	0.20689692165282567
0.34998507934218115	-0.15652743685082898	0.20654491918113535
0.3499831945549175	-0.1554969362895464	0.20551850444091746
0.34998151861246163	-0.15472298372397933	0.20474804340879696
0.34998008057929203	-0.15384367334249613	0.20387214514016774
0.3499769653738896	-0.1525256922146847	0.20256073543698558
0.3499747069965698	-0.15154537190390155	0.20158530393533844
0.34997197815158304	-0.15050051928025043	0.2005461993756138
0.34997674693367564	-0.14934794572748156	0.19940222987517478
0.3502186111742268	-0.14763055966962946	0.19775520644172107
0.35064610585043	-0.14624249455300353	0.19647787182072665
0.35131399630141524	-0.14459546354546343	0.1950004131571735
0.35251376856421646	-0.14219170807253861	0.19290042788681894
0.35308023770947644	-0.14116349765930786	0.1920154828777872
0.35478855301238627	-0.13842692421450564	0.18970058463812134
0.3569184624379354	-0.13531282751216034	0.18711197293137954
0.35870986062644655	-0.1328781272475008	0.185112733713087
0.360522963920251	-0.13053291239767245	0.18320228217271034
0.3624788197023059	-0.12809313196103123	0.18123271251888526
0.36445669567880806	-0.1256922165612665	0.1793047630884345
0.3668547608523914	-0.1228632207935864	0.1770520813248006
0.369096228096966	-0.12029879859279981	0.1750069980032274
0.3724522316214575	-0.11656341807436953	0.17203561461005223
0.37641456995846845	-0.11225451587148759	0.1686241075603312
0.3790931455542697	-0.10940979145190192	0.16636363033686924
0.3821827501090591	-0.10617132738030395	0.1637920541843852
0.3851119411257623	-0.1031344933111862	0.1613893447073323
0.3881360967033166	-0.10004668589406983	0.15893606227104307
0.3910819719083259	-0.09705921724715956	0.15656661198264954
0.3943735518684997	-0.09377159869938652	0.1539322831092531
0.3988406700408723	-0.0893354672447023	0.1503843367216729
0.40196745277321533	-0.08626426545765047	0.14790985909769377
0.40571723413033434	-0.08262758661339474	0.14494675596586376
0.40878006260288136	-0.07966120519641805	0.14253032317523412
0.412004220090739	-0.07656224802590057	0.13998550512108
0.4165736841751205	-0.07217117850602671	0.13637660814752073
0.41849419032969215	-0.07033306871042906	0.13485605438289072
0.4250267609052431	-0.06415891009776913	0.12965774419864634
0.42828916358131364	-0.061092866931932485	0.1270440186779665
0.43183700729153446	-0.057767512936476154	0.12418194917163344
0.4350686646602267	-0.054741261007914946	0.12155621145321743
0.44003181081668485	-0.050147952026268025	0.11748723868848354
0.4417680647496568	-0.04854845498274023	0.11605014556448395
0.44492307679702003	-0.04564149200929145	0.11341909045287585
0.4492974133577401	-0.04160951768840375	0.10971940189440532
0.4541404877995102	-0.037211263525229646	0.10555930055989665
0.4558905077601039	-0.03558821070796485	0.10401724420699598
0.4603907036120667	-0.03148899860982181	0.1000113484289823
0.46232647300269086	-0.02972398980632017	0.09825421710480631
0.46656915274520844	-0.02586078654458017	0.09432804736971767
0.47032436488843565	-0.02245428121079278	0.09073841578254854
0.47310594794924865	-0.019968373230431283	0.08801871365496794
0.4755516839832191	-0.017764271696878844	0.08554684227702608
0.47800465048242435	-0.015567766180604334	0.08299552513684127
0.4803877612593884	-0.01343390638456228	0.0804283445672811
0.4834181868940292	-0.010703663313003306	0.07702064166216838
0.4854752592136237	-0.008862054784413473	0.07458753034183374
0.48739608433280385	-0.007153946312779894	0.07220057871476454
0.4891804623801233	-0.0055776850230566805	0.06986236441365024
0.49094846102232126	-0.004031991630879653	0.06739648144628552
0.4929737932823589	-0.0022496593228341494	0.06428225992408965
0.4941745769272132	-0.0012179215541823912	0.06222886104376746
0.495234123269348	-0.00028464981879257334	0.06020581378505746
0.4961404252973224	0.0005012285387681753	0.0582452323855433
0.4972586650519257	0.0014702264942450943	0.055236943846925346
0.4977483752380154	0.0018890027974686613	0.05342489224460595
0.4980544961893576	0.002144094266303978	0.05153070624498768
0.49813604025726915	0.0021989421047803465	0.04987282986320657
0.49812910091294116	0.0021792841255444534	0.04817562896709038
0.4981180197647741	0.0021510674548881475	0.045749442339952984
0.4981156810185183	0.0021321085329558814	0.044143052284754125
0.49810796797149265	0.002120506329412311	0.0431186194263426
0.4980930323836084	0.0020915094135384865	0.040573772414261355
0.4980851391338311	0.0020652508599455083	0.03829610686870988
0.49808118859774375	0.00204590605974124	0.03662332227896958
0.498076269459351	0.0020262465845129057	0.034916405579099974
0.4980691395862827	0.0020077022723796883	0.03328948045742819
0.49806397464736385	0.001988394842385152	0.03160537948909775
0.49805977053679784	0.0019701403631200848	0.030017270735930413
0.4980503930490386	0.001942414375685722	0.02758839693454057
0.49805259616452935	0.0019248741754392534	0.026093448121682628
0.49804878834720984	0.0019085217868851506	0.024672654146108974
0.4980415942753719	0.0018916762491334588	0.023193994096797732
0.49803770845139617	0.001866358568621343	0.02100924397437659
0.4980369683595902	0.0018488004270416497	0.019507733025095397
0.49803487692285	0.0018314467692563258	0.018021626231207344
0.49803603786090556	0.001815619077157063	0.016683445089029747
0.49803350410805036	0.0017902321827871354	0.014528042960799015
0.49803056337125	0.0017721210985096741	0.012995006233616047
0.4980291153143738	0.001753951033224857	0.011470722424231805
0.4980279634348232	0.001745304316567095	0.010747370817308366
0.4980308361062298	0.0017272565905078613	0.009264195679944631
0.4980348872304201	0.0016996843259406563	0.007020071353133539
0.4980344096543188	0.0016833315434015145	0.005692455700990029
0.4980320457394129	0.0016660261304190932	0.004293560273839814
0.49803203955201464	0.0016508807789925167	0.00308795567984238
0.4980290762954098	0.0016291445785728692	0.001367724036780038
0.4980303006216251	0.0016136102344326414	0.00016816637635391762
0.4980316425537602	0.00159686969977961	-0.001108328060212993
0.4980332807122584	0.001581606005272504	-0.0022536659896286726
0.49803554144873546	0.001573013373229723	-0.0028864971061011158
0.49804399779445585	0.0015452934766759102	-0.004887656926994499
0.49804997844521665	0.0015291977643373117	-0.006015186243430559
0.49805526934083044	0.001514644538221463	-0.007015340688296845
0.4980612591765136	0.0014987789312925909	-0.008083613223059616
0.4980652946281914	0.001489332365610288	-0.008707488454730183
0.498076248580801	0.0014705979380442574	-0.0099052688875082
0.498082903203439	0.0014557433194439667	-0.010828507677068
0.49809206882876106	0.0014343077661347209	-0.01211962624914703
0.498101366459159	0.0014204104242113297	-0.012915621458899018
0.49810986190203277	0.0014065996840004896	-0.013681604557523708
0.49811843847473064	0.001392900272191397	-0.014414344410666413
0.498129955488313	0.0013796965798898025	-0.015084146227106299
0.498141813710581	0.0013637471194798828	-0.01586072504911712
0.4981512237282985	0.001350835911342732	-0.016456937501339974
0.4981649547091642	0.001332977605289401	-0.01722819358666372
0.49817205783924223	0.0013250268859515552	-0.017549313668155986
0.4981925182038661	0.001301852759380842	-0.018416337692879536
0.49820428682045104	0.0012902392435992088	-0.01880444633196765
0.4982175788221789	0.0012769932679595059	-0.019210474367759356
0.4982253782464838	0.0012693029000410277	-0.01942961552060596
0.4982411065302782	0.0012553805683408331	-0.019780189840508222
0.49826490580186467	0.001233451895415058	-0.02023267211967289
0.49827569973441665	0.0012234326017243474	-0.020398059886471254
0.49829402550223767	0.001207439621368725	-0.02060233865151001
0.4983086342098729	0.0011954952987703743	-0.020703653034554015
0.49832198540242334	0.0011844777831670344	-0.020758322006413144
0.49833971450720715	0.0011702166802639996	-0.02078727357733634
0.4983620006181147	0.0011527525461826754	-0.020815407624218463
0.4983793668175006	0.0011393695522016883	-0.02083262162145255
0.4983902593341918	0.001131235492582608	-0.020841667693183297
0.4984274860440415	0.0011028678056074354	-0.020866994296929064
0.49844883247903016	0.0010871504875112487	-0.020876896141754586
0.4984750202392365	0.0010674110986271385	-0.020886707541741822
0.498497411418458	0.0010508864329770579	-0.020892318217173578
0.49851378585628797	0.0010388243450478868	-0.020895533776019937
0.49855116559173007	0.0010114431421529985	-0.020899877636779973
0.4985914768375297	0.0009819721682571142	-0.02090065664283408
0.4986098251190488	0.0009685698594529141	-0.020899823342356627
0.49863615214202334	0.000949380486514842	-0.020897336605083805
0.4986655684959661	0.0009279086651459295	-0.020893292865300173
0.49872327490996504	0.0008860217776028995	-0.020881244076934535
0.49874975528775456	0.0008668959294109574	-0.020874077001013402
0.49878594422735867	0.0008409369088905466	-0.020862722550176405
0.4988028316573	0.000828788189310023	-0.020856992176646383
0.49883694745516416	0.000804323825799938	-0.02084455642079569
0.4988988907226436	0.0007600326882146319	-0.020819044794500974
0.4989330730556034	0.0007355144319779877	-0.020803676069006904
0.49896851875867154	0.0007100508396070543	-0.02078701666807764
0.49898934820433766	0.0006951324232481043	-0.020776738877832046
0.4990344271807575	0.0006631475330409614	-0.020752995742867375
0.49908530425428643	0.0006269763740753137	-0.020724836081268738
0.49912203570930613	0.000600844518848051	-0.02070362186221425
0.49914171707499105	0.0005868631495401372	-0.020691924409064755
0.49919165096578083	0.0005514273716345913	-0.02066129341482359
0.4992293884467636	0.0005247104248932294	-0.020637221845445863
0.49925944484674223	0.0005034563528801966	-0.02061759263007673
0.4993068841989166	0.0004698995351558183	-0.020585748186630504
0.49933985498904354	0.000446596224381382	-0.02056304442965623
0.499372176070989	0.00042376350478366687	-0.02054036008268051
0.49940422901160664	0.00040107694227130286	-0.020517481136740123
0.49945299029621104	0.0003666330018119862	-0.020481868758552846
0.4994867753659001	0.0003428116069314896	-0.020456648622178608
0.4995186646470197	0.0003203134077601061	-0.020432495081526725
0.49953909591595114	0.00030593304876412597	-0.02041679029356608
0.49957927828319215	0.0002776091812903142	-0.020385521428570474
0.49960936633624786	0.00025640648689399803	-0.020361776794021735
0.49965517275267546	0.00022410849598715477	-0.020325109680672027
0.4996712348089924	0.00021279143556195146	-0.020312076020430725
0.49971072595870425	0.00018501348603401635	-0.020279641931570502
0.4997371173621874	0.000166474841328354	-0.020257658823199798
0.4997648357663118	0.00014698324706412247	-0.020234337292803217
0.49980104420491267	0.00012150462977307541	-0.020203572838472073
0.49981320201493	0.00011296792273486622	-0.020193128406404304
0.4998440207555528	9.134111687582325e-05	-0.02016638937455656
0.4998549394378672	8.36916695056561e-05	-0.020156824747737834
0.49988890929987595	5.9920010750377783e-05	-0.0201267678542546
0.49990461168057704	4.8933273813930867e-05	-0.020112735109223567
0.4999264916383715	3.3625563971448336e-05	-0.020093023951803235
0.49994144018830494	2.3190857246876972e-05	-0.020079405431292163
0.49995575273967086	1.320324037525078e-05	-0.02006627238102221
0.49996822473898694	4.507131366029982e-06	-0.02005474690763287
0.4999836757113204	-6.233569163280328e-06	-0.020040297961055997
0.49999177595492283	-1.1820462143805055e-05	-0.020032606011109733
0.49999807694052	-1.6138507461418983e-05	-0.020026552085537774
0.5000012034914413	-1.827848695538925e-05	-0.020023517577143934
0.5000074667693734	-2.2460296811369074e-05	-0.02001724104256769
0.5000085960824164	-2.315032377096793e-05	-0.020015973720776514
0.500012062158325	-2.3351021758113988e-05	-0.019981989780181675
0.5000838543120703	-2.3603130651708715e-05	-0.019187784500276583
0.5002631620457927	-2.4401225098488744e-05	-0.017095863093188057
0.5004233756938584	-2.6122076944787298e-05	-0.015115595091238221
0.500529471706065	-2.7177344630577305e-05	-0.013778990075712427
0.5009407201279252	-3.1936740057289525e-05	-0.008356509607330476
0.5011891628063444	-3.651772936126563e-05	-0.00484492277700993
0.5013745847052627	-3.84417964249123e-05	-0.0022608706683384105
0.501666992973638	-4.4295811663527807e-05	0.0021214571975811114
0.5020514783829272	-5.500448125698998e-05	0.008320642096902586
0.5024008546791688	-6.773458401716781e-05	0.014448803896759899
0.5027568801589729	-7.887915112771149e-05	0.020776219378060123
0.502979677571264	-8.425155529541428e-05	0.024741935355916622
0.5032431392705699	-9.351608229464514e-05	0.029838861608808942
0.5036485909584668	-0.00011078902667567558	0.0383309059347644
0.5039919587079837	-0.00013717302615783022	0.0471452765819072
0.5041465860612312	-0.0001470807335331864	0.05114781159084392
0.5044839234625705	-0.0001697010570292784	0.06048599712039793
0.504649282045306	-0.00018215924240110037	0.06554831062976046
0.5049041751691137	-0.00020389184403070415	0.07431826233728206
0.505102042496751	-0.00021705113623153582	0.08137819119285017
0.5052895104621697	-0.00024398077993335876	0.09127794658103527
0.5054058852447901	-0.00027499228213347104	0.10144866058034646
0.5054569949582214	-0.00029673696894301493	0.10930758847455829
0.5054741176757638	-0.00031355098861253483	0.11642738894701404
0.5054746155354272	-0.00032136475105436213	0.12073345717346795
0.5054071115594185	-0.000341187706630261	0.13047827872109213
0.5052679407989054	-0.00036237416334129746	0.13738259600042768
0.5051757521682886	-0.0003688112472326338	0.142095941546094
0.5048872822396278	-0.0003881190203974677	0.15105325615387505
0.5046276414221815	-0.0003997548882520713	0.15723148521503744
0.5042928106334676	-0.0004168425671134818	0.16327415227122055
0.5037376862696068	-0.0004284569783134934	0.1716464898636811
0.5032419160858244	-0.00043889481597279845	0.17739382064600648
0.5027088823839924	-0.00044593736481453317	0.182635589035839
0.502106631658038	-0.00045235163156863434	0.18762770975162693
0.5014364963730827	-0.00045386966375955684	0.1922721482542784
0.49987295367926815	-0.0004560000294002303	0.20071237886048657
0.4992684497695748	-0.00045612096196583074	0.20329830056068243
0.49844257890893384	-0.0004547235597319871	0.20629579563358041
0.4969711484905942	-0.00045171669426620487	0.2106606875789543
0.4957488577239451	-0.0004785068815168908	0.21355820490738328
0.4943855065797301	-0.0005725404654218641	0.2163269502273166
0.4922636328968223	-0.000816631989900854	0.2199843407956492
0.48989307665742143	-0.0011957275525319583	0.2234173635670238
0.4881317854431701	-0.0015261816432688563	0.22566447651933652
0.4861938030245512	-0.0019239783830587859	0.2279447245241291
0.4832313096499345	-0.002600254671909899	0.23103357720311346
0.48113034471854405	-0.0031241460324619302	0.23296270911600345
0.4798450338424838	-0.003460044299748985	0.2340615863104024
0.47648155729691644	-0.0043902474010133336	0.23678480126830925
0.47303524266765207	-0.005393962926169046	0.23922543307001576
0.47159391637217235	-0.005831179026621239	0.24016960632787698
0.46819839403991675	-0.006892541156364493	0.24228072965671205
0.4655085015699764	-0.007759365591985742	0.24378693678504632
0.4613032297528086	-0.009155523802423196	0.24592303634940882
0.4598381400600167	-0.009656826480432215	0.2466344994543122
0.4558808058483162	-0.01105186397970516	0.24846601960017078
0.4529809528408156	-0.012096744357523018	0.24968888816519544
0.44863551560329745	-0.0137053830874765	0.25137565167525044
0.4456454231997131	-0.01481563390654679	0.25238552776642836
0.443819773652842	-0.015519203645645893	0.2530091540676779
0.4397389275422422	-0.017083825446414944	0.2542336589731159
0.4350391209826176	-0.018913547697572433	0.25548216978902216
0.43206090797123786	-0.02013546276818616	0.2562757380774823
0.4288782061647577	-0.02141709581362182	0.25698743319136763
0.42583908080878563	-0.022662231042745937	0.25762537752921244
0.4229567562017477	-0.023899641305331967	0.2582438845960551
0.41968602171904007	-0.02528076798818117	0.25882915904887854
0.41507742318408086	-0.027189153937936958	0.2594577437157638
0.4133658553809927	-0.02790122316401626	0.259658394195892
0.40930650167284677	-0.029715614517379904	0.26022316909050774
0.40651835827076827	-0.030938347224410176	0.26051714028511797
0.40371660144929733	-0.03214182319757737	0.26072548034786397
0.3996239541927107	-0.03393110421097516	0.26099818319641904
0.3980130145503808	-0.03462162604816603	0.26105933940256215
0.39408219758369634	-0.03627448067306234	0.26113012742450536
0.3926649359816621	-0.03690128652852974	0.261171111327607
0.38879126509275713	-0.03858076829380945	0.26119390442776425
0.38549437768357486	-0.04000235701551559	0.2611663049622239
0.3826931625609658	-0.04119524264547399	0.26107955476091393
0.378913027090233	-0.042793260065575475	0.2609190702162779
0.37672216287757676	-0.04370134591071444	0.2607860639058684
0.37439015135785564	-0.044656060033297015	0.26061340544323686
0.3723275055860079	-0.04550868643028773	0.2604522408515774
0.37024377466824193	-0.04636587464168933	0.2602596557533693
0.36744168348554157	-0.047492405625876796	0.25995973430480274
0.3653090097438865	-0.04836108485273784	0.2597168195539133
0.3642433604850714	-0.04879318681457122	0.2595831059359489
0.3608579705606102	-0.05012053683725283	0.2590937274087939
0.35942137367155996	-0.050689033472846104	0.2588667779163051
0.35795602180202024	-0.05126395434549581	0.2586227276964304
0.3566458886298507	-0.05176275171663465	0.2583781537796648
0.3553593419008447	-0.052248470252224025	0.2581222209985743
0.3540169611071575	-0.052754298724153895	0.25784034078083184
0.35352626407671706	-0.052931674522309444	0.2577248794668139
0.352520391470433	-0.05329118988809324	0.2574738814348403
0.35173133671034296	-0.053555099700989386	0.2572417676703084
0.3514156817699024	-0.05364801715737706	0.2571252984352484
0.3512329637068579	-0.05368310834969285	0.2570253802306809
0.35119019352315034	-0.05365979303169406	0.25694850380833845
0.3511789251673415	-0.05362956058842548	0.2568880848984126
0.35116356867035764	-0.05359082896752866	0.2568096091576281
0.35114736967241245	-0.05354827403926114	0.2567241823404732
0.35113579802151185	-0.0535160083375895	0.25666041072863616
0.351124344527341	-0.0534840079221371	0.256597163428701
0.3511139113479768	-0.053455024625479644	0.25653971904129735
0.35109695274855424	-0.053407221410222264	0.25644538695527114
0.3510907658086819	-0.053389626170290264	0.25641075105923955
0.35108045396359827	-0.05336004637699017	0.25635269726785287
0.35106084364612034	-0.05330293806449608	0.25624124404126253
0.35104956346289573	-0.053270162177860195	0.2561771726378073
0.351039881166058	-0.05324157767934827	0.25612168750081393
0.3510337605821153	-0.053223511624648265	0.256086606947192
0.35102034881331273	-0.05318385228076962	0.2560096493706857
0.3510100900268092	-0.05315346967533956	0.2559507221075202
0.35099962962313447	-0.05312212284038355	0.2558902703858579
0.350987553081071	-0.053086128565622184	0.2558206555787788
0.3509785283981048	-0.05305909307320304	0.25576849811190383
0.3509676513846226	-0.053026231937696275	0.2557053691419228
0.35095334451956467	-0.05298294625988394	0.25562227075526334
0.35094743673681655	-0.052965085192388725	0.2555879676237107
0.350935714163783	-0.05292966887501031	0.255519922980479
0.35092657309894126	-0.05290165862646577	0.2554665005249278
0.3509174175542771	-0.052873880571245715	0.25541324702840495
0.3509046269254248	-0.052834730454747944	0.2553385365755635
0.350895907633522	-0.05280788056123216	0.255287460120905
0.3508871814210553	-0.05278101043732726	0.25523634488475977
0.3508824397866345	-0.05276653934839505	0.25520868842241806
0.3508709987784242	-0.052731281186185044	0.25514164698011566
0.3508628559350137	-0.0527062033751481	0.25509394800830587
0.35085131111996715	-0.052670614408539276	0.2550262919809707
0.3508447821753229	-0.05265035818672774	0.2549879131127232
0.35083619400601784	-0.05262388714693263	0.2549375899613431
0.35082753219480317	-0.05259714773045711	0.25488679899952477
0.35082064065614843	-0.052575861015118144	0.2548463785963172
0.3508094401964935	-0.05254099360898577	0.25478043813855145
0.3508019029839899	-0.05251763102460323	0.25473615900915303
0.3507947642857796	-0.05249548339357753	0.2546942036217836
0.35078416960748665	-0.05246261245155963	0.2546319379869862
0.3507794096396148	-0.052447818534028814	0.254603940443519
0.35077153730614463	-0.05242335199687821	0.25455763803479736
0.35076562571167597	-0.052404934377093745	0.2545228271604262
0.35075575120668817	-0.05237420153565257	0.25446471192710407
0.35074572080763045	-0.05234293344572179	0.25440563414592626
0.3507397148877256	-0.05232418756545519	0.25437023926800373
0.35073254261324793	-0.05230185093045313	0.2543280194878854
0.35072721502414383	-0.0522852436809305	0.25429664454128514
0.35071930732283696	-0.052260565432172626	0.25425004943826235
0.3507097869313364	-0.05223079521676814	0.25419389660589453
0.35070505250301837	-0.052199985476316615	0.2541659816843846
0.3506956000417323	-0.05207049417838268	0.25411046112746033
0.3506838012774232	-0.05178576090353114	0.25404156730539684
0.35067535222762064	-0.05149596533483548	0.25399241881536105
0.3506660422191473	-0.05113303887914457	0.2539385578111672
0.3506570682983902	-0.05074880038061476	0.25388721578419826
0.3506462912509485	-0.050251511026263865	0.25382622352592477
0.35063012238576363	-0.049421419722235	0.25373466045253745
0.35061838035274884	-0.04879396733519699	0.2536704225636776
0.35061007355190604	-0.048323223189085565	0.25362425389842747
0.35059655143458135	-0.04753410203997309	0.25355021154960444
0.35057482854545186	-0.046218254942872225	0.25343366128454
0.3505673340828768	-0.04573490326458486	0.2533922696832828
0.35055479992121563	-0.044923633379141834	0.25332460580594074
0.35053987704830214	-0.04396428898738482	0.2532468181562915
0.35051469257358575	-0.04224996120142478	0.253112165051267
0.3505062224813697	-0.041671127345251205	0.2530679359740474
0.3504917052143485	-0.04066650370192658	0.2529923014380485
0.350471684724197	-0.03929664039571852	0.25289221667689765
0.3504509436575549	-0.037828518382373624	0.25278664635311526
0.35042755979660145	-0.03616240535817884	0.2526696444878366
0.3504121098214047	-0.03502136763048232	0.252590257750141
0.35040215288471693	-0.034285383514038495	0.2525396720743993
0.3503872429589008	-0.033169159316401894	0.2524634259944294
0.3503554043118111	-0.030783652049580126	0.2523037513412734
0.35034612824947453	-0.03006786235105137	0.2522561308019069
0.35032164998727783	-0.02823630739584669	0.25213715279120735
0.3503054080795079	-0.027004499924898326	0.2520578439904326
0.3502890388081084	-0.025711322611753476	0.2519740919107375
0.3502707500927338	-0.02430190406583714	0.25188461920845795
0.3502528860470018	-0.02289040206831068	0.2517950932085714
0.35023113038579734	-0.02114284338258153	0.25168473147642556
0.3502136838859246	-0.019793395258251703	0.25160169378115593
0.3501978748982433	-0.018508628832216947	0.2515216902259187
0.35018302391297096	-0.017288667876945038	0.2514459222813348
0.350165405189811	-0.015859368162973245	0.2513582557539168
0.3501451865599514	-0.014180506860852413	0.25125518064782426
0.3501315819619342	-0.013009352809659605	0.251182764340155
0.3501232723632897	-0.012323556725749238	0.2511412729882823
0.3500958249430404	-0.010068510620196078	0.25100613953065387
0.35008846600947235	-0.009449379993409904	0.2509689420027893
0.3500701659784153	-0.007921531330953288	0.2508778627105025
0.3500627989038361	-0.007297672190693369	0.25084065780049686
0.3500396280947458	-0.005306475437949196	0.25072189687652574
0.3500288233594549	-0.004339733170048141	0.25066371976153995
0.35001747455742416	-0.0033203080407305657	0.25060253082432205
0.35000731275640246	-0.002386144546816668	0.2505462167414575
0.3500010342991556	-0.0018306568565361198	0.25051333248924057
0.34998219524792945	-0.00018118129374557201	0.250416649003498
0.3499736546182659	0.0005864694138655452	0.250371414005367
0.349968367678677	0.0010790697568239388	0.2503420839584555
0.34995851858417926	0.0020397964944278285	0.25028417238090067
0.34995264043042196	0.002636152565717989	0.25024790148677045
0.3499464063244858	0.0032596437633485714	0.25021034825858335
0.3499401765497076	0.003934809791189139	0.25016879552502913
0.3499366316964023	0.004320175357377068	0.25014520496196063
0.3499347824852954	0.00452985620252587	0.2501322521011954
0.3499303253343352	0.005072907071644664	0.2500982674657255
0.34992914586786045	0.005248966222184306	0.250086864887479
0.3499284558186416	0.005379524138957967	0.25007815667001754
0.34992881094032613	0.005430596243363853	0.25007382320509075
0.3499294652322467	0.005426702575074702	0.25007313662547037
0.349929831838828	0.005424478340164143	0.2500727554286867
0.3499307264696237	0.005419050826979896	0.25007182550644
0.3499316288516996	0.005413578062688065	0.2500708884387264
0.34993234476201823	0.005409237162560324	0.25007014548805717
0.34993296597853524	0.0054054699903233056	0.2500695006007354
0.3499335544052843	0.005401902484054852	0.2500688901424751
0.34993413810288054	0.005398363505728823	0.2500682845197616
0.3499345069714244	0.005396127104925222	0.25006790182198796
0.34993565160971585	0.005389189058652558	0.2500667150378516
0.34993621615715653	0.005385767682146145	0.2500661299294564
0.3499365475490395	0.005383759309005906	0.25006578645727895
0.3499373320841248	0.005379004028280246	0.2500649730072038
0.3499379067661773	0.00537552177376284	0.250064377584023
0.3499387720063757	0.005370278651928864	0.2500634809736169
0.34993909050653854	0.005368348603219067	0.25006315090570186
0.3499398675152391	0.00536364030256746	0.25006234574630015
0.3499404205710824	0.005360288804157301	0.250061772527638
0.34994096734569774	0.005356976231329705	0.25006120615939514
0.3499418369143529	0.005351708052919776	0.2500603053893749
0.3499421857167607	0.005349595014225175	0.250059944113907
0.34994285545940523	0.005345537236613254	0.25005925020255415
0.3499433808027532	0.0053423546226870205	0.2500587059943523
0.3499441129567272	0.005337920147081024	0.25005794792006764
0.34994465979886863	0.00533460779578028	0.25005738158980556
0.34994508019795967	0.005332061382162925	0.2500569462101738
0.34994560699300065	0.0053288704850908	0.2500564006134357
0.349946171219698	0.005325453281052786	0.2500558163848372
0.3499469061821233	0.005321002065068289	0.25005505534548655
0.3499474663810295	0.005323923541369138	0.2500544720621055
0.3499481341666789	0.005342880587415319	0.2500537698297277
0.3499487673203817	0.005373079725270555	0.250053099194506
0.3499496866274129	0.005425276326255349	0.2500521239116899
0.34995218156504626	0.005596287251471141	0.2500494685042495
0.3499530249092131	0.005658553476003428	0.2500485751455441
0.3499547210254362	0.005789647711322024	0.25004677628645666
0.34995720186523327	0.005990566182511328	0.25004414591509916
0.34995842531973453	0.006092737903988024	0.2500428574665148
0.3499619072311011	0.006391373339949283	0.25003917807308107
0.34996411657972754	0.006586244221768081	0.25003684832366224
0.34996617781279693	0.006771570433268634	0.2500346944770251
0.3499683065480146	0.0069639988812334325	0.25003244374638933
0.3499707437198598	0.00718710365309945	0.2500298791602861
0.34997299280395666	0.0073963155495653105	0.25002753207283485
0.34997543846686	0.007625857089581106	0.2500249817185256
0.34997845270207306	0.007910301413893206	0.2500218275321817
0.349980562424157	0.008110169918979476	0.25001960718212524
0.34998361871327355	0.00840093053996982	0.25001638399754733
0.34998572465077477	0.008602710484771209	0.2500141687734999
0.3499877143508868	0.008793907136921103	0.25001207140928194
0.34998977104271445	0.008991498776300219	0.2500098913037747
0.34999154791075643	0.009163922446542003	0.2500080254229998
0.34999325434642015	0.009328745852212592	0.2500062137209721
0.34999470905670793	0.009469474958227683	0.2500046685971915
0.3499967965877708	0.009672954774702702	0.2500024679284436
0.3499976022954811	0.009751618841376083	0.2500016187424907
0.3499987513792077	0.009863350138454546	0.25000039809186875
0.34999943775642633	0.009929865055111217	0.24999966440223262
0.34999992150587683	0.009976845706387669	0.24999915045666973
0.35000019715740005	0.010003665226245642	0.24999886105823194
0.35000023384910717	0.01000741489837019	0.24999883313368
0.3500002326458456	0.0100073793511547	0.24999883880908202
0.3500002292852721	0.01000727940244929	0.24999885467644212
0.35000022636010125	0.010007190802657731	0.24999886872711632
0.35000022404414177	0.010007120589784521	0.24999887979334778
0.35000022207371634	0.010007060716871144	0.2499988891985422
0.35000021985556584	0.010006992918078855	0.24999889984320128
0.3500002184950515	0.010006950952266155	0.24999890644902953
0.3500002148109716	0.010006837327172918	0.24999892427685938
0.35000021287505945	0.010006777200625677	0.2499989337258274
0.350000210955054	0.010006717548919755	0.24999894308743906
0.35000020965689	0.010006677168448497	0.24999894942261258
0.35000020675128557	0.010006586562687214	0.2499989636440057
0.3500002040547302	0.010006502360323077	0.24999897685491548
0.35000020230429363	0.01000644766227246	0.2499989854338075
0.3500002004892726	0.01000639086250428	0.24999899434643758
0.35000019869859267	0.010006334643492557	0.24999900318379356
0.35000019668544147	0.01000627136812196	0.24999901313421483
0.3500001940402363	0.010006188525132728	0.24999902612252
0.3500001923871368	0.010006136520500739	0.24999903429936313
0.35000018979862035	0.010006055096324115	0.24999904709744153
0.3500001886577145	0.010006019187611959	0.24999905274260192
0.35000018674603495	0.010005958975515775	0.24999906221199952
0.3500001850889379	0.010005906619889288	0.24999907046290099
0.35000018261721777	0.010005828708250897	0.24999908271861726
0.3500001808454315	0.010005772764497128	0.249999091528126
0.35000017916800436	0.010005719719562572	0.24999909988932767
0.350000176640078	0.01000563982816316	0.24999911247503392
0.3500001750646402	0.010005590086039545	0.24999912030487606
0.35000017336839506	0.010005536430962997	0.2499991287610488
0.3500001724555412	0.010005507560767082	0.24999913330996376
0.3500001604614119	0.009956901817518918	0.24999918138129384
0.3500000955117817	0.009770391496935538	0.2499993965161912
0.34999987814524003	0.009340113469212943	0.25000003588072145
0.3499996104732852	0.008955486415231806	0.250000765911312
0.34999907807783004	0.008477397685148047	0.25000210779166077
0.34999829493895046	0.007616942736122165	0.2500041453232523
0.34999707475835296	0.006848297874582285	0.2500071154364387
0.3499957486181154	0.005965554610838877	0.25001036567661117
0.3499937107400068	0.0045431318493539125	0.2500153976979663
0.349991176225716	0.0030430949448894545	0.25002158536962266
0.3499891681636471	0.0018016038868661072	0.25002651730144304
0.3499882057216139	0.0011509890432018915	0.2500289021022546
0.3499845148189697	-0.0006156365379171164	0.25003786374940035
0.34998213022756325	-0.0019642894624312263	0.25004371585972657
0.34997774615254834	-0.004088036580770768	0.25005445031595386
0.34997322547179827	-0.005713325345280532	0.25006541573809077
0.3499700023078036	-0.007203206993705594	0.2500733413661928
0.3499659626968276	-0.00889115494288105	0.2500832757131357
0.3499592785995239	-0.011324662517661552	0.25009973816753345
0.3499546724841001	-0.013227312172168756	0.2501111719107556
0.3499508387149921	-0.015017784594523811	0.2501207796979737
0.34994608347033024	-0.016842577305138093	0.25013269401758237
0.3499433044111116	-0.0179430641250765	0.25013968604181497
0.34993328331649864	-0.021679174592219033	0.2501650559798782
0.34992767017860443	-0.023828659365703678	0.25017937603229123
0.34992080425912647	-0.02600728857768199	0.2501969729270501
0.3499156485503705	-0.02803033400744405	0.25021027833235915
0.3499094727473578	-0.029987446135293902	0.25022629525529083
0.3499021531505473	-0.03310833111321722	0.250245414169201
0.3498959823734877	-0.03521265293610963	0.2502616807485463
0.34989265900676486	-0.03646571762986571	0.2502704579532859
0.34988579115926155	-0.03957484668998855	0.25028872679090636
0.3498756115434264	-0.042709396785690065	0.2503160843515828
0.3498690696712347	-0.04487104289109432	0.25033377725251416
0.349865448187052	-0.04615290234118384	0.25034362340113997
0.3498558441356667	-0.049311757496926775	0.2503699256856651
0.34984678246868606	-0.05256922996860726	0.2503949392232858
0.3498402916903041	-0.0549332361182457	0.2504130092046063
0.349834732431613	-0.05709334157756844	0.25042855053136753
0.3498270265912503	-0.06050724955415772	0.25045018224507903
0.3498230318202342	-0.0626344423944012	0.2504614194923141
0.3498165285931365	-0.0649444825807607	0.2504800607041814
0.3498123000817361	-0.06703729197834758	0.2504921116720831
0.3498055015221266	-0.07013942605655428	0.2505117145514131
0.34980251604268325	-0.07134824043086187	0.2505204062536678
0.34979447045968015	-0.07437788237234837	0.25054401395081305
0.3497906127850769	-0.07670665167478012	0.25055521640924083
0.349785787978996	-0.07951171950725384	0.25056936656463846
0.3497825387733155	-0.08147605743553778	0.2505789788759457
0.34978055457881463	-0.08248744498196052	0.2505849193324765
0.3497755596380664	-0.08512699097636979	0.25059994559934573
0.3497726167146637	-0.08780780229770564	0.25060862982689036
0.3497705654354876	-0.08963511539056039	0.2506147915623932
0.34976868397380545	-0.0912625340566015	0.2506205090642881
0.3497675734224744	-0.09289306834795609	0.25062380212920454
0.3497658512562173	-0.09460527026039921	0.25062918441800813
0.34976467764352626	-0.09611254299571391	0.2506328795764141
0.3497628037730886	-0.09822984330212887	0.25063898280037106
0.3497627275910287	-0.09915839557718038	0.2506392661569844
0.3497627118364539	-0.10027395368300322	0.25063942263898586
0.34976243250197503	-0.10203732873491357	0.25061547413604923
0.3497630231077236	-0.10379489602029447	0.250445527903301
0.349763944318751	-0.10510623134988366	0.2502327063494595
0.3497658988318528	-0.10636670282059817	0.24994213205665114
0.34976810804281533	-0.10752156164709271	0.2496245993274299
0.3497708148242536	-0.10867302892689797	0.2492567977339458
0.3497725752866462	-0.10929976638640403	0.24902504336334835
0.3497805577380274	-0.11159162259873377	0.2480694233073762
0.34978607399149503	-0.11268202797249145	0.24755505499725916
0.34979193219497406	-0.11381730900710131	0.24696364157070358
0.3497963156314028	-0.11448548411201957	0.2465923432527161
0.34980457979740964	-0.11561990829915768	0.2459406727356525
0.34981800019553405	-0.11734808929170266	0.24484638454186466
0.3498337715914589	-0.11913818670472771	0.2436423395048927
0.34984479240088173	-0.12025717551876396	0.24284789348801414
0.3498661770807551	-0.12191667692055445	0.2416008720345599
0.3498773405935664	-0.12285144149813014	0.24084470175607814
0.3498968046414438	-0.12418848350701843	0.23975590079547904
0.3499070235508433	-0.12492723426557213	0.23913705272113162
0.34992686193836176	-0.12636853467956677	0.237855763129792
0.34996337846176534	-0.12806659474663196	0.23628813648395464
0.34999139600447243	-0.12909604950454645	0.2353259874924298
0.3500149270364364	-0.13010965363267651	0.2343407524912543
0.3500418378252097	-0.13106509106726877	0.23339569467024968
0.35008645783874415	-0.1325592197284961	0.23183072007098793
0.35011549592698726	-0.13352698643232563	0.23082369644385375
0.35015314984232065	-0.13447735429129792	0.22981948733149068
0.3501670829896535	-0.1349771448727241	0.2292548058482285
0.3502266496011988	-0.1362979795096521	0.22777470746867784
0.35028814276924164	-0.13763956379800024	0.22626473451395254
0.35033736810488403	-0.13857327528785968	0.22515577051713392
0.3503973349654296	-0.13947848912998906	0.22404967445412843
0.3504618981653888	-0.1403253466812907	0.22299967543565646
0.35053083851917627	-0.1412192549492829	0.22186076197018872
0.3506013122686082	-0.1419481873955789	0.22091162937846198
0.3507034493055751	-0.1429805529362747	0.2196087421989193
0.3507717161694556	-0.14372091785264862	0.2185809545584602
0.35086477245875475	-0.1445334732253027	0.21753944258985336
0.35098693165734135	-0.1455487009185648	0.2161720813731852
0.35105022306706885	-0.14616643537829854	0.21532244430121994
0.3511619002742288	-0.1467984846299269	0.2144582133154105
0.35125353060488895	-0.1475254297164192	0.21340916773244717
0.3513416170429361	-0.14807482862482418	0.21262377343715805
0.35144536262987336	-0.14879214187476497	0.21158033725176945
0.35155820260117154	-0.14956890667454265	0.21039425151464303
0.35160134716050145	-0.1500236347382064	0.20965606375450624
0.3516390703556886	-0.15034320138258217	0.20913722892454015
0.35170315452654666	-0.15079862218058743	0.20839731856683397
0.35173325586606163	-0.15109240734308554	0.20789592452805922
0.3517946825978415	-0.15178762319982786	0.2066671166909379
0.3518109358633901	-0.15195580164291206	0.20636148847201718
0.35183218214171896	-0.1523658472012202	0.20557126383513263
0.3518371773581544	-0.1525154488916543	0.20526850142803096
0.351850690172568	-0.15289968796339962	0.20446031342283588
0.3518469727562542	-0.15300817602248995	0.20420466519195327
0.35183766581556014	-0.15317859111688312	0.20377877194695385
0.3518261426944897	-0.1532586140025567	0.2035424077888476
0.35181667935994404	-0.1532885949467762	0.203427899492014
0.3517931602057771	-0.15332051665492175	0.2032287725690274
0.35176870821023165	-0.1532896557865743	0.20315302382295794
0.35175397719441936	-0.15326116989768881	0.20312667528466838
0.35173793381045443	-0.15323042411374743	0.20309802789529613
0.35172129663908797	-0.15319879114678375	0.2030683805024755
0.3517054776004036	-0.15316888068282708	0.2030402267166133
0.35168297169608237	-0.15312647750099256	0.20300016581374208
0.35166814429166915	-0.15309868167156243	0.20297379461619164
0.3516514825596712	-0.15306754123389527	0.20294416770299667
0.3516362708501734	-0.15303914697926257	0.20291712127663122
0.3516218600152625	-0.15301228161159403	0.20289149940564866
0.35160060920056274	-0.152972712607592	0.20285371675267078
0.351584481476963	-0.15294270999093207	0.20282504481468552
0.35157684899803904	-0.15292851753049386	0.20281147612145245
0.3515567011282538	-0.15289107064279178	0.20277565517461438
0.35154240108005447	-0.15286450361286685	0.20275022832277959
0.3515202171990478	-0.15282330578178882	0.20271078884410262
0.35150683461363724	-0.15279845868596037	0.20268699420908542
0.3514965924087476	-0.15277944395207882	0.20266878094167456
0.35148520451595133	-0.15275830561725734	0.20264853228483848
0.35147095430859554	-0.15273185606493928	0.20262319243939117
0.35145215529221435	-0.1526969676076067	0.20258976373186116
0.3514330365731656	-0.15266148752465808	0.20255576347979476
0.35142041336008817	-0.1526380638709512	0.20253331549385217
0.3514130110616258	-0.15262432812845245	0.20252015116446978
0.3513938227762094	-0.15258872360171893	0.20248602633695628
0.351382116215119	-0.15256700102533677	0.20246520502396248
0.3513627839713035	-0.15253113101956495	0.20243082285516809
0.3513551479374826	-0.1525169614408159	0.2024172399479433
0.35133893700084534	-0.15248687946523687	0.20238840247952203
0.3513256464332593	-0.1524622189465119	0.2023647626160642
0.3513138751922268	-0.1524403760668092	0.2023438226635893
0.3512970627739099	-0.1524091802476763	0.2023139166443655
0.3512866944435162	-0.15238993970372544	0.2022954702979013
0.35127332597764754	-0.15236513218720188	0.20227168673059723
0.35125929594592603	-0.15233909715040617	0.2022467260911091
0.35124898485932377	-0.15231996332703035	0.20222838176444363
0.35123304626660534	-0.1522903845812283	0.20220002180411834
0.3512217016872196	-0.15226933168895945	0.20217983645766885
0.3512153288602998	-0.15225750538648392	0.2021684975695886
0.351194589345792	-0.15221901629868267	0.20213159309055787
0.3511835304880071	-0.15219849243438938	0.20211191370273587
0.35117736374914055	-0.15218704771358882	0.20210093984019126
0.35116699038242233	-0.15216779618982434	0.2020824804938974
0.3511520798014434	-0.1521401231954585	0.2020559452010887
0.35113689800771974	-0.1521119464783664	0.20202892645141587
0.35112644238838137	-0.15209254075044143	0.2020103176205016
0.35112011705911683	-0.15208080100798443	0.2019990601191086
0.3511067127448369	-0.15205592151738123	0.20197520115027967
0.3510916979456081	-0.15202805281651688	0.20194847561719875
0.35108210558161246	-0.15201024795694956	0.20193140024405232
0.3510717148070902	-0.15199096146206126	0.2019129044789439
0.35106185269965956	-0.15197265595137732	0.20189534910981888
0.351052920136522	-0.15195607577670273	0.20187944840134447
0.3510436569459083	-0.15193888138507788	0.20186295786001024
0.35102906317534605	-0.15191179244534814	0.20183697821268934
0.3510195894850351	-0.1518942070092167	0.2018201123490794
0.3510102248428924	-0.15187682337227876	0.2018034389098783
0.35100174194180855	-0.1518610764886827	0.20178833541805216
0.35098735687683974	-0.15183437312314418	0.2017627229104051
0.3509782662832824	-0.15181749792234922	0.2017465370637504
0.35097003206929217	-0.15180221237505648	0.2017318759794467
0.35096302749367836	-0.151789209361109	0.20171940407436367
0.35094767036049723	-0.15176070021313437	0.20169205768831527
0.3509431139892954	-0.15175224157016787	0.2016839437683636
0.35093481209548166	-0.15173682952374784	0.20166915985355888
0.35092287735446054	-0.1517146728961562	0.20164790540031294
0.3509107236225509	-0.15169210943695705	0.20162626038867723
0.35090197987349164	-0.15167587646896386	0.20161068807040003
0.35089370503850087	-0.1516605136860799	0.20159594923339758
0.35088584158369807	-0.1516459146664828	0.20158194369194307
0.3508738168211496	-0.1516235896967697	0.2015605261534056
0.3508661203818295	-0.15160930046186155	0.20154681755058698
0.35086126081023394	-0.15160027807834148	0.20153816155341145
0.35085298367952683	-0.15158491050737682	0.20152341822002143
0.3508380457443535	-0.1515571757488457	0.20149680813708393
0.3508296632940486	-0.15154161216494477	0.20148187576461507
0.35082203837838416	-0.1515274549024625	0.2014682919122428
0.35081448194072795	-0.15151342466257312	0.2014548297714941
0.3508073113146032	-0.15150011066667946	0.20144205496803125
0.35080245895584594	-0.15149110102656876	0.20143341006190021
0.350789369500022	-0.15146679682589942	0.20141008824943465
0.3507821176340771	-0.15145333156845087	0.20139716706600366
0.35077553106907666	-0.15144110154130686	0.20138543194748892
0.35076840504103923	-0.15142786972615946	0.20137273440122833
0.35075827039625423	-0.15140905120710396	0.20135467632496581
0.35075160132237937	-0.15139666762138454	0.2013427923835194
0.3507473876069762	-0.15138884325801705	0.20133528362231656
0.3507399159164972	-0.15137496911641501	0.20132196914149633
0.3507299288614221	-0.15135642351084938	0.2013041711316611
0.35072114843941665	-0.15134011938185277	0.20128852321036772
0.3507148021096998	-0.1513283345462279	0.20127721293661538
0.3507082362479347	-0.15131614198692483	0.20126551079822597
0.3507017213287205	-0.15130404389134144	0.20125389948575464
0.35069470131713115	-0.15129100771367432	0.20124138786317794
0.3506885953429594	-0.15127966886944005	0.20123050455352862
0.35068007562675424	-0.1512638475108461	0.20121531877251456
0.3506740823240495	-0.15125271762005588	0.2012046362042492
0.3506678791018012	-0.15124119783897655	0.20119357899119636
0.3506585551707163	-0.15122388256393265	0.20117695837864125
0.35065250499453005	-0.15121264683490626	0.20116617294324377
0.3506485918170327	-0.15120537967657038	0.2011591968307043
0.350639789376567	-0.1511890324237834	0.20114350471831216
0.3506319941050614	-0.1511745555140832	0.20112960731736412
0.3506255581183751	-0.15116260281899702	0.20111813316993646
0.35061979808950755	-0.15115190538529266	0.20110786394301416
0.35061384582379723	-0.15114085085982248	0.20109725166381126
0.3506104053103412	-0.15113446114720325	0.20109111729122772
0.350604306564297	-0.15112313448038778	0.2010802431961194
0.350594206447966	-0.15110437628530177	0.20106223372385143
0.35059110650051306	-0.15109861887153214	0.2010567062926843
0.3505833158186804	-0.15108414947710636	0.20104281442197325
0.3505781908625489	-0.15107463106164648	0.20103367529881624
0.35057471686816766	-0.15106817884239182	0.20102748030321166
0.3505650055451194	-0.1510501419059639	0.20101016213275005
0.3505599016790524	-0.15104066237260877	0.20100106002686668
0.35055653956561794	-0.15103441780962695	0.20099506396990874
0.3505496447079671	-0.15102161158772542	0.20098276753122662
0.35054219257178215	-0.15100777026169782	0.2009694764418933
0.35053914973660927	-0.15100211853640017	0.20096404942272586
0.35053182602546856	-0.15098851542144254	0.20095098707996012
0.3505267216199354	-0.15097903442424754	0.20094188259751922
0.3505220825432829	-0.15097041764792768	0.2009336079738418
0.35051521160171994	-0.15095765532567623	0.2009213517719862
0.35051046044856426	-0.15094883015224164	0.20091287694010845
0.3505059713061733	-0.1509404917340627	0.2009048689117929
0.3505013114636673	-0.15093183610684474	0.20089655639791432
0.3504947717284035	-0.1509196885838363	0.2008848898161631
0.3504903517339159	-0.15091147833734753	0.20087700468828837
0.350486041978031	-0.15090347290924394	0.20086931578334352
0.3504811898619309	-0.15089445997106166	0.2008606590699177
0.3504769536153124	-0.1508865909113783	0.2008531011034968
0.3504725671292314	-0.1508784427428747	0.20084527484645123
0.35046615483568555	-0.15086653139606587	0.2008338338923777
0.3504620551691415	-0.15085891590475986	0.20082651889128794
0.350457443340626	-0.15085034899851074	0.20081828976935756
0.35045505728902027	-0.15084591659935848	0.20081403226923786
0.35044771708792233	-0.15083228120487902	0.20080093437232466
0.3504447595467035	-0.1508267871135328	0.20079565681129455
0.3504390759841413	-0.1508162290472687	0.2007855143215029
0.35043679099940683	-0.1508119843177208	0.2007814366034763
0.3504313800113487	-0.15080193236907669	0.20077178030669743
0.3504256972467593	-0.15079137548206856	0.20076163858371285
0.3504233084246189	-0.15078693772472718	0.20075737529005033
0.3504175738040031	-0.1507762844525659	0.2007471403106061
0.35041407234408517	-0.15076977971320016	0.2007408907985395
0.3504099276203898	-0.1507620797766585	0.20073349329444878
0.35040648891239706	-0.15075569151547819	0.20072735552057921
0.3504011322254505	-0.15074573994366108	0.20071779428963327
0.35039744149143043	-0.1507388833078494	0.20071120643360563
0.3503936318617001	-0.15073180579249684	0.2007044060775218
0.3503885481481865	-0.15072236118164833	0.20069533122731564
0.3503845598761729	-0.15071495154777875	0.20068821180419763
0.35038133405936356	-0.1507089585151588	0.20068245307121949
0.3503793441726577	-0.15070526155580033	0.2006789007849434
0.35037419844152357	-0.15069570146227235	0.20066971437275538
0.350370215066775	-0.15068830084249307	0.20066260276973377
0.35036573069192845	-0.15067996931946936	0.20065459656370854
0.3503625129534827	-0.1506739910408253	0.2006488515919466
0.35035947128652933	-0.15066833988538858	0.2006434207964448
0.3503545989307416	-0.15065928738048046	0.20063472115439107
0.35035147915788	-0.1506534909877006	0.2006291506489617
0.35034810727435833	-0.15064722614638676	0.20062312984188188
0.3503451820602236	-0.1506417911543136	0.20061790650681896
0.3503406643538879	-0.15063339724086033	0.20060983942771832
0.3503376324947936	-0.15062776401791894	0.20060442536298256
0.3503341213356226	-0.15062124019064232	0.20059815527556552
0.35033118208377806	-0.15061577897493833	0.20059290629263044
0.35032813766695214	-0.15061012233123977	0.20058746936462368
0.350325249916654	-0.15060475672923068	0.2005823121352977
0.3503206167387322	-0.1505961479641985	0.20057403748858782
0.3503189118490942	-0.15059298015200656	0.20057099253295643
0.3503148336581357	-0.15058540244756285	0.2005637087975128
0.35031206336751786	-0.1505802549478617	0.20055876081063717
0.3503091917989489	-0.15057491921712668	0.2005536318366975
0.3503049964060191	-0.15056712360550928	0.20054613811152933
0.35030328457903803	-0.15056394276860835	0.20054308042062693
0.3502994133359852	-0.15055674940790081	0.2005361652974776
0.3502955565998382	-0.15054958288168718	0.2005292759676113
